image_name,x_0,y_0,z_0,x_1,y_1,z_1,x_2,y_2,z_2,x_3,y_3,z_3,x_4,y_4,z_4,x_5,y_5,z_5,x_6,y_6,z_6,x_7,y_7,z_7,x_8,y_8,z_8,x_9,y_9,z_9,x_10,y_10,z_10,x_11,y_11,z_11,x_12,y_12,z_12,x_13,y_13,z_13,x_14,y_14,z_14,x_15,y_15,z_15,x_16,y_16,z_16,x_17,y_17,z_17,x_18,y_18,z_18,x_19,y_19,z_19,x_20,y_20,z_20,x_21,y_21,z_21,x_22,y_22,z_22,x_23,y_23,z_23,x_24,y_24,z_24,x_25,y_25,z_25,x_26,y_26,z_26,x_27,y_27,z_27,x_28,y_28,z_28,x_29,y_29,z_29,x_30,y_30,z_30,x_31,y_31,z_31,x_32,y_32,z_32
frame_00000.jpg,0.5958763360977173,0.367814838886261,-0.26882508397102356,0.598541796207428,0.3586429953575134,-0.26470211148262024,0.6011925339698792,0.3585616648197174,-0.26487529277801514,0.6038514971733093,0.3586439788341522,-0.264874130487442,0.5939275622367859,0.3586983382701874,-0.25548920035362244,0.5930224061012268,0.3586711585521698,-0.2556708753108978,0.5921894311904907,0.358582079410553,-0.25574052333831787,0.6094173789024353,0.3611651659011841,-0.2142062485218048,0.5959280729293823,0.36109304428100586,-0.17221634089946747,0.6013081073760986,0.37599197030067444,-0.2460385262966156,0.5959678292274475,0.37645238637924194,-0.23514851927757263,0.634562611579895,0.40415680408477783,-0.16386865079402924,0.5792979598045349,0.40417999029159546,-0.0937672108411789,0.6561704874038696,0.45445266366004944,-0.20076780021190643,0.5607157945632935,0.4565158486366272,-0.12869997322559357,0.6514553427696228,0.46980124711990356,-0.28918972611427307,0.5840080976486206,0.4701087176799774,-0.2693038582801819,0.6474679708480835,0.4738806486129761,-0.3191748261451721,0.5908394455909729,0.47620901465415955,-0.30133286118507385,0.644548773765564,0.46392789483070374,-0.32452115416526794,0.5904312133789062,0.4710645377635956,-0.3104064166545868,0.6458138227462769,0.46232539415359497,-0.2921561598777771,0.5898662805557251,0.4684848487377167,-0.2770414650440216,0.655946671962738,0.49083536863327026,-0.024288948625326157,0.6269527673721313,0.49045148491859436,0.024130918085575104,0.6474751234054565,0.5655412077903748,-0.1456276923418045,0.6151300668716431,0.5496540069580078,-0.14436818659305573,0.633884847164154,0.642453134059906,-0.04695183038711548,0.5997644662857056,0.6329394578933716,-0.050970010459423065,0.6323586702346802,0.6528027653694153,-0.043695058673620224,0.6021974682807922,0.6461597681045532,-0.04550643265247345,0.6374886631965637,0.6657525897026062,-0.14336572587490082,0.5839349031448364,0.6580778360366821,-0.13686558604240417
frame_00001.jpg,0.5961548089981079,0.3736560046672821,-0.2567294239997864,0.5989804267883301,0.36477965116500854,-0.24735882878303528,0.6010319590568542,0.3646858036518097,-0.24751901626586914,0.6028699278831482,0.3647359609603882,-0.24751229584217072,0.5922826528549194,0.3645019233226776,-0.2446901500225067,0.5897984504699707,0.3643593192100525,-0.24487383663654327,0.5876402258872986,0.3643101155757904,-0.24493727087974548,0.6044832468032837,0.3669329285621643,-0.17193123698234558,0.5852733850479126,0.3669293224811554,-0.1643277108669281,0.5992257595062256,0.3804874122142792,-0.2279677838087082,0.5922170281410217,0.38065823912620544,-0.22485169768333435,0.6241922974586487,0.4081880450248718,-0.09712173789739609,0.5710040330886841,0.4083796739578247,-0.09164580702781677,0.6473950147628784,0.45491713285446167,-0.08441764116287231,0.55157870054245,0.45701706409454346,-0.10828711837530136,0.6400707960128784,0.4702741205692291,-0.169154554605484,0.57313072681427,0.47686687111854553,-0.221278116106987,0.6399068832397461,0.48601049184799194,-0.19457721710205078,0.5808382034301758,0.4856289029121399,-0.2506277859210968,0.6363829374313354,0.4761534333229065,-0.20727744698524475,0.5839827060699463,0.47977355122566223,-0.26059049367904663,0.6361891627311707,0.4726097881793976,-0.17523488402366638,0.5818290114402771,0.476377934217453,-0.22796320915222168,0.6231937408447266,0.5041683316230774,-0.0038463654927909374,0.593924880027771,0.5049406290054321,0.003689661156386137,0.6300715208053589,0.572544515132904,-0.15177154541015625,0.5917128324508667,0.5785911679267883,-0.1037578359246254,0.6273329854011536,0.6459462642669678,-0.04319244995713234,0.5912576913833618,0.6587674617767334,0.01180120836943388,0.6246012449264526,0.6552929282188416,-0.04015747830271721,0.5943521857261658,0.6708881855010986,0.019217107445001602,0.6357651948928833,0.6731784343719482,-0.12425662577152252,0.5849658250808716,0.6825729012489319,-0.07032521069049835
frame_00002.jpg,0.591678261756897,0.38058680295944214,-0.2576436698436737,0.5948826670646667,0.36976146697998047,-0.24728159606456757,0.5972658395767212,0.36931312084198,-0.24742372334003448,0.5992571711540222,0.36915814876556396,-0.24740543961524963,0.58788001537323,0.3707026243209839,-0.24651987850666046,0.5853434801101685,0.3707476854324341,-0.2467001974582672,0.5829640626907349,0.37080538272857666,-0.24677638709545135,0.6015064716339111,0.37043800950050354,-0.1718614399433136,0.5808566212654114,0.37167391180992126,-0.16849668323993683,0.5958739519119263,0.38676342368125916,-0.22653965651988983,0.5880957841873169,0.38714683055877686,-0.22647003829479218,0.6194565296173096,0.40959301590919495,-0.10643436759710312,0.5663148164749146,0.41070589423179626,-0.10075948387384415,0.6405407190322876,0.454690158367157,-0.11079087108373642,0.547235906124115,0.45617085695266724,-0.12194796651601791,0.6382253170013428,0.481620728969574,-0.19655963778495789,0.5676042437553406,0.478768527507782,-0.22728320956230164,0.6372772455215454,0.49078330397605896,-0.2208631932735443,0.5743762254714966,0.48802825808525085,-0.25603002309799194,0.6340205073356628,0.48084673285484314,-0.23133161664009094,0.5785795450210571,0.4845152199268341,-0.26333463191986084,0.6336073875427246,0.47728821635246277,-0.20178160071372986,0.5765146613121033,0.479741632938385,-0.232655331492424,0.6129072904586792,0.5044599175453186,-0.0017172327497974038,0.5822544693946838,0.505018413066864,0.0016201147809624672,0.625243067741394,0.5687639117240906,-0.16344662010669708,0.5760889649391174,0.567147433757782,-0.15311264991760254,0.6223898530006409,0.6404235363006592,-0.034175507724285126,0.5854517221450806,0.6410335898399353,-0.011882966384291649,0.6196920871734619,0.64975506067276,-0.025511328130960464,0.5894705653190613,0.6519213318824768,-0.0008840677328407764,0.6286150217056274,0.6717850565910339,-0.11421958357095718,0.5842229723930359,0.6663469672203064,-0.08622132241725922
frame_00003.jpg,0.5856637954711914,0.37589123845100403,-0.18111485242843628,0.5886322855949402,0.36752548813819885,-0.16721923649311066,0.5912333726882935,0.36743754148483276,-0.16732415556907654,0.5934603810310364,0.36746513843536377,-0.1673000454902649,0.5815086364746094,0.3678828179836273,-0.16731198132038116,0.5791424512863159,0.3681034743785858,-0.1674676239490509,0.577020525932312,0.36842820048332214,-0.1675245463848114,0.5975538492202759,0.36961737275123596,-0.08824103325605392,0.575134813785553,0.37133878469467163,-0.08831892162561417,0.590742290019989,0.38369905948638916,-0.15020103752613068,0.5816828608512878,0.3842417895793915,-0.15131674706935883,0.6149964928627014,0.40985411405563354,-0.03704099729657173,0.5622060298919678,0.40978848934173584,-0.03966112434864044,0.6349233984947205,0.4538664221763611,-0.08591816574335098,0.5454415082931519,0.4551962614059448,-0.0772477313876152,0.6293131113052368,0.4694651961326599,-0.22393056750297546,0.5607253313064575,0.47544848918914795,-0.18688711524009705,0.6301795244216919,0.4707023799419403,-0.25477901101112366,0.5660986304283142,0.4851490557193756,-0.220753476023674,0.6273971796035767,0.46093544363975525,-0.2624360918998718,0.5698997974395752,0.48095381259918213,-0.21861271560192108,0.6264829039573669,0.46129754185676575,-0.22944948077201843,0.5686660408973694,0.4767879843711853,-0.18910625576972961,0.6107085347175598,0.5005003213882446,-2.856847640941851e-05,0.5789846181869507,0.5021969079971313,-0.00011140538845211267,0.6209767460823059,0.5591292977333069,-0.19067208468914032,0.5755409002304077,0.5725632905960083,-0.11836157739162445,0.6219453811645508,0.637584388256073,-0.06847894936800003,0.5856802463531494,0.6514196395874023,-0.010786740109324455,0.6193065643310547,0.6495660543441772,-0.05958428233861923,0.5900499820709229,0.6615945100784302,-0.003877143608406186,0.6309168338775635,0.6684312224388123,-0.14108704030513763,0.5837797522544861,0.6809934377670288,-0.09143153578042984
frame_00004.jpg,0.5835555195808411,0.379462867975235,-0.19457198679447174,0.5853343605995178,0.3712156414985657,-0.18265430629253387,0.587672770023346,0.37105709314346313,-0.1827894151210785,0.5898415446281433,0.3709723651409149,-0.1827724277973175,0.5785335898399353,0.37144243717193604,-0.1830839067697525,0.5761548280715942,0.3718166947364807,-0.18325024843215942,0.5738022327423096,0.37249428033828735,-0.18332424759864807,0.5928601026535034,0.37341463565826416,-0.10600344091653824,0.5715219974517822,0.37588411569595337,-0.10768524557352066,0.5881932973861694,0.3875272870063782,-0.16389192640781403,0.5796457529067993,0.3879655599594116,-0.16544504463672638,0.6090403199195862,0.41182491183280945,-0.048116352409124374,0.5581455826759338,0.41149184107780457,-0.04863159731030464,0.6281445622444153,0.45144903659820557,-0.05934621021151543,0.5429475903511047,0.456426203250885,-0.06658690422773361,0.6337659955024719,0.4673236310482025,-0.16413404047489166,0.5575510263442993,0.4748973250389099,-0.16126957535743713,0.63567054271698,0.4715656638145447,-0.18913164734840393,0.5634727478027344,0.48331719636917114,-0.18845978379249573,0.6332135796546936,0.46318519115448,-0.20166225731372833,0.5653533935546875,0.47903287410736084,-0.19735410809516907,0.6314605474472046,0.4619409143924713,-0.1710517257452011,0.5646035075187683,0.47555240988731384,-0.1673491895198822,0.6054766178131104,0.5018281936645508,0.0026228311471641064,0.5753891468048096,0.5042605400085449,-0.00272156298160553,0.6158612966537476,0.5649570226669312,-0.07872319966554642,0.573676586151123,0.5733625292778015,-0.11385456472635269,0.6204240322113037,0.6403621435165405,0.01192895881831646,0.5842809081077576,0.649358868598938,-0.02762773633003235,0.6183157563209534,0.6522733569145203,0.016744520515203476,0.5883588790893555,0.6585820913314819,-0.022256312891840935,0.6270371079444885,0.6699507236480713,-0.06152092665433884,0.5847159624099731,0.6778916120529175,-0.10239960998296738
frame_00005.jpg,0.5787991285324097,0.3813116252422333,-0.1802225410938263,0.5806962847709656,0.3725012540817261,-0.1688571274280548,0.5829993486404419,0.3722558319568634,-0.168973907828331,0.5852116942405701,0.3721656799316406,-0.1689361035823822,0.5744808316230774,0.37334775924682617,-0.16898339986801147,0.5724276304244995,0.3738188147544861,-0.16915997862815857,0.5706048607826233,0.3743477165699005,-0.16923490166664124,0.5882307291030884,0.37481558322906494,-0.09712393581867218,0.5693313479423523,0.3777328431606293,-0.09785762429237366,0.5832989811897278,0.38855454325675964,-0.15150639414787292,0.5758255124092102,0.3899955451488495,-0.15274277329444885,0.6047054529190063,0.4133203327655792,-0.04301236942410469,0.5559142827987671,0.4107108414173126,-0.04291296377778053,0.6253911256790161,0.4521923363208771,-0.05609281733632088,0.5419521927833557,0.4517606794834137,-0.0448499396443367,0.6215826272964478,0.46069222688674927,-0.15106549859046936,0.5490468740463257,0.4724998474121094,-0.125139519572258,0.623058557510376,0.4613727033138275,-0.17373831570148468,0.550873875617981,0.4812474250793457,-0.14846590161323547,0.6206088662147522,0.4542243778705597,-0.18365691602230072,0.5547063946723938,0.4772021472454071,-0.1599377691745758,0.6198658347129822,0.45405444502830505,-0.15661638975143433,0.5545775294303894,0.47320523858070374,-0.13186737895011902,0.6000674962997437,0.5013394951820374,0.001515740528702736,0.5711925625801086,0.5032082796096802,-0.0016147535061463714,0.6122261881828308,0.5677881240844727,-0.07096691429615021,0.5702828168869019,0.5703796744346619,-0.12338368594646454,0.6090637445449829,0.6388543248176575,0.020650461316108704,0.577113151550293,0.6448513269424438,-0.0496777668595314,0.6058611273765564,0.6496270895004272,0.025747839361429214,0.5809705853462219,0.6539720892906189,-0.04532088711857796,0.613562822341919,0.6650397777557373,-0.04606690630316734,0.5745463371276855,0.6722854971885681,-0.12193169444799423
frame_00006.jpg,0.5779919028282166,0.3821432292461395,-0.19257581233978271,0.5791497826576233,0.37369126081466675,-0.18171033263206482,0.5814498662948608,0.37321725487709045,-0.18183650076389313,0.5836386680603027,0.3729400634765625,-0.18181422352790833,0.5730834603309631,0.3748922049999237,-0.18203048408031464,0.5708122849464417,0.3754066824913025,-0.1822056919336319,0.5689263343811035,0.3760108947753906,-0.1822943240404129,0.5856922268867493,0.3755381405353546,-0.11231823265552521,0.5671335458755493,0.37958794832229614,-0.11189337819814682,0.5821862816810608,0.38890448212623596,-0.16431045532226562,0.5753203630447388,0.3903696835041046,-0.16564109921455383,0.6015536189079285,0.4152650833129883,-0.05301455408334732,0.5528782606124878,0.41293349862098694,-0.04922110214829445,0.622968316078186,0.4570848047733307,-0.03939521312713623,0.5373051762580872,0.4565422236919403,-0.025996243581175804,0.6138550043106079,0.4615403115749359,-0.09620644152164459,0.5534080266952515,0.4753051698207855,-0.04942212253808975,0.6107379198074341,0.4618915915489197,-0.11201246827840805,0.5596910715103149,0.4840485453605652,-0.06317226588726044,0.6085501909255981,0.45448824763298035,-0.11994060128927231,0.5620533227920532,0.4798542559146881,-0.07055860012769699,0.6089009642601013,0.45396482944488525,-0.09971858561038971,0.5606423020362854,0.4761137366294861,-0.052677880972623825,0.5961688756942749,0.5014693140983582,0.00167006382253021,0.5664916634559631,0.5046718120574951,-0.0017641863087192178,0.6057093143463135,0.566401481628418,-0.08753258734941483,0.5681804418563843,0.5805012583732605,-0.05555527284741402,0.6016626954078674,0.6293652057647705,0.020898787304759026,0.5767329931259155,0.649627685546875,0.030422616750001907,0.5974921584129333,0.6442691087722778,0.028701484203338623,0.5810190439224243,0.6593669056892395,0.0360533706843853,0.6050710678100586,0.6604231595993042,-0.03608381003141403,0.5728345513343811,0.6736143231391907,-0.03435477241873741
frame_00007.jpg,0.5736515522003174,0.3859773874282837,-0.21697819232940674,0.5759598612785339,0.3782106339931488,-0.20521721243858337,0.5783582329750061,0.3778125047683716,-0.2053663283586502,0.5806460380554199,0.3775812089443207,-0.20537158846855164,0.5692654848098755,0.37874963879585266,-0.20753102004528046,0.5667741894721985,0.37889784574508667,-0.2076970636844635,0.5644820928573608,0.37916693091392517,-0.20778422057628632,0.5830001831054688,0.37927180528640747,-0.1242988333106041,0.5626139044761658,0.38148072361946106,-0.1359512060880661,0.5778012871742249,0.3935399353504181,-0.18462972342967987,0.5701364278793335,0.3940240442752838,-0.18869711458683014,0.5957944989204407,0.41488736867904663,-0.06303917616605759,0.548355221748352,0.4143431782722473,-0.0740562155842781,0.6133037209510803,0.45345184206962585,-0.01736515387892723,0.5338234901428223,0.45952320098876953,-0.06531274318695068,0.6150203943252563,0.46541377902030945,-0.04837755113840103,0.5498718023300171,0.47724172472953796,-0.11451409012079239,0.6153713464736938,0.48007747530937195,-0.059674568474292755,0.5566861629486084,0.48633822798728943,-0.1357191950082779,0.6124235987663269,0.4714920222759247,-0.07415031641721725,0.5599046945571899,0.4802762269973755,-0.1452885866165161,0.6108402013778687,0.467284232378006,-0.05384688451886177,0.5570114254951477,0.4778200387954712,-0.12090907990932465,0.5919727683067322,0.5000022649765015,0.003927489276975393,0.5630614757537842,0.5026589632034302,-0.004055307246744633,0.6023387312889099,0.552547037601471,-0.15725132822990417,0.5637809038162231,0.5750402212142944,-0.04951309412717819,0.6009684801101685,0.602399468421936,-0.023813854902982712,0.5719019174575806,0.6463701725006104,0.04678495600819588,0.5974480509757996,0.6118446588516235,-0.012932166457176208,0.575661301612854,0.6567718386650085,0.05273041874170303,0.6059157252311707,0.6299496293067932,-0.08001704514026642,0.5699207186698914,0.6702145338058472,-0.02896878682076931
frame_00008.jpg,0.572394073009491,0.3877037465572357,-0.19508986175060272,0.5741130113601685,0.37946563959121704,-0.18374907970428467,0.5765639543533325,0.3789786696434021,-0.18387874960899353,0.5783396363258362,0.37869498133659363,-0.18387454748153687,0.5678110122680664,0.3802269697189331,-0.18586748838424683,0.5654138922691345,0.3803800046443939,-0.18603497743606567,0.5629433393478394,0.3806997835636139,-0.18611395359039307,0.5788799524307251,0.38079267740249634,-0.11076805740594864,0.5600354075431824,0.38353899121284485,-0.11977344751358032,0.5758704543113708,0.3949645459651947,-0.16519436240196228,0.5691323280334473,0.3957066237926483,-0.16869482398033142,0.5925374627113342,0.41657987236976624,-0.0498998649418354,0.5458430051803589,0.4163649380207062,-0.06452908366918564,0.6134650111198425,0.45464247465133667,-0.029243547469377518,0.5305703282356262,0.4607767164707184,-0.04367687553167343,0.6089762449264526,0.4719884693622589,-0.09088002145290375,0.5472844839096069,0.47802847623825073,-0.08408259600400925,0.6073288917541504,0.4797917604446411,-0.1079481691122055,0.5533667802810669,0.4868320822715759,-0.0998786985874176,0.604824960231781,0.47135913372039795,-0.11764471232891083,0.5574046969413757,0.48017987608909607,-0.10754434019327164,0.6045407652854919,0.46838581562042236,-0.09542857110500336,0.555695652961731,0.476999968290329,-0.08787666261196136,0.5874428153038025,0.4997637867927551,0.0019584991969168186,0.5599567890167236,0.5037815570831299,-0.002091092523187399,0.5987763404846191,0.5492249131202698,-0.14742615818977356,0.5615707635879517,0.5784013867378235,-0.03992030769586563,0.5945238471031189,0.6102423071861267,-0.03732840344309807,0.5705005526542664,0.6493203043937683,0.0410880409181118,0.5927075147628784,0.6217041611671448,-0.029069293290376663,0.5742518305778503,0.6601321697235107,0.04603184014558792,0.6014635562896729,0.6408226490020752,-0.09217880666255951,0.5679234266281128,0.6713848114013672,-0.028701186180114746
frame_00009.jpg,0.5668877363204956,0.3911674916744232,-0.23132756352424622,0.5692464709281921,0.3824547529220581,-0.22283732891082764,0.5715650916099548,0.3821868896484375,-0.22297608852386475,0.5736671686172485,0.38215532898902893,-0.22296006977558136,0.5632700324058533,0.38273152709007263,-0.2228277623653412,0.560928225517273,0.382781445980072,-0.22300168871879578,0.5587716102600098,0.38291820883750916,-0.22309279441833496,0.5753713846206665,0.38466596603393555,-0.15619194507598877,0.5575035810470581,0.38510170578956604,-0.15524867177009583,0.5706290006637573,0.39784854650497437,-0.20328278839588165,0.563836932182312,0.3983035683631897,-0.20408806204795837,0.5892871618270874,0.4175460636615753,-0.08870729804039001,0.544353187084198,0.4167573153972626,-0.08573005348443985,0.6096728444099426,0.45510026812553406,-0.05696333199739456,0.5306559801101685,0.45798587799072266,-0.04831811413168907,0.6008026003837585,0.4720888137817383,-0.11005774885416031,0.5364497303962708,0.4777561128139496,-0.08008934557437897,0.597723662853241,0.4787479043006897,-0.12490306049585342,0.5414367318153381,0.48519790172576904,-0.09398356825113297,0.5948237180709839,0.47072702646255493,-0.13469959795475006,0.543359100818634,0.47984692454338074,-0.10494635999202728,0.5953679084777832,0.4678768217563629,-0.11397762596607208,0.5431185960769653,0.47667035460472107,-0.08504606783390045,0.5835517048835754,0.4990767538547516,0.00033370504388585687,0.5571259260177612,0.5028174519538879,-0.00045342283556237817,0.5913010835647583,0.5575271248817444,-0.07084129750728607,0.5581867694854736,0.5770660638809204,-0.042372267693281174,0.583260178565979,0.6174406409263611,0.013176389038562775,0.5655027031898499,0.6385384202003479,0.03458148241043091,0.5832635164260864,0.6254854202270508,0.017910201102495193,0.5690439343452454,0.6544110178947449,0.039454132318496704,0.5879197716712952,0.64229816198349,-0.051984064280986786,0.564972996711731,0.6664284467697144,-0.03420267999172211
frame_00010.jpg,0.5652530789375305,0.39198604226112366,-0.22616057097911835,0.5670661926269531,0.3834315836429596,-0.2170211374759674,0.5693474411964417,0.38312339782714844,-0.21716448664665222,0.5714038610458374,0.3830815851688385,-0.21715164184570312,0.5616748332977295,0.3839845657348633,-0.2170896828174591,0.559592604637146,0.3841642439365387,-0.217241570353508,0.5575606226921082,0.384447306394577,-0.21731941401958466,0.5730645060539246,0.38608312606811523,-0.15089638531208038,0.5562677979469299,0.3871794044971466,-0.15105046331882477,0.568730354309082,0.3991588056087494,-0.19886304438114166,0.5626903772354126,0.3994029462337494,-0.19983401894569397,0.5873700380325317,0.42042669653892517,-0.09352444112300873,0.5424915552139282,0.41926246881484985,-0.0951886847615242,0.6074153184890747,0.45895928144454956,-0.0979127436876297,0.5257831811904907,0.46307501196861267,-0.12716075778007507,0.5964042544364929,0.48155587911605835,-0.1811918020248413,0.5390440821647644,0.47744515538215637,-0.23416312038898468,0.5930664539337158,0.4902995228767395,-0.20440983772277832,0.542754054069519,0.4847138524055481,-0.2638857364654541,0.5895763635635376,0.4825424551963806,-0.21412678062915802,0.5465024709701538,0.47988876700401306,-0.26992297172546387,0.5904091596603394,0.4789910316467285,-0.18623249232769012,0.5453037023544312,0.4764286279678345,-0.23943451046943665,0.5812249183654785,0.4991759657859802,0.0003383200673852116,0.55459064245224,0.5025323033332825,-0.00045049685286358,0.5844484567642212,0.5660667419433594,-0.08486609160900116,0.5557440519332886,0.5744075179100037,-0.0460091233253479,0.5815302133560181,0.6285649538040161,-0.0004635169170796871,0.565065324306488,0.6358968019485474,0.043354686349630356,0.5793308615684509,0.6378669142723083,0.005384174175560474,0.5673165917396545,0.6477373242378235,0.04878876730799675,0.5802794694900513,0.6567606329917908,-0.056235432624816895,0.5662949681282043,0.666175901889801,-0.02690070867538452
frame_00011.jpg,0.5625036954879761,0.3962622582912445,-0.2706230580806732,0.5645266771316528,0.38770022988319397,-0.26185670495033264,0.5666051506996155,0.3877531588077545,-0.2619946300983429,0.5687147974967957,0.3879968225955963,-0.2619926929473877,0.5593898892402649,0.3872601091861725,-0.26222676038742065,0.5574111938476562,0.3872002065181732,-0.2623887062072754,0.5555265545845032,0.3873400390148163,-0.262467622756958,0.57090163230896,0.39008834958076477,-0.19258961081504822,0.5543428063392639,0.3893018066883087,-0.19312985241413116,0.5656514763832092,0.4020715355873108,-0.2415446788072586,0.5596263408660889,0.4020135700702667,-0.24267783761024475,0.5840140581130981,0.420135498046875,-0.12198667228221893,0.5404407978057861,0.4192279875278473,-0.1247020810842514,0.6043728590011597,0.45736202597618103,-0.09954948723316193,0.5238643884658813,0.46259868144989014,-0.12867441773414612,0.5886591672897339,0.4761345088481903,-0.17347590625286102,0.53922438621521,0.47775033116340637,-0.20001420378684998,0.5852897763252258,0.48527172207832336,-0.19072960317134857,0.5455141067504883,0.4850066006183624,-0.2222093790769577,0.5828536748886108,0.4841162860393524,-0.20873744785785675,0.5485798716545105,0.4800524413585663,-0.22973164916038513,0.5837441086769104,0.48037225008010864,-0.1788538247346878,0.547356128692627,0.4765623211860657,-0.20440275967121124,0.5778230428695679,0.4924381971359253,-0.00028127868426963687,0.551773190498352,0.49516761302948,0.0001635529042687267,0.5861740708351135,0.5368489027023315,-0.19038476049900055,0.5515657067298889,0.5550569295883179,-0.06685902178287506,0.5854547023773193,0.6093365550041199,-0.10812804847955704,0.5584526658058167,0.6188446879386902,0.006354032550007105,0.5823183059692383,0.6178494691848755,-0.10366751253604889,0.5615542531013489,0.6304304003715515,0.009804891422390938,0.5898076295852661,0.6320244073867798,-0.18384665250778198,0.5537430047988892,0.6442345380783081,-0.07364676892757416
frame_00012.jpg,0.5615788698196411,0.40224650502204895,-0.24868619441986084,0.5636735558509827,0.3941965401172638,-0.24085107445716858,0.5654950737953186,0.3939313590526581,-0.24098829925060272,0.567252516746521,0.3939724862575531,-0.2409912645816803,0.5591753721237183,0.3942736089229584,-0.24171578884124756,0.5575039386749268,0.39406493306159973,-0.24186751246452332,0.5556963086128235,0.39402493834495544,-0.24194590747356415,0.5691182613372803,0.3937067687511444,-0.17708197236061096,0.5530492067337036,0.39355045557022095,-0.1803566962480545,0.5640482306480408,0.4065066874027252,-0.22135059535503387,0.5591124892234802,0.4060836434364319,-0.22309032082557678,0.5813716650009155,0.4217580258846283,-0.1127772331237793,0.5386542081832886,0.421636164188385,-0.11996902525424957,0.6008169054985046,0.45680996775627136,-0.09234655648469925,0.5229277014732361,0.46324479579925537,-0.1419392228126526,0.5863644480705261,0.47399529814720154,-0.14352631568908691,0.5394324064254761,0.4770750105381012,-0.22513744235038757,0.5834038257598877,0.4859504699707031,-0.15975265204906464,0.5461052656173706,0.48478394746780396,-0.24949996173381805,0.5809348821640015,0.4807552099227905,-0.17151297628879547,0.5492457747459412,0.4782063066959381,-0.2542244791984558,0.5816925168037415,0.47728535532951355,-0.1481522023677826,0.5479262471199036,0.4749528765678406,-0.22883865237236023,0.5740103721618652,0.49234965443611145,-0.0006390030612237751,0.550656795501709,0.4949718713760376,0.0005197988939471543,0.5825141668319702,0.5330482125282288,-0.1847192347049713,0.5524165630340576,0.5539596080780029,-0.05307973176240921,0.5799723267555237,0.6010660529136658,-0.10868845134973526,0.5562639236450195,0.6210699677467346,0.023996155709028244,0.5778743028640747,0.6089198589324951,-0.10473106056451797,0.5590713620185852,0.6322864294052124,0.02691708877682686,0.5825074911117554,0.6229403614997864,-0.1801983118057251,0.5517537593841553,0.639031708240509,-0.05207698419690132
frame_00013.jpg,0.5598997473716736,0.4046134650707245,-0.21218983829021454,0.5624216794967651,0.3974452316761017,-0.20619246363639832,0.5642098188400269,0.3971824049949646,-0.20633313059806824,0.5658258199691772,0.3972119987010956,-0.20632711052894592,0.5579749941825867,0.3972037136554718,-0.20483319461345673,0.5564547181129456,0.39676254987716675,-0.20498165488243103,0.5548408031463623,0.39648544788360596,-0.20506827533245087,0.5678407549858093,0.395950049161911,-0.15241141617298126,0.552233874797821,0.3951595425605774,-0.14450596272945404,0.5624158978462219,0.40871280431747437,-0.18809376657009125,0.5576227307319641,0.40827009081840515,-0.1870308220386505,0.5810466408729553,0.4238610863685608,-0.10337916761636734,0.5388832092285156,0.42168092727661133,-0.08179277926683426,0.5984800457954407,0.4588555097579956,-0.09690927714109421,0.5242891311645508,0.46210166811943054,-0.09048175811767578,0.5830361843109131,0.48047202825546265,-0.16101065278053284,0.5415931940078735,0.4786192774772644,-0.16475120186805725,0.57970130443573,0.48853570222854614,-0.18125832080841064,0.5462486147880554,0.4856880009174347,-0.18578073382377625,0.5774405598640442,0.4815896451473236,-0.18931783735752106,0.5487345457077026,0.47946062684059143,-0.19260355830192566,0.5783699750900269,0.4784770905971527,-0.16484284400939941,0.5475108623504639,0.4762634336948395,-0.16933993995189667,0.5728455781936646,0.4976387619972229,-0.007864170707762241,0.551052451133728,0.49894392490386963,0.007763574831187725,0.5773438215255737,0.5374642610549927,-0.11204417049884796,0.5505491495132446,0.5568678379058838,-0.048623714596033096,0.5780989527702332,0.6077288389205933,-0.0480186864733696,0.5573053956031799,0.6224519610404968,0.03021802008152008,0.5776002407073975,0.6171409487724304,-0.04719794914126396,0.5614684820175171,0.6327683329582214,0.03458062559366226,0.5779720544815063,0.6329482197761536,-0.10918910801410675,0.5495833158493042,0.6402816772460938,-0.02997131086885929
frame_00014.jpg,0.5600548386573792,0.3997825086116791,0.08358663320541382,0.5588931441307068,0.3918609321117401,0.07463913410902023,0.5578669309616089,0.3916262984275818,0.07456842064857483,0.5566134452819824,0.3915966749191284,0.07457168400287628,0.5610662698745728,0.39193668961524963,0.07149501144886017,0.5612679123878479,0.3917771875858307,0.0714065209031105,0.5603930354118347,0.39170318841934204,0.07139354199171066,0.5545824766159058,0.3931519389152527,0.03847493231296539,0.5546354055404663,0.3933160603046417,0.024342205375432968,0.5590638518333435,0.4055609703063965,0.07411184161901474,0.560784101486206,0.4049200713634491,0.06928889453411102,0.5402110815048218,0.42372778058052063,0.021037351340055466,0.5764148235321045,0.4237521290779114,-0.0021602788474410772,0.5366754531860352,0.46197888255119324,0.018810156732797623,0.5845507383346558,0.4610505700111389,-0.025936895981431007,0.5523967146873474,0.4832260310649872,0.017166126519441605,0.5709913969039917,0.478064626455307,-0.03352484479546547,0.5524886846542358,0.4882000684738159,0.01669035479426384,0.5715025663375854,0.48380762338638306,-0.039407797157764435,0.5550906658172607,0.48282986879348755,0.011901924386620522,0.5642070770263672,0.47882142663002014,-0.040646038949489594,0.5564942359924316,0.48084548115730286,0.015540008433163166,0.5648689866065979,0.4773920476436615,-0.03482051193714142,0.5545789003372192,0.5010589361190796,0.0059365322813391685,0.5630903244018555,0.49987438321113586,-0.006018117070198059,0.5611984729766846,0.5627107620239258,0.01375553198158741,0.5645807981491089,0.5580797791481018,-0.02163911610841751,0.5647774934768677,0.6312589645385742,0.0049051446840167046,0.5576658844947815,0.624008059501648,-0.02376384660601616,0.5669621229171753,0.6424131989479065,0.0017788710538297892,0.567232608795166,0.635923445224762,-0.025652578100562096,0.5574923157691956,0.6353849768638611,-0.018222779035568237,0.5647416710853577,0.6363693475723267,-0.04479100555181503
frame_00015.jpg,0.5610964894294739,0.4020884335041046,-0.18773245811462402,0.5621639490127563,0.3960517346858978,-0.18047702312469482,0.5628964900970459,0.39582186937332153,-0.18060588836669922,0.5635625720024109,0.3957940638065338,-0.18059012293815613,0.5598196983337402,0.3960462808609009,-0.18369445204734802,0.5587961077690125,0.3958534300327301,-0.18383118510246277,0.5574555993080139,0.39582154154777527,-0.1839003711938858,0.5637852549552917,0.39666882157325745,-0.12421067804098129,0.5539262890815735,0.39665302634239197,-0.13892295956611633,0.5620748400688171,0.4065245985984802,-0.16382965445518494,0.5599042773246765,0.4065149426460266,-0.16895392537117004,0.56971275806427,0.42407312989234924,-0.06657300889492035,0.543410062789917,0.425472229719162,-0.09329400956630707,0.5797504186630249,0.46044257283210754,-0.05939273163676262,0.5279337763786316,0.4655701518058777,-0.10668603330850601,0.5764936208724976,0.4801045060157776,-0.12686565518379211,0.5495584607124329,0.47888511419296265,-0.17186281085014343,0.5746095180511475,0.48763179779052734,-0.14407625794410706,0.5549629926681519,0.48529523611068726,-0.1939084231853485,0.5728413462638855,0.4816035032272339,-0.1535586416721344,0.5570249557495117,0.47995391488075256,-0.19893991947174072,0.5736223459243774,0.47885793447494507,-0.13128934800624847,0.5561939477920532,0.4782019853591919,-0.17520926892757416,0.568310022354126,0.5000098347663879,0.006681149359792471,0.5541710257530212,0.49984756112098694,-0.006770507898181677,0.5738059282302856,0.560375988483429,-0.04100468009710312,0.5612801313400269,0.5575416088104248,-0.0858338326215744,0.5721791386604309,0.6282690763473511,0.019101200625300407,0.5609245896339417,0.6241156458854675,-0.056162912398576736,0.5707523822784424,0.6373107433319092,0.020950114354491234,0.5643371343612671,0.6353103518486023,-0.05640637129545212,0.5733497142791748,0.6375715732574463,-0.04320970177650452,0.5617185831069946,0.6389399170875549,-0.12922415137290955
frame_00016.jpg,0.5611060261726379,0.40174296498298645,0.07949216663837433,0.5601940751075745,0.392985463142395,0.07165611535310745,0.5594055652618408,0.3927430808544159,0.07158593833446503,0.558383047580719,0.3927207887172699,0.07159552723169327,0.5616037249565125,0.39297929406166077,0.06874039769172668,0.561373770236969,0.3928389251232147,0.06865564733743668,0.5586722493171692,0.39285409450531006,0.0686374083161354,0.5564389228820801,0.39404943585395813,0.039127055555582047,0.5599716305732727,0.39455369114875793,0.025842487812042236,0.5601903200149536,0.40481728315353394,0.07092039287090302,0.5614519715309143,0.4053248465061188,0.06641502678394318,0.5395869016647339,0.4243629276752472,0.020880598574876785,0.5755261778831482,0.42442941665649414,0.0026951241306960583,0.5344769954681396,0.4624483287334442,0.02632572129368782,0.5868630409240723,0.4630085527896881,-0.01790536940097809,0.549892783164978,0.4823875427246094,0.032509319484233856,0.574206531047821,0.4785193204879761,-0.024452701210975647,0.5482604503631592,0.4877035319805145,0.03455864265561104,0.57349693775177,0.48291054368019104,-0.028587067499756813,0.5504409670829773,0.48213088512420654,0.030952464789152145,0.569071888923645,0.47959521412849426,-0.029835332185029984,0.552405834197998,0.4797677993774414,0.03195265680551529,0.5683678388595581,0.47804388403892517,-0.02548297867178917,0.5519068241119385,0.4995570182800293,0.0061325752176344395,0.5655659437179565,0.4954376816749573,-0.006223411299288273,0.5594004988670349,0.5618600249290466,-0.007299114018678665,0.5713269114494324,0.5354722142219543,-0.03718250244855881,0.5631064176559448,0.6281998157501221,-0.03686981648206711,0.575639545917511,0.5883725881576538,-0.04264463111758232,0.5647858381271362,0.6384161710739136,-0.0433136448264122,0.5751811265945435,0.5982781052589417,-0.04411957412958145,0.5569955110549927,0.6376994848251343,-0.06689164787530899,0.5807518362998962,0.5943339467048645,-0.09145937114953995
frame_00017.jpg,0.5627180337905884,0.3993288576602936,0.09781572967767715,0.5611187219619751,0.39153704047203064,0.08934465795755386,0.5598217248916626,0.39125555753707886,0.08927126228809357,0.5583637952804565,0.3912070393562317,0.08927973359823227,0.563064694404602,0.3915971517562866,0.08674967288970947,0.5619634389877319,0.3914746642112732,0.08665414154529572,0.563184916973114,0.39151182770729065,0.08661076426506042,0.5562995076179504,0.39280325174331665,0.05279500409960747,0.5660496950149536,0.3932587504386902,0.040850576013326645,0.5611562132835388,0.4026302099227905,0.08753601461648941,0.5630359649658203,0.4028857946395874,0.08344800025224686,0.5418365597724915,0.42400094866752625,0.02838888391852379,0.5806570053100586,0.423708975315094,0.009330879896879196,0.5295088291168213,0.46215546131134033,0.03982396051287651,0.5943537354469299,0.46035316586494446,-0.0035981647670269012,0.5452783703804016,0.48188504576683044,0.06415267288684845,0.5839636921882629,0.47328630089759827,0.01182152796536684,0.550390362739563,0.4834352135658264,0.069785937666893,0.5827509760856628,0.4784895181655884,0.011762363836169243,0.551692008972168,0.48122644424438477,0.06487429141998291,0.5783498883247375,0.47676655650138855,0.011108971200883389,0.5503475666046143,0.4792385399341583,0.06327994167804718,0.5780875086784363,0.47510436177253723,0.011491009034216404,0.5532596111297607,0.49643218517303467,0.00629858672618866,0.5727567076683044,0.4937278628349304,-0.006397222634404898,0.5564979910850525,0.5588951706886292,0.01910010352730751,0.5747563242912292,0.5323842167854309,0.003498997073620558,0.557750940322876,0.6205939650535583,-0.015562589280307293,0.5776034593582153,0.5820090770721436,-0.014371764846146107,0.5597563982009888,0.6319495439529419,-0.02222532592713833,0.5763059854507446,0.5917549133300781,-0.026042968034744263,0.5520644187927246,0.626313328742981,-0.03360171616077423,0.5843681693077087,0.5773007273674011,-0.018422825261950493
frame_00018.jpg,0.5637636780738831,0.39879468083381653,-0.006895789410918951,0.5627511739730835,0.3938368856906891,-0.009832629933953285,0.5627491474151611,0.39376816153526306,-0.009898046962916851,0.5624831914901733,0.3938550651073456,-0.009879708290100098,0.5647092461585999,0.3936231732368469,-0.013829435221850872,0.5647972822189331,0.39353445172309875,-0.013931470923125744,0.5660986304283142,0.3935525119304657,-0.013955652713775635,0.5613012313842773,0.39575067162513733,-0.01387353427708149,0.567687451839447,0.3951322138309479,-0.031000768765807152,0.5614801645278931,0.40315350890159607,-0.004883757792413235,0.5657389163970947,0.4030870199203491,-0.010801967233419418,0.5452542304992676,0.4236370623111725,-0.0017043601255863905,0.5845022201538086,0.42340701818466187,-0.028077369555830956,0.5370883941650391,0.45849886536598206,0.017910312861204147,0.5823326110839844,0.4563277065753937,-0.03352529928088188,0.5543547868728638,0.4804438650608063,0.02135716751217842,0.5819183588027954,0.4734624922275543,-0.020553650334477425,0.5546011924743652,0.48336315155029297,0.022412410005927086,0.5830990076065063,0.47837597131729126,-0.02445146255195141,0.5565630197525024,0.4808940887451172,0.014794299378991127,0.5801404118537903,0.4767884910106659,-0.027202660217881203,0.557357668876648,0.47878333926200867,0.019146684557199478,0.5787192583084106,0.4751322865486145,-0.021404948085546494,0.5588894486427307,0.48905935883522034,0.011838681995868683,0.5734388828277588,0.48849108815193176,-0.011957869865000248,0.5603503584861755,0.5566139221191406,0.016193952411413193,0.5727999806404114,0.5408802032470703,-0.02453765831887722,0.5626088976860046,0.6134979724884033,0.012310957536101341,0.5762335062026978,0.5981029868125916,-0.021327491849660873,0.5640619993209839,0.6240037083625793,0.009747212752699852,0.5761569738388062,0.6078976392745972,-0.02317228727042675,0.5576455593109131,0.6197410821914673,-0.008920487947762012,0.5793539881706238,0.6063287854194641,-0.03801705315709114
frame_00019.jpg,0.5687260031700134,0.39782974123954773,-0.04953543096780777,0.5675930976867676,0.39287349581718445,-0.048776786774396896,0.5673330426216125,0.39284974336624146,-0.04891908913850784,0.5669324398040771,0.3929528295993805,-0.04892510920763016,0.5690931677818298,0.39269575476646423,-0.04374115914106369,0.5694552063941956,0.39264407753944397,-0.043939389288425446,0.5701330304145813,0.39267435669898987,-0.04408930987119675,0.5662316679954529,0.3950044512748718,-0.019301429390907288,0.5707126259803772,0.3947509527206421,-0.06819968670606613,0.5681512951850891,0.402664452791214,-0.0392911434173584,0.570493757724762,0.40258702635765076,-0.025624170899391174,0.5516788363456726,0.4200151860713959,-0.02048950456082821,0.5856189727783203,0.4220614731311798,-0.06127338856458664,0.5710740089416504,0.4512564539909363,-0.006011464633047581,0.577984631061554,0.4526596963405609,-0.06325379014015198,0.5675676465034485,0.47322985529899597,-0.024635229259729385,0.5814346075057983,0.46835067868232727,-0.06444761902093887,0.56307053565979,0.477563738822937,-0.028584280982613564,0.5836541652679443,0.47161421179771423,-0.07502783089876175,0.5642147064208984,0.47369125485420227,-0.0357588455080986,0.5817849636077881,0.469178706407547,-0.07872113585472107,0.5678952932357788,0.471931517124176,-0.027085628360509872,0.5799978971481323,0.46802785992622375,-0.06688933074474335,0.5632407665252686,0.4862332344055176,0.013083234429359436,0.5755465626716614,0.4839639365673065,-0.01319914497435093,0.5664072632789612,0.5523191094398499,0.01330057717859745,0.5762262344360352,0.5409878492355347,-0.026299256831407547,0.567997932434082,0.6095393896102905,0.01763778366148472,0.577806293964386,0.6018337607383728,-0.020724082365632057,0.5677021145820618,0.6193388104438782,0.015571407973766327,0.5774503946304321,0.6123738884925842,-0.018489176407456398,0.5647064447402954,0.6173552870750427,-0.016699980944395065,0.5809349417686462,0.6097768545150757,-0.03947269544005394
frame_00020.jpg,0.5758985280990601,0.4001878499984741,-0.15723451972007751,0.5773670077323914,0.3949013650417328,-0.15212413668632507,0.5783968567848206,0.39473575353622437,-0.15224197506904602,0.5794087648391724,0.3946850001811981,-0.15222308039665222,0.5746728181838989,0.39453068375587463,-0.1524191051721573,0.5737320184707642,0.39422962069511414,-0.15256178379058838,0.5727996230125427,0.3940572142601013,-0.15264669060707092,0.5807672739028931,0.39526110887527466,-0.105169378221035,0.5715938806533813,0.3945807218551636,-0.10885878652334213,0.577191174030304,0.40341344475746155,-0.13718301057815552,0.5749789476394653,0.4033583700656891,-0.13802991807460785,0.591580331325531,0.4195660650730133,-0.05957862734794617,0.5654057264328003,0.4182165563106537,-0.062330346554517746,0.6092840433120728,0.4484361708164215,-0.03149285167455673,0.5500837564468384,0.4478820860385895,-0.06245030090212822,0.5920576453208923,0.46502891182899475,-0.057296156883239746,0.5611881017684937,0.46458950638771057,-0.10086512565612793,0.5869145393371582,0.47223344445228577,-0.06744621694087982,0.5661511421203613,0.47006893157958984,-0.11568517982959747,0.5843158960342407,0.4692988097667694,-0.0748722180724144,0.5703603029251099,0.4662673771381378,-0.12268292903900146,0.5874217748641968,0.4666217565536499,-0.059733979403972626,0.5690876245498657,0.4637604057788849,-0.1047728881239891,0.5852731466293335,0.48442497849464417,0.00503922812640667,0.5748640298843384,0.4842878580093384,-0.005124990828335285,0.5844315886497498,0.5428028702735901,-0.01467836368829012,0.5743885636329651,0.537345290184021,-0.03178977966308594,0.5842280387878418,0.6015224456787109,0.009557480923831463,0.5773099660873413,0.5943748950958252,-0.006887392606586218,0.5827090740203857,0.6095861196517944,0.008564561605453491,0.5773743391036987,0.6053192615509033,-0.006216940935701132,0.5830744504928589,0.6156632900238037,-0.03085067868232727,0.5768779516220093,0.6109060049057007,-0.05729355663061142
frame_00021.jpg,0.5804686546325684,0.39972561597824097,-0.2037132978439331,0.5826386213302612,0.3942281901836395,-0.19920405745506287,0.5840845704078674,0.3940528929233551,-0.19932708144187927,0.5855305790901184,0.39396896958351135,-0.1993114948272705,0.5786634683609009,0.39378058910369873,-0.1985654979944229,0.5773152709007263,0.39348462224006653,-0.19870918989181519,0.5759626626968384,0.393338143825531,-0.1988014280796051,0.587585985660553,0.394719660282135,-0.15022312104701996,0.5746239423751831,0.394405335187912,-0.14691123366355896,0.5825162529945374,0.40302813053131104,-0.18221697211265564,0.5785489082336426,0.40295013785362244,-0.18205372989177704,0.5989524126052856,0.4183347821235657,-0.09446343034505844,0.5647580027580261,0.4153233468532562,-0.08436574041843414,0.6163867712020874,0.44642195105552673,-0.06032837554812431,0.5508714914321899,0.4444725811481476,-0.06246701627969742,0.597087025642395,0.46015608310699463,-0.07736274600028992,0.5599498748779297,0.4604816138744354,-0.09830544888973236,0.5917096138000488,0.4653315246105194,-0.08676983416080475,0.5651910901069641,0.46603572368621826,-0.11154206097126007,0.5898119211196899,0.4627572298049927,-0.093966044485569,0.5688993334770203,0.46183493733406067,-0.11876360327005386,0.591760516166687,0.46002429723739624,-0.07934447377920151,0.5674160718917847,0.4602724015712738,-0.10190598666667938,0.594936192035675,0.48150715231895447,-0.0002746070094872266,0.5746082067489624,0.4821747839450836,0.00021484840544871986,0.5935453772544861,0.5358352065086365,-0.028172412887215614,0.5760698318481445,0.532660722732544,-0.0333397276699543,0.5953205823898315,0.5937463045120239,0.019465114921331406,0.5777295231819153,0.5881122350692749,0.009828301146626472,0.5940667390823364,0.6009604930877686,0.021210890263319016,0.5782619118690491,0.5972980260848999,0.011899924837052822,0.5920842885971069,0.6118749380111694,-0.03949276730418205,0.5765921473503113,0.6047631502151489,-0.054086487740278244
frame_00022.jpg,0.5844992399215698,0.3983798623085022,-0.15754012763500214,0.5866198539733887,0.3914079964160919,-0.15102991461753845,0.5881534814834595,0.3912658095359802,-0.15114669501781464,0.5896784067153931,0.3912316858768463,-0.1511298269033432,0.582108736038208,0.3910052180290222,-0.15084853768348694,0.5805176496505737,0.3907335102558136,-0.15098437666893005,0.5790320634841919,0.3905332684516907,-0.15106885135173798,0.5921929478645325,0.39189884066581726,-0.10314472019672394,0.5778301358222961,0.39178404211997986,-0.10570897907018661,0.5867125391960144,0.4022389352321625,-0.13641810417175293,0.5821350812911987,0.40258243680000305,-0.13690724968910217,0.6033129692077637,0.4169394075870514,-0.06989748775959015,0.565351665019989,0.41452980041503906,-0.04773389548063278,0.6210145950317383,0.44447049498558044,-0.03073769435286522,0.5540858507156372,0.4424728751182556,-0.024183891713619232,0.6025266647338867,0.45730912685394287,-0.05150725319981575,0.5614611506462097,0.45780980587005615,-0.05780531093478203,0.5973625779151917,0.46305185556411743,-0.06313735246658325,0.5654301047325134,0.4627070128917694,-0.07064363360404968,0.5960120558738708,0.46177181601524353,-0.06924198567867279,0.5690723657608032,0.45921260118484497,-0.07731642574071884,0.5977903604507446,0.4572034478187561,-0.0534469410777092,0.567653477191925,0.458053857088089,-0.061265528202056885,0.5981199145317078,0.4837094843387604,-0.001494504977017641,0.5772461891174316,0.48438170552253723,0.0014377839397639036,0.5983942747116089,0.5404564142227173,-0.018153566867113113,0.5805021524429321,0.5359172821044922,-0.01689959689974785,0.596076250076294,0.5982106328010559,0.03417279198765755,0.5811671018600464,0.5919284224510193,0.044552531093358994,0.5961538553237915,0.6044697165489197,0.036102622747421265,0.5826550722122192,0.6003614664077759,0.048210617154836655,0.5957664251327515,0.6165266036987305,-0.024740643799304962,0.5789486765861511,0.608423113822937,-0.008483187295496464
frame_00023.jpg,0.5896895527839661,0.3979412615299225,-0.1789749562740326,0.5915378332138062,0.3910045027732849,-0.173068568110466,0.592923104763031,0.3908858895301819,-0.17318741977214813,0.5943073034286499,0.3908269703388214,-0.17318156361579895,0.5872272253036499,0.39050427079200745,-0.17327822744846344,0.5855981111526489,0.3902198374271393,-0.1734083741903305,0.5840578079223633,0.38999122381210327,-0.17349368333816528,0.5960644483566284,0.3910185694694519,-0.12388931214809418,0.582262396812439,0.39089518785476685,-0.12454760074615479,0.5914698839187622,0.40176156163215637,-0.158003032207489,0.5871284604072571,0.401947945356369,-0.15895597636699677,0.607054591178894,0.4161461889743805,-0.07565535604953766,0.5672810077667236,0.4146970808506012,-0.06775705516338348,0.6254443526268005,0.4441664516925812,-0.03800582140684128,0.5552353262901306,0.44483664631843567,-0.05220607668161392,0.6067754030227661,0.45634767413139343,-0.05117794871330261,0.562903642654419,0.45763009786605835,-0.09572268277406693,0.6015902161598206,0.46227142214775085,-0.06105104833841324,0.5672347545623779,0.4623144567012787,-0.10920082032680511,0.5995560884475708,0.46014899015426636,-0.06715565919876099,0.570218026638031,0.45919618010520935,-0.11489708721637726,0.6019442677497864,0.4563795030117035,-0.052967023104429245,0.5688030123710632,0.45657646656036377,-0.09885255992412567,0.6030547618865967,0.4802035987377167,-0.0012258001370355487,0.5812853574752808,0.4822311997413635,0.0011569701600819826,0.6051138043403625,0.5339804887771606,-0.04645642265677452,0.5850309729576111,0.5325583815574646,-0.02526581659913063,0.6028960347175598,0.5894730091094971,0.017078975215554237,0.5867165327072144,0.5881262421607971,0.030204331502318382,0.6042481064796448,0.5956819653511047,0.018558649346232414,0.5883628129959106,0.596335768699646,0.033263713121414185,0.6027804613113403,0.6119685769081116,-0.030738255009055138,0.585614800453186,0.6042864918708801,-0.02464725635945797
frame_00024.jpg,0.5891593098640442,0.38738158345222473,0.06379599124193192,0.5880560278892517,0.38277310132980347,0.053755950182676315,0.5875999331474304,0.382916122674942,0.053696565330028534,0.5876654982566833,0.38310927152633667,0.05369227007031441,0.5903816819190979,0.3824172616004944,0.05295556038618088,0.5913129448890686,0.38236111402511597,0.052868686616420746,0.5922529101371765,0.3823208212852478,0.052835237234830856,0.5892305970191956,0.3857955038547516,0.01577729359269142,0.593891441822052,0.38541752099990845,0.01181734912097454,0.5879999399185181,0.39199405908584595,0.05331091210246086,0.5904819369316101,0.39159590005874634,0.05155227705836296,0.5774509310722351,0.4124163091182709,-0.003929694648832083,0.6075505018234253,0.41307708621025085,-0.009797794744372368,0.5636802911758423,0.44576212763786316,0.010695582255721092,0.6216052770614624,0.4441510736942291,-0.01688213273882866,0.5750100016593933,0.4577827453613281,0.03877118602395058,0.6079758405685425,0.4575596749782562,-0.005993178114295006,0.5788753032684326,0.4654364287853241,0.043125394731760025,0.607026994228363,0.4623773396015167,-0.007105228491127491,0.582701563835144,0.4620034992694855,0.038674455136060715,0.6036315560340881,0.46055468916893005,-0.009543625637888908,0.5833419561386108,0.45933476090431213,0.03812672942876816,0.6038726568222046,0.4583522081375122,-0.007284081541001797,0.5979541540145874,0.48217275738716125,-0.00024269823916256428,0.6018287539482117,0.48210442066192627,0.0002040224353550002,0.5987910032272339,0.5376547574996948,0.036214686930179596,0.6036220788955688,0.5352141261100769,0.002908863592892885,0.5950018167495728,0.5946541428565979,0.048046596348285675,0.6035345196723938,0.592316210269928,0.01888623833656311,0.5960729718208313,0.6025905013084412,0.04834754765033722,0.6036676168441772,0.6001689434051514,0.020875371992588043,0.5964061617851257,0.6074559688568115,0.04273618757724762,0.6073549389839172,0.6054229736328125,0.004949760623276234
frame_00025.jpg,0.5927768349647522,0.3866984248161316,0.05652950331568718,0.5908341407775879,0.3821945786476135,0.048033297061920166,0.5897406935691833,0.38227856159210205,0.047966308891773224,0.5887144207954407,0.3824408948421478,0.04796868562698364,0.5940136313438416,0.38198667764663696,0.046386636793613434,0.595068097114563,0.38194721937179565,0.04631206765770912,0.5960920453071594,0.38192856311798096,0.04628291353583336,0.587757408618927,0.3853124976158142,0.016047121956944466,0.5971282124519348,0.38494330644607544,0.008166544139385223,0.5912875533103943,0.3914313316345215,0.04814433678984642,0.5942822694778442,0.3912442922592163,0.04525337368249893,0.5747119188308716,0.41174933314323425,0.0001280238648178056,0.6113691926002502,0.41312891244888306,-0.015087159350514412,0.5624944567680359,0.4465259611606598,0.008445405401289463,0.6264190077781677,0.4438847601413727,-0.025680163875222206,0.5758244395256042,0.462028443813324,0.02335791476070881,0.6146121621131897,0.45937103033065796,-0.01713026687502861,0.5769094824790955,0.46741193532943726,0.026318714022636414,0.6128743886947632,0.46342092752456665,-0.020039012655615807,0.5802514553070068,0.4635026752948761,0.02198532409965992,0.6090049147605896,0.4615936279296875,-0.021806750446558,0.5809380412101746,0.46104586124420166,0.022619185969233513,0.6094239950180054,0.45965775847435,-0.01815415918827057,0.5943188667297363,0.47963884472846985,0.00466817757114768,0.6026627421379089,0.4801826477050781,-0.004719379357993603,0.5965702533721924,0.5333051681518555,0.06009574607014656,0.6043729186058044,0.5349275469779968,0.012640699744224548,0.5911201238632202,0.5819702744483948,0.08006876707077026,0.6058336496353149,0.5934802889823914,0.025963863357901573,0.5903917551040649,0.5912320017814636,0.08106384426355362,0.6061487793922424,0.6019445657730103,0.026597732678055763,0.5910817384719849,0.591704785823822,0.0751950740814209,0.6070274114608765,0.6031095385551453,0.014815958216786385
frame_00026.jpg,0.5932844877243042,0.38650450110435486,0.09227780997753143,0.5910931825637817,0.3821670413017273,0.08343569934368134,0.5898645520210266,0.38239622116088867,0.0833873301744461,0.5886868834495544,0.3826669752597809,0.08337941020727158,0.5946274995803833,0.38152390718460083,0.08243788033723831,0.5958024263381958,0.3813358247280121,0.0823478177189827,0.5969058275222778,0.38117820024490356,0.08231089264154434,0.5873743295669556,0.38548681139945984,0.04625190421938896,0.5984494090080261,0.38414543867111206,0.04114488884806633,0.5917812585830688,0.3914406895637512,0.08172537386417389,0.5954715013504028,0.390870600938797,0.07966413348913193,0.5744816064834595,0.41206100583076477,0.024930356070399284,0.6126400232315063,0.4131716191768646,0.012217195704579353,0.5635480880737305,0.4480895400047302,0.048420973122119904,0.6279474496841431,0.4439252018928528,0.013633008114993572,0.5757783055305481,0.46242210268974304,0.09430070221424103,0.6161426305770874,0.4603234529495239,0.043196264654397964,0.5782382488250732,0.4687557518482208,0.1032891497015953,0.6134914755821228,0.4645594656467438,0.045683134347200394,0.5823301672935486,0.464030385017395,0.09775038063526154,0.6107813119888306,0.4620967209339142,0.04446469992399216,0.5816472768783569,0.46329864859580994,0.09368430823087692,0.6109861731529236,0.46059074997901917,0.04296015575528145,0.5903995037078857,0.4810216724872589,0.0053120884113013744,0.6077684164047241,0.4811426103115082,-0.005361820571124554,0.5940954685211182,0.5357457399368286,0.03543296083807945,0.6087049841880798,0.5406426787376404,-0.006440104451030493,0.5951372385025024,0.5866117477416992,0.04253716021776199,0.611709713935852,0.6024731993675232,-0.015921007841825485,0.5979296565055847,0.5973090529441833,0.04376965016126633,0.6119775176048279,0.6111099123954773,-0.017362285405397415,0.5902350544929504,0.6031028032302856,0.02767147123813629,0.6142996549606323,0.6117889285087585,-0.0238383449614048
frame_00027.jpg,0.5963821411132812,0.3910446763038635,-0.14013051986694336,0.5969654321670532,0.38373294472694397,-0.13434721529483795,0.597913920879364,0.38384580612182617,-0.1344650685787201,0.5989314913749695,0.3840406537055969,-0.1344659924507141,0.5945961475372314,0.383382648229599,-0.13468608260154724,0.5937234163284302,0.38334760069847107,-0.13480998575687408,0.5929290056228638,0.38340288400650024,-0.13488999009132385,0.5994321703910828,0.38630813360214233,-0.08691301941871643,0.5921742916107178,0.3859892785549164,-0.08795009553432465,0.5980311632156372,0.396005779504776,-0.11999539285898209,0.5952410697937012,0.39657437801361084,-0.12108589708805084,0.6125764846801758,0.41215577721595764,-0.046691492199897766,0.5833308100700378,0.41395238041877747,-0.036082517355680466,0.630268931388855,0.4470871388912201,-0.026516452431678772,0.573293924331665,0.44725847244262695,-0.029434403404593468,0.6157047748565674,0.4626201391220093,-0.06012725830078125,0.584836483001709,0.463310182094574,-0.08076535910367966,0.611333966255188,0.4690770208835602,-0.07235024869441986,0.5946679711341858,0.470978707075119,-0.09538118541240692,0.6088436841964722,0.46413344144821167,-0.07942947745323181,0.6032114028930664,0.4664207398891449,-0.10221239179372787,0.6100385189056396,0.4631158411502838,-0.06288633495569229,0.6007674932479858,0.4637179672718048,-0.08459986746311188,0.6059403419494629,0.48400771617889404,-0.0020683680195361376,0.597453773021698,0.48617619276046753,0.002008553594350815,0.6085389852523804,0.5418077707290649,-0.020700134336948395,0.5987104177474976,0.5410737991333008,-0.016702283173799515,0.6109884977340698,0.5867518782615662,0.021808646619319916,0.6020951271057129,0.5970478057861328,0.03255552798509598,0.6113882064819336,0.599375307559967,0.02303997054696083,0.604088306427002,0.6047081351280212,0.036148086190223694,0.6092472672462463,0.6105287075042725,-0.03684619069099426,0.6033018827438354,0.6117638945579529,-0.012551059015095234
frame_00028.jpg,0.5973227024078369,0.4009210467338562,-0.17139726877212524,0.5993942022323608,0.39331531524658203,-0.1659744381904602,0.6007030010223389,0.39308515191078186,-0.16609779000282288,0.601951003074646,0.3930516242980957,-0.16608895361423492,0.5955868363380432,0.39319995045661926,-0.1655033528804779,0.5942078828811646,0.39282816648483276,-0.16563665866851807,0.5929027795791626,0.39222416281700134,-0.16572637856006622,0.6033055186271667,0.39278289675712585,-0.11655738204717636,0.5914230346679688,0.3911334276199341,-0.11448542773723602,0.5995275974273682,0.4039023816585541,-0.15018746256828308,0.5954227447509766,0.40445730090141296,-0.15036024153232574,0.6170170903205872,0.41527748107910156,-0.06661509722471237,0.5795325040817261,0.41643670201301575,-0.05832112580537796,0.6349024772644043,0.4474785625934601,-0.035907600075006485,0.5686087012290955,0.45067155361175537,-0.04112306237220764,0.6211847066879272,0.4635259807109833,-0.059794455766677856,0.5785624384880066,0.46609240770339966,-0.08427803963422775,0.6185146570205688,0.4757486879825592,-0.07019274681806564,0.586859941482544,0.47303876280784607,-0.09860416501760483,0.6152308583259583,0.46771377325057983,-0.0779363363981247,0.5892799496650696,0.4667282700538635,-0.105579674243927,0.615932822227478,0.4641822278499603,-0.062346287071704865,0.5924673676490784,0.465295672416687,-0.08800537884235382,0.6102850437164307,0.4854017198085785,-0.0016673102509230375,0.5940051674842834,0.4873567223548889,0.0016124773537740111,0.6126388311386108,0.5462658405303955,-0.017427589744329453,0.595958948135376,0.5413421988487244,-0.041212297976017,0.61369788646698,0.5881631970405579,0.051526058465242386,0.5986626148223877,0.5897834897041321,0.042131513357162476,0.6140713691711426,0.6020201444625854,0.055354148149490356,0.6004897952079773,0.5953710675239563,0.04871215671300888,0.6158660054206848,0.6170375943183899,-0.010337418876588345,0.5996076464653015,0.608159601688385,-0.005410340148955584
frame_00029.jpg,0.5975602269172668,0.4057425558567047,-0.16944706439971924,0.5999675393104553,0.39815351366996765,-0.164645716547966,0.601568341255188,0.3975940942764282,-0.1647673100233078,0.6030780673027039,0.39721953868865967,-0.16474927961826324,0.5956945419311523,0.3977644145488739,-0.16296720504760742,0.5943526029586792,0.39703041315078735,-0.16310325264930725,0.5930925607681274,0.396336168050766,-0.16320165991783142,0.6052961945533752,0.39522773027420044,-0.11722984164953232,0.5914791226387024,0.3929974436759949,-0.10956448316574097,0.6000258326530457,0.40863654017448425,-0.14866450428962708,0.5955298542976379,0.408038467168808,-0.14722757041454315,0.6174603700637817,0.4175335764884949,-0.06719953566789627,0.5797399878501892,0.41787824034690857,-0.05071040242910385,0.6363329291343689,0.4480428099632263,-0.03634628280997276,0.569195032119751,0.4508284628391266,-0.012310631573200226,0.6209322214126587,0.4665854871273041,-0.050339896231889725,0.5737646222114563,0.4671765863895416,-0.025969088077545166,0.617898166179657,0.47867313027381897,-0.058801598846912384,0.5763989686965942,0.47299644351005554,-0.03508720546960831,0.6153468489646912,0.4719661772251129,-0.06537507474422455,0.5787267088890076,0.46794816851615906,-0.04254778102040291,0.614984393119812,0.4658317565917969,-0.05216090753674507,0.5791873335838318,0.4661540985107422,-0.02917531505227089,0.611636757850647,0.48964813351631165,-0.004621247760951519,0.5922744274139404,0.4903700053691864,0.004578301217406988,0.6145888566970825,0.5496424436569214,-0.02117905393242836,0.5944917798042297,0.5438201427459717,-0.04004639759659767,0.616524875164032,0.5907920598983765,0.050698596984148026,0.5970904231071472,0.5857346057891846,0.08132825046777725,0.6160439848899841,0.6031430959701538,0.05494033172726631,0.5988214015960693,0.5906940698623657,0.09036338329315186,0.6170621514320374,0.6205582022666931,-0.005809830967336893,0.5950855016708374,0.6028635501861572,0.04342515021562576
frame_00030.jpg,0.5989174246788025,0.4064271152019501,-0.16752764582633972,0.6012589335441589,0.3988570272922516,-0.16143003106117249,0.6027262806892395,0.39851900935173035,-0.16155263781547546,0.6041520833969116,0.3982936441898346,-0.16153326630592346,0.5970433950424194,0.3988165855407715,-0.16024954617023468,0.595629096031189,0.39848610758781433,-0.1603797823190689,0.5942785143852234,0.39820510149002075,-0.16046985983848572,0.6058048009872437,0.39813634753227234,-0.11255049705505371,0.592540979385376,0.39737844467163086,-0.10695042461156845,0.601198673248291,0.4104488492012024,-0.1468185931444168,0.5970726013183594,0.40994545817375183,-0.14600060880184174,0.6181079149246216,0.42121976613998413,-0.06553216278553009,0.580328106880188,0.42252132296562195,-0.05009469389915466,0.6361974477767944,0.44949108362197876,-0.03696984797716141,0.5707124471664429,0.45205074548721313,-0.009561523795127869,0.6203728318214417,0.4673253893852234,-0.05510557442903519,0.5763622522354126,0.47057437896728516,-0.017084524035453796,0.6159500479698181,0.4777306020259857,-0.06436757743358612,0.5786994099617004,0.47646111249923706,-0.0252262894064188,0.614678680896759,0.47145941853523254,-0.07105100154876709,0.5801383852958679,0.4733274281024933,-0.03342787176370621,0.6157771348953247,0.46664783358573914,-0.057082436978816986,0.5802520513534546,0.47085872292518616,-0.02046920545399189,0.6126248836517334,0.49130719900131226,-0.004963699262589216,0.5918813943862915,0.49227383732795715,0.004908581264317036,0.6131651997566223,0.5489195585250854,-0.02965724840760231,0.593795657157898,0.5414736270904541,-0.03373634070158005,0.6155105829238892,0.5998260974884033,0.02243913523852825,0.5958330631256104,0.5798937082290649,0.08063901960849762,0.6150678396224976,0.610424280166626,0.02453305758535862,0.5984077453613281,0.5841463804244995,0.08964483439922333,0.6164693236351013,0.623620867729187,-0.04098124802112579,0.5913621187210083,0.59587562084198,0.04545329511165619
frame_00031.jpg,0.5993778705596924,0.4089447557926178,-0.15447965264320374,0.6016433238983154,0.4013782739639282,-0.14846475422382355,0.603093147277832,0.40112683176994324,-0.14857837557792664,0.6044862270355225,0.40097224712371826,-0.14857329428195953,0.5975002646446228,0.4013218879699707,-0.1485222727060318,0.5961114764213562,0.4011145532131195,-0.14864352345466614,0.5947569608688354,0.4010138511657715,-0.14871975779533386,0.6061655879020691,0.40127047896385193,-0.10245774686336517,0.5928763151168823,0.4010848104953766,-0.10185390710830688,0.6016775369644165,0.41316133737564087,-0.13502207398414612,0.5977274179458618,0.4131990969181061,-0.1356566697359085,0.6176945567131042,0.426280677318573,-0.05992737412452698,0.5805362462997437,0.42808103561401367,-0.05941556766629219,0.6347008943557739,0.45141732692718506,-0.05219701677560806,0.5707123875617981,0.4612216651439667,-0.06086977198719978,0.6216251254081726,0.4671730399131775,-0.09996328502893448,0.5809389352798462,0.475534588098526,-0.1095518246293068,0.6178698539733887,0.47566142678260803,-0.11428539454936981,0.5840268731117249,0.480854332447052,-0.12567752599716187,0.615681529045105,0.4695923924446106,-0.12032648175954819,0.5862430334091187,0.47632256150245667,-0.13150998950004578,0.6166427731513977,0.4660189747810364,-0.10283003002405167,0.5855552554130554,0.47360917925834656,-0.11307372152805328,0.6126090884208679,0.4933772385120392,-0.002495886292308569,0.5918914079666138,0.4961089491844177,0.0023922710679471493,0.618474543094635,0.548263669013977,-0.06306080520153046,0.5982357263565063,0.5459319353103638,-0.03268571197986603,0.6206496357917786,0.5998647212982178,-0.014275002293288708,0.5996949076652527,0.5925260186195374,0.04175189882516861,0.6189766526222229,0.6100127100944519,-0.01263168640434742,0.6019249558448792,0.5998145937919617,0.04575963690876961,0.6245074272155762,0.6228084564208984,-0.07434560358524323,0.5964769124984741,0.6086839437484741,-0.016216736286878586
frame_00032.jpg,0.5998691320419312,0.41492706537246704,-0.1525183469057083,0.6023392677307129,0.4080985188484192,-0.14689667522907257,0.6038219928741455,0.4078834652900696,-0.14700990915298462,0.6052661538124084,0.4077683389186859,-0.14700010418891907,0.5981560349464417,0.40773284435272217,-0.14653918147087097,0.5967323780059814,0.4074006974697113,-0.1466553658246994,0.595321774482727,0.40724489092826843,-0.14673471450805664,0.6072584390640259,0.40788793563842773,-0.10146483033895493,0.5932522416114807,0.4074447453022003,-0.0994267612695694,0.6022188067436218,0.4191512167453766,-0.1331736445426941,0.5981025695800781,0.4191552996635437,-0.13332107663154602,0.619154155254364,0.43425944447517395,-0.05979742482304573,0.580790638923645,0.4342896640300751,-0.05661653354763985,0.6357365846633911,0.45943620800971985,-0.05690806359052658,0.5704647302627563,0.46977007389068604,-0.05734052509069443,0.6216696500778198,0.4719136655330658,-0.1082535982131958,0.5813006162643433,0.4801694452762604,-0.10983097553253174,0.6170791387557983,0.4776912331581116,-0.12366604804992676,0.5845728516578674,0.4847051203250885,-0.12668001651763916,0.6150068044662476,0.47112295031547546,-0.1286974549293518,0.586696982383728,0.47919484972953796,-0.1320609450340271,0.6161857843399048,0.46863657236099243,-0.11073701083660126,0.5859371423721313,0.47676464915275574,-0.1133369654417038,0.6132298707962036,0.5006740093231201,-0.0022437642328441143,0.5920198559761047,0.503484845161438,0.0021324160043150187,0.6186522841453552,0.5548519492149353,-0.05075334385037422,0.5965936183929443,0.5560814142227173,-0.032297372817993164,0.6178230047225952,0.616031289100647,0.00664080074056983,0.5983780026435852,0.5962881445884705,0.0615873709321022,0.6170292496681213,0.6201642751693726,0.009067379869520664,0.6003785729408264,0.6019039154052734,0.06843911111354828,0.6194972991943359,0.6330326795578003,-0.05073177069425583,0.5962256193161011,0.6131552457809448,0.014565731398761272
frame_00033.jpg,0.6001802086830139,0.4261053204536438,-0.18970216810703278,0.602927565574646,0.41897979378700256,-0.184814915060997,0.6044358015060425,0.41860607266426086,-0.18494443595409393,0.6058096289634705,0.41831114888191223,-0.18493041396141052,0.5982667207717896,0.41915130615234375,-0.18507981300354004,0.5966354608535767,0.4189172685146332,-0.1852056086063385,0.5950781106948853,0.41870203614234924,-0.1852918565273285,0.6072309613227844,0.4180831015110016,-0.13641096651554108,0.5927272439002991,0.4188603460788727,-0.13695527613162994,0.602267861366272,0.430227130651474,-0.1686173975467682,0.597820520401001,0.43004608154296875,-0.16953036189079285,0.618829607963562,0.4418123662471771,-0.08190823346376419,0.5809019207954407,0.4436846375465393,-0.0817645862698555,0.6336314082145691,0.4658602178096771,-0.05821867659687996,0.5711864233016968,0.47708961367607117,-0.059241097420454025,0.6213454008102417,0.4816575348377228,-0.09064905345439911,0.5799248814582825,0.48919031023979187,-0.08942679315805435,0.6169931292533875,0.48787039518356323,-0.10202907025814056,0.582348108291626,0.49341756105422974,-0.10206626355648041,0.6143599152565002,0.48452228307724,-0.10931666940450668,0.5838719010353088,0.48887136578559875,-0.10944639146327972,0.6164653897285461,0.48101627826690674,-0.09335123002529144,0.5834413766860962,0.48641952872276306,-0.09306235611438751,0.6127241849899292,0.5058996081352234,-0.00024882887373678386,0.5918524861335754,0.5081381797790527,0.00017361980280838907,0.6205078363418579,0.561347246170044,-0.032181017100811005,0.5971549153327942,0.5550020933151245,-0.030696561560034752,0.6233364343643188,0.6162663102149963,0.022934075444936752,0.5930041074752808,0.5892980098724365,0.07317451387643814,0.6218308806419373,0.623858630657196,0.024682946503162384,0.5930378437042236,0.5930942296981812,0.08192267268896103,0.6258065700531006,0.6347032189369202,-0.03958967328071594,0.5895463228225708,0.5944874882698059,0.03494959697127342
frame_00034.jpg,0.5999905467033386,0.42833060026168823,-0.2016959935426712,0.6021815538406372,0.4206398129463196,-0.1941772848367691,0.6037774682044983,0.42051175236701965,-0.19431045651435852,0.6051281690597534,0.4205189347267151,-0.1942896693944931,0.5973286032676697,0.4211093783378601,-0.19516220688819885,0.5957250595092773,0.4213712513446808,-0.19528014957904816,0.5942478775978088,0.42171937227249146,-0.1953568160533905,0.6061843633651733,0.422151118516922,-0.13844206929206848,0.5925877690315247,0.4242354929447174,-0.14211203157901764,0.6021077036857605,0.4340321719646454,-0.1784624606370926,0.5976487398147583,0.43420323729515076,-0.18029113113880157,0.6170163154602051,0.44984716176986694,-0.08330310136079788,0.5794752240180969,0.4538826048374176,-0.08569446206092834,0.6300137042999268,0.4750610589981079,-0.06218639016151428,0.5707908868789673,0.4866008162498474,-0.055381208658218384,0.6229936480522156,0.4969293177127838,-0.09615416079759598,0.5759046673774719,0.5008142590522766,-0.07963377982378006,0.621169924736023,0.5028756856918335,-0.10735300928354263,0.5776758790016174,0.5044671893119812,-0.08757854253053665,0.6193764209747314,0.4979931712150574,-0.11574206501245499,0.5792258977890015,0.5004982948303223,-0.10020210593938828,0.6194459199905396,0.49560680985450745,-0.09953446686267853,0.5792542695999146,0.4981493651866913,-0.08417795598506927,0.6119952201843262,0.5158745050430298,0.0004623577988240868,0.5916234254837036,0.5166465640068054,-0.0005178848514333367,0.6198877096176147,0.5706422924995422,-0.0241843368858099,0.591673731803894,0.5577866435050964,-0.0214228592813015,0.6258273720741272,0.6251663565635681,0.03837968036532402,0.5885573625564575,0.5803958773612976,0.09002755582332611,0.624237060546875,0.6328461766242981,0.04126882925629616,0.5899022817611694,0.5860174298286438,0.09934177994728088,0.6291948556900024,0.6444826722145081,-0.02242244966328144,0.58604496717453,0.5945514440536499,0.053851835429668427
frame_00035.jpg,0.5995430946350098,0.4365040063858032,-0.2266828715801239,0.6015039086341858,0.4290514588356018,-0.21884560585021973,0.6025571823120117,0.4289325177669525,-0.21896687150001526,0.6036081910133362,0.42898765206336975,-0.21894221007823944,0.5960291624069214,0.42951643466949463,-0.21977528929710388,0.5937771797180176,0.42983007431030273,-0.21989460289478302,0.5917746424674988,0.4301970601081848,-0.21997115015983582,0.6048061847686768,0.43065017461776733,-0.16156455874443054,0.5902096033096313,0.4322405755519867,-0.16532185673713684,0.6009909510612488,0.4415947198867798,-0.20329344272613525,0.5967587828636169,0.44211187958717346,-0.2050725519657135,0.6158123016357422,0.45803385972976685,-0.10320927202701569,0.5781185626983643,0.4633009135723114,-0.11357410252094269,0.629697322845459,0.48434555530548096,-0.09836304187774658,0.5670154094696045,0.5003591179847717,-0.10514223575592041,0.6203999519348145,0.5017815232276917,-0.16165617108345032,0.5742281675338745,0.5124346613883972,-0.15377216041088104,0.6183339953422546,0.5122329592704773,-0.17873252928256989,0.5764359831809998,0.5161285400390625,-0.1727290004491806,0.6167234778404236,0.506523072719574,-0.18747976422309875,0.5784622430801392,0.5120899081230164,-0.18048033118247986,0.617043137550354,0.5042361617088318,-0.16589370369911194,0.5781676173210144,0.5113165378570557,-0.1580587476491928,0.6114431619644165,0.520861804485321,0.003955099731683731,0.5908591151237488,0.5223762392997742,-0.003999403212219477,0.619977593421936,0.5750547051429749,-0.039896100759506226,0.5917540788650513,0.557242751121521,-0.08908083289861679,0.6273002028465271,0.6302662491798401,0.03281170502305031,0.5879803895950317,0.5818650722503662,0.048858463764190674,0.6253812909126282,0.6368486881256104,0.03486692160367966,0.5885054469108582,0.5852105617523193,0.06511133164167404,0.6337462067604065,0.6484740376472473,-0.02702910080552101,0.585919976234436,0.5977972745895386,0.030822431668639183
frame_00036.jpg,0.5991243124008179,0.4475668966770172,-0.17913106083869934,0.6011823415756226,0.4410959482192993,-0.17355386912822723,0.6022279262542725,0.4410100281238556,-0.17367123067378998,0.6033070087432861,0.440970242023468,-0.17365607619285583,0.5953287482261658,0.44111427664756775,-0.1742006093263626,0.5929179191589355,0.44112423062324524,-0.17432045936584473,0.5906684398651123,0.4411545693874359,-0.17439542710781097,0.6042163372039795,0.44214048981666565,-0.15152567625045776,0.5876935720443726,0.4430263936519623,-0.13062164187431335,0.6005469560623169,0.4522494673728943,-0.159859761595726,0.5958022475242615,0.45289134979248047,-0.16079767048358917,0.6150023937225342,0.4642912447452545,-0.0662795752286911,0.5751923322677612,0.47230038046836853,-0.09124619513750076,0.6287204027175903,0.4871893525123596,-0.03977382183074951,0.5640801191329956,0.5077365636825562,-0.07117728888988495,0.6216740012168884,0.5079996585845947,-0.09436526149511337,0.5746614336967468,0.5195372700691223,-0.11539973318576813,0.6199651956558228,0.5160239934921265,-0.1136985570192337,0.5777462720870972,0.5262070894241333,-0.1320943534374237,0.6170827150344849,0.5124061703681946,-0.13536931574344635,0.5786798596382141,0.5196548104286194,-0.13927282392978668,0.6175048351287842,0.5091049075126648,-0.10183928906917572,0.5790170431137085,0.5179175734519958,-0.11936136335134506,0.6112497448921204,0.5338719487190247,0.004415391944348812,0.5907629132270813,0.5365810990333557,-0.0044709062203764915,0.6186827421188354,0.5891495943069458,-0.016129542142152786,0.5931225419044495,0.5937747955322266,-0.03634996339678764,0.6258508563041687,0.6427966356277466,0.04738994687795639,0.5919395089149475,0.6409896612167358,0.04517747089266777,0.6233956813812256,0.6466333866119385,0.05026160925626755,0.5928634405136108,0.6472063064575195,0.05146510526537895,0.6333603262901306,0.6552650332450867,-0.007485435344278812,0.5930873155593872,0.658889889717102,-0.0034663628321141005
frame_00037.jpg,0.5944585800170898,0.45398980379104614,-0.11688226461410522,0.5946378707885742,0.4487124979496002,-0.11261598765850067,0.5949907302856445,0.44868847727775574,-0.11273346096277237,0.5954517722129822,0.4487939178943634,-0.11273641884326935,0.5925896763801575,0.44851991534233093,-0.11409451067447662,0.5915936231613159,0.44841620326042175,-0.1142047867178917,0.5901191234588623,0.4483429789543152,-0.11427152156829834,0.5962201952934265,0.45079514384269714,-0.07770702242851257,0.5878273248672485,0.4508432447910309,-0.08312828838825226,0.5954111218452454,0.45923498272895813,-0.10098149627447128,0.5940886735916138,0.45947885513305664,-0.10364508628845215,0.613968551158905,0.47218382358551025,-0.03821470960974693,0.5737337470054626,0.48119065165519714,-0.054565005004405975,0.6276057958602905,0.4954666197299957,-0.020978588610887527,0.5691817998886108,0.5131681561470032,-0.06658938527107239,0.6199096441268921,0.520099401473999,-0.05962799862027168,0.5835386514663696,0.5227938294410706,-0.12829503417015076,0.6176861524581909,0.5259338617324829,-0.07100306451320648,0.5874101519584656,0.5269089341163635,-0.14661942422389984,0.6157021522521973,0.5210535526275635,-0.08189670741558075,0.5884638428688049,0.5211384296417236,-0.15115860104560852,0.6160175204277039,0.5186973214149475,-0.06409141421318054,0.5875104069709778,0.5190852284431458,-0.13174614310264587,0.6073923110961914,0.5438054203987122,0.004838286899030209,0.5901889204978943,0.5454166531562805,-0.004897693172097206,0.6143606305122375,0.5966036319732666,-0.01084527000784874,0.6001279950141907,0.5992234349250793,-0.03368759900331497,0.6147894859313965,0.6494935750961304,0.04506363719701767,0.6040950417518616,0.6496535539627075,0.003549588145688176,0.6140581369400024,0.6568233966827393,0.04327677935361862,0.6056948900222778,0.6576334834098816,0.004511332139372826,0.6148362755775452,0.6650570631027222,-0.008520940318703651,0.6046152114868164,0.6629803776741028,-0.050732821226119995
frame_00038.jpg,0.5922572016716003,0.4619232714176178,-0.15817499160766602,0.5931962132453918,0.455293208360672,-0.15049342811107635,0.5942171812057495,0.4551616311073303,-0.15061089396476746,0.5951707363128662,0.455173522233963,-0.1505938470363617,0.589428186416626,0.45528513193130493,-0.15221616625785828,0.5879592895507812,0.4551730751991272,-0.15232530236244202,0.5863470435142517,0.45521464943885803,-0.15238164365291595,0.5961840748786926,0.4565304219722748,-0.08867320418357849,0.5838825106620789,0.4568467438220978,-0.10168734937906265,0.594186007976532,0.4661298394203186,-0.13561539351940155,0.5903505682945251,0.46711745858192444,-0.1385568380355835,0.6110547184944153,0.4784899950027466,-0.04745979607105255,0.5713191032409668,0.4877896010875702,-0.06072043627500534,0.6270048022270203,0.5024425387382507,-0.050231821835041046,0.5614285469055176,0.5238645672798157,-0.07921533286571503,0.6189088225364685,0.5273319482803345,-0.11189184337854385,0.5725263953208923,0.5348312854766846,-0.1503051519393921,0.6167767643928528,0.5341296792030334,-0.12801167368888855,0.577328085899353,0.5394882559776306,-0.1712142825126648,0.6155458688735962,0.5286182761192322,-0.1359870284795761,0.5797334909439087,0.5334298610687256,-0.176951065659523,0.6157293915748596,0.5262047648429871,-0.11586709320545197,0.5776510238647461,0.5319879055023193,-0.15443210303783417,0.6070814728736877,0.5473039746284485,0.004627141170203686,0.5865254402160645,0.550247848033905,-0.0046802847646176815,0.6147588491439819,0.5996962189674377,-0.020079288631677628,0.5902671217918396,0.6052960157394409,-0.037031617015600204,0.6217068433761597,0.6547045111656189,0.02797587774693966,0.5963375568389893,0.6561667919158936,0.019421322271227837,0.619691014289856,0.6623146533966064,0.028288710862398148,0.6000831723213196,0.6632214188575745,0.022805962711572647,0.6294304132461548,0.6748415231704712,-0.031093847006559372,0.5953564047813416,0.6741693019866943,-0.033081673085689545
frame_00039.jpg,0.5881725549697876,0.4682227373123169,-0.17842981219291687,0.5896369218826294,0.45970839262008667,-0.1703462302684784,0.591399610042572,0.45955702662467957,-0.1704549789428711,0.5928716063499451,0.4595707654953003,-0.1704350858926773,0.5844706296920776,0.4598597586154938,-0.17106255888938904,0.5825170278549194,0.45988160371780396,-0.17117354273796082,0.5804951786994934,0.46010124683380127,-0.1712251454591751,0.5942851901054382,0.46098998188972473,-0.10726802051067352,0.5780750513076782,0.462074339389801,-0.11202291399240494,0.5912851691246033,0.4722749590873718,-0.15360361337661743,0.5854395627975464,0.4736989438533783,-0.15525081753730774,0.6063448786735535,0.48405539989471436,-0.05225545912981033,0.5675122141838074,0.49345260858535767,-0.06202106550335884,0.6250672340393066,0.5070936679840088,-0.06487506628036499,0.5568265318870544,0.5309947729110718,-0.07718107104301453,0.6192126274108887,0.5256513357162476,-0.1389876902103424,0.5629996061325073,0.5426617860794067,-0.15934373438358307,0.6175354719161987,0.5311133861541748,-0.15894904732704163,0.5664182901382446,0.5456303954124451,-0.18281349539756775,0.6150835156440735,0.5260047316551208,-0.16692425310611725,0.5688551664352417,0.5398565530776978,-0.19059261679649353,0.6153085827827454,0.5242151021957397,-0.14356687664985657,0.5690087080001831,0.5379596948623657,-0.16467520594596863,0.6047309041023254,0.5561365485191345,0.0035482675302773714,0.5831663608551025,0.5614833235740662,-0.0036012474447488785,0.6144647598266602,0.6108415722846985,-0.014118117280304432,0.5892269611358643,0.6206488013267517,-0.022955240681767464,0.6213434934616089,0.6604469418525696,0.0655071958899498,0.5960613489151001,0.674857497215271,0.037886928766965866,0.6201919913291931,0.6665177941322327,0.07004944980144501,0.5991029143333435,0.6824901103973389,0.03968624770641327,0.6276842355728149,0.6805709600448608,0.011380193755030632,0.5950297117233276,0.6936092376708984,-0.0175444595515728
frame_00040.jpg,0.5836856961250305,0.4705406129360199,-0.1817532181739807,0.5855437517166138,0.46323060989379883,-0.1737670749425888,0.5875388383865356,0.46314141154289246,-0.17387858033180237,0.5891767144203186,0.4631726145744324,-0.17386183142662048,0.5801881551742554,0.4636348783969879,-0.17447414994239807,0.5782836675643921,0.46380457282066345,-0.17459358274936676,0.5763919353485107,0.4640618562698364,-0.17465338110923767,0.591160237789154,0.46458739042282104,-0.1132001131772995,0.5747087597846985,0.46631401777267456,-0.11667247861623764,0.5877218842506409,0.47588127851486206,-0.15720883011817932,0.5812963247299194,0.4768229126930237,-0.1589120328426361,0.6029492616653442,0.4895824193954468,-0.061219584196805954,0.5641359090805054,0.498607337474823,-0.06519705057144165,0.6217168569564819,0.5128591656684875,-0.08232732117176056,0.5521191358566284,0.5385056734085083,-0.08427514135837555,0.6117265820503235,0.530387818813324,-0.1685667634010315,0.5614420175552368,0.5494678020477295,-0.16722825169563293,0.6081339120864868,0.5358754396438599,-0.19093088805675507,0.5655285120010376,0.5540180206298828,-0.19133642315864563,0.6047354936599731,0.5297309160232544,-0.19730748236179352,0.5680910348892212,0.5473726987838745,-0.19769924879074097,0.6056833863258362,0.5279920101165771,-0.17274773120880127,0.5678583979606628,0.545250654220581,-0.1719352751970291,0.6019208431243896,0.5655743479728699,0.0033912998624145985,0.5809197425842285,0.5729096531867981,-0.0034461752511560917,0.6125748157501221,0.6207587718963623,-0.005457799416035414,0.5862029790878296,0.6330031752586365,-0.026009773835539818,0.6203221678733826,0.6686964631080627,0.0829770639538765,0.5958613157272339,0.6937706470489502,0.006477827671915293,0.6196781396865845,0.6742060780525208,0.08833993971347809,0.5984061360359192,0.7020062208175659,0.006347904447466135,0.6259064078330994,0.6888925433158875,0.032126158475875854,0.5961874127388,0.7096337080001831,-0.06482217460870743
frame_00041.jpg,0.5792436003684998,0.4738171696662903,-0.17664973437786102,0.5813329815864563,0.4668048024177551,-0.1688714325428009,0.5834448933601379,0.4667602777481079,-0.16897617280483246,0.5852313041687012,0.4668094217777252,-0.16894754767417908,0.5759573578834534,0.46693646907806396,-0.1686081737279892,0.5741800665855408,0.46710485219955444,-0.16873343288898468,0.5724303126335144,0.4673749506473541,-0.16879278421401978,0.5876889228820801,0.4681912362575531,-0.11294318735599518,0.5709089040756226,0.4696374535560608,-0.10811791568994522,0.5833463668823242,0.4795439541339874,-0.1522250771522522,0.5769930481910706,0.4800788462162018,-0.15283022820949554,0.6001072525978088,0.49406898021698,-0.059532530605793,0.5609889626502991,0.5021360516548157,-0.054490845650434494,0.6196394562721252,0.5194028615951538,-0.08848051726818085,0.5501812696456909,0.5403903126716614,-0.07514140754938126,0.6101393699645996,0.5243752598762512,-0.18836478888988495,0.5527020692825317,0.5535770654678345,-0.14968296885490417,0.6066324710845947,0.5273094773292542,-0.2132340967655182,0.5526720285415649,0.5590953826904297,-0.172825887799263,0.6034000515937805,0.5211299657821655,-0.21900713443756104,0.5556119680404663,0.5543901324272156,-0.18194185197353363,0.6041442155838013,0.5201770067214966,-0.1927739530801773,0.5562475919723511,0.5523893237113953,-0.15563252568244934,0.5976231098175049,0.5741017460823059,0.0019790497608482838,0.576744556427002,0.5791884660720825,-0.0020529665052890778,0.6094946265220642,0.6345574855804443,-0.006101732142269611,0.5838950276374817,0.6400070786476135,-0.023142287507653236,0.6190046072006226,0.693368673324585,0.04645185545086861,0.5908752679824829,0.6973913908004761,0.02037474513053894,0.617169976234436,0.7011144757270813,0.04709336906671524,0.5919488668441772,0.7061692476272583,0.02510729990899563,0.6254885196685791,0.7127178907394409,-0.027256211265921593,0.5926341414451599,0.7162253260612488,-0.03775876760482788
frame_00042.jpg,0.5766600370407104,0.4792448580265045,-0.21414947509765625,0.5785454511642456,0.47257328033447266,-0.2074466049671173,0.5803886651992798,0.4724544882774353,-0.20757582783699036,0.58202064037323,0.47244778275489807,-0.20755767822265625,0.5737701654434204,0.47279855608940125,-0.20697608590126038,0.5721300840377808,0.4728793203830719,-0.20712649822235107,0.5704749226570129,0.4730377793312073,-0.20720937848091125,0.5839973092079163,0.47349491715431213,-0.14670363068580627,0.5686229467391968,0.47499412298202515,-0.1440703272819519,0.5801485776901245,0.4843769073486328,-0.18831366300582886,0.5747871398925781,0.484954297542572,-0.18846513330936432,0.5957237482070923,0.49732261896133423,-0.08043117076158524,0.5586979985237122,0.5052733421325684,-0.0750458687543869,0.6127234697341919,0.5201905369758606,-0.05115867778658867,0.5495297908782959,0.5387434363365173,-0.04815483093261719,0.6110045909881592,0.5375162959098816,-0.06979784369468689,0.5465916395187378,0.5570172667503357,-0.08135972917079926,0.6090914011001587,0.5419790744781494,-0.07868640124797821,0.5453130006790161,0.5605604648590088,-0.09381942451000214,0.6065100431442261,0.5380942225456238,-0.09033915400505066,0.547197699546814,0.5576788783073425,-0.10603664815425873,0.6053221225738525,0.5362438559532166,-0.07408200204372406,0.5497381091117859,0.5563441514968872,-0.087010458111763,0.5949400067329407,0.573643147945404,0.00013003127241972834,0.5743860006332397,0.5789912343025208,-0.0001987748546525836,0.6047416925430298,0.6343138217926025,-0.01366414688527584,0.577903151512146,0.637525200843811,-0.019359329715371132,0.6151477098464966,0.6923743486404419,0.036202140152454376,0.586452841758728,0.6986501812934875,0.04046320170164108,0.6134369969367981,0.7013086676597595,0.03710058704018593,0.5878648161888123,0.7049404978752136,0.04382855072617531,0.6221092939376831,0.7134407758712769,-0.03172614425420761,0.5885489583015442,0.7189453840255737,-0.025990009307861328
frame_00043.jpg,0.5737437009811401,0.48212993144989014,-0.1955399215221405,0.5755835175514221,0.4760444760322571,-0.1881554275751114,0.5774336457252502,0.4760063588619232,-0.18827667832374573,0.5789930820465088,0.4760299324989319,-0.18825958669185638,0.5706123113632202,0.4760971963405609,-0.18817225098609924,0.5690028071403503,0.47613462805747986,-0.188311368227005,0.5673579573631287,0.47623342275619507,-0.1883823573589325,0.5807838439941406,0.47719722986221313,-0.12903212010860443,0.5654944777488708,0.47813597321510315,-0.12895001471042633,0.5772423148155212,0.4875982105731964,-0.17053472995758057,0.5713712573051453,0.48780936002731323,-0.17126746475696564,0.5919333696365356,0.5005031228065491,-0.07367219030857086,0.5556929707527161,0.5094029903411865,-0.0741974264383316,0.6097357273101807,0.5250037908554077,-0.0435744933784008,0.5467016696929932,0.5441246032714844,-0.05836524814367294,0.6031559109687805,0.5504492521286011,-0.08021773397922516,0.545381486415863,0.5628718137741089,-0.12834420800209045,0.6011194586753845,0.558111846446991,-0.09296467900276184,0.5455203056335449,0.5679416656494141,-0.1471276730298996,0.5982464551925659,0.5537410378456116,-0.10307474434375763,0.5464568138122559,0.5641412138938904,-0.15870967507362366,0.5983089208602905,0.5507043600082397,-0.08430894464254379,0.5475400686264038,0.5628361105918884,-0.13478821516036987,0.591795802116394,0.5761568546295166,-0.00048489082837477326,0.572212278842926,0.5814692378044128,0.0003938919981010258,0.6004565358161926,0.6397884488105774,-0.031541645526885986,0.5762367844581604,0.640130341053009,-0.01867963746190071,0.6097729206085205,0.6959382891654968,0.01228440273553133,0.5818510055541992,0.6997194290161133,0.04872630909085274,0.6099855899810791,0.7033607363700867,0.012731030583381653,0.5835021734237671,0.7061962485313416,0.05262419581413269,0.6160205602645874,0.7204124331474304,-0.05468063801527023,0.5831936001777649,0.7217265963554382,-0.009775795973837376
frame_00044.jpg,0.5693339705467224,0.48420435190200806,-0.1957634538412094,0.5708939433097839,0.4778285026550293,-0.18940234184265137,0.5725146532058716,0.47749751806259155,-0.189524307847023,0.5739981532096863,0.47727957367897034,-0.18950854241847992,0.5661704540252686,0.4787067174911499,-0.18903186917304993,0.5645720958709717,0.47894707322120667,-0.18917620182037354,0.5629615783691406,0.47916364669799805,-0.18924890458583832,0.5760518312454224,0.47825783491134644,-0.13261812925338745,0.5619944334030151,0.4807981550693512,-0.1302511990070343,0.5728379487991333,0.488606333732605,-0.1717115342617035,0.5678054094314575,0.48976942896842957,-0.17183563113212585,0.5888042449951172,0.5022394061088562,-0.07620661705732346,0.5535080432891846,0.5099535584449768,-0.0720357671380043,0.60640949010849,0.5280382037162781,-0.0562313087284565,0.5441818237304688,0.545613706111908,-0.05917314440011978,0.5976795554161072,0.5483948588371277,-0.10782770067453384,0.5446954369544983,0.5639448761940002,-0.1265231966972351,0.593109130859375,0.5582783818244934,-0.12392214685678482,0.5442935228347778,0.5695405602455139,-0.14471209049224854,0.5905148386955261,0.5537087321281433,-0.13399341702461243,0.545055627822876,0.5660630464553833,-0.15642042458057404,0.5911409854888916,0.5494713187217712,-0.11218033730983734,0.5466127991676331,0.5658993124961853,-0.13285937905311584,0.5873891115188599,0.5738093852996826,-0.0011273481650277972,0.5684996247291565,0.5790213942527771,0.0010305518517270684,0.5939207077026367,0.6353431940078735,-0.03127337247133255,0.5709542036056519,0.6395626664161682,-0.018929284065961838,0.6064223647117615,0.6988897919654846,-0.0076746405102312565,0.5786889791488647,0.6993460059165955,0.037412650883197784,0.6053041219711304,0.7062404155731201,-0.009661422111093998,0.5815491080284119,0.7078775763511658,0.03921474143862724,0.6130416393280029,0.7212197780609131,-0.07921625673770905,0.5782705545425415,0.7175852656364441,-0.0229787640273571
frame_00045.jpg,0.5670076012611389,0.4907730519771576,-0.21690702438354492,0.5684767961502075,0.4841441214084625,-0.2108764946460724,0.569964587688446,0.48363304138183594,-0.21099476516246796,0.5713867545127869,0.48325005173683167,-0.21098192036151886,0.5639753341674805,0.48482102155685425,-0.2106795608997345,0.5622972846031189,0.48475125432014465,-0.21081984043121338,0.5606099963188171,0.4847654700279236,-0.2108791619539261,0.5736026763916016,0.48319289088249207,-0.1520085483789444,0.558953583240509,0.4853081703186035,-0.15008708834648132,0.5699440240859985,0.49421972036361694,-0.191737100481987,0.5652831792831421,0.4951215088367462,-0.1920134574174881,0.5862745046615601,0.5058209896087646,-0.0930936187505722,0.5498618483543396,0.5118067264556885,-0.08752147108316422,0.6027442812919617,0.5308166146278381,-0.10353070497512817,0.5420896410942078,0.5468176603317261,-0.08714590221643448,0.591877281665802,0.543168842792511,-0.19173918664455414,0.5400381088256836,0.5647742748260498,-0.16575048863887787,0.5889939069747925,0.5537923574447632,-0.2143861949443817,0.5396734476089478,0.5702996850013733,-0.18692760169506073,0.5849802494049072,0.5455433130264282,-0.22342002391815186,0.5401679277420044,0.5660432577133179,-0.19969238340854645,0.5868249535560608,0.5440884232521057,-0.19688041508197784,0.5415154695510864,0.5647528171539307,-0.1728694587945938,0.5836151838302612,0.5713874697685242,-0.0010585037525743246,0.5630831718444824,0.577250063419342,0.0009619005140848458,0.5876225829124451,0.6282378435134888,-0.07423155009746552,0.5717293620109558,0.6369308829307556,-0.038683779537677765,0.601761519908905,0.6932006478309631,-0.032936207950115204,0.5781338810920715,0.698533833026886,0.01637989468872547,0.6013375520706177,0.6998674869537354,-0.032657988369464874,0.5799896121025085,0.7065015435218811,0.018664922565221786,0.609922468662262,0.7165043354034424,-0.09928164631128311,0.5804615616798401,0.7189677357673645,-0.04539421200752258
frame_00046.jpg,0.5628610253334045,0.4885914921760559,-0.23620477318763733,0.5646440386772156,0.4809146225452423,-0.22913023829460144,0.566710889339447,0.48077207803726196,-0.2292475402355194,0.5684450268745422,0.4807202219963074,-0.22922925651073456,0.5593816041946411,0.4812094271183014,-0.22867560386657715,0.5576560497283936,0.481234073638916,-0.2288103997707367,0.5559479594230652,0.4812963902950287,-0.22886721789836884,0.5703154802322388,0.481933057308197,-0.1686510443687439,0.5543619394302368,0.4829598367214203,-0.16579322516918182,0.5659623146057129,0.4933864176273346,-0.21108612418174744,0.5604808926582336,0.49416378140449524,-0.21107184886932373,0.5831522345542908,0.5063570737838745,-0.11196498572826385,0.5455631017684937,0.5145082473754883,-0.1053440198302269,0.596115231513977,0.5322831273078918,-0.14490173757076263,0.5383054614067078,0.5484066605567932,-0.11569416522979736,0.5882626175880432,0.5399535894393921,-0.25416648387908936,0.5325445532798767,0.5653542280197144,-0.20325951278209686,0.5859887003898621,0.546278178691864,-0.2814004123210907,0.532123863697052,0.5701597929000854,-0.22797346115112305,0.5836473703384399,0.5399350523948669,-0.2896207273006439,0.532338559627533,0.5657017230987549,-0.23989343643188477,0.5840898752212524,0.5375257730484009,-0.2598107159137726,0.5341419577598572,0.563990592956543,-0.2105487585067749,0.5801750421524048,0.5706120133399963,-0.0010449760593473911,0.5601369738578796,0.5764023065567017,0.0009448633645661175,0.5875197052955627,0.6246094107627869,-0.061502497643232346,0.5713037252426147,0.6354706883430481,-0.04566747322678566,0.5977064371109009,0.6859177350997925,-0.010729520581662655,0.57275390625,0.695855975151062,0.017418256029486656,0.5963841080665588,0.6922788619995117,0.0027107277419418097,0.5760301947593689,0.7045477628707886,0.02052288129925728,0.6029528379440308,0.7111347317695618,-0.0589086189866066,0.5756175518035889,0.7175624966621399,-0.04557792842388153
frame_00047.jpg,0.5600177049636841,0.48870980739593506,-0.22165755927562714,0.5618473291397095,0.48112282156944275,-0.2142459899187088,0.563740611076355,0.4810026288032532,-0.21436762809753418,0.5653448104858398,0.4809616506099701,-0.2143528014421463,0.5565362572669983,0.4813149571418762,-0.21441030502319336,0.5547874569892883,0.4813368618488312,-0.21453607082366943,0.5530907511711121,0.4813677668571472,-0.21459412574768066,0.5668998956680298,0.4820576012134552,-0.15391355752944946,0.5514064431190491,0.48279550671577454,-0.15391476452350616,0.5628612041473389,0.49356144666671753,-0.1966354250907898,0.5574437379837036,0.4940928518772125,-0.19746997952461243,0.5792138576507568,0.5059719681739807,-0.0990840345621109,0.542014479637146,0.5150644779205322,-0.09627573192119598,0.5933935642242432,0.5319771766662598,-0.11895730346441269,0.5353661179542542,0.549397885799408,-0.1118687242269516,0.5829002857208252,0.5386448502540588,-0.21371598541736603,0.531640887260437,0.5653510689735413,-0.20231541991233826,0.5802406072616577,0.5469948649406433,-0.2379172295331955,0.5301169753074646,0.569113552570343,-0.22691449522972107,0.5762037038803101,0.5374050140380859,-0.2459358423948288,0.5302287340164185,0.565580427646637,-0.2375849038362503,0.576968789100647,0.5360534191131592,-0.2187867909669876,0.5324245691299438,0.5640771389007568,-0.20913922786712646,0.5774078965187073,0.5707048773765564,-0.00040219048969447613,0.5578518509864807,0.5771695375442505,0.00030592878465540707,0.582537055015564,0.623866081237793,-0.06225912645459175,0.5667492747306824,0.6364216208457947,-0.043734896928071976,0.5919936895370483,0.682752251625061,0.01001795008778572,0.5663317441940308,0.6927316784858704,0.032686375081539154,0.5913635492324829,0.6891160607337952,0.019899385049939156,0.5673965811729431,0.6997446417808533,0.03855303302407265,0.5962642431259155,0.7071385979652405,-0.039185915142297745,0.567859411239624,0.7150074243545532,-0.02307593822479248
frame_00048.jpg,0.5536622405052185,0.4912670850753784,-0.08318900316953659,0.5560014843940735,0.48307254910469055,-0.07426552474498749,0.557817280292511,0.48305022716522217,-0.07435291260480881,0.5594695806503296,0.48315489292144775,-0.07434280216693878,0.551193356513977,0.48313218355178833,-0.07368156313896179,0.5497722625732422,0.4831448495388031,-0.07379575818777084,0.5484801530838013,0.483160138130188,-0.07384117692708969,0.5608027577400208,0.48527809977531433,-0.02353684976696968,0.5480930209159851,0.48504453897476196,-0.02034686878323555,0.5564863085746765,0.4962577819824219,-0.06290838122367859,0.5515286326408386,0.49668601155281067,-0.06280006468296051,0.5733674764633179,0.5057933330535889,0.008727400563657284,0.539264440536499,0.518210768699646,0.013315279968082905,0.5882077813148499,0.5311712622642517,0.017218749970197678,0.5328989028930664,0.5513597130775452,-0.0029027864802628756,0.5778475999832153,0.5502951145172119,-0.029168035835027695,0.5301743745803833,0.5657299757003784,-0.07834822684526443,0.5757014155387878,0.5576301217079163,-0.0417158380150795,0.5284775495529175,0.5690276622772217,-0.09575171768665314,0.5726461410522461,0.5526537299156189,-0.04836824908852577,0.5288314819335938,0.5645337700843811,-0.10343591868877411,0.5730230212211609,0.5500261187553406,-0.03227058798074722,0.5304999947547913,0.5627351999282837,-0.08356262743473053,0.5740285515785217,0.5724719762802124,-0.0006781107513234019,0.5569010972976685,0.5785823464393616,0.0005673310370184481,0.5813117623329163,0.629531741142273,-0.07829154282808304,0.561729371547699,0.6433393359184265,-0.04124631732702255,0.5868734121322632,0.6873424649238586,-0.03853555768728256,0.5682240128517151,0.7003466486930847,0.014000353403389454,0.5861650705337524,0.6942371129989624,-0.037074483931064606,0.5703506469726562,0.7081677913665771,0.016596097499132156,0.5894764065742493,0.7102925181388855,-0.08930432796478271,0.5682355165481567,0.7200654149055481,-0.03436993807554245
frame_00049.jpg,0.5503043532371521,0.4903984069824219,-0.13467203080654144,0.5530057549476624,0.4831490218639374,-0.126495823264122,0.5549436807632446,0.4833140969276428,-0.1266007125377655,0.5565236210823059,0.4835127592086792,-0.12658065557479858,0.5477597117424011,0.48288315534591675,-0.12551957368850708,0.5462958216667175,0.4828060269355774,-0.1256469190120697,0.5448105931282043,0.48274433612823486,-0.12570396065711975,0.5584134459495544,0.48563307523727417,-0.0712970644235611,0.544037938117981,0.48463550209999084,-0.06640034914016724,0.5535204410552979,0.49602827429771423,-0.11221100389957428,0.5480583906173706,0.4961688220500946,-0.11164391040802002,0.5696443915367126,0.5059717893600464,-0.030475622043013573,0.535770833492279,0.5179252028465271,-0.020331205800175667,0.5825068950653076,0.5318351984024048,-0.034803956747055054,0.5292867422103882,0.5534704327583313,-0.029757563024759293,0.5682364702224731,0.5526966452598572,-0.09909895062446594,0.527868390083313,0.5670633912086487,-0.10495835542678833,0.5647546052932739,0.5597250461578369,-0.11689697206020355,0.5265942811965942,0.5706450939178467,-0.12461793422698975,0.5620020627975464,0.5539631247520447,-0.12371329963207245,0.5270867347717285,0.5662197470664978,-0.13375601172447205,0.5629569888114929,0.551429808139801,-0.10275089740753174,0.5285104513168335,0.5643125176429749,-0.11078794300556183,0.5694442391395569,0.579243004322052,-0.001601333962753415,0.5513514280319214,0.5815935730934143,0.0014872989850118756,0.5734823942184448,0.6399109959602356,-0.049460798501968384,0.5506041049957275,0.6466764807701111,-0.02939620614051819,0.5784114003181458,0.6978708505630493,0.0017492163460701704,0.5518141388893127,0.7048464417457581,0.02412724308669567,0.5777348279953003,0.7054973244667053,0.003934389911592007,0.5544418096542358,0.7132669687271118,0.026913071051239967,0.5798873901367188,0.7197643518447876,-0.04950110241770744,0.5473872423171997,0.7242250442504883,-0.02380494214594364
frame_00050.jpg,0.5461457371711731,0.4881109893321991,-0.14837083220481873,0.5478513836860657,0.4809190332889557,-0.1416160762310028,0.5495531558990479,0.4808556139469147,-0.14173105359077454,0.5511146783828735,0.48084160685539246,-0.14171352982521057,0.543087899684906,0.48111552000045776,-0.13829626142978668,0.5415858626365662,0.4812031090259552,-0.13841480016708374,0.5401184558868408,0.48129498958587646,-0.1384669542312622,0.5526368021965027,0.48274075984954834,-0.09095858037471771,0.5395737886428833,0.48357874155044556,-0.07555870711803436,0.5493917465209961,0.49313104152679443,-0.12774430215358734,0.5442520380020142,0.493913859128952,-0.12412036955356598,0.5670775771141052,0.5055853724479675,-0.054754775017499924,0.5334400534629822,0.5172103643417358,-0.01893681101500988,0.5757459402084351,0.5382302403450012,-0.09064223617315292,0.5222967863082886,0.5544203519821167,-0.02944118343293667,0.558017909526825,0.5559598803520203,-0.16915655136108398,0.5219335556030273,0.5650451183319092,-0.11866132915019989,0.5533954501152039,0.5621971487998962,-0.19363875687122345,0.521248459815979,0.568860650062561,-0.1397564560174942,0.5506753325462341,0.5552791953086853,-0.1971437633037567,0.5225173234939575,0.5639283061027527,-0.1496744453907013,0.5520163178443909,0.5531260371208191,-0.17180410027503967,0.5237429141998291,0.56208735704422,-0.12522803246974945,0.5668964982032776,0.5809272527694702,-0.011947627179324627,0.5483765602111816,0.5832022428512573,0.011859606951475143,0.567684531211853,0.6431341171264648,-0.04324214905500412,0.5491682887077332,0.6456889510154724,-0.016787581145763397,0.5715250372886658,0.6972206234931946,0.026891160756349564,0.5496294498443604,0.7021018862724304,0.05028562620282173,0.5713662505149841,0.7041164636611938,0.03075336292386055,0.5524511337280273,0.7102146148681641,0.05467382073402405,0.5717012882232666,0.7173760533332825,-0.02414947748184204,0.5437436699867249,0.7219194173812866,0.002017162274569273
frame_00051.jpg,0.542743980884552,0.48617851734161377,-0.15291953086853027,0.5446646809577942,0.47902435064315796,-0.14635469019412994,0.5462120175361633,0.4789465665817261,-0.1464630514383316,0.5476571321487427,0.4789334237575531,-0.14644251763820648,0.540125846862793,0.4792065918445587,-0.1434784233570099,0.5386505722999573,0.47926437854766846,-0.1436120569705963,0.5372312068939209,0.47933825850486755,-0.14367596805095673,0.5499378442764282,0.48061755299568176,-0.09478286653757095,0.5366472601890564,0.4814068675041199,-0.08148737251758575,0.5455883741378784,0.4911435842514038,-0.13171622157096863,0.5405688881874084,0.49185869097709656,-0.12868303060531616,0.564591109752655,0.5056454539299011,-0.056500814855098724,0.5302876830101013,0.5141244530677795,-0.02691926620900631,0.5697433352470398,0.5385596752166748,-0.08008120208978653,0.5188751220703125,0.5503688454627991,-0.038336463272571564,0.5570456385612488,0.5525254011154175,-0.1392459273338318,0.5177648067474365,0.5630570650100708,-0.1232132762670517,0.5532761216163635,0.5573844909667969,-0.1607053577899933,0.5168952941894531,0.5658283233642578,-0.1414145529270172,0.552238941192627,0.5507389307022095,-0.166066974401474,0.518461287021637,0.5611990094184875,-0.14991624653339386,0.5531289577484131,0.5489076375961304,-0.14219185709953308,0.5197385549545288,0.5592271089553833,-0.1287475973367691,0.5633299946784973,0.5797871351242065,-0.009258441627025604,0.5444223880767822,0.5813699960708618,0.00917393621057272,0.5626643896102905,0.6442622542381287,-0.03391695022583008,0.5417833924293518,0.6439158320426941,-0.021742356941103935,0.5666322112083435,0.7001327276229858,0.0373208150267601,0.5410287380218506,0.70189368724823,0.04637247696518898,0.5664932727813721,0.7069214582443237,0.04095432907342911,0.5431483387947083,0.709959089756012,0.05081074312329292,0.5655910968780518,0.7223905920982361,-0.018960129469633102,0.5362270474433899,0.7220371961593628,-0.00658457214012742
frame_00052.jpg,0.5368515253067017,0.4852379262447357,-0.14264361560344696,0.5391353368759155,0.478091299533844,-0.13976898789405823,0.5405176877975464,0.4779755771160126,-0.13987678289413452,0.5417920351028442,0.477953165769577,-0.13985587656497955,0.5355919003486633,0.4783167839050293,-0.1326860934495926,0.5346019864082336,0.47833698987960815,-0.13281917572021484,0.5336743593215942,0.47837796807289124,-0.13288161158561707,0.5445412397384644,0.4796402156352997,-0.09871545433998108,0.5349265933036804,0.4803984463214874,-0.07021988183259964,0.539667010307312,0.49011901021003723,-0.12670695781707764,0.5360559225082397,0.49081894755363464,-0.11805884540081024,0.5614452362060547,0.5044768452644348,-0.08144749701023102,0.5299175977706909,0.5140596032142639,-0.00894133374094963,0.5654602646827698,0.5347887277603149,-0.11428351700305939,0.5211091637611389,0.5480204820632935,-0.0035559399984776974,0.5529463887214661,0.5500349402427673,-0.17487862706184387,0.5136170983314514,0.5597866177558899,-0.07799628376960754,0.5496851801872253,0.5534684062004089,-0.195492222905159,0.5106927752494812,0.5626707077026367,-0.0937000960111618,0.5491546988487244,0.5477921366691589,-0.19872640073299408,0.5108839273452759,0.5599334836006165,-0.10607753694057465,0.5500062108039856,0.5477760434150696,-0.17697671055793762,0.5131261944770813,0.5580377578735352,-0.0855126827955246,0.5606843829154968,0.5794699788093567,-0.023281563073396683,0.5408884882926941,0.5802488327026367,0.023208599537611008,0.5601645708084106,0.642565906047821,-0.05179710313677788,0.5363554954528809,0.6430601477622986,-0.003000665921717882,0.5696548223495483,0.6958255767822266,0.03549930825829506,0.5343793630599976,0.6988875269889832,0.05781761556863785,0.5711948871612549,0.7045491933822632,0.03193177655339241,0.5380999445915222,0.7068473696708679,0.06185450032353401,0.566901445388794,0.7186206579208374,-0.026667142286896706,0.523250937461853,0.7192707061767578,0.014739492908120155
frame_00053.jpg,0.5326216220855713,0.48184114694595337,-0.16154161095619202,0.5353428721427917,0.4753137528896332,-0.15852616727352142,0.5368762612342834,0.47517308592796326,-0.1586417704820633,0.5383104681968689,0.47509148716926575,-0.1586388647556305,0.5310686826705933,0.47561725974082947,-0.15196427702903748,0.5298866033554077,0.4757016599178314,-0.15207895636558533,0.5287784934043884,0.4758804738521576,-0.1521340310573578,0.5410162806510925,0.47638219594955444,-0.11725114285945892,0.5287882089614868,0.4780600965023041,-0.08934210240840912,0.5354676246643066,0.4863487482070923,-0.14484988152980804,0.5315179228782654,0.48721808195114136,-0.13692963123321533,0.555397629737854,0.5019814968109131,-0.08835621923208237,0.5223222374916077,0.51026850938797,-0.023836348205804825,0.5677099227905273,0.5277071595191956,-0.10357435792684555,0.5178688168525696,0.5454285144805908,-0.027119681239128113,0.5530124306678772,0.5448011755943298,-0.1615135818719864,0.5118006467819214,0.5560150742530823,-0.10371098667383194,0.548781156539917,0.5490220785140991,-0.18081171810626984,0.5097723603248596,0.559317409992218,-0.12145043909549713,0.5468654632568359,0.5429327487945557,-0.18553611636161804,0.5097188949584961,0.5564844608306885,-0.1330413520336151,0.5481408834457397,0.541904866695404,-0.1639869660139084,0.5115882158279419,0.5545660257339478,-0.1106555312871933,0.5561026334762573,0.570343554019928,-0.018471071496605873,0.5379117727279663,0.5722895264625549,0.018383443355560303,0.5609679222106934,0.6305452585220337,-0.07275231182575226,0.5390609502792358,0.6333792805671692,-0.012128086760640144,0.5702731609344482,0.6863102316856384,-0.014798198826611042,0.5425378680229187,0.6883098483085632,0.049439169466495514,0.57147216796875,0.6936913728713989,-0.012792756780982018,0.5458484888076782,0.6960387825965881,0.05328521877527237,0.5693764090538025,0.7099259495735168,-0.07008794695138931,0.5365955829620361,0.7080867290496826,0.0011098451213911176
frame_00054.jpg,0.5289653539657593,0.48107728362083435,-0.1223975196480751,0.5314129590988159,0.4745270311832428,-0.1187412291765213,0.5327959060668945,0.47443658113479614,-0.11884697526693344,0.5340550541877747,0.4744359254837036,-0.11883412301540375,0.5276172161102295,0.4746704697608948,-0.11291567981243134,0.5265535712242126,0.47471675276756287,-0.11303156614303589,0.5255362391471863,0.47488540410995483,-0.11308081448078156,0.5365961790084839,0.47585323452949524,-0.08278325945138931,0.5260335803031921,0.4772506058216095,-0.05589231103658676,0.5313321352005005,0.4856835901737213,-0.1069805845618248,0.5278541445732117,0.4865294098854065,-0.10004178434610367,0.5513626337051392,0.5009650588035583,-0.06587575376033783,0.519523024559021,0.5088211894035339,-0.0003068459336645901,0.5664927959442139,0.5251882672309875,-0.0877419039607048,0.5113421082496643,0.5439836382865906,0.0028129504062235355,0.5480290651321411,0.5446069240570068,-0.13363921642303467,0.5126248598098755,0.5549212098121643,-0.0736362487077713,0.5422529578208923,0.5497098565101624,-0.15211737155914307,0.5124756693840027,0.5591363906860352,-0.09050165861845016,0.5391936898231506,0.5434191226959229,-0.1533253937959671,0.5136786699295044,0.5558149218559265,-0.10094419866800308,0.5412733554840088,0.5419265031814575,-0.1343064308166504,0.5145905613899231,0.5537516474723816,-0.08018563687801361,0.5502421855926514,0.5733449459075928,-0.018753284588456154,0.5337275266647339,0.5735256671905518,0.018672728911042213,0.5492740273475647,0.6374666690826416,-0.03951628506183624,0.5344051718711853,0.6337065100669861,-0.004682980012148619,0.5488653779029846,0.6924694776535034,-0.00046076104626990855,0.5408892035484314,0.6889057159423828,0.04722057282924652,0.5490880608558655,0.699339747428894,0.002209549769759178,0.543867290019989,0.6964222192764282,0.047902435064315796,0.5445672273635864,0.7124013900756836,-0.05529545620083809,0.5384209156036377,0.7087739109992981,-0.001995063154026866
frame_00055.jpg,0.525220513343811,0.47750920057296753,-0.1027178019285202,0.5274259448051453,0.47133198380470276,-0.09982366859912872,0.5287669897079468,0.47114184498786926,-0.09992564469575882,0.5299314260482788,0.47106286883354187,-0.0999125987291336,0.524142861366272,0.4717184901237488,-0.09329940378665924,0.5233713984489441,0.4717716872692108,-0.09341274946928024,0.5226250886917114,0.47189459204673767,-0.09346430003643036,0.5327619910240173,0.472924143075943,-0.06995901465415955,0.5240289568901062,0.47428688406944275,-0.04004022479057312,0.5276298522949219,0.4818854033946991,-0.0897846519947052,0.5247008800506592,0.4828181266784668,-0.08193062245845795,0.5479544997215271,0.49651002883911133,-0.058288753032684326,0.5179972052574158,0.5036643147468567,0.012755232863128185,0.5656359791755676,0.5234938263893127,-0.07652502506971359,0.5082199573516846,0.5395451784133911,0.012833083979785442,0.5438138246536255,0.5395931601524353,-0.11692225933074951,0.5126947164535522,0.551304042339325,-0.062392592430114746,0.5393163561820984,0.5496684908866882,-0.1339203119277954,0.512973427772522,0.556653618812561,-0.07806618511676788,0.5356414318084717,0.5433642864227295,-0.13447478413581848,0.5144450068473816,0.5530259609222412,-0.08729367703199387,0.5376666784286499,0.541898787021637,-0.11707653850317001,0.5151118636131287,0.55070960521698,-0.06853915750980377,0.5465393662452698,0.5691554546356201,-0.021788375452160835,0.5290519595146179,0.5670273900032043,0.021724490448832512,0.5426612496376038,0.6339971423149109,-0.04208843410015106,0.5256533622741699,0.6296149492263794,-0.008260548114776611,0.5427738428115845,0.6917718052864075,-0.022356506437063217,0.5300412774085999,0.68708735704422,0.025742307305336,0.5440456867218018,0.6985648274421692,-0.02352079190313816,0.5334469079971313,0.6945656538009644,0.02634331025183201,0.5360864400863647,0.7124847173690796,-0.0848623588681221,0.5248387455940247,0.7086254954338074,-0.02618343010544777
frame_00056.jpg,0.5250127911567688,0.47375956177711487,-0.09874119609594345,0.5266348123550415,0.46774449944496155,-0.09478962421417236,0.5275314450263977,0.4675840139389038,-0.09489499032497406,0.5284740328788757,0.4675317108631134,-0.0948859453201294,0.5243147015571594,0.46803897619247437,-0.08946505188941956,0.5237339735031128,0.4680490791797638,-0.08956725895404816,0.5231156349182129,0.46812641620635986,-0.08961208164691925,0.5310473442077637,0.4696389436721802,-0.062081478536129,0.5242716073989868,0.4707675874233246,-0.03753233328461647,0.5273017883300781,0.4779850244522095,-0.08489831537008286,0.5252560377120972,0.4784664213657379,-0.07861819863319397,0.5474111437797546,0.4947510361671448,-0.047804318368434906,0.5163848400115967,0.5018851161003113,0.00944408681243658,0.5655633807182312,0.522925078868866,-0.06998900324106216,0.5117594003677368,0.5348700284957886,0.004501423332840204,0.546017050743103,0.5351628661155701,-0.12422353029251099,0.5163143277168274,0.5463571548461914,-0.0728626400232315,0.5398107767105103,0.5428918600082397,-0.14315153658390045,0.5162853598594666,0.5516518950462341,-0.09049230813980103,0.5378652811050415,0.5379363298416138,-0.145030677318573,0.5186781287193298,0.5467508435249329,-0.09853930026292801,0.5390815734863281,0.5366756319999695,-0.12541577219963074,0.5158606767654419,0.5445181727409363,-0.07858394086360931,0.544753909111023,0.5694958567619324,-0.018622998148202896,0.5293378829956055,0.5686784982681274,0.018551304936408997,0.540138840675354,0.6342790126800537,-0.024922797456383705,0.5327146649360657,0.6290152072906494,-8.104281005216762e-05,0.5428820848464966,0.6915196180343628,0.01080377958714962,0.5353094935417175,0.6838828921318054,0.03477386012673378,0.5441335439682007,0.6983823776245117,0.010706230998039246,0.5374262928962708,0.6915427446365356,0.03340020030736923,0.5388408899307251,0.7101751565933228,-0.04935603588819504,0.5328450798988342,0.7021474242210388,-0.02098711021244526
frame_00057.jpg,0.5269027352333069,0.47121462225914,-0.10177518427371979,0.528939962387085,0.46577784419059753,-0.09561459720134735,0.5302846431732178,0.4657058119773865,-0.09571455419063568,0.5315930843353271,0.46576347947120667,-0.09569663554430008,0.525604248046875,0.4660548269748688,-0.09190825372934341,0.5247315168380737,0.4661526381969452,-0.09200658649206161,0.5238991975784302,0.4662967622280121,-0.09204907715320587,0.5344956517219543,0.4681103527545929,-0.05458270385861397,0.5243963003158569,0.46868905425071716,-0.03733156993985176,0.5296574831008911,0.47612836956977844,-0.08525962382555008,0.5264297723770142,0.4767787754535675,-0.08107359707355499,0.5493337512016296,0.4939959645271301,-0.032201699912548065,0.5173963308334351,0.5014663338661194,0.002615497214719653,0.5684033632278442,0.522820770740509,-0.06134231016039848,0.5072599649429321,0.5357638001441956,-0.00782476644963026,0.5497077703475952,0.5343207716941833,-0.12950704991817474,0.509921669960022,0.5475196242332458,-0.08534438163042068,0.5447331666946411,0.541542112827301,-0.15419825911521912,0.5101105570793152,0.552611231803894,-0.09919128566980362,0.5406010150909424,0.5359542965888977,-0.15451891720294952,0.5117138028144836,0.5480553507804871,-0.11182205379009247,0.5419169664382935,0.5344749689102173,-0.1308666169643402,0.5116966366767883,0.5459617972373962,-0.09164119511842728,0.5460511445999146,0.5700762271881104,-0.007868260145187378,0.5286328196525574,0.5695334076881409,0.00780954584479332,0.5440607666969299,0.634789764881134,-0.019099269062280655,0.5290939807891846,0.6300070881843567,-0.0196104496717453,0.5442155599594116,0.69122314453125,0.0432395413517952,0.5259035229682922,0.6839572191238403,0.04251779988408089,0.5439437627792358,0.6978352665901184,0.0463443398475647,0.5259081721305847,0.6901346445083618,0.04654567688703537,0.5408766865730286,0.7105719447135925,-0.01487385481595993,0.5280986428260803,0.7042214274406433,-0.01015038974583149
frame_00058.jpg,0.5305024981498718,0.47002071142196655,-0.11227135360240936,0.5327199697494507,0.4637819826602936,-0.10520279407501221,0.5343445539474487,0.46388283371925354,-0.10529828071594238,0.5358449220657349,0.46407783031463623,-0.10528643429279327,0.5288323163986206,0.4638196527957916,-0.1017741933465004,0.5278575420379639,0.46392548084259033,-0.10188263654708862,0.5269070863723755,0.4640507698059082,-0.10192666202783585,0.5386665463447571,0.4668411612510681,-0.05887524411082268,0.5266879200935364,0.46649983525276184,-0.04279382526874542,0.53373122215271,0.475624680519104,-0.09384088218212128,0.5296866297721863,0.475876122713089,-0.08997897803783417,0.552805483341217,0.4942609965801239,-0.032401684671640396,0.5191986560821533,0.500376284122467,0.001207822235301137,0.5695944428443909,0.5230136513710022,-0.05366453528404236,0.5069513320922852,0.5356618762016296,-0.01165209710597992,0.5520437359809875,0.5352903604507446,-0.12646940350532532,0.5110468864440918,0.5483570694923401,-0.08761157095432281,0.5458365678787231,0.5424777269363403,-0.14828595519065857,0.5115584135055542,0.5535032749176025,-0.10665352642536163,0.5430992841720581,0.536155104637146,-0.15194560587406158,0.513480544090271,0.5490446090698242,-0.1127334013581276,0.5442352890968323,0.5344213247299194,-0.12909391522407532,0.5138311982154846,0.5469474792480469,-0.09210310131311417,0.5486960411071777,0.5701135396957397,-0.008758293464779854,0.5302110314369202,0.570030152797699,0.008679365739226341,0.5455594062805176,0.6303239464759827,-0.08086377382278442,0.5241331458091736,0.6319920420646667,-0.022534804418683052,0.5509387850761414,0.6865763068199158,-0.014937421306967735,0.5159419775009155,0.687610387802124,0.03748372942209244,0.551338255405426,0.6917862296104431,-0.011045033112168312,0.5163025856018066,0.6944941282272339,0.04115333408117294,0.5495470762252808,0.7096249461174011,-0.07000155001878738,0.5131219625473022,0.7088883519172668,-0.017480218783020973
frame_00059.jpg,0.5323386192321777,0.4704136252403259,-0.14494825899600983,0.5340409874916077,0.4636837840080261,-0.13923069834709167,0.5355194807052612,0.4636954367160797,-0.1393415331840515,0.5367883443832397,0.4638056755065918,-0.13932345807552338,0.5302878022193909,0.4638964831829071,-0.13484260439872742,0.5291250944137573,0.4640123248100281,-0.13495482504367828,0.5279244184494019,0.46413278579711914,-0.13501138985157013,0.5390679240226746,0.46643927693367004,-0.09262018650770187,0.5281723141670227,0.4663013815879822,-0.07243217527866364,0.5348570346832275,0.47581717371940613,-0.12584242224693298,0.5311026573181152,0.47617843747138977,-0.12082477658987045,0.5554141998291016,0.4932137429714203,-0.05903328210115433,0.5206643342971802,0.4972226321697235,-0.018753869459033012,0.5737555623054504,0.5230376124382019,-0.07431397587060928,0.507398247718811,0.5327130556106567,-0.02253033220767975,0.5521197319030762,0.5359113216400146,-0.14268508553504944,0.5132793188095093,0.5482053160667419,-0.10080622136592865,0.5474278926849365,0.5429242253303528,-0.1642034649848938,0.511853039264679,0.5539456009864807,-0.12093637883663177,0.544884443283081,0.539800763130188,-0.1682976335287094,0.5163007378578186,0.5495451092720032,-0.12947611510753632,0.5462972521781921,0.5353021621704102,-0.14505770802497864,0.5151326060295105,0.5473551154136658,-0.10647932440042496,0.5514464378356934,0.569207489490509,-0.009343983605504036,0.5329388976097107,0.5697608590126038,0.009263780899345875,0.5479008555412292,0.6306165456771851,-0.033970169723033905,0.530305027961731,0.6309908628463745,-0.01655978336930275,0.5531840920448303,0.6841030716896057,0.03330426663160324,0.5275496244430542,0.6837751269340515,0.058403365314006805,0.5540663599967957,0.6899231672286987,0.036711059510707855,0.5289670825004578,0.6901140213012695,0.06350912153720856,0.5507274866104126,0.7047726511955261,-0.023422837257385254,0.5246337652206421,0.7050246000289917,0.008736450225114822
frame_00060.jpg,0.541216254234314,0.4665009081363678,0.08664248883724213,0.5395444631576538,0.46142828464508057,0.07586990296840668,0.5381319522857666,0.46152979135513306,0.07580836862325668,0.5379738807678223,0.4617665410041809,0.07580757886171341,0.5430036187171936,0.46137672662734985,0.07951836287975311,0.544127345085144,0.46129605174064636,0.07944651693105698,0.5451134443283081,0.4612790048122406,0.07943259179592133,0.5401022434234619,0.4647100865840912,0.03513142094016075,0.5479766726493835,0.4636196792125702,0.05151824280619621,0.5405622124671936,0.4710938036441803,0.07511461526155472,0.5430386066436768,0.4707736074924469,0.07924281060695648,0.5345504283905029,0.490872859954834,0.005076730158179998,0.5651318430900574,0.49261149764060974,0.03678786754608154,0.5184440612792969,0.5249444246292114,0.00017950851179193705,0.5779010057449341,0.5260336399078369,0.023380301892757416,0.518376350402832,0.5559857487678528,0.014207324013113976,0.5603252053260803,0.5395014882087708,0.01765882596373558,0.5169934034347534,0.5642178654670715,0.013855651021003723,0.5588454604148865,0.5439989566802979,0.015940744429826736,0.5189117789268494,0.5618324279785156,0.01262026559561491,0.5548099279403687,0.5419231057167053,0.012961653992533684,0.5203791260719299,0.558564305305481,0.014955682680010796,0.5547942519187927,0.5405259728431702,0.015589599497616291,0.5407847166061401,0.5680288672447205,-0.005801129154860973,0.5575731992721558,0.569996178150177,0.005722611211240292,0.5319995284080505,0.6307742595672607,0.009262187406420708,0.5566822290420532,0.6302872896194458,0.0025497006718069315,0.5208796858787537,0.6862995028495789,0.012843539007008076,0.5604121685028076,0.6866505146026611,0.010312000289559364,0.5215955376625061,0.6961191892623901,0.009781577624380589,0.5597440004348755,0.6962529420852661,0.010022584348917007,0.5101272463798523,0.700869619846344,-0.010341428220272064,0.5628968477249146,0.7020638585090637,-0.00010734053648775443
frame_00061.jpg,0.5604201555252075,0.4633471369743347,0.07433094084262848,0.5583996176719666,0.4587070643901825,0.06556837260723114,0.556999683380127,0.4589392840862274,0.06551269441843033,0.5556716322898865,0.45925432443618774,0.06551060080528259,0.5625065565109253,0.4584549069404602,0.0671178475022316,0.563798189163208,0.45847266912460327,0.06703124940395355,0.5649998188018799,0.45847469568252563,0.06699425727128983,0.55438232421875,0.4630680978298187,0.03257619962096214,0.5672654509544373,0.4620538353919983,0.03976457566022873,0.5594134330749512,0.4686097502708435,0.06537777185440063,0.5626550316810608,0.4680579602718353,0.06680162250995636,0.5435166358947754,0.4903316795825958,0.007244850043207407,0.5811572670936584,0.49080657958984375,0.02414230816066265,0.5280489325523376,0.5255285501480103,0.006350520066916943,0.5912321209907532,0.5231477618217468,0.012502193450927734,0.5314406156539917,0.5508428812026978,0.021901099011301994,0.5747169256210327,0.5364951491355896,0.011971430853009224,0.5309661030769348,0.5584967732429504,0.023298636078834534,0.5717812776565552,0.5391308069229126,0.010530240833759308,0.5327115654945374,0.5548088550567627,0.02018120512366295,0.5686488747596741,0.5368479490280151,0.00793401151895523,0.5336732864379883,0.5519174933433533,0.021696502342820168,0.5690668821334839,0.5354055762290955,0.010316736996173859,0.5460036993026733,0.5659159421920776,-0.0033124249894171953,0.5693732500076294,0.5670216679573059,0.0032294585835188627,0.5397128462791443,0.6282688975334167,0.01469163317233324,0.5653279423713684,0.6282339096069336,0.00425278814509511,0.536003589630127,0.6886114478111267,0.012605031952261925,0.5670542120933533,0.6863925457000732,0.004753413610160351,0.5369977355003357,0.6982925534248352,0.010181667283177376,0.5666478872299194,0.6960136890411377,0.0042848591692745686,0.5294159054756165,0.7022396922111511,0.003214691299945116,0.5684714317321777,0.7010822892189026,-0.0029059776570647955
frame_00062.jpg,0.577363133430481,0.46329280734062195,-0.016752373427152634,0.5760744214057922,0.45879027247428894,-0.022199470549821854,0.5753330588340759,0.45895329117774963,-0.022269858047366142,0.5745347738265991,0.45913439989089966,-0.02226516604423523,0.5781081914901733,0.4585302770137787,-0.017953960224986076,0.5787193179130554,0.4594673812389374,-0.018054109066724777,0.579255223274231,0.4594790041446686,-0.018076468259096146,0.5768976807594299,0.46205827593803406,-0.022247157990932465,0.5802202820777893,0.4621391296386719,-0.007962647825479507,0.5769890546798706,0.4685012698173523,-0.016156228259205818,0.5781545639038086,0.46806222200393677,-0.011278042569756508,0.5645956993103027,0.4888812005519867,-0.0363645926117897,0.5917912125587463,0.4885352849960327,0.014425544068217278,0.5597524046897888,0.5260521769523621,-0.03775681555271149,0.5879597067832947,0.5211503505706787,0.02222334034740925,0.5565594434738159,0.5496576428413391,-0.050311338156461716,0.5815789103507996,0.5341507196426392,0.006983471568673849,0.5545236468315125,0.5568721890449524,-0.05750538036227226,0.580944299697876,0.537664532661438,0.00349979056045413,0.5557832717895508,0.5525206327438354,-0.058285970240831375,0.5787786245346069,0.5360090732574463,-0.004447690211236477,0.5577208399772644,0.5508343577384949,-0.049994949251413345,0.5784264802932739,0.5349782705307007,0.0029955145437270403,0.5648099780082703,0.5681816339492798,-0.013771901838481426,0.5782634019851685,0.5673099160194397,0.013671631924808025,0.5596312880516052,0.6308510899543762,-0.0011990320635959506,0.5771422386169434,0.6270621418952942,0.014642429538071156,0.5527139902114868,0.6887485980987549,0.015014415606856346,0.578855574131012,0.6855705976486206,0.033850766718387604,0.55312579870224,0.6981245279312134,0.01426569651812315,0.5797069072723389,0.6953356862068176,0.034854404628276825,0.5448718070983887,0.7023290395736694,-0.0005531635833904147,0.5764014720916748,0.6991521716117859,0.027014851570129395
frame_00063.jpg,0.5896975994110107,0.4621751010417938,0.06547625362873077,0.588776171207428,0.4576967656612396,0.055835623294115067,0.5878563523292542,0.45781993865966797,0.05577170103788376,0.5868351459503174,0.4579892158508301,0.05575697496533394,0.5919699668884277,0.4576968252658844,0.0584145113825798,0.5929931998252869,0.4580584168434143,0.058333516120910645,0.593936026096344,0.4581303298473358,0.05829519033432007,0.5865005254745483,0.4612458050251007,0.020579004660248756,0.5965725183486938,0.4611968398094177,0.03178360313177109,0.5891755819320679,0.4670845568180084,0.05573734641075134,0.5920578241348267,0.46674904227256775,0.05838292837142944,0.5723291635513306,0.48700568079948425,-0.009944186545908451,0.6095920205116272,0.48772984743118286,0.019937928766012192,0.5551166534423828,0.5236130952835083,-0.015079529955983162,0.6182495355606079,0.5197441577911377,0.00941553059965372,0.559546172618866,0.5480320453643799,0.0033222795464098454,0.6024505496025085,0.5338525176048279,-0.005194450728595257,0.5591669082641602,0.5550567507743835,0.004794832319021225,0.5992215871810913,0.5370236039161682,-0.00680442014709115,0.5625396370887756,0.5510944128036499,0.002999616786837578,0.5959832072257996,0.5348401665687561,-0.010055562481284142,0.5636595487594604,0.5488860607147217,0.0037396359257400036,0.5966396927833557,0.5332893133163452,-0.007406541146337986,0.5713633298873901,0.5677637457847595,-0.009741421788930893,0.5932255983352661,0.567389190196991,0.009650097228586674,0.5669974088668823,0.6252045035362244,0.013210980221629143,0.586992084980011,0.6249256134033203,0.014380931854248047,0.5602532029151917,0.687610387802124,0.013650806620717049,0.5938951969146729,0.6804172992706299,0.014470848254859447,0.5604684948921204,0.6971157193183899,0.011567449197173119,0.5905312299728394,0.6940307021141052,0.013603677041828632,0.5563836693763733,0.7000026702880859,0.0017893316689878702,0.5914943814277649,0.6997167468070984,0.01212132815271616
frame_00064.jpg,0.5999084115028381,0.460286408662796,0.0895940437912941,0.5993775129318237,0.4555794596672058,0.07940845191478729,0.5985824465751648,0.4557211995124817,0.0793578028678894,0.5975965857505798,0.45587995648384094,0.07935728132724762,0.6022865176200867,0.45531049370765686,0.08037222176790237,0.6034307479858398,0.45534440875053406,0.08028708398342133,0.6044973731040955,0.45531854033470154,0.08026311546564102,0.5973867177963257,0.4586833417415619,0.03948849439620972,0.6069340109825134,0.4582802951335907,0.04371381551027298,0.5994722843170166,0.4652445614337921,0.07849394530057907,0.602109968662262,0.4648316204547882,0.07906089723110199,0.5834370851516724,0.4843769669532776,0.015112964436411858,0.6227533221244812,0.48768138885498047,0.018856342881917953,0.5623114109039307,0.5197852849960327,0.021582961082458496,0.6344386339187622,0.5212694406509399,0.014259858056902885,0.5591824054718018,0.5380832552909851,0.047693073749542236,0.6171163320541382,0.5343137383460999,0.032349344342947006,0.556670069694519,0.5437652468681335,0.05102270096540451,0.6130190491676331,0.5376808643341064,0.03346838802099228,0.5597391724586487,0.5391470193862915,0.04906808212399483,0.6090095639228821,0.5359247922897339,0.03093148209154606,0.5618143677711487,0.5370599031448364,0.04823807254433632,0.6099108457565308,0.5341552495956421,0.031235257163643837,0.5865668058395386,0.565485417842865,0.0019199466332793236,0.60671067237854,0.5673754811286926,-0.0019858002196997404,0.57920241355896,0.625480592250824,0.020284302532672882,0.6035838723182678,0.6242666840553284,0.0068390099331736565,0.5683707594871521,0.6883735060691833,0.013373474590480328,0.6016985177993774,0.684755265712738,0.006771205924451351,0.5668203234672546,0.6979956030845642,0.010931656695902348,0.6025750637054443,0.6955998539924622,0.00626320019364357,0.5670942068099976,0.6978428363800049,-0.0019326228648424149,0.605876624584198,0.700117290019989,-0.0012066122144460678
frame_00065.jpg,0.6123627424240112,0.4617535173892975,-0.04141624644398689,0.612297773361206,0.4570275545120239,-0.043793804943561554,0.612302839756012,0.4570930600166321,-0.043886132538318634,0.6122388243675232,0.45719119906425476,-0.043877117335796356,0.6125984191894531,0.4569103419780731,-0.04428500682115555,0.6128014922142029,0.4569757878780365,-0.04436783492565155,0.612918496131897,0.45696407556533813,-0.04438190534710884,0.6131552457809448,0.4595452547073364,-0.03978751599788666,0.6138578653335571,0.45942798256874084,-0.04101116210222244,0.6130509972572327,0.4661991000175476,-0.03631559759378433,0.6131783723831177,0.466291606426239,-0.037674613296985626,0.6048694252967834,0.4830903708934784,-0.025357553735375404,0.6166866421699524,0.4854033589363098,-0.021444100886583328,0.6277254819869995,0.5192851424217224,-0.03122759237885475,0.6173404455184937,0.5203339457511902,-0.0288116242736578,0.6132113337516785,0.5372747778892517,-0.07094378769397736,0.6137687563896179,0.5322462320327759,-0.05463496595621109,0.6083427667617798,0.5432389974594116,-0.08128301799297333,0.6137619018554688,0.5353931784629822,-0.06489057838916779,0.6067802906036377,0.5374329686164856,-0.08336308598518372,0.611382246017456,0.5327552556991577,-0.06992009282112122,0.6092661619186401,0.5358774662017822,-0.07192616164684296,0.6108541488647461,0.5315031409263611,-0.05776430293917656,0.6055551171302795,0.5659878849983215,-0.0004270196077413857,0.6077359318733215,0.5676721930503845,0.0003525052743498236,0.607052206993103,0.6262021660804749,0.0034839599393308163,0.6056838631629944,0.6247786283493042,-0.0057585095055401325,0.6079932451248169,0.6884182691574097,0.021471131592988968,0.6012943983078003,0.6839672327041626,0.019187340512871742,0.6079925894737244,0.6979240775108337,0.02075332961976528,0.6012172102928162,0.6939972043037415,0.021170495077967644,0.6037575006484985,0.6991326212882996,-0.009456252679228783,0.5992909073829651,0.697872519493103,-0.001285307458601892
frame_00066.jpg,0.6227816939353943,0.46232935786247253,-0.1427880823612213,0.6233179569244385,0.45743778347969055,-0.13905535638332367,0.6240834593772888,0.4575200378894806,-0.13917571306228638,0.6245182752609253,0.45758095383644104,-0.13917501270771027,0.622221052646637,0.45733708143234253,-0.1389784961938858,0.621405839920044,0.45725736021995544,-0.13910406827926636,0.6210349798202515,0.4572139084339142,-0.13918212056159973,0.6256031394004822,0.45936596393585205,-0.0991707444190979,0.6213504076004028,0.4591677784919739,-0.0982283502817154,0.6239404082298279,0.4670548439025879,-0.12495306879281998,0.6229344606399536,0.4670151174068451,-0.12549874186515808,0.6392272710800171,0.48444297909736633,-0.06051396578550339,0.6055792570114136,0.48212549090385437,-0.04956503584980965,0.653133749961853,0.5189880132675171,-0.04426315054297447,0.6002894639968872,0.5132297277450562,-0.037664130330085754,0.6308832168579102,0.5372386574745178,-0.08125772327184677,0.6013330221176147,0.5317218899726868,-0.07647235691547394,0.624733567237854,0.5437679886817932,-0.09395720809698105,0.6023445129394531,0.536931574344635,-0.08963576704263687,0.6221431493759155,0.5348278880119324,-0.0995941013097763,0.6021989583969116,0.5340928435325623,-0.09841929376125336,0.6251413822174072,0.5352126359939575,-0.08340092748403549,0.6021720170974731,0.5318022966384888,-0.0811423733830452,0.6254476308822632,0.5622100234031677,-0.0011503346031531692,0.6099083423614502,0.5609140396118164,0.0010793780675157905,0.6212342977523804,0.6225402355194092,-0.0036523155868053436,0.6066523790359497,0.6207713484764099,-0.01686231791973114,0.6190682649612427,0.6821616888046265,0.03841851279139519,0.5969640016555786,0.6788551807403564,0.03461069241166115,0.6181105971336365,0.689516007900238,0.04012255743145943,0.5966628193855286,0.6868078708648682,0.03797173872590065,0.6205404996871948,0.6996316909790039,-0.012283110059797764,0.5941780209541321,0.6975553035736084,-0.01216255221515894
frame_00067.jpg,0.6268092393875122,0.4572642147541046,0.003196283709257841,0.6261762380599976,0.4523596465587616,-0.0023620922584086657,0.6259034872055054,0.45240673422813416,-0.0024105366319417953,0.6254273653030396,0.45248204469680786,-0.002394874347373843,0.6278699040412903,0.45226314663887024,-0.006077880971133709,0.6283898949623108,0.4522501826286316,-0.006180841475725174,0.6288117170333862,0.4522242546081543,-0.006195033434778452,0.626146137714386,0.4554179310798645,-0.015339912846684456,0.6311725378036499,0.45508769154548645,-0.0475168414413929,0.6273834705352783,0.4621734619140625,0.0023806665558367968,0.6289262771606445,0.4620787799358368,-0.0032805129885673523,0.6113235354423523,0.4796516001224518,0.004447633400559425,0.6445392966270447,0.482352077960968,-0.03501211479306221,0.6280959844589233,0.5158741474151611,0.009047994390130043,0.6501263380050659,0.5153251886367798,-0.04064888134598732,0.6245161294937134,0.5351542234420776,-0.008995423093438148,0.6389819383621216,0.5302987694740295,-0.06198466569185257,0.6220717430114746,0.5412333011627197,-0.011323472484946251,0.6388124823570251,0.5332227349281311,-0.06372616440057755,0.6228333711624146,0.5351455211639404,-0.016516488045454025,0.6350054740905762,0.5308597087860107,-0.06126175448298454,0.6248029470443726,0.5341154336929321,-0.011052809655666351,0.6342772841453552,0.529807448387146,-0.05648704245686531,0.6145148873329163,0.5628589987754822,0.01564505696296692,0.6268317699432373,0.5620753765106201,-0.015729142352938652,0.6094166040420532,0.6225051879882812,0.028262043371796608,0.6263056993484497,0.6214457750320435,-0.024732457473874092,0.6002318263053894,0.6825370192527771,0.03985486179590225,0.6163066625595093,0.679843544960022,-0.0006979682948440313,0.6011034846305847,0.6905732750892639,0.03913738206028938,0.6130619049072266,0.6869067549705505,0.0005579650169238448,0.6002484560012817,0.6997185349464417,0.014312298968434334,0.6220852136611938,0.6973797678947449,-0.022902701050043106
frame_00068.jpg,0.6300541162490845,0.4534071385860443,0.0840318351984024,0.6290556788444519,0.44859740138053894,0.07350469380617142,0.6281134486198425,0.4486318826675415,0.07344166934490204,0.6270619630813599,0.4486701190471649,0.07343951612710953,0.6320179104804993,0.4484005570411682,0.07510033249855042,0.6330344676971436,0.44835159182548523,0.07502234727144241,0.6339982151985168,0.4483194947242737,0.07500018179416656,0.626312255859375,0.451905757188797,0.033823613077402115,0.6360730528831482,0.4515675902366638,0.039709728211164474,0.6290326714515686,0.4586051106452942,0.07315267622470856,0.6313883662223816,0.45820167660713196,0.07441471517086029,0.6118690371513367,0.47685492038726807,0.00587532389909029,0.6492573022842407,0.4812116324901581,0.019517960026860237,0.6220000982284546,0.5097045302391052,0.0011742027709260583,0.663029134273529,0.5159063339233398,0.0030603413470089436,0.6035462617874146,0.5316768288612366,0.014748120680451393,0.6440316438674927,0.5303181409835815,0.004146326798945665,0.5943584442138672,0.5375915765762329,0.014602999202907085,0.64281165599823,0.5346115231513977,0.002356886863708496,0.6175171732902527,0.5326727628707886,0.01460971962660551,0.6386455297470093,0.5322393774986267,0.0007015547598712146,0.6129796504974365,0.5308692455291748,0.01582803949713707,0.6390928030014038,0.5306790471076965,0.0030158469453454018,0.6150446534156799,0.5593028664588928,0.013450655154883862,0.634638786315918,0.5627428889274597,-0.01361984945833683,0.6105123162269592,0.6215232014656067,0.03136005997657776,0.6329169273376465,0.6215248703956604,0.00897643156349659,0.6041286587715149,0.6843228936195374,0.04190800338983536,0.6314574480056763,0.6803947687149048,0.011478015221655369,0.6029143333435059,0.6912627816200256,0.04188520833849907,0.6273223161697388,0.6885945200920105,0.008674154058098793,0.5998982191085815,0.698603093624115,0.03005010262131691,0.6301605105400085,0.693538248538971,0.008404162712395191
frame_00069.jpg,0.6353660821914673,0.45410364866256714,-0.21471700072288513,0.6385879516601562,0.45102912187576294,-0.20949897170066833,0.6402082443237305,0.4510393738746643,-0.2096349447965622,0.6415307521820068,0.4510362446308136,-0.2096242606639862,0.633844256401062,0.45100098848342896,-0.2085559070110321,0.6324023604393005,0.4509219825267792,-0.2086857259273529,0.6311284303665161,0.45080679655075073,-0.20875945687294006,0.6430867910385132,0.45408251881599426,-0.15463539958000183,0.6300041079521179,0.4524441063404083,-0.1499161273241043,0.6374871730804443,0.45968809723854065,-0.19086973369121552,0.6327767372131348,0.459886372089386,-0.1903786063194275,0.6537209749221802,0.4791512191295624,-0.09732774645090103,0.6214414834976196,0.47706395387649536,-0.08385170996189117,0.6704996824264526,0.5112380385398865,-0.08512139320373535,0.6111243367195129,0.5071409940719604,-0.06404497474431992,0.6480212211608887,0.5326423645019531,-0.13647007942199707,0.616032600402832,0.5294743776321411,-0.10713852941989899,0.6418848037719727,0.5393930673599243,-0.15373991429805756,0.614276647567749,0.5352555513381958,-0.12315882742404938,0.6387492418289185,0.5343891382217407,-0.16052354872226715,0.6125667095184326,0.5323149561882019,-0.13288360834121704,0.640656054019928,0.5321175456047058,-0.1392425000667572,0.6127005815505981,0.5298654437065125,-0.1121402382850647,0.6390065550804138,0.557714581489563,0.007910332642495632,0.620937705039978,0.55710369348526,-0.00805512722581625,0.6357176303863525,0.620125412940979,-0.013375848531723022,0.6155903935432434,0.6181238293647766,-0.028307387605309486,0.6315746307373047,0.6806581020355225,0.058602023869752884,0.6122170686721802,0.680752694606781,0.03688832372426987,0.6299871206283569,0.6896799802780151,0.06226513907313347,0.6126419305801392,0.6887506246566772,0.04047127813100815,0.633238673210144,0.6990295052528381,0.011643254198133945,0.6126309633255005,0.7005470395088196,-0.022659901529550552
frame_00070.jpg,0.6394996643066406,0.45637595653533936,-0.19752942025661469,0.6421796083450317,0.45112287998199463,-0.19161909818649292,0.6440585255622864,0.4510210156440735,-0.19174519181251526,0.6456946134567261,0.45093151926994324,-0.19172607362270355,0.6371556520462036,0.4507990777492523,-0.19154766201972961,0.6356337666511536,0.45053738355636597,-0.19168581068515778,0.6342068910598755,0.4503309428691864,-0.19176241755485535,0.6472210884094238,0.4519909620285034,-0.13579519093036652,0.6327829957008362,0.4510616958141327,-0.1351102739572525,0.6420149803161621,0.46145814657211304,-0.17349781095981598,0.6368650197982788,0.4612552225589752,-0.1741318255662918,0.6581891775131226,0.47904670238494873,-0.07716061174869537,0.6195517182350159,0.4753321707248688,-0.07728605717420578,0.6743711829185486,0.5132160186767578,-0.05975639820098877,0.6039823293685913,0.5059815645217896,-0.06467221677303314,0.6558745503425598,0.5334610342979431,-0.10790088027715683,0.6122905015945435,0.5286435484886169,-0.1183590441942215,0.6496294140815735,0.5395886898040771,-0.12405796349048615,0.614439070224762,0.5356539487838745,-0.13711147010326385,0.6473918557167053,0.5348078012466431,-0.13207919895648956,0.6174827814102173,0.5329211950302124,-0.14563943445682526,0.6489628553390503,0.5330663323402405,-0.11122582852840424,0.6168683767318726,0.5303258299827576,-0.12298379093408585,0.6445826888084412,0.5572841167449951,0.005411931313574314,0.6232883334159851,0.5567165613174438,-0.005503723863512278,0.6446164846420288,0.6192980408668518,-0.010242476128041744,0.6190149784088135,0.6183358430862427,-0.028526583686470985,0.6392135620117188,0.6807399392127991,0.056810587644577026,0.6133285164833069,0.6811143159866333,0.0344621017575264,0.6354104280471802,0.6883602738380432,0.05945053696632385,0.613318920135498,0.6887043714523315,0.037437357008457184,0.6435934901237488,0.6992959380149841,-0.0019770998042076826,0.6129595041275024,0.7020524740219116,-0.03303440660238266
frame_00071.jpg,0.6424842476844788,0.45459654927253723,-0.10406918823719025,0.6435930728912354,0.44907981157302856,-0.10292478650808334,0.6442502737045288,0.4490545392036438,-0.10302303731441498,0.6448642015457153,0.44912710785865784,-0.10301308333873749,0.6417738795280457,0.44884246587753296,-0.10256467014551163,0.6412719488143921,0.4487134516239166,-0.10267303138971329,0.6407055854797363,0.448631227016449,-0.10271807760000229,0.6450518369674683,0.4507237672805786,-0.09013491868972778,0.6403046250343323,0.4500005543231964,-0.07780148833990097,0.643227756023407,0.4599685072898865,-0.09169533103704453,0.6413642764091492,0.45965462923049927,-0.09183618426322937,0.6376355886459351,0.47503286600112915,-0.04619909077882767,0.6373625993728638,0.4746032953262329,-0.05206707864999771,0.6723886728286743,0.5122687220573425,-0.03583012893795967,0.6445950865745544,0.509630560874939,-0.04648912325501442,0.6517016291618347,0.5305362343788147,-0.09798675030469894,0.6492706537246704,0.528599739074707,-0.08996064960956573,0.6459658145904541,0.5400246381759644,-0.11602437496185303,0.6511077284812927,0.5339342355728149,-0.10482169687747955,0.6438106298446655,0.5348075032234192,-0.11274610459804535,0.6498274207115173,0.5308443307876587,-0.10999348014593124,0.6457911133766174,0.5329634547233582,-0.10756572335958481,0.6488218307495117,0.5289196372032166,-0.09348909556865692,0.637992262840271,0.5578739643096924,0.0043189749121665955,0.6366236805915833,0.5577083230018616,-0.004433254711329937,0.6290780901908875,0.6195818185806274,0.0017526457086205482,0.6371343731880188,0.618470311164856,-0.00890376977622509,0.6295655965805054,0.68147873878479,0.045958347618579865,0.6307651400566101,0.6812093257904053,0.032581549137830734,0.6296711564064026,0.688521146774292,0.048114560544490814,0.6308141946792603,0.6897382736206055,0.03456990048289299,0.6258917450904846,0.6970791220664978,-0.0024110455997288227,0.626250684261322,0.694244921207428,-0.0215776227414608
frame_00072.jpg,0.6444011926651001,0.44952675700187683,0.04855542257428169,0.643767237663269,0.4439411759376526,0.03974831849336624,0.6428841948509216,0.4439365565776825,0.03969204053282738,0.6417880654335022,0.4440287947654724,0.0396975614130497,0.6461925506591797,0.4441514015197754,0.03926709666848183,0.6470970511436462,0.4441940188407898,0.03918904811143875,0.6479998230934143,0.444338858127594,0.039176858961582184,0.6401240229606628,0.4469645619392395,0.009246526286005974,0.6492360234260559,0.44760945439338684,0.0071630580350756645,0.6428878903388977,0.45437192916870117,0.04134201630949974,0.6451566815376282,0.45482558012008667,0.03993687778711319,0.6266325116157532,0.4736263155937195,-0.002021465450525284,0.6639803647994995,0.47590500116348267,-0.010172253474593163,0.6436484456062317,0.5091884136199951,-0.0075142234563827515,0.679940402507782,0.5112974643707275,-0.019803281873464584,0.6350980997085571,0.5286874175071716,-0.01666993647813797,0.6618281602859497,0.5254344344139099,-0.019201254472136497,0.6331910490989685,0.5353110432624817,-0.018512684851884842,0.6588889360427856,0.5309308767318726,-0.024022279307246208,0.6343523263931274,0.5305026173591614,-0.021164070814847946,0.6552480459213257,0.5280000567436218,-0.026617128401994705,0.6359606981277466,0.5286274552345276,-0.017884187400341034,0.655960202217102,0.5264378786087036,-0.020972179248929024,0.6286851167678833,0.5580884218215942,0.003634638385847211,0.6463199257850647,0.558113157749176,-0.003724677488207817,0.6244899034500122,0.6200278997421265,0.032881878316402435,0.6405535340309143,0.6188994646072388,0.007342281751334667,0.6219137907028198,0.6849683523178101,0.05715770274400711,0.6344287991523743,0.6815477609634399,0.03738667815923691,0.62247633934021,0.6890562176704407,0.05846353620290756,0.6329026222229004,0.6910080313682556,0.03929591923952103,0.6184035539627075,0.6975513696670532,0.04623550921678543,0.634508490562439,0.6951760053634644,0.024834968149662018
frame_00073.jpg,0.6470248103141785,0.45173630118370056,-0.16361567378044128,0.6496833562850952,0.44473761320114136,-0.15646058320999146,0.6514400839805603,0.4447728395462036,-0.15658727288246155,0.6531140208244324,0.44490447640419006,-0.1565677672624588,0.6451433300971985,0.4441778063774109,-0.15539970993995667,0.6438330411911011,0.4439706802368164,-0.15552738308906555,0.6427315473556519,0.44392213225364685,-0.15559588372707367,0.6558054685592651,0.4467339813709259,-0.09949307143688202,0.6420333981513977,0.4457518756389618,-0.09423216432332993,0.6495893597602844,0.45650842785835266,-0.13978728652000427,0.6448873281478882,0.45654356479644775,-0.1391596496105194,0.6666486859321594,0.4750269055366516,-0.05155140906572342,0.6403636336326599,0.47229331731796265,-0.037036169320344925,0.6863619089126587,0.5108279585838318,-0.055572666227817535,0.6160742044448853,0.5049433708190918,-0.03151889890432358,0.6648641228675842,0.5249407887458801,-0.1263791024684906,0.6394529938697815,0.5218554735183716,-0.09287898242473602,0.6573842763900757,0.5318869948387146,-0.14585605263710022,0.6406541466712952,0.531316339969635,-0.11185004562139511,0.6562031507492065,0.5234166979789734,-0.15147459506988525,0.632959246635437,0.5270743370056152,-0.11985528469085693,0.6585976481437683,0.5206241607666016,-0.12917062640190125,0.6339863538742065,0.5233368277549744,-0.09770438075065613,0.6531878113746643,0.5565928816795349,0.0005457097431644797,0.6358546018600464,0.5565387606620789,-0.0006337922532111406,0.6561146974563599,0.619945764541626,-0.0037752881180495024,0.6300155520439148,0.6170222163200378,-0.03286101669073105,0.6524116396903992,0.6754093766212463,0.07236836850643158,0.6290075182914734,0.6816900968551636,0.027293343096971512,0.6500760316848755,0.6816343665122986,0.07700749486684799,0.6315496563911438,0.691161572933197,0.030754808336496353,0.652245819568634,0.6948009729385376,0.024382414296269417,0.624925971031189,0.6994754076004028,-0.02921091951429844
frame_00074.jpg,0.6503893136978149,0.4529978930950165,-0.18891581892967224,0.6532179117202759,0.4459732174873352,-0.1821047067642212,0.6551352739334106,0.44597384333610535,-0.18223729729652405,0.6570805311203003,0.44605129957199097,-0.18221977353096008,0.6483093500137329,0.4451146423816681,-0.18067559599876404,0.646651029586792,0.44463473558425903,-0.18080951273441315,0.6452063322067261,0.44431963562965393,-0.18088065087795258,0.6605604887008667,0.44707736372947693,-0.12395526468753815,0.6444458365440369,0.4445640742778778,-0.11694870889186859,0.6529077887535095,0.45765864849090576,-0.16442306339740753,0.6478164196014404,0.4573778510093689,-0.16329479217529297,0.6720644235610962,0.47538965940475464,-0.07190460711717606,0.6330878138542175,0.4698629379272461,-0.05488710477948189,0.6904711127281189,0.510725736618042,-0.06606730073690414,0.6111171245574951,0.49834519624710083,-0.04452159255743027,0.6716437935829163,0.5238209366798401,-0.12812931835651398,0.6270985007286072,0.5199162364006042,-0.10488496720790863,0.6657083630561829,0.5320338010787964,-0.147164985537529,0.63224196434021,0.5302270650863647,-0.12346579134464264,0.6623197197914124,0.5246139764785767,-0.1544298380613327,0.6268137097358704,0.5267296433448792,-0.13303381204605103,0.6641973257064819,0.5209621787071228,-0.13143466413021088,0.6275532245635986,0.5241158604621887,-0.11030198633670807,0.654691755771637,0.5561116933822632,-0.0009071381064131856,0.6331291794776917,0.5529606342315674,0.0008282129419967532,0.6607791781425476,0.617733359336853,-0.04121299088001251,0.6275757551193237,0.6110172867774963,-0.0457642637193203,0.6536054015159607,0.6714382171630859,0.058831196278333664,0.6281501054763794,0.6700053811073303,0.042161185294389725,0.6506088972091675,0.677384078502655,0.060635484755039215,0.6307629346847534,0.6779184937477112,0.04899344593286514,0.6535049676895142,0.6941651105880737,0.0017167737241834402,0.6229946613311768,0.6914814710617065,-0.014460461214184761
frame_00075.jpg,0.6530805826187134,0.45370009541511536,-0.1968083381652832,0.655763566493988,0.4468561112880707,-0.19067427515983582,0.6574130058288574,0.4468770921230316,-0.19080621004104614,0.659038782119751,0.446935772895813,-0.19078804552555084,0.6511662006378174,0.4461483955383301,-0.19119387865066528,0.6496654748916626,0.4457167387008667,-0.1913256198167801,0.6483248472213745,0.4453783929347992,-0.19140128791332245,0.6617604494094849,0.4468943476676941,-0.13373813033103943,0.6469506025314331,0.4449118375778198,-0.13567262887954712,0.655713677406311,0.4582255184650421,-0.17228204011917114,0.6508396863937378,0.4580044746398926,-0.17373666167259216,0.6740058660507202,0.4738479256629944,-0.0792897492647171,0.6318084001541138,0.46794986724853516,-0.07789982855319977,0.6912093162536621,0.5102383494377136,-0.07782356441020966,0.6092433333396912,0.5005786418914795,-0.07279554009437561,0.6727457642555237,0.5231531262397766,-0.14655956625938416,0.6238401532173157,0.5191705226898193,-0.12728548049926758,0.6669377088546753,0.5320063829421997,-0.16593441367149353,0.6265668272972107,0.5289590954780579,-0.14633485674858093,0.6642304062843323,0.5266470313072205,-0.1729036569595337,0.6275017857551575,0.5254772305488586,-0.15372534096240997,0.6656638383865356,0.5207996368408203,-0.1500227451324463,0.6269628405570984,0.5214002132415771,-0.1315491944551468,0.6587258577346802,0.5537300705909729,0.0024534647818654776,0.6359819769859314,0.5515075922012329,-0.002512351842597127,0.6660813093185425,0.6155734658241272,-0.028987452387809753,0.6355735063552856,0.6099594235420227,-0.07011372596025467,0.6584846377372742,0.6679874658584595,0.06975798308849335,0.6338076591491699,0.6704282164573669,0.011893740855157375,0.6518010497093201,0.6681913137435913,0.07609127461910248,0.6353511214256287,0.6787486672401428,0.017928147688508034,0.6592476963996887,0.6898471117019653,0.01823209971189499,0.6310497522354126,0.6910947561264038,-0.04480360448360443
frame_00076.jpg,0.6566331386566162,0.4539545178413391,-0.23003216087818146,0.6590753793716431,0.44696947932243347,-0.22308191657066345,0.6609169840812683,0.4467252492904663,-0.22321036458015442,0.6627025008201599,0.44648557901382446,-0.22318105399608612,0.6540310382843018,0.4462164342403412,-0.22326405346393585,0.6522485017776489,0.445547491312027,-0.22340551018714905,0.6506579518318176,0.44498252868652344,-0.22349262237548828,0.6656485795974731,0.4445039629936218,-0.16007588803768158,0.6491324305534363,0.44280946254730225,-0.1607290357351303,0.659368097782135,0.45777684450149536,-0.2030647099018097,0.6544116735458374,0.4577244520187378,-0.2041313201189041,0.6776033639907837,0.4708788990974426,-0.09870699793100357,0.634161114692688,0.46342435479164124,-0.0925474464893341,0.6932380795478821,0.508069634437561,-0.09854777902364731,0.6117480397224426,0.4937810003757477,-0.0759771317243576,0.6762334704399109,0.5196808576583862,-0.16537296772003174,0.622299075126648,0.5200221538543701,-0.12049895524978638,0.6697899103164673,0.5274398922920227,-0.18357722461223602,0.6244627237319946,0.5283030271530151,-0.1368941217660904,0.6696920990943909,0.5241487622261047,-0.19094902276992798,0.6252527236938477,0.5247524976730347,-0.14621086418628693,0.6705922484397888,0.520873486995697,-0.1688472181558609,0.6250598430633545,0.5213481783866882,-0.12519428133964539,0.6619887948036194,0.5451803207397461,0.0021809334866702557,0.6380897164344788,0.5440418720245361,-0.0022357169073075056,0.6712170839309692,0.5971018075942993,-0.06557738780975342,0.6317497491836548,0.5936529636383057,-0.12319878488779068,0.6679940223693848,0.6488888263702393,0.04301097244024277,0.636062741279602,0.6507489681243896,-0.02020050399005413,0.662285566329956,0.6600005030632019,0.0511954128742218,0.6397770643234253,0.6586087942123413,-0.012435179203748703,0.6766833066940308,0.6692893505096436,-0.020032808184623718,0.6309320330619812,0.6707901358604431,-0.08058282732963562
frame_00077.jpg,0.6581937074661255,0.4471617639064789,-0.18607546389102936,0.660839855670929,0.43851926922798157,-0.17885681986808777,0.6627869606018066,0.43839725852012634,-0.17898723483085632,0.6647709012031555,0.4382772445678711,-0.17897401750087738,0.6558228135108948,0.43774786591529846,-0.17820802330970764,0.6542632579803467,0.4373113214969635,-0.1783469021320343,0.6528781652450562,0.4369838535785675,-0.1784287989139557,0.6681970953941345,0.4384116530418396,-0.12050022184848785,0.6513605713844299,0.4370175004005432,-0.11754491180181503,0.6617118716239929,0.4521956741809845,-0.16111162304878235,0.6557742953300476,0.45188888907432556,-0.16105660796165466,0.6795798540115356,0.4702090322971344,-0.07302689552307129,0.6359553337097168,0.462949275970459,-0.06750132143497467,0.6945521235466003,0.5079838037490845,-0.07698655873537064,0.6130768060684204,0.49484407901763916,-0.04648866504430771,0.6777814030647278,0.5188790559768677,-0.1285933405160904,0.6236282587051392,0.5179504156112671,-0.10178481042385101,0.6719487309455872,0.5294554829597473,-0.14737839996814728,0.6283994317054749,0.5264091491699219,-0.11534546315670013,0.6701563596725464,0.5206480622291565,-0.15477608144283295,0.6312584280967712,0.5218470096588135,-0.12326303869485855,0.6714906096458435,0.5168530344963074,-0.13214966654777527,0.6307410001754761,0.5183179378509521,-0.10530625283718109,0.6647652983665466,0.5487443208694458,0.002124631777405739,0.639261782169342,0.5478842854499817,-0.0021776158828288317,0.672654926776886,0.6057818531990051,-0.035084404051303864,0.6411537528038025,0.5971882939338684,-0.04504335671663284,0.6696046590805054,0.6609487533569336,0.07434944808483124,0.644338846206665,0.6615960001945496,0.03816216066479683,0.6663011312484741,0.6688291430473328,0.08155305683612823,0.6458093523979187,0.674795925617218,0.04306364804506302,0.6741851568222046,0.679916501045227,0.018216097727417946,0.6409118175506592,0.6910583972930908,-0.0361073836684227
frame_00078.jpg,0.66087406873703,0.4448793828487396,-0.20748083293437958,0.6636979579925537,0.4363774061203003,-0.20018982887268066,0.6655670404434204,0.43624189496040344,-0.2003118246793747,0.667371392250061,0.43618476390838623,-0.2002888023853302,0.6588146090507507,0.43561604619026184,-0.19943399727344513,0.6573013663291931,0.43516525626182556,-0.19957412779331207,0.6559096574783325,0.4348289370536804,-0.19965393841266632,0.6703997850418091,0.43707433342933655,-0.14009688794612885,0.6541417837142944,0.43511343002319336,-0.13637757301330566,0.6636999249458313,0.45006120204925537,-0.18229836225509644,0.6586309671401978,0.449751079082489,-0.18207745254039764,0.6820684671401978,0.46833640336990356,-0.08504700660705566,0.6390272974967957,0.4604701101779938,-0.07447587698698044,0.6992188692092896,0.5046647191047668,-0.09184707701206207,0.6147161722183228,0.49216461181640625,-0.06357887387275696,0.6822896003723145,0.5126523375511169,-0.165603905916214,0.6306095123291016,0.5116906762123108,-0.12200536578893661,0.6754492521286011,0.521166205406189,-0.18571096658706665,0.633944571018219,0.5209861993789673,-0.140679270029068,0.6744067072868347,0.5139679312705994,-0.1921454668045044,0.6378379464149475,0.516240656375885,-0.14884333312511444,0.6759277582168579,0.5098183751106262,-0.16885438561439514,0.6362811326980591,0.5127208232879639,-0.12651203572750092,0.6671816110610962,0.5415766835212708,0.0012299276422709227,0.6415755748748779,0.5385286808013916,-0.0012857079273089767,0.6764969825744629,0.5968603491783142,-0.06487088650465012,0.6380936503410339,0.5897581577301025,-0.09876111149787903,0.674959659576416,0.6607178449630737,0.011414728127419949,0.6392703652381897,0.6539085507392883,-0.01863880828022957,0.6699168682098389,0.6672635674476624,0.014916581101715565,0.6418014168739319,0.6636276245117188,-0.013636065647006035,0.6793992519378662,0.6805230975151062,-0.05868063122034073,0.6347844004631042,0.6755563616752625,-0.08525928854942322
frame_00079.jpg,0.6617026329040527,0.43947961926460266,-0.17692144215106964,0.6647909879684448,0.4316902756690979,-0.16977766156196594,0.6667565703392029,0.4317156672477722,-0.16989965736865997,0.668563187122345,0.43179380893707275,-0.16988924145698547,0.6599872708320618,0.4309442937374115,-0.16853591799736023,0.6585620641708374,0.4306033253669739,-0.16866406798362732,0.6571906805038452,0.43036285042762756,-0.16873279213905334,0.6719545125961304,0.43335285782814026,-0.11860264837741852,0.6553680896759033,0.4314105808734894,-0.12674225866794586,0.6649641990661621,0.44520103931427,-0.15385481715202332,0.6597543954849243,0.44450682401657104,-0.15297284722328186,0.6831280589103699,0.46565744280815125,-0.07412000000476837,0.6412426233291626,0.4585253596305847,-0.05242998152971268,0.6999387741088867,0.501609742641449,-0.07503172010183334,0.6172451972961426,0.49009832739830017,-0.05055908113718033,0.6797859072685242,0.5128962397575378,-0.13707809150218964,0.6332330703735352,0.5093412399291992,-0.10952732712030411,0.6739009618759155,0.5219295024871826,-0.15647763013839722,0.6367243528366089,0.518945038318634,-0.1284475177526474,0.6721522808074951,0.5152073502540588,-0.16321593523025513,0.6407879590988159,0.5146108865737915,-0.13682809472084045,0.6744464635848999,0.5114019513130188,-0.14033636450767517,0.6392771005630493,0.510388970375061,-0.11440207809209824,0.669195294380188,0.5425536632537842,-0.002485875505954027,0.6437757611274719,0.5404748916625977,0.0023938464000821114,0.6782273054122925,0.601182758808136,-0.06280539929866791,0.6437360048294067,0.5984649062156677,-0.05612454563379288,0.6784297227859497,0.6578724980354309,0.010628065094351768,0.6512099504470825,0.6608007550239563,-0.0012781277764588594,0.6760419011116028,0.6629931926727295,0.014546791091561317,0.6550446152687073,0.669535756111145,0.005970195401459932,0.68134605884552,0.6785004734992981,-0.046799205243587494,0.6466091871261597,0.6807257533073425,-0.051738858222961426
frame_00080.jpg,0.6650745868682861,0.4407060444355011,-0.2032143622636795,0.6683715581893921,0.43247270584106445,-0.1962817907333374,0.6702564358711243,0.43231645226478577,-0.19641488790512085,0.6720026731491089,0.4323085844516754,-0.19641919434070587,0.6631757616996765,0.431876003742218,-0.19690464437007904,0.6615232229232788,0.4314003884792328,-0.19703781604766846,0.6600138545036316,0.4310343563556671,-0.1971139758825302,0.6736617088317871,0.4332081079483032,-0.13671408593654633,0.6578952670097351,0.4313816726207733,-0.13927201926708221,0.6681243777275085,0.44568002223968506,-0.17767256498336792,0.6627236604690552,0.44515669345855713,-0.17907008528709412,0.684515118598938,0.46205079555511475,-0.0812041312456131,0.6421721577644348,0.4571380317211151,-0.07502401620149612,0.7018586993217468,0.49507027864456177,-0.06964711844921112,0.6203704476356506,0.4893086850643158,-0.06682109832763672,0.6841315627098083,0.5102428793907166,-0.12850843369960785,0.6338100433349609,0.5095945000648499,-0.11718466132879257,0.6783653497695923,0.5189002752304077,-0.1462123692035675,0.6375095248222351,0.519067108631134,-0.13360625505447388,0.6760885119438171,0.5133308172225952,-0.15184295177459717,0.6414605379104614,0.5140670537948608,-0.14198818802833557,0.6779209971427917,0.5085743069648743,-0.13116112351417542,0.6397128105163574,0.5103967189788818,-0.12156309932470322,0.6731444001197815,0.5373483896255493,-0.0022526192478835583,0.6466488242149353,0.5386227965354919,0.0021595812868326902,0.6822248697280884,0.5933659076690674,-0.08995558321475983,0.6477910280227661,0.599618136882782,-0.04301835969090462,0.6846912503242493,0.6518733501434326,-0.02357124350965023,0.6591517925262451,0.6642338633537292,0.009913681074976921,0.6807212233543396,0.6617454290390015,-0.020536407828330994,0.6608474850654602,0.672236442565918,0.011966492980718613,0.6883138418197632,0.6769343018531799,-0.08692705631256104,0.6535753011703491,0.683082640171051,-0.045318543910980225
frame_00081.jpg,0.6682819724082947,0.44024085998535156,-0.20882520079612732,0.6712617874145508,0.4314224123954773,-0.20210635662078857,0.6730149388313293,0.4312885105609894,-0.20223262906074524,0.6745837330818176,0.4313949942588806,-0.20224156975746155,0.6662648320198059,0.4307956397533417,-0.20286235213279724,0.6644625067710876,0.43018272519111633,-0.20299653708934784,0.6627238988876343,0.429669052362442,-0.2030646800994873,0.6756939888000488,0.43185749650001526,-0.14189718663692474,0.6605584621429443,0.4291933476924896,-0.14398512244224548,0.6707286238670349,0.44463685154914856,-0.1828954517841339,0.6655967831611633,0.44450274109840393,-0.18440093100070953,0.6860403418540955,0.4587334990501404,-0.0845893993973732,0.6452793478965759,0.45384112000465393,-0.08031024038791656,0.7023978233337402,0.4925985634326935,-0.06961919367313385,0.6235554218292236,0.48495420813560486,-0.07409185916185379,0.6857179999351501,0.5101505517959595,-0.1274075210094452,0.6359571218490601,0.5068881511688232,-0.12581373751163483,0.6804187893867493,0.5215724110603333,-0.14480242133140564,0.6388435363769531,0.5164571404457092,-0.14174747467041016,0.6775439977645874,0.5125776529312134,-0.1526922881603241,0.6423251032829285,0.5122349858283997,-0.15051153302192688,0.6789075136184692,0.5093172192573547,-0.13095833361148834,0.6414235830307007,0.5084838271141052,-0.13025948405265808,0.6747056245803833,0.5315972566604614,-0.002223928924649954,0.6500864624977112,0.534230649471283,0.0021194627042859793,0.683210551738739,0.5830550789833069,-0.1313828080892563,0.6531836986541748,0.5992222428321838,-0.031038567423820496,0.6848567724227905,0.639216959476471,-0.06421763449907303,0.6630518436431885,0.6654407382011414,0.02785665914416313,0.6816554069519043,0.6500096917152405,-0.06094106286764145,0.6643418073654175,0.6744211912155151,0.029981549829244614,0.6898711919784546,0.665499746799469,-0.12764307856559753,0.6575185656547546,0.6851543188095093,-0.04253924638032913
frame_00082.jpg,0.665899395942688,0.4360537827014923,-0.21817965805530548,0.6686251163482666,0.42927980422973633,-0.21187779307365417,0.6701284646987915,0.42922964692115784,-0.21199962496757507,0.6714805364608765,0.42927876114845276,-0.21196940541267395,0.6643663644790649,0.42835521697998047,-0.21069300174713135,0.6629914045333862,0.42769768834114075,-0.21082322299480438,0.6616753339767456,0.4270801544189453,-0.21090149879455566,0.6735585331916809,0.4297736585140228,-0.15609754621982574,0.6603127717971802,0.426581472158432,-0.15075427293777466,0.6682682037353516,0.4407302737236023,-0.1945611834526062,0.6639956831932068,0.4406002461910248,-0.19384172558784485,0.6854734420776367,0.4562165439128876,-0.10355211794376373,0.6463117003440857,0.45024579763412476,-0.08786959201097488,0.703754186630249,0.4908530116081238,-0.10647332668304443,0.6244346499443054,0.48184147477149963,-0.07693207263946533,0.6855992674827576,0.5049694776535034,-0.1756337732076645,0.6356963515281677,0.5045477747917175,-0.1365591138601303,0.6807254552841187,0.5179622769355774,-0.1954425871372223,0.6386582851409912,0.5138119459152222,-0.1562138944864273,0.6768985986709595,0.5063878297805786,-0.20217809081077576,0.6417132019996643,0.5107614994049072,-0.16507931053638458,0.6793307065963745,0.5032125115394592,-0.17871160805225372,0.641322135925293,0.5062651634216309,-0.14158490300178528,0.6738246083259583,0.5254180431365967,-0.002135812770575285,0.6495248079299927,0.5236552357673645,0.00204539205878973,0.6831323504447937,0.5801286697387695,-0.07518405467271805,0.6470179557800293,0.5695810317993164,-0.11810018867254257,0.6844610571861267,0.6376010775566101,0.023556102067232132,0.6528069376945496,0.6114071607589722,0.009294779971241951,0.6820632219314575,0.6454908847808838,0.028896000236272812,0.6543683409690857,0.6152102947235107,0.020612850785255432,0.6887535452842712,0.6604928374290466,-0.04563121125102043,0.6481367945671082,0.6319255232810974,-0.04075291007757187
frame_00083.jpg,0.6658520102500916,0.43857812881469727,-0.25658145546913147,0.6692860126495361,0.43156951665878296,-0.2507619559764862,0.6708411574363708,0.43147212266921997,-0.250876784324646,0.6721833348274231,0.4314461350440979,-0.2508409023284912,0.6645796298980713,0.43052583932876587,-0.2501330077648163,0.6630581617355347,0.4296964704990387,-0.2502829134464264,0.6615830063819885,0.42892131209373474,-0.2503783106803894,0.6740288734436035,0.4311661720275879,-0.1901892125606537,0.6596118807792664,0.4276218116283417,-0.18787053227424622,0.6678466796875,0.4423806965351105,-0.2305552065372467,0.6632146239280701,0.44202136993408203,-0.23066990077495575,0.6854004859924316,0.4556523561477661,-0.12547290325164795,0.6447423696517944,0.4489586055278778,-0.11419651657342911,0.702660083770752,0.4888611137866974,-0.12271829694509506,0.6235727071762085,0.48199376463890076,-0.08955065906047821,0.684406042098999,0.5021846890449524,-0.18202072381973267,0.6357657313346863,0.50410395860672,-0.13350506126880646,0.6779165267944336,0.509243369102478,-0.19885355234146118,0.6388460993766785,0.5119229555130005,-0.15035781264305115,0.6759093999862671,0.5013614892959595,-0.20523250102996826,0.6422231793403625,0.5071305632591248,-0.15810413658618927,0.6780961155891418,0.49877694249153137,-0.1844823658466339,0.6419545412063599,0.5031693577766418,-0.13732090592384338,0.6737929582595825,0.522019624710083,-0.0020768081303685904,0.6489891409873962,0.5197302103042603,0.0019785871263593435,0.6823745965957642,0.5770296454429626,-0.06857870519161224,0.6461033225059509,0.5515367984771729,-0.16184313595294952,0.6836737394332886,0.6340790390968323,0.021586142480373383,0.650523841381073,0.5870054960250854,-0.04381731152534485,0.6817790269851685,0.6422433257102966,0.026306292042136192,0.6519715785980225,0.5933131575584412,-0.03346860036253929,0.6883670091629028,0.6568825244903564,-0.047753505408763885,0.6463353037834167,0.6195139288902283,-0.09356720000505447
frame_00084.jpg,0.6666451692581177,0.43967628479003906,-0.21728074550628662,0.6701034307479858,0.4325825870037079,-0.2122497856616974,0.671645998954773,0.4324841797351837,-0.21236905455589294,0.6729404926300049,0.43243953585624695,-0.21237388253211975,0.6649426221847534,0.4311388432979584,-0.21296913921833038,0.6630768775939941,0.43010514974594116,-0.2131093293428421,0.6613361835479736,0.42919352650642395,-0.21319666504859924,0.674008846282959,0.4318944811820984,-0.1572156846523285,0.658297061920166,0.42747724056243896,-0.15991762280464172,0.6684620380401611,0.4435630738735199,-0.19294202327728271,0.6629230976104736,0.44283968210220337,-0.19439853727817535,0.6835845708847046,0.45335862040519714,-0.10008237510919571,0.6433225274085999,0.44797566533088684,-0.09350331872701645,0.6985877752304077,0.48416852951049805,-0.05636277794837952,0.6260602474212646,0.4816926419734955,-0.0757034569978714,0.682256817817688,0.4970587193965912,-0.07070010900497437,0.6359495520591736,0.496023952960968,-0.10041745007038116,0.6780639886856079,0.507935643196106,-0.07951449602842331,0.6388058662414551,0.5009690523147583,-0.11054711043834686,0.676540195941925,0.5006579160690308,-0.08819282054901123,0.641291081905365,0.4954836070537567,-0.1164480596780777,0.6778690218925476,0.4978681802749634,-0.07351233810186386,0.6409263014793396,0.4928801357746124,-0.10272916406393051,0.674260139465332,0.5237518548965454,-0.0024365773424506187,0.6505715847015381,0.5248708128929138,0.0023294950369745493,0.6813643574714661,0.5723100304603577,-0.12600241601467133,0.653308629989624,0.5739732384681702,-0.03021320328116417,0.684851348400116,0.6310417056083679,-0.06413601338863373,0.6622183322906494,0.6467941403388977,0.005240056198090315,0.6838504076004028,0.6379353404045105,-0.06075504422187805,0.6655450463294983,0.6571364998817444,0.0018163438653573394,0.6895253658294678,0.656451940536499,-0.12019018828868866,0.6609793901443481,0.6699745655059814,-0.0852593258023262
frame_00085.jpg,0.6645233035087585,0.4358772933483124,-0.19971582293510437,0.6675194501876831,0.4303028881549835,-0.20227310061454773,0.668996274471283,0.4305853247642517,-0.20242714881896973,0.6703695058822632,0.4307565987110138,-0.20241253077983856,0.6626582741737366,0.4284823536872864,-0.20031729340553284,0.6609469652175903,0.42754217982292175,-0.2004794329404831,0.6594260931015015,0.4266743063926697,-0.2005893737077713,0.6717449426651001,0.4308356046676636,-0.1499239206314087,0.6570957899093628,0.4251444637775421,-0.14801178872585297,0.6667558550834656,0.4398033916950226,-0.18618634343147278,0.6613578796386719,0.438955157995224,-0.18375252187252045,0.6812216639518738,0.45174264907836914,-0.09861154854297638,0.6425780057907104,0.44277679920196533,-0.08888769894838333,0.6966222524642944,0.48063987493515015,-0.05810396000742912,0.6264117956161499,0.4708826243877411,-0.0331290140748024,0.6800621151924133,0.4989662766456604,-0.05920598655939102,0.6234339475631714,0.4911805987358093,-0.03430181369185448,0.675400972366333,0.5063043832778931,-0.06438525766134262,0.6212430000305176,0.4951193928718567,-0.038407109677791595,0.6735947132110596,0.4994582533836365,-0.07206191122531891,0.6218664050102234,0.4929879605770111,-0.04968202859163284,0.6751407980918884,0.4967544674873352,-0.06105151027441025,0.623779296875,0.4913040101528168,-0.038606785237789154,0.6712883710861206,0.5196447372436523,-0.007370993494987488,0.6486166715621948,0.5177680850028992,0.007272589020431042,0.6780716180801392,0.5716589093208313,-0.05103720352053642,0.6387324333190918,0.5653220415115356,-0.0053786542266607285,0.6813859343528748,0.6308772563934326,-0.029538441449403763,0.6485459208488464,0.6093040704727173,0.05803338438272476,0.6802794933319092,0.6394343972206116,-0.02992783486843109,0.6553763151168823,0.6158275604248047,0.06263820827007294,0.6852561235427856,0.6538400053977966,-0.08733009546995163,0.6400431990623474,0.6261447072029114,0.02269550785422325
frame_00086.jpg,0.6501175761222839,0.4334574043750763,-0.25559231638908386,0.6542779207229614,0.4267559051513672,-0.2507980763912201,0.6562178134918213,0.42673924565315247,-0.2509375810623169,0.6580449342727661,0.4267503023147583,-0.25094419717788696,0.6492342948913574,0.42608460783958435,-0.24902069568634033,0.6478831768035889,0.4255300462245941,-0.24916312098503113,0.6465946435928345,0.42492538690567017,-0.2492537945508957,0.6620885133743286,0.42750629782676697,-0.19162611663341522,0.6457769870758057,0.4241408407688141,-0.1830843836069107,0.6535990238189697,0.43824729323387146,-0.2299748957157135,0.6483084559440613,0.43810269236564636,-0.22823035717010498,0.675269603729248,0.45089250802993774,-0.12094457447528839,0.6322935819625854,0.4461626708507538,-0.11051972955465317,0.6942035555839539,0.479568213224411,-0.07513107359409332,0.6142158508300781,0.47660553455352783,-0.08964814990758896,0.675994336605072,0.49742862582206726,-0.09346000105142593,0.6253379583358765,0.4966850280761719,-0.131738543510437,0.6711732149124146,0.5075424313545227,-0.10473734140396118,0.621819794178009,0.501848578453064,-0.14680692553520203,0.6675917506217957,0.5021443963050842,-0.11288049072027206,0.62229984998703,0.49726495146751404,-0.15321239829063416,0.6697391271591187,0.4983067810535431,-0.09598267078399658,0.6274620294570923,0.496057391166687,-0.13503223657608032,0.6668236255645752,0.521568238735199,-0.006148932036012411,0.6428002715110779,0.5219510793685913,0.006060916464775801,0.6727662682533264,0.5732881426811218,-0.10661637783050537,0.6390231847763062,0.5689070224761963,-0.013316054828464985,0.6803823709487915,0.6296018958091736,-0.02299860306084156,0.6455135941505432,0.627204179763794,0.07466834783554077,0.6798760294914246,0.6380874514579773,-0.018242361024022102,0.6495720148086548,0.6360514760017395,0.08071872591972351,0.6830682754516602,0.6572738885879517,-0.08585311472415924,0.6404920220375061,0.6474311351776123,0.014796269126236439
frame_00087.jpg,0.6386175751686096,0.43482711911201477,-0.23310048878192902,0.6425061821937561,0.42793604731559753,-0.2287285327911377,0.6445081233978271,0.4279247224330902,-0.22886300086975098,0.6463912725448608,0.4279349148273468,-0.22886936366558075,0.6370806694030762,0.4268137216567993,-0.22704093158245087,0.6353346109390259,0.42605456709861755,-0.22718723118305206,0.6337379217147827,0.42529669404029846,-0.22727859020233154,0.6505171060562134,0.42829906940460205,-0.17324893176555634,0.6330332159996033,0.42476701736450195,-0.16532783210277557,0.6416351199150085,0.4396713376045227,-0.20843346416950226,0.6356894373893738,0.43934759497642517,-0.20701202750205994,0.6626235246658325,0.45122379064559937,-0.1065688282251358,0.6213492155075073,0.44777631759643555,-0.09640081226825714,0.6792569756507874,0.4766702353954315,-0.051510147750377655,0.6064788699150085,0.4786728024482727,-0.07251088321208954,0.6667738556861877,0.49595755338668823,-0.05237007141113281,0.6128379702568054,0.49691465497016907,-0.1014980673789978,0.66221684217453,0.5049421191215515,-0.05903414636850357,0.6131320595741272,0.5008798837661743,-0.1131293773651123,0.6585821509361267,0.5011774897575378,-0.0693339854478836,0.6138694286346436,0.496317982673645,-0.12106645107269287,0.6608695387840271,0.4979398846626282,-0.05517406389117241,0.61504727602005,0.494457870721817,-0.1053057461977005,0.6558883190155029,0.5216576457023621,-0.004133858717978001,0.6304435729980469,0.5227310657501221,0.004062765743583441,0.6617072224617004,0.5750350952148438,-0.0912177786231041,0.6336816549301147,0.5742858052253723,-0.02524145506322384,0.6673667430877686,0.6274864077568054,0.0072888098657131195,0.645061731338501,0.6418037414550781,0.04932092875242233,0.6671238541603088,0.6338688731193542,0.014521630480885506,0.6463214755058289,0.6488528847694397,0.054031483829021454,0.67116379737854,0.6553940176963806,-0.05153314024209976,0.640768826007843,0.6639509201049805,-0.010360208339989185
frame_00088.jpg,0.6269220113754272,0.4351433515548706,-0.22215402126312256,0.6305390000343323,0.4278304874897003,-0.2173985242843628,0.6325328946113586,0.4278566539287567,-0.2175282984972,0.6344385147094727,0.4279259145259857,-0.21752598881721497,0.62507164478302,0.42676326632499695,-0.21649721264839172,0.623309850692749,0.42610079050064087,-0.21663503348827362,0.6216756105422974,0.4254343807697296,-0.21671941876411438,0.6381105780601501,0.42829713225364685,-0.17097891867160797,0.6206887364387512,0.4252168536186218,-0.15458151698112488,0.6297722458839417,0.44032078981399536,-0.19837339222431183,0.623633623123169,0.4400908350944519,-0.19805647432804108,0.6502808928489685,0.4514857828617096,-0.0925905779004097,0.6073688268661499,0.44806423783302307,-0.092457614839077,0.666427731513977,0.475392609834671,-0.04186592996120453,0.5914126038551331,0.48009711503982544,-0.10237983614206314,0.6540029048919678,0.4955050051212311,-0.052577871829271317,0.6023546457290649,0.4945456087589264,-0.18429139256477356,0.6512241363525391,0.5070315599441528,-0.06164896488189697,0.6048929691314697,0.49666348099708557,-0.20580168068408966,0.6491418480873108,0.501816987991333,-0.07183754444122314,0.6063929796218872,0.48983234167099,-0.20961852371692657,0.6503658294677734,0.4984986186027527,-0.055860988795757294,0.6062322854995728,0.4883565604686737,-0.1878996193408966,0.6424155235290527,0.5236392021179199,-0.0007315059192478657,0.6168302297592163,0.5246927738189697,0.0006286100251600146,0.6483107805252075,0.574095606803894,-0.12090425193309784,0.6254903078079224,0.5895310044288635,-0.02355201169848442,0.6558261513710022,0.6255658268928528,-0.012362098321318626,0.6345140933990479,0.6582426428794861,0.04338786378502846,0.6554787158966064,0.631667971611023,-0.0035000666975975037,0.6379504203796387,0.6675388216972351,0.04675385728478432,0.6616369485855103,0.6547619700431824,-0.06994953751564026,0.6350410580635071,0.6801193356513977,-0.04107341542840004
frame_00089.jpg,0.6139490008354187,0.43641549348831177,-0.21953999996185303,0.6177445650100708,0.42852529883384705,-0.21405485272407532,0.6199933886528015,0.4285723865032196,-0.21418246626853943,0.6219424605369568,0.4286382496356964,-0.21418821811676025,0.611918568611145,0.4272611737251282,-0.21300384402275085,0.6101731061935425,0.42658185958862305,-0.21314454078674316,0.6085830926895142,0.425962895154953,-0.21323056519031525,0.6258167624473572,0.42898449301719666,-0.168677419424057,0.6075884103775024,0.42588862776756287,-0.1513916254043579,0.617326557636261,0.44101107120513916,-0.1949240267276764,0.6109230518341064,0.44123709201812744,-0.19444985687732697,0.6373656392097473,0.45252859592437744,-0.09007568657398224,0.5942479372024536,0.4501896798610687,-0.08315836638212204,0.6553212404251099,0.47847291827201843,-0.03585640713572502,0.57310950756073,0.4907829463481903,-0.06283629685640335,0.637168288230896,0.4974704086780548,-0.03901486471295357,0.5872845649719238,0.5025079250335693,-0.09651769697666168,0.6308729648590088,0.5079451203346252,-0.04656454175710678,0.5943467020988464,0.5076468586921692,-0.10918550193309784,0.6287791132926941,0.5051875710487366,-0.05539276450872421,0.5965375304222107,0.499644011259079,-0.11283117532730103,0.6303603649139404,0.5003622770309448,-0.04126512259244919,0.592934787273407,0.4981864392757416,-0.09843642264604568,0.6276488900184631,0.5248159170150757,-0.0022858791053295135,0.6036746501922607,0.5275280475616455,0.0021719171199947596,0.6314054727554321,0.5757537484169006,-0.12418428808450699,0.6067887544631958,0.5992334485054016,-0.017413508147001266,0.640485405921936,0.628261387348175,-0.01950966939330101,0.621076762676239,0.664470374584198,0.05366973206400871,0.6413134336471558,0.6333944797515869,-0.011007100343704224,0.6236163377761841,0.6689850687980652,0.058173906058073044,0.6415867209434509,0.657103955745697,-0.07252407819032669,0.6182736158370972,0.6857556104660034,-0.011101515032351017
frame_00090.jpg,0.6020974516868591,0.4374498128890991,-0.23618872463703156,0.6055344343185425,0.4285626709461212,-0.23038873076438904,0.6076295971870422,0.4286681115627289,-0.23051586747169495,0.6096280813217163,0.42894619703292847,-0.23053216934204102,0.60008704662323,0.42739561200141907,-0.22864727675914764,0.5984137058258057,0.4267406761646271,-0.22880122065544128,0.5968613028526306,0.4261215031147003,-0.22889339923858643,0.6132639646530151,0.4299624562263489,-0.17196893692016602,0.5966629385948181,0.42601993680000305,-0.16182805597782135,0.6054783463478088,0.4415854513645172,-0.2100401222705841,0.5993719696998596,0.4421077370643616,-0.2084910124540329,0.6244626045227051,0.4526306092739105,-0.1008874773979187,0.5849534273147583,0.45082923769950867,-0.08603575080633163,0.6428372859954834,0.48024025559425354,-0.04854954034090042,0.5694578289985657,0.48995527625083923,-0.05024641007184982,0.6266731023788452,0.5000157952308655,-0.06332607567310333,0.5739073753356934,0.5059758424758911,-0.0683911144733429,0.6224254965782166,0.5092993378639221,-0.07238156348466873,0.575072169303894,0.5105294585227966,-0.07736499607563019,0.6194061636924744,0.5077580213546753,-0.08146750926971436,0.5753127336502075,0.505372166633606,-0.08634614944458008,0.6212271451950073,0.5021328330039978,-0.0660364180803299,0.5757195353507996,0.503255307674408,-0.0720587968826294,0.6163791418075562,0.5255431532859802,-0.0038029204588383436,0.5928870439529419,0.5285741686820984,0.0036823484115302563,0.6199344396591187,0.5743921399116516,-0.13817325234413147,0.5990187525749207,0.6001093983650208,-0.015345348045229912,0.628945529460907,0.6248152256011963,-0.043334703892469406,0.6088192462921143,0.6727443337440491,0.04463771730661392,0.629533052444458,0.6288207173347473,-0.036544207483530045,0.6105028390884399,0.6803087592124939,0.04927480220794678,0.6334109902381897,0.6536893248558044,-0.10263955593109131,0.607063889503479,0.690798819065094,-0.028541143983602524
frame_00091.jpg,0.5934878587722778,0.4443311095237732,-0.24361488223075867,0.5971800088882446,0.43497714400291443,-0.23783640563488007,0.5992918610572815,0.4348164200782776,-0.23796863853931427,0.6012302041053772,0.43478360772132874,-0.2379792183637619,0.591690182685852,0.43377575278282166,-0.23656967282295227,0.5900954008102417,0.43292126059532166,-0.23672108352184296,0.5885828733444214,0.43213507533073425,-0.23682363331317902,0.6047574281692505,0.43466731905937195,-0.1781047284603119,0.5874858498573303,0.4306834638118744,-0.17146065831184387,0.5972119569778442,0.4475630819797516,-0.21737317740917206,0.5911799669265747,0.44850003719329834,-0.21644282341003418,0.6178865432739258,0.45713186264038086,-0.10557372868061066,0.5755611062049866,0.4552839696407318,-0.09734798967838287,0.6368029117584229,0.48485267162323,-0.048966653645038605,0.5579667687416077,0.4958685636520386,-0.05733801797032356,0.6184294819831848,0.5062370896339417,-0.04614802449941635,0.5703471899032593,0.512707531452179,-0.07815884053707123,0.6148217916488647,0.5218342542648315,-0.05245779827237129,0.574552595615387,0.5180357098579407,-0.08897661417722702,0.612537145614624,0.5159143805503845,-0.062221087515354156,0.5763349533081055,0.5130029916763306,-0.09587510675191879,0.6133197546005249,0.5093398690223694,-0.04862643778324127,0.5761740803718567,0.5103000998497009,-0.0810128003358841,0.608675479888916,0.5290330648422241,-0.003715202212333679,0.584487795829773,0.5346300005912781,0.003597063245251775,0.6128469705581665,0.5760108828544617,-0.1173488050699234,0.5895597338676453,0.6055232882499695,-0.010476253926753998,0.6225732564926147,0.6262535452842712,0.0019984508398920298,0.5946251749992371,0.670950710773468,0.05938264727592468,0.623285174369812,0.630109965801239,0.009914032183587551,0.5973299145698547,0.6798502802848816,0.06345061212778091,0.6244655251502991,0.6534824371337891,-0.05389762669801712,0.5957576036453247,0.6912165284156799,-0.010623494163155556
frame_00092.jpg,0.5878372192382812,0.45141732692718506,-0.27284640073776245,0.5920228362083435,0.4420861005783081,-0.26868101954460144,0.5941080451011658,0.44176873564720154,-0.2688158452510834,0.5959702730178833,0.44161176681518555,-0.268820583820343,0.5863295793533325,0.44158926606178284,-0.2674822509288788,0.584385097026825,0.44078025221824646,-0.2676308751106262,0.582568883895874,0.4397799074649811,-0.26772159337997437,0.5989776253700256,0.4411439597606659,-0.2101496160030365,0.5815288424491882,0.4381052851676941,-0.20395620167255402,0.5913386940956116,0.45462560653686523,-0.24662037193775177,0.5850834250450134,0.45543086528778076,-0.2457507848739624,0.6122027635574341,0.46291765570640564,-0.1362263709306717,0.5687547326087952,0.4609648287296295,-0.13006624579429626,0.6290953159332275,0.4901649057865143,-0.10067006200551987,0.5536836385726929,0.5012520551681519,-0.10747472941875458,0.6155885457992554,0.508983850479126,-0.12870360910892487,0.558659017086029,0.5161647200584412,-0.14869949221611023,0.6109615564346313,0.5260910987854004,-0.14123350381851196,0.5584813356399536,0.520020604133606,-0.16451601684093475,0.6073610186576843,0.5169385671615601,-0.15152114629745483,0.5586875081062317,0.51557457447052,-0.17388133704662323,0.609519898891449,0.5148150324821472,-0.13243961334228516,0.5601198077201843,0.5134478211402893,-0.15342244505882263,0.6015564203262329,0.5300832986831665,-0.0021960060112178326,0.5774451494216919,0.5367085933685303,0.002091996604576707,0.6089513897895813,0.5768020749092102,-0.10872135311365128,0.5839203596115112,0.604057252407074,-0.01758144423365593,0.6161049604415894,0.6279203295707703,0.008201775141060352,0.5861446857452393,0.6718670725822449,0.050395168364048004,0.6154335737228394,0.632563054561615,0.01626836508512497,0.5878841280937195,0.6816934943199158,0.054619498550891876,0.6173500418663025,0.6547872424125671,-0.050491273403167725,0.5900028347969055,0.6957475543022156,-0.02722451090812683
frame_00093.jpg,0.5844380259513855,0.45087289810180664,-0.2765994966030121,0.5881541967391968,0.44220513105392456,-0.2705843150615692,0.5904371738433838,0.4420486390590668,-0.2707284092903137,0.5923832058906555,0.44206830859184265,-0.27074915170669556,0.5814365744590759,0.4419528841972351,-0.2701849937438965,0.579073965549469,0.4414927363395691,-0.2703302204608917,0.5770262479782104,0.4408932030200958,-0.27043256163597107,0.5950702428817749,0.4425846338272095,-0.20959608256816864,0.5758599042892456,0.44068166613578796,-0.20671769976615906,0.5882339477539062,0.4558584988117218,-0.24995951354503632,0.5813220739364624,0.45711004734039307,-0.2500765919685364,0.607418954372406,0.46820324659347534,-0.13518455624580383,0.5630944967269897,0.46644267439842224,-0.1325797438621521,0.6240466833114624,0.4967263638973236,-0.0850592702627182,0.5477996468544006,0.5073638558387756,-0.09981612861156464,0.6098575592041016,0.5204392075538635,-0.1133212074637413,0.5582445859909058,0.5203608870506287,-0.1352829486131668,0.6055043339729309,0.5293548107147217,-0.12442652136087418,0.5628247261047363,0.5250943899154663,-0.14422449469566345,0.6032662987709045,0.5214310884475708,-0.14596571028232574,0.5635303258895874,0.5193573832511902,-0.1475066840648651,0.6040551066398621,0.5183867812156677,-0.11650592088699341,0.5636228322982788,0.5168535709381104,-0.15073262155056,0.5992063879966736,0.5322561860084534,-0.002180116716772318,0.5737640857696533,0.5381678342819214,0.002075446303933859,0.6019474267959595,0.5765702128410339,-0.14609774947166443,0.5778800249099731,0.6086222529411316,-0.01777503825724125,0.609894335269928,0.6234709024429321,-0.028653178364038467,0.5816769599914551,0.677665650844574,0.05285786837339401,0.6091839075088501,0.6264359354972839,-0.019353743642568588,0.5845166444778442,0.6881850957870483,0.0567268542945385,0.6118277311325073,0.6506461501121521,-0.08246830105781555,0.5775119066238403,0.7000672221183777,-0.021300114691257477
frame_00094.jpg,0.5798850655555725,0.4550166428089142,-0.2290908396244049,0.5829667448997498,0.4462704658508301,-0.22356179356575012,0.5849695205688477,0.4457893371582031,-0.2236890345811844,0.5867425203323364,0.44562387466430664,-0.2236887514591217,0.577206552028656,0.4459410607814789,-0.22219212353229523,0.5752917528152466,0.4454863667488098,-0.2223181277513504,0.5734750628471375,0.44493308663368225,-0.22239451110363007,0.589438796043396,0.4454704225063324,-0.16858889162540436,0.5720415711402893,0.4439932107925415,-0.16140465438365936,0.5831339955329895,0.45908844470977783,-0.20525720715522766,0.5774903893470764,0.4595858156681061,-0.20406433939933777,0.6022237539291382,0.46992090344429016,-0.11629705131053925,0.5600338578224182,0.46678513288497925,-0.10441412031650543,0.6210681796073914,0.4978305995464325,-0.08587093651294708,0.5430991053581238,0.5067732334136963,-0.10819888114929199,0.6042693257331848,0.5202370285987854,-0.12236906588077545,0.5511062741279602,0.52210533618927,-0.18400296568870544,0.6018253564834595,0.5351898670196533,-0.13610893487930298,0.5518712997436523,0.5266103148460388,-0.20439298450946808,0.5982746481895447,0.5250084400177002,-0.14547303318977356,0.5537646412849426,0.5207646489143372,-0.21007826924324036,0.59988933801651,0.5245845317840576,-0.12568973004817963,0.5547437071800232,0.5184718370437622,-0.18866679072380066,0.5943940281867981,0.5342798233032227,-0.0034502018243074417,0.5697479248046875,0.5393288731575012,0.003339728806167841,0.5976514220237732,0.5768241882324219,-0.13017454743385315,0.5688689351081848,0.6069164276123047,-0.020221982151269913,0.6035664677619934,0.6218184232711792,-0.021956373006105423,0.5707114338874817,0.665389358997345,0.05582192540168762,0.6036148071289062,0.6265047788619995,-0.013733768835663795,0.5734053254127502,0.674630880355835,0.0607076957821846,0.6044054627418518,0.6500228643417358,-0.07861218601465225,0.5666451454162598,0.6854037046432495,-0.007366492412984371
frame_00095.jpg,0.5779935121536255,0.45252445340156555,-0.19900016486644745,0.5804390907287598,0.4444030225276947,-0.19308744370937347,0.5821408033370972,0.44425851106643677,-0.19321821630001068,0.5837860107421875,0.44433462619781494,-0.1932176947593689,0.5754937529563904,0.443764328956604,-0.1915534883737564,0.5737635493278503,0.4433099031448364,-0.1916765421628952,0.5721468925476074,0.4428730905056,-0.19174429774284363,0.5862722992897034,0.44513460993766785,-0.13985368609428406,0.5708324313163757,0.4427172541618347,-0.13192054629325867,0.5808700323104858,0.4573691785335541,-0.1762903779745102,0.5754757523536682,0.45772626996040344,-0.17490172386169434,0.5984159708023071,0.46952083706855774,-0.09202852845191956,0.5570489168167114,0.4665321409702301,-0.07303936779499054,0.6171045303344727,0.49707847833633423,-0.08199028670787811,0.546429455280304,0.5059294104576111,-0.06794923543930054,0.605254054069519,0.5177591443061829,-0.1361854076385498,0.5457584261894226,0.5197678208351135,-0.16741825640201569,0.6034005284309387,0.530835747718811,-0.1528903841972351,0.5451285243034363,0.5241592526435852,-0.1768677830696106,0.6005666851997375,0.5220857262611389,-0.16145963966846466,0.5459174513816833,0.5192056894302368,-0.1696852743625641,0.5990210175514221,0.5227240920066833,-0.14002685248851776,0.5474261045455933,0.5171100497245789,-0.16756345331668854,0.589883029460907,0.538373589515686,-0.0047770338132977486,0.5665252804756165,0.5402763485908508,0.004663010127842426,0.5934857726097107,0.5832357406616211,-0.08030934631824493,0.5651534199714661,0.6050025820732117,-0.01803319714963436,0.5964707136154175,0.6274866461753845,0.014867519959807396,0.5656591057777405,0.6590625047683716,0.059154342859983444,0.5976956486701965,0.6373052597045898,0.02171742171049118,0.5682350993156433,0.6670154929161072,0.06455199420452118,0.5997530817985535,0.6514463424682617,-0.03298400714993477,0.560518741607666,0.6791156530380249,0.006974387913942337
frame_00096.jpg,0.5730904340744019,0.45256805419921875,-0.19685420393943787,0.5762977004051208,0.44444602727890015,-0.1899292916059494,0.5781978368759155,0.4444275498390198,-0.1900636851787567,0.5799713134765625,0.4445621371269226,-0.19005407392978668,0.5705639123916626,0.44368404150009155,-0.18848498165607452,0.5689922571182251,0.4432913362979889,-0.18860456347465515,0.5675434470176697,0.44293686747550964,-0.18865478038787842,0.5824586153030396,0.44607293605804443,-0.1324150413274765,0.5666297078132629,0.44344234466552734,-0.1252535879611969,0.575326144695282,0.4577365219593048,-0.17286831140518188,0.570231556892395,0.45809105038642883,-0.17171409726142883,0.5946871042251587,0.46922585368156433,-0.0833897516131401,0.5551424026489258,0.4677339494228363,-0.06580796092748642,0.6126973628997803,0.4933847486972809,-0.08014216274023056,0.543926477432251,0.5026535987854004,-0.06322086602449417,0.6119471192359924,0.5164613723754883,-0.14860694110393524,0.5342004895210266,0.5183367133140564,-0.13992245495319366,0.6117038130760193,0.5221929550170898,-0.16648322343826294,0.5302632451057434,0.523037314414978,-0.1527843177318573,0.6074860692024231,0.5208278298377991,-0.17868511378765106,0.5308424234390259,0.5190327167510986,-0.16078057885169983,0.606399655342102,0.5206847786903381,-0.1543983370065689,0.5337217450141907,0.5177457332611084,-0.1424231082201004,0.5882936716079712,0.5396711826324463,-0.004639988765120506,0.5642799735069275,0.5421617031097412,0.004528517834842205,0.5937048196792603,0.5852592587471008,-0.06116058677434921,0.5575846433639526,0.5933295488357544,-0.04521728307008743,0.5957611799240112,0.6201744675636292,0.0727245956659317,0.5597839951515198,0.6501753330230713,0.021290820091962814,0.597622811794281,0.6302794218063354,0.08360181003808975,0.5627726316452026,0.6570844054222107,0.02556053176522255,0.6005134582519531,0.6411246657371521,0.04162886366248131,0.5532053709030151,0.6738242506980896,-0.028853192925453186
frame_00097.jpg,0.5717600584030151,0.455446720123291,-0.2432950735092163,0.5748471021652222,0.4461323022842407,-0.23537859320640564,0.5771188139915466,0.44597068428993225,-0.23551180958747864,0.5792329907417297,0.44600650668144226,-0.23549315333366394,0.5681043267250061,0.4465811550617218,-0.23509669303894043,0.5659509897232056,0.44666606187820435,-0.23522618412971497,0.5639357566833496,0.4467020034790039,-0.2353026568889618,0.5823873281478882,0.4473237693309784,-0.16736403107643127,0.5614408254623413,0.4472319781780243,-0.16563621163368225,0.5754492878913879,0.460178405046463,-0.2148868590593338,0.5686780214309692,0.46126875281333923,-0.2151220142841339,0.5939082503318787,0.47017309069633484,-0.10046949237585068,0.5510936975479126,0.4727846384048462,-0.08877788484096527,0.6116460561752319,0.4957304298877716,-0.08579116314649582,0.5369077920913696,0.5066220760345459,-0.06392604857683182,0.6011599898338318,0.5170048475265503,-0.12991906702518463,0.5431639552116394,0.5228464603424072,-0.09126103669404984,0.6002048254013062,0.5280341506004333,-0.14390861988067627,0.5435878038406372,0.5279048681259155,-0.10339774936437607,0.5964938402175903,0.5231156945228577,-0.15335538983345032,0.5455447435379028,0.5229799747467041,-0.11216338723897934,0.5964008569717407,0.5190668702125549,-0.13366036117076874,0.5464047193527222,0.520893931388855,-0.09495504945516586,0.5869807004928589,0.5409615635871887,-0.0045175617560744286,0.5616633296012878,0.5445353388786316,0.00441094022244215,0.5924478769302368,0.5966215133666992,-0.05177275091409683,0.5548626184463501,0.5944836139678955,-0.04384529963135719,0.587057888507843,0.6512019634246826,0.04020506516098976,0.5569443106651306,0.6524515748023987,0.027450580149888992,0.5846903920173645,0.6592509150505066,0.04618937522172928,0.5609204173088074,0.6574506163597107,0.031840384006500244,0.5863030552864075,0.6731210947036743,-0.01319052092730999,0.5489909648895264,0.675609290599823,-0.028889771550893784
frame_00098.jpg,0.567609429359436,0.454685240983963,-0.1987282931804657,0.5714808106422424,0.4461885988712311,-0.1899634450674057,0.5736269354820251,0.44612357020378113,-0.19008003175258636,0.5755993127822876,0.4461979269981384,-0.19006918370723724,0.5649111866950989,0.44655153155326843,-0.18963678181171417,0.562819242477417,0.4467923045158386,-0.1897393763065338,0.5611276030540466,0.4470047950744629,-0.18978165090084076,0.5780438184738159,0.44814005494117737,-0.12930642068386078,0.5594907999038696,0.4486793279647827,-0.12679900228977203,0.5708640217781067,0.46028226613998413,-0.17409980297088623,0.5644109845161438,0.46126416325569153,-0.1742440015077591,0.589149534702301,0.4717543423175812,-0.08171592652797699,0.5485897660255432,0.4760245382785797,-0.06874589622020721,0.6059454679489136,0.49562889337539673,-0.08433053642511368,0.5389391779899597,0.5055307745933533,-0.05494890734553337,0.6056568026542664,0.5176450610160828,-0.13327881693840027,0.531238853931427,0.5233520865440369,-0.09322085976600647,0.6042453050613403,0.5248029828071594,-0.14775601029396057,0.5278787016868591,0.5271309614181519,-0.1056123599410057,0.6019021272659302,0.5227323770523071,-0.1579473614692688,0.5288668274879456,0.5246794819831848,-0.11724819242954254,0.6001139283180237,0.5180903077125549,-0.1379421502351761,0.5318686366081238,0.5238101482391357,-0.09904330968856812,0.5854958891868591,0.5401453375816345,-0.004020840860903263,0.5606619119644165,0.5456406474113464,0.003913085907697678,0.593384325504303,0.581658124923706,-0.07346995174884796,0.5520821809768677,0.5924931764602661,-0.04997355490922928,0.5914883613586426,0.6181520819664001,0.03022022172808647,0.5557176470756531,0.6538177132606506,0.006499847862869501,0.5899356007575989,0.6230570673942566,0.038242634385824203,0.5612936019897461,0.660099446773529,0.009790053591132164,0.5928297638893127,0.6464831233024597,-0.0052975816652178764,0.550251841545105,0.6766119003295898,-0.044256843626499176
frame_00099.jpg,0.5664681196212769,0.46042782068252563,-0.1501140147447586,0.5697735548019409,0.4512151777744293,-0.1426137387752533,0.5719935297966003,0.4510241150856018,-0.14270618557929993,0.5739864110946655,0.4509980082511902,-0.14269573986530304,0.5635865926742554,0.45106062293052673,-0.14109453558921814,0.5615247488021851,0.45096901059150696,-0.14120259881019592,0.5596879124641418,0.4509528875350952,-0.1412443220615387,0.5776273012161255,0.4525800347328186,-0.08897556364536285,0.558095395565033,0.45193353295326233,-0.08140964806079865,0.5698339939117432,0.46547847986221313,-0.1280319094657898,0.5634506940841675,0.4664788842201233,-0.12668567895889282,0.5895332098007202,0.4754665791988373,-0.05060955137014389,0.5486564636230469,0.47826001048088074,-0.0335373617708683,0.611396312713623,0.5035809874534607,-0.06215094402432442,0.535719096660614,0.51036137342453,-0.0442192442715168,0.5993962287902832,0.5195518136024475,-0.12644578516483307,0.5383751392364502,0.5261315107345581,-0.10343833267688751,0.5992301106452942,0.5307372212409973,-0.14257313311100006,0.537905752658844,0.5309511423110962,-0.11700620502233505,0.5952996611595154,0.5245262384414673,-0.14937326312065125,0.5391441583633423,0.5263859033584595,-0.12692759931087494,0.594303548336029,0.5193898677825928,-0.12992262840270996,0.5405800342559814,0.5247450470924377,-0.10846328735351562,0.5849561095237732,0.5461181998252869,-0.004559377208352089,0.5589894652366638,0.5513250827789307,0.004429853055626154,0.5912261009216309,0.5710936784744263,-0.12852594256401062,0.5504535436630249,0.6011922359466553,-0.04542781412601471,0.5911788940429688,0.6223337054252625,-0.046748168766498566,0.5551800727844238,0.6604700684547424,0.021928776055574417,0.5896630883216858,0.6279935240745544,-0.040471483021974564,0.558685302734375,0.6662574410438538,0.02637980878353119,0.5905187726020813,0.6488326787948608,-0.08810219913721085,0.5507025122642517,0.6860789060592651,-0.03238504379987717
frame_00100.jpg,0.5639493465423584,0.4588187336921692,-0.1666700690984726,0.5676007270812988,0.4506773352622986,-0.16074484586715698,0.5698791742324829,0.45056483149528503,-0.16084696352481842,0.5718973278999329,0.4505590796470642,-0.16083791851997375,0.5616759657859802,0.4507484436035156,-0.15830835700035095,0.5599958300590515,0.45080503821372986,-0.15841621160507202,0.5585705041885376,0.45085984468460083,-0.15846368670463562,0.5757559537887573,0.45263567566871643,-0.11289362609386444,0.5588080286979675,0.45226287841796875,-0.10143836587667465,0.5682357549667358,0.4646523594856262,-0.1467839777469635,0.5618430972099304,0.465383917093277,-0.14425060153007507,0.588813841342926,0.4776758551597595,-0.0725584477186203,0.5480118989944458,0.4795979857444763,-0.05226699262857437,0.6098335981369019,0.5067848563194275,-0.08138224482536316,0.5342520475387573,0.5134743452072144,-0.055014509707689285,0.5961278676986694,0.5214884281158447,-0.14372755587100983,0.5374823808670044,0.5308240056037903,-0.12280265986919403,0.5945184230804443,0.534924328327179,-0.16092076897621155,0.5369225740432739,0.536202609539032,-0.13890722393989563,0.5904335975646973,0.5274449586868286,-0.16606059670448303,0.5383808016777039,0.5317911505699158,-0.146694153547287,0.5906949639320374,0.5244072079658508,-0.14642523229122162,0.5398726463317871,0.5297306776046753,-0.12775996327400208,0.5832921862602234,0.5442162156105042,-0.005259077064692974,0.5581891536712646,0.5494803786277771,0.005135189276188612,0.5888878107070923,0.5676631927490234,-0.13023430109024048,0.5471838712692261,0.5973260998725891,-0.050164561718702316,0.5905407667160034,0.6146087050437927,-0.04720501974225044,0.55435711145401,0.6543222665786743,0.020356375724077225,0.5890387296676636,0.6207512617111206,-0.040970806032419205,0.5580451488494873,0.6608129739761353,0.025362441316246986,0.5929036140441895,0.6384196877479553,-0.09159745275974274,0.551200270652771,0.6790109872817993,-0.030165936797857285
frame_00101.jpg,0.5625903010368347,0.4606662392616272,-0.18736161291599274,0.5660789012908936,0.45279738306999207,-0.18118605017662048,0.5683409571647644,0.45261895656585693,-0.1812996119260788,0.5705050826072693,0.45262929797172546,-0.1812954992055893,0.5604694485664368,0.45294368267059326,-0.17929968237876892,0.55889493227005,0.45268210768699646,-0.1794184148311615,0.5575898289680481,0.4526691734790802,-0.1794799268245697,0.5740341544151306,0.45441892743110657,-0.12796030938625336,0.5575640797615051,0.45371630787849426,-0.11920414119958878,0.5665155649185181,0.4662371277809143,-0.16514359414577484,0.5610408186912537,0.4664551317691803,-0.16332745552062988,0.5858368873596191,0.479510098695755,-0.07523348182439804,0.5478503704071045,0.48057809472084045,-0.06203277036547661,0.6047882437705994,0.5091273784637451,-0.08139139413833618,0.5359722375869751,0.5119098424911499,-0.046235550194978714,0.6003913879394531,0.5300306677818298,-0.1323922574520111,0.5281209349632263,0.5318546891212463,-0.08453916013240814,0.5993044972419739,0.5378724932670593,-0.14823795855045319,0.5255786180496216,0.5374402403831482,-0.09572545439004898,0.595714807510376,0.5315482020378113,-0.1550140082836151,0.5259626507759094,0.5362759828567505,-0.10835437476634979,0.5952394604682922,0.5291721224784851,-0.1355471909046173,0.528369665145874,0.5331682562828064,-0.09086842834949493,0.5791527032852173,0.5500085353851318,-0.006059275008738041,0.556230366230011,0.5529323816299438,0.005944809410721064,0.5885627269744873,0.5899782776832581,-0.07203312963247299,0.5479236841201782,0.610877275466919,-0.03485485166311264,0.5875318646430969,0.6446536779403687,-0.004491322673857212,0.5503771305084229,0.6698281168937683,0.021334853023290634,0.5859934091567993,0.6513825058937073,-0.0021134940907359123,0.5541659593582153,0.678983747959137,0.024649498984217644,0.5864502787590027,0.6682536602020264,-0.04737881198525429,0.5419841408729553,0.690975546836853,-0.028430918231606483
frame_00102.jpg,0.5615578293800354,0.45978376269340515,-0.19141885638237,0.5650757551193237,0.452049195766449,-0.18474651873111725,0.5674545764923096,0.4520101249217987,-0.18485450744628906,0.5696114301681519,0.45209676027297974,-0.18485556542873383,0.5590596795082092,0.4520699679851532,-0.18243461847305298,0.5575441122055054,0.45196613669395447,-0.182551771402359,0.556267499923706,0.45191213488578796,-0.18261095881462097,0.5732029676437378,0.45391467213630676,-0.13097268342971802,0.5567554235458374,0.4530262351036072,-0.1192770004272461,0.5657992362976074,0.4656074345111847,-0.16901153326034546,0.5600265860557556,0.46569696068763733,-0.16659700870513916,0.5849596858024597,0.48103097081184387,-0.07814332842826843,0.547193169593811,0.4818980097770691,-0.06186118721961975,0.6055347919464111,0.5115386247634888,-0.08601536601781845,0.5343652963638306,0.513392448425293,-0.05193713307380676,0.5975085496902466,0.53367680311203,-0.14431819319725037,0.5285733938217163,0.5331971049308777,-0.09472391754388809,0.5953150987625122,0.541617751121521,-0.16128423810005188,0.5280050039291382,0.5377743244171143,-0.1057269349694252,0.5917791724205017,0.5351200699806213,-0.168997123837471,0.527702808380127,0.5354272723197937,-0.11344220489263535,0.5916690230369568,0.532486081123352,-0.14799585938453674,0.528756320476532,0.5340966582298279,-0.09688388556241989,0.5777270197868347,0.5509699583053589,-0.0074839419685304165,0.554889976978302,0.5543129444122314,0.0073515428230166435,0.5873237252235413,0.5872402191162109,-0.11789596080780029,0.5459674000740051,0.614010214805603,-0.03481469675898552,0.5860277414321899,0.6391874551773071,-0.025587011128664017,0.5503339171409607,0.6758993864059448,0.02331191673874855,0.584479570388794,0.6454535722732544,-0.018855709582567215,0.5542982220649719,0.6854326725006104,0.02685001865029335,0.5851041078567505,0.6637437343597412,-0.06643976271152496,0.5418866872787476,0.6963719725608826,-0.028525933623313904
frame_00103.jpg,0.5615619421005249,0.46034446358680725,-0.20063510537147522,0.5650165677070618,0.45299777388572693,-0.19447946548461914,0.5671554803848267,0.45295047760009766,-0.1945980042219162,0.5691033005714417,0.4529779553413391,-0.19459566473960876,0.559593915939331,0.45283907651901245,-0.1916825771331787,0.5581965446472168,0.4526771008968353,-0.19179093837738037,0.557032585144043,0.4525158703327179,-0.1918363720178604,0.572638750076294,0.454421728849411,-0.14212262630462646,0.5577413439750671,0.4533091187477112,-0.12852032482624054,0.5652561187744141,0.4657391607761383,-0.17882779240608215,0.5601338148117065,0.4657077491283417,-0.17583492398262024,0.585526704788208,0.4807977080345154,-0.09430426359176636,0.5473134517669678,0.4816255569458008,-0.0707835778594017,0.6073131561279297,0.5099189281463623,-0.09351462125778198,0.5336408615112305,0.5137577652931213,-0.061239778995513916,0.5939268469810486,0.5302174091339111,-0.15022431313991547,0.52733314037323,0.5345057845115662,-0.11667493730783463,0.5904431343078613,0.539756715297699,-0.16735780239105225,0.5244685411453247,0.5396520495414734,-0.1325477808713913,0.5862839221954346,0.5356851816177368,-0.17447565495967865,0.5251880884170532,0.5375884771347046,-0.14452026784420013,0.5872666239738464,0.5301021337509155,-0.15340134501457214,0.5282080173492432,0.5362619161605835,-0.12283829599618912,0.5775166153907776,0.5501872897148132,-0.006027785129845142,0.5540798902511597,0.5543591976165771,0.005906549282371998,0.5906726121902466,0.5941952466964722,-0.07568396627902985,0.543815016746521,0.6129974126815796,-0.03959309309720993,0.5887753963470459,0.6379525065422058,0.03508477285504341,0.5487160086631775,0.6732447147369385,0.023521458730101585,0.5865713953971863,0.6433209776878357,0.043768901377916336,0.5523082613945007,0.6820633411407471,0.02756441757082939,0.5901254415512085,0.6616290807723999,-0.0001388532400596887,0.5426298379898071,0.694421112537384,-0.02800142765045166
frame_00104.jpg,0.5622106790542603,0.460357129573822,-0.22018273174762726,0.56546550989151,0.45276352763175964,-0.21375152468681335,0.5677637457847595,0.4528225064277649,-0.21386978030204773,0.5697940587997437,0.4529303014278412,-0.21386678516864777,0.5597566962242126,0.45250797271728516,-0.21174366772174835,0.5583760142326355,0.45240670442581177,-0.21185770630836487,0.5572441816329956,0.4523019790649414,-0.21190667152404785,0.5728806257247925,0.4545401632785797,-0.1575809121131897,0.5580206513404846,0.45348280668258667,-0.1474224030971527,0.5660532712936401,0.4656667709350586,-0.1965942233800888,0.5610026717185974,0.4656800329685211,-0.1945391297340393,0.5859078764915466,0.48075947165489197,-0.10333206504583359,0.5466309785842896,0.48301488161087036,-0.08768467605113983,0.6083460450172424,0.509590744972229,-0.10286098718643188,0.5308595299720764,0.519972026348114,-0.07825127989053726,0.5937947034835815,0.5293803811073303,-0.16976450383663177,0.5308482646942139,0.543045163154602,-0.13665516674518585,0.5914188623428345,0.5392881035804749,-0.18940284848213196,0.5314646363258362,0.5533471703529358,-0.1552138477563858,0.5861285924911499,0.5341721773147583,-0.1973239928483963,0.5327339768409729,0.5504680275917053,-0.16686038672924042,0.5875173807144165,0.5296522974967957,-0.17350009083747864,0.5347591042518616,0.5475466847419739,-0.14286750555038452,0.5768052339553833,0.551377534866333,-0.0024802815169095993,0.5530704855918884,0.5567950010299683,0.002367295091971755,0.5923004746437073,0.598626434803009,-0.06558695435523987,0.5451449155807495,0.615203857421875,-0.04902005195617676,0.5874590873718262,0.643567681312561,0.056695688515901566,0.5486260056495667,0.6798916459083557,0.013351701200008392,0.5844519138336182,0.6481724977493286,0.06634390354156494,0.5516287088394165,0.6891087889671326,0.01705561764538288,0.5891110897064209,0.6676811575889587,0.01980181410908699,0.5435458421707153,0.7018238306045532,-0.0439433790743351
frame_00105.jpg,0.5580160021781921,0.46009892225265503,-0.19888727366924286,0.5618557929992676,0.4521186947822571,-0.19473955035209656,0.5640252828598022,0.4522366523742676,-0.19485709071159363,0.5661067962646484,0.4524441063404083,-0.19484840333461761,0.5575069785118103,0.4518418610095978,-0.18956488370895386,0.5566839575767517,0.45173174142837524,-0.18968217074871063,0.5559445023536682,0.45162004232406616,-0.18972964584827423,0.5708646178245544,0.4547381103038788,-0.153993159532547,0.5582872629165649,0.45316600799560547,-0.12637273967266083,0.5623143911361694,0.46512117981910706,-0.1804378479719162,0.5581716299057007,0.4651932418346405,-0.1739775836467743,0.5852460861206055,0.48119020462036133,-0.0986083447933197,0.5469992160797119,0.48328596353530884,-0.07335297763347626,0.6077011823654175,0.5093739032745361,-0.10208145529031754,0.5309229493141174,0.5203554630279541,-0.07220916450023651,0.5960160493850708,0.5289658308029175,-0.1734195351600647,0.5331165790557861,0.5458187460899353,-0.14293143153190613,0.5930489301681519,0.5380156636238098,-0.19469477236270905,0.5330792665481567,0.5536245703697205,-0.1638631522655487,0.5890988111495972,0.5325381755828857,-0.20319239795207977,0.5350638031959534,0.5506226420402527,-0.17490652203559875,0.5895309448242188,0.5287095904350281,-0.1776064932346344,0.5366064310073853,0.5477928519248962,-0.14960303902626038,0.5763212442398071,0.5517643690109253,-0.003277344163507223,0.5528802275657654,0.5572671294212341,0.003164322581142187,0.5908817052841187,0.6050704717636108,-0.07520926743745804,0.5446709990501404,0.6165722012519836,-0.045421987771987915,0.5883381366729736,0.6595875024795532,0.029378751292824745,0.5491166710853577,0.6808692216873169,0.023289591073989868,0.5859082341194153,0.6659424901008606,0.042623553425073624,0.5524245500564575,0.6893985867500305,0.02800820767879486,0.5893478989601135,0.6829783916473389,-0.022326532751321793,0.5431700944900513,0.7027877569198608,-0.03297310695052147
frame_00106.jpg,0.5575181841850281,0.4596979320049286,-0.19430778920650482,0.5618411898612976,0.4517207443714142,-0.1903580129146576,0.5641182661056519,0.45182710886001587,-0.1904773712158203,0.566142201423645,0.4520593583583832,-0.19047632813453674,0.5567867159843445,0.45163261890411377,-0.1850719153881073,0.5557613372802734,0.4515152871608734,-0.18518735468387604,0.5548719167709351,0.45141491293907166,-0.18523931503295898,0.5706979632377625,0.4544523358345032,-0.14954908192157745,0.5574683547019958,0.45267096161842346,-0.12276209890842438,0.562031090259552,0.4647793769836426,-0.1762687861919403,0.5568400025367737,0.4650534689426422,-0.16967767477035522,0.5843106508255005,0.4823806881904602,-0.09952139109373093,0.5466260313987732,0.4845024347305298,-0.06943853944540024,0.6071473956108093,0.5132958889007568,-0.10674642026424408,0.5305926203727722,0.5221062898635864,-0.0712931901216507,0.5909572839736938,0.5303212404251099,-0.17263345420360565,0.5331507325172424,0.5467754006385803,-0.14514155685901642,0.5875535011291504,0.5387670397758484,-0.19346819818019867,0.5328150987625122,0.5538635849952698,-0.16566899418830872,0.583854079246521,0.5327816605567932,-0.20039761066436768,0.5349935293197632,0.5505338907241821,-0.17665088176727295,0.5847592949867249,0.5293789505958557,-0.17606113851070404,0.5362693071365356,0.5477998852729797,-0.1518707126379013,0.5760135650634766,0.5534717440605164,-0.0041536083444952965,0.5527048707008362,0.55704665184021,0.004044325090944767,0.588305652141571,0.6101152300834656,-0.07583075016736984,0.5466699004173279,0.6196128129959106,-0.043926775455474854,0.5833203196525574,0.6746368408203125,-0.010484544560313225,0.5502043962478638,0.6847926378250122,0.02154185064136982,0.5801209211349487,0.683140754699707,-0.007815771736204624,0.5529965162277222,0.6935917735099792,0.025215793401002884,0.5852248072624207,0.6983196139335632,-0.07293660193681717,0.5452882051467896,0.7058824300765991,-0.03502572327852249
frame_00107.jpg,0.558127224445343,0.4594382345676422,-0.2033383846282959,0.5625405311584473,0.45146843791007996,-0.19624656438827515,0.5649654269218445,0.45161277055740356,-0.1963370144367218,0.5671563148498535,0.4518614411354065,-0.1963309496641159,0.5569856762886047,0.451306015253067,-0.1930711567401886,0.5558360815048218,0.45117756724357605,-0.193189337849617,0.5548313856124878,0.4510647654533386,-0.19322487711906433,0.5711012482643127,0.4544040560722351,-0.14764486253261566,0.5569595098495483,0.45287829637527466,-0.12779423594474792,0.5629419684410095,0.4648200273513794,-0.1818648874759674,0.5569583177566528,0.46478399634361267,-0.17813198268413544,0.5845730900764465,0.48323342204093933,-0.0944535881280899,0.5455945730209351,0.4865304231643677,-0.08271227777004242,0.6069059371948242,0.514464795589447,-0.10366830974817276,0.5292226076126099,0.5274199843406677,-0.0934673398733139,0.5897108912467957,0.5316713452339172,-0.183700829744339,0.5393761396408081,0.5669801831245422,-0.16501107811927795,0.5859363675117493,0.5392738580703735,-0.20658347010612488,0.5417486429214478,0.5820891857147217,-0.18700549006462097,0.581863522529602,0.5332378149032593,-0.21405275166034698,0.5462273359298706,0.577601432800293,-0.19579458236694336,0.5836483240127563,0.5304076075553894,-0.1877930462360382,0.5462108850479126,0.5713819861412048,-0.1700897514820099,0.5759792327880859,0.5543209910392761,-0.0026050438173115253,0.5517470836639404,0.5586255192756653,0.002448939485475421,0.5880345106124878,0.5697258710861206,-0.18409836292266846,0.5442986488342285,0.6178088784217834,-0.06952110677957535,0.5830397009849548,0.6700913310050964,-0.10142192989587784,0.5456236600875854,0.6829671263694763,0.007761348970234394,0.5791662931442261,0.678099513053894,-0.0963282436132431,0.5475794672966003,0.6945415139198303,0.012136081233620644,0.5849136114120483,0.6846252679824829,-0.16429099440574646,0.5402747392654419,0.7089334726333618,-0.05921081826090813
frame_00108.jpg,0.5588250160217285,0.4679736793041229,-0.2255898267030716,0.5644737482070923,0.45996811985969543,-0.21627230942249298,0.5668736696243286,0.459940642118454,-0.21637940406799316,0.5690404176712036,0.4599032998085022,-0.21638381481170654,0.5590652823448181,0.4588642418384552,-0.21811456978321075,0.5577977895736694,0.4583917260169983,-0.2182159721851349,0.5565696358680725,0.4580540359020233,-0.21824565529823303,0.5724813938140869,0.4607442319393158,-0.14820894598960876,0.5559869408607483,0.45894840359687805,-0.15226535499095917,0.5648166537284851,0.4726022481918335,-0.19648343324661255,0.5591612458229065,0.4729025959968567,-0.19900104403495789,0.5843320488929749,0.48410502076148987,-0.08751042932271957,0.5422793626785278,0.4917934536933899,-0.09312355518341064,0.6067711710929871,0.5164703130722046,-0.09943421185016632,0.5289625525474548,0.5351617932319641,-0.10717390477657318,0.5897494554519653,0.5325247645378113,-0.19084197282791138,0.539336085319519,0.560434103012085,-0.1717124879360199,0.586280107498169,0.5401899814605713,-0.21510207653045654,0.54203861951828,0.5702759027481079,-0.19163750112056732,0.5836792588233948,0.5352799892425537,-0.22176456451416016,0.5449050068855286,0.5644741058349609,-0.19967235624790192,0.5832943916320801,0.530821681022644,-0.19509239494800568,0.545155942440033,0.5605134963989258,-0.17620746791362762,0.5770241618156433,0.5584471821784973,0.00022999085194896907,0.5528543591499329,0.5648924112319946,-0.0003812373906839639,0.5881842374801636,0.5584602952003479,-0.2078767567873001,0.5463642477989197,0.626836895942688,-0.032119374722242355,0.5827211141586304,0.6412639617919922,-0.1462348997592926,0.5489916205406189,0.6942033767700195,0.05618257075548172,0.579047441482544,0.6675531268119812,-0.14368551969528198,0.551456093788147,0.704082190990448,0.06119734048843384,0.5857325792312622,0.6751601696014404,-0.22278770804405212,0.5428915619850159,0.7191381454467773,-0.019318383187055588
frame_00109.jpg,0.5608251690864563,0.4702611267566681,-0.22495511174201965,0.5655721426010132,0.4635728895664215,-0.2184625118970871,0.5678908228874207,0.4637073874473572,-0.21858103573322296,0.5699714422225952,0.46365249156951904,-0.21858254075050354,0.559946596622467,0.46128204464912415,-0.21820120513439178,0.558474600315094,0.46038416028022766,-0.2183094024658203,0.5571273565292358,0.45971694588661194,-0.21835513412952423,0.5725571513175964,0.4638132154941559,-0.15939214825630188,0.5558059215545654,0.460031121969223,-0.1573152095079422,0.5656335949897766,0.4755401909351349,-0.19963864982128143,0.5598272681236267,0.4744315445423126,-0.19992011785507202,0.583730936050415,0.48528823256492615,-0.10609068721532822,0.5413132309913635,0.4926306903362274,-0.09242352098226547,0.606209933757782,0.5167976021766663,-0.10929248481988907,0.5274509191513062,0.5335464477539062,-0.09353234618902206,0.5879226326942444,0.533406138420105,-0.17859181761741638,0.5372011661529541,0.5550156831741333,-0.15679173171520233,0.58256995677948,0.5405198931694031,-0.19864429533481598,0.5387977361679077,0.5631880164146423,-0.1751309484243393,0.5795998573303223,0.5344430804252625,-0.20477016270160675,0.541301429271698,0.5581738948822021,-0.18490195274353027,0.581037163734436,0.5312735438346863,-0.18160663545131683,0.5417596697807312,0.554828941822052,-0.16214619576931,0.5756951570510864,0.5610465407371521,-0.0005525648011825979,0.5509549975395203,0.5630883574485779,0.00041808816604316235,0.5880914926528931,0.6028977632522583,-0.12686923146247864,0.5407345294952393,0.622572660446167,-0.08085714280605316,0.5794609785079956,0.6766110062599182,-0.07136964797973633,0.5493855476379395,0.6904505491256714,-0.010815184563398361,0.5757612586021423,0.6867997050285339,-0.0629507303237915,0.5526875257492065,0.6979376077651978,-0.006454499904066324,0.5805526375770569,0.7042300701141357,-0.12372537702322006,0.5448580384254456,0.7158028483390808,-0.06843923777341843
frame_00110.jpg,0.5601816177368164,0.4678574502468109,-0.23438569903373718,0.5640074014663696,0.46073105931282043,-0.22763387858867645,0.5665221810340881,0.46092769503593445,-0.2277439534664154,0.5687932372093201,0.46102312207221985,-0.22774076461791992,0.5577806234359741,0.4590773582458496,-0.2260030210018158,0.5561729073524475,0.45851004123687744,-0.2261205017566681,0.5548161268234253,0.45810043811798096,-0.22617259621620178,0.5720062851905823,0.46240952610969543,-0.16677972674369812,0.5544566512107849,0.45962128043174744,-0.15836754441261292,0.5646825432777405,0.47365647554397583,-0.20874693989753723,0.5584526062011719,0.4730154573917389,-0.20716896653175354,0.5835533142089844,0.4870833158493042,-0.1110510602593422,0.5416090488433838,0.49259158968925476,-0.09119480103254318,0.6056705713272095,0.5199397206306458,-0.12309817969799042,0.5278455018997192,0.5330212116241455,-0.09118800610303879,0.5856638550758362,0.5336676836013794,-0.20281168818473816,0.5318557024002075,0.5565855503082275,-0.1618468463420868,0.5780333280563354,0.5392377376556396,-0.22520272433757782,0.5308840274810791,0.5646863579750061,-0.18130160868167877,0.576145589351654,0.5324147343635559,-0.23066243529319763,0.5327886939048767,0.5609630346298218,-0.19259195029735565,0.5783315896987915,0.5307502150535583,-0.20579834282398224,0.5345292687416077,0.5577021837234497,-0.1680823415517807,0.576155424118042,0.5626370906829834,-0.0036519323475658894,0.5505344867706299,0.5634897947311401,0.0035196144599467516,0.5870320796966553,0.6067874431610107,-0.12591984868049622,0.5404202938079834,0.6305619478225708,-0.06263252347707748,0.5796007513999939,0.6778777241706848,-0.05422327667474747,0.5450356602668762,0.6982176899909973,0.007167977746576071,0.5764966607093811,0.685706377029419,-0.049337513744831085,0.548271119594574,0.7067782878875732,0.011412451975047588,0.5792960524559021,0.7083881497383118,-0.11683790385723114,0.5398733615875244,0.7244817018508911,-0.05164118483662605
frame_00111.jpg,0.5606635808944702,0.4731840193271637,-0.2835746705532074,0.564041256904602,0.46511310338974,-0.27825644612312317,0.5663200616836548,0.4648273289203644,-0.2783735394477844,0.5683599710464478,0.46457943320274353,-0.2783583998680115,0.5579487085342407,0.46458879113197327,-0.2776067852973938,0.5562034249305725,0.4640227258205414,-0.27773433923721313,0.5546844601631165,0.4634913504123688,-0.27779683470726013,0.5711296796798706,0.4641970098018646,-0.21570351719856262,0.5542523264884949,0.46287253499031067,-0.2116607129573822,0.5645627379417419,0.47751885652542114,-0.25634217262268066,0.5585707426071167,0.47764351963996887,-0.25604110956192017,0.5839961767196655,0.4878765046596527,-0.1497317999601364,0.5404750108718872,0.49431002140045166,-0.13701266050338745,0.6054568886756897,0.5217483043670654,-0.16852395236492157,0.5266234278678894,0.5359307527542114,-0.12734343111515045,0.583962082862854,0.5351875424385071,-0.25652989745140076,0.5329679846763611,0.5698261857032776,-0.18468567728996277,0.5770162343978882,0.5416556000709534,-0.28075888752937317,0.5312238335609436,0.5836526155471802,-0.20481202006340027,0.5748535394668579,0.5323424935340881,-0.28612783551216125,0.5354081988334656,0.5804296135902405,-0.21542850136756897,0.5769302845001221,0.5305821299552917,-0.2595803141593933,0.5364567041397095,0.575809895992279,-0.19004009664058685,0.5748420357704163,0.5605475902557373,-0.0036645145155489445,0.5496228933334351,0.5644530057907104,0.0035340148024260998,0.5855062007904053,0.6241198182106018,-0.08854393661022186,0.5421579480171204,0.6353470087051392,-0.06013452261686325,0.5802454948425293,0.6922414898872375,-0.004851953592151403,0.5472444295883179,0.7018850445747375,0.012859709560871124,0.577679455280304,0.6999807953834534,-0.00028593631577678025,0.5502873659133911,0.7104325890541077,0.017026439309120178,0.5798299908638,0.7209311723709106,-0.07334814965724945,0.5415545105934143,0.7275968790054321,-0.05041562393307686
frame_00112.jpg,0.5598304271697998,0.4745340049266815,-0.2617880702018738,0.562947690486908,0.4663463234901428,-0.2570909559726715,0.5650082230567932,0.4661327004432678,-0.25722020864486694,0.5668987035751343,0.46593177318573,-0.2572149336338043,0.557357668876648,0.46548399329185486,-0.25522083044052124,0.5556448698043823,0.46481916308403015,-0.25535500049591064,0.5541143417358398,0.46421486139297485,-0.2554287314414978,0.5700803995132446,0.46543753147125244,-0.19904807209968567,0.5537188649177551,0.4634147584438324,-0.18961258232593536,0.5632246136665344,0.47876957058906555,-0.23633798956871033,0.5573558807373047,0.4786422550678253,-0.23449313640594482,0.5828500986099243,0.490327388048172,-0.13715268671512604,0.5403411388397217,0.494274765253067,-0.1173880323767662,0.6052188277244568,0.5224753618240356,-0.14519111812114716,0.5237695574760437,0.5356231927871704,-0.10667910426855087,0.5838276743888855,0.5384839773178101,-0.2199588119983673,0.5318620800971985,0.5633092522621155,-0.1666375696659088,0.576873779296875,0.5498160123825073,-0.24227145314216614,0.532586932182312,0.5744728446006775,-0.18614648282527924,0.5733948945999146,0.5373251438140869,-0.2480413168668747,0.5360072255134583,0.5703302621841431,-0.19669733941555023,0.5756570100784302,0.5348753333091736,-0.22289207577705383,0.53571617603302,0.5653678774833679,-0.17217504978179932,0.572250485420227,0.5717277526855469,-0.004378404468297958,0.5487862229347229,0.5718668103218079,0.004259406588971615,0.5761667490005493,0.6403672099113464,-0.058391351252794266,0.5440905094146729,0.6437223553657532,-0.03637373447418213,0.5721098780632019,0.7070907950401306,0.012906563468277454,0.5482995510101318,0.708138108253479,0.03939664363861084,0.5701435804367065,0.7151536345481873,0.016035785898566246,0.5509852766990662,0.7166528701782227,0.04373970627784729,0.5727735757827759,0.7276536822319031,-0.056880973279476166,0.5418730974197388,0.7323904633522034,-0.02603774704039097
frame_00113.jpg,0.5590270757675171,0.47338685393333435,-0.2545492351055145,0.5624673962593079,0.4651918113231659,-0.2502095699310303,0.5645266771316528,0.4651203751564026,-0.2503335475921631,0.566398024559021,0.46507495641708374,-0.2503198981285095,0.5572236776351929,0.4641842544078827,-0.24755489826202393,0.5557330846786499,0.46355846524238586,-0.2476905882358551,0.5543826818466187,0.4630123972892761,-0.2477561980485916,0.5695667862892151,0.465196430683136,-0.1942676603794098,0.5542314648628235,0.462817519903183,-0.1814359724521637,0.5624181032180786,0.4784703850746155,-0.23002450168132782,0.5568169355392456,0.47788113355636597,-0.2272219955921173,0.5830177664756775,0.4909082055091858,-0.13568449020385742,0.5404714345932007,0.49485936760902405,-0.10979195684194565,0.6044751405715942,0.5255833268165588,-0.14852452278137207,0.523554265499115,0.5357705354690552,-0.0997643992304802,0.5819879770278931,0.5393468737602234,-0.2257571965456009,0.5317469835281372,0.5646904706954956,-0.16128899157047272,0.5753483772277832,0.549602210521698,-0.248758003115654,0.5328651666641235,0.5765759348869324,-0.18094497919082642,0.5725361108779907,0.5398353934288025,-0.25387266278266907,0.5360444784164429,0.5726448893547058,-0.19184955954551697,0.5745586156845093,0.5378952026367188,-0.22834166884422302,0.5363053679466248,0.5684496164321899,-0.16706418991088867,0.572172224521637,0.5683397054672241,-0.005131284706294537,0.5477801561355591,0.570284903049469,0.005016720853745937,0.5793942213058472,0.6423380970954895,-0.05838548392057419,0.5397031307220459,0.6425349116325378,-0.03829427808523178,0.5748938918113708,0.7072622776031494,0.023379134014248848,0.5440992116928101,0.7083568572998047,0.03310924023389816,0.572442889213562,0.7148526906967163,0.02773934230208397,0.5472012162208557,0.7166276574134827,0.03730369359254837,0.5765082836151123,0.7289145588874817,-0.0426839217543602,0.5402259826660156,0.734340250492096,-0.027753904461860657
frame_00114.jpg,0.5595190525054932,0.47189730405807495,-0.2613491714000702,0.5629808902740479,0.4638236463069916,-0.2555197477340698,0.5650943517684937,0.46379080414772034,-0.2556383013725281,0.5669853091239929,0.463774174451828,-0.25561758875846863,0.5575535893440247,0.46286648511886597,-0.2537058889865875,0.5560219883918762,0.46233659982681274,-0.25383904576301575,0.5546356439590454,0.46187877655029297,-0.2539081573486328,0.5697030425071716,0.46422111988067627,-0.1940346360206604,0.5542169809341431,0.4620814621448517,-0.18499870598316193,0.5630545616149902,0.47714942693710327,-0.23486635088920593,0.5572226047515869,0.47678038477897644,-0.23317447304725647,0.5832653045654297,0.49131789803504944,-0.13319219648838043,0.5402222871780396,0.49463891983032227,-0.11203135550022125,0.6043299436569214,0.5261638164520264,-0.1478089690208435,0.5223621129989624,0.5361869931221008,-0.09723769128322601,0.5799497961997986,0.5391113758087158,-0.22954027354717255,0.5322291254997253,0.5655823945999146,-0.15758776664733887,0.5723400115966797,0.5476463437080383,-0.2530919909477234,0.5334864258766174,0.57917720079422,-0.17847009003162384,0.5687476396560669,0.5384299159049988,-0.25763899087905884,0.5377137660980225,0.5778108835220337,-0.19066216051578522,0.5719560384750366,0.5367514491081238,-0.23193016648292542,0.5369070768356323,0.5716755390167236,-0.16306547820568085,0.5713595151901245,0.5685691237449646,-0.005087482742965221,0.5459904074668884,0.570677638053894,0.004974025301635265,0.5776030421257019,0.6420914530754089,-0.06014484912157059,0.5365840196609497,0.6433442831039429,-0.05193647742271423,0.5695001482963562,0.7101508378982544,0.020601630210876465,0.5422888994216919,0.7086908221244812,0.031240954995155334,0.5664242506027222,0.7190712094306946,0.024712638929486275,0.5458256006240845,0.7174803614616394,0.03481973335146904,0.5696477293968201,0.7354612350463867,-0.04789097607135773,0.5382710695266724,0.7332053780555725,-0.0334271565079689
frame_00115.jpg,0.559305727481842,0.46975189447402954,-0.23754259943962097,0.5624622106552124,0.4616950750350952,-0.23008546233177185,0.5645661354064941,0.46188315749168396,-0.23020069301128387,0.5664121508598328,0.46200287342071533,-0.23017604649066925,0.5565711259841919,0.46081629395484924,-0.23009073734283447,0.5549092888832092,0.46063992381095886,-0.23022261261940002,0.5534607172012329,0.46047648787498474,-0.23028774559497833,0.5686333775520325,0.4634752571582794,-0.16895905137062073,0.553074300289154,0.46200641989707947,-0.16818974912166595,0.5628015398979187,0.47574740648269653,-0.2116580754518509,0.5566920042037964,0.47576215863227844,-0.21246202290058136,0.5820728540420532,0.49142035841941833,-0.11376821994781494,0.5384969711303711,0.494407057762146,-0.10559926182031631,0.603096604347229,0.5261523127555847,-0.12327078729867935,0.5208937525749207,0.5361460447311401,-0.09196550399065018,0.5785995721817017,0.5385902523994446,-0.19767017662525177,0.5305784940719604,0.563818097114563,-0.14530175924301147,0.5717310309410095,0.5466955304145813,-0.21804115176200867,0.5327244400978088,0.577241063117981,-0.1644105613231659,0.568123459815979,0.5382218956947327,-0.22265872359275818,0.5365549325942993,0.5740974545478821,-0.17349083721637726,0.570659339427948,0.5359378457069397,-0.1998399943113327,0.5357034206390381,0.5688308477401733,-0.1499386876821518,0.5714291930198669,0.5667935609817505,-0.003975085448473692,0.5452007055282593,0.5694113373756409,0.003863987047225237,0.5795338749885559,0.6326770782470703,-0.07267075777053833,0.5345132350921631,0.6385613679885864,-0.06478284299373627,0.5723264813423157,0.6992095708847046,0.005026796832680702,0.5394195914268494,0.7083027958869934,0.022808386012911797,0.5686382055282593,0.7074949145317078,0.010072192177176476,0.543213963508606,0.716342031955719,0.028516944497823715,0.5737059116363525,0.7253119945526123,-0.058437444269657135,0.5343776941299438,0.7279444932937622,-0.03819978982210159
frame_00116.jpg,0.5609253644943237,0.4697354733943939,-0.22588446736335754,0.5634270906448364,0.46193546056747437,-0.21962687373161316,0.5649651885032654,0.46190813183784485,-0.21974849700927734,0.5666173696517944,0.46189209818840027,-0.2197311818599701,0.5581607222557068,0.4615301191806793,-0.2206670045852661,0.5564953088760376,0.4612879455089569,-0.22081169486045837,0.5548871159553528,0.4610082805156708,-0.2208886444568634,0.568831741809845,0.4630849063396454,-0.16087310016155243,0.5533294081687927,0.461811363697052,-0.16526633501052856,0.5634015798568726,0.4753648042678833,-0.20041707158088684,0.5585440397262573,0.4753395617008209,-0.2025606632232666,0.581391453742981,0.4914104640483856,-0.10253721475601196,0.5385906100273132,0.49384838342666626,-0.10469043254852295,0.6001784205436707,0.5247728228569031,-0.07780852913856506,0.5212740898132324,0.5338022708892822,-0.08430378139019012,0.5795690417289734,0.5391667485237122,-0.11534752696752548,0.527177631855011,0.5618541240692139,-0.129298135638237,0.5728828310966492,0.5490095019340515,-0.12890519201755524,0.5311958193778992,0.5755398869514465,-0.14601978659629822,0.5702828764915466,0.5396360158920288,-0.13659203052520752,0.5343338847160339,0.5719907283782959,-0.15542517602443695,0.5722962617874146,0.5374138951301575,-0.11802245676517487,0.5344687700271606,0.5668405890464783,-0.13390496373176575,0.5697120428085327,0.5673953294754028,-0.0021328337024897337,0.5434155464172363,0.5708540081977844,0.00204142602160573,0.5763304233551025,0.6341418027877808,-0.06972718238830566,0.5330989956855774,0.6364641189575195,-0.06043615937232971,0.5692617297172546,0.6972736716270447,0.02136128768324852,0.5384894609451294,0.6982927322387695,0.03494459018111229,0.5663148760795593,0.7047412395477295,0.02735992893576622,0.5420472621917725,0.7051875591278076,0.04136021435260773,0.5687043070793152,0.7227211594581604,-0.03812592476606369,0.5347708463668823,0.7174829244613647,-0.024395523592829704
frame_00117.jpg,0.5581053495407104,0.46676674485206604,-0.20846040546894073,0.5613893270492554,0.4591887593269348,-0.20089252293109894,0.5633753538131714,0.45931708812713623,-0.20101816952228546,0.5652269124984741,0.4594409167766571,-0.2010054588317871,0.5558671355247498,0.45861685276031494,-0.2000698298215866,0.5542649626731873,0.4583861529827118,-0.20020906627178192,0.5526161789894104,0.45809152722358704,-0.20028166472911835,0.5679572820663452,0.4613959491252899,-0.13971824944019318,0.5517269968986511,0.46007025241851807,-0.13557781279087067,0.5610847473144531,0.4733540713787079,-0.18283170461654663,0.5562008619308472,0.4733869135379791,-0.1825917661190033,0.5793853998184204,0.4919089674949646,-0.08293581753969193,0.5371745228767395,0.4937085211277008,-0.07789672911167145,0.5989539623260498,0.5249474048614502,-0.07351170480251312,0.5212420225143433,0.5334781408309937,-0.07017483562231064,0.5792949199676514,0.5421414971351624,-0.13479574024677277,0.525846540927887,0.5613678097724915,-0.12994937598705292,0.5724056363105774,0.5519294142723083,-0.15327340364456177,0.530325174331665,0.5743994116783142,-0.1498555839061737,0.5702487826347351,0.5438184142112732,-0.16083897650241852,0.5331354141235352,0.5711987018585205,-0.15895026922225952,0.5720807313919067,0.5412878394126892,-0.1381145864725113,0.533348560333252,0.5657753348350525,-0.13514523208141327,0.5663433074951172,0.5751884579658508,0.0005533827352337539,0.5407627820968628,0.5768897533416748,-0.0006480242591351271,0.5708311796188354,0.6394671201705933,-0.037642888724803925,0.5333904027938843,0.643825888633728,-0.03335312753915787,0.5703703165054321,0.6961467266082764,0.07263216376304626,0.5359384417533875,0.7123271226882935,0.04233980178833008,0.5680026412010193,0.7012399435043335,0.08037225157022476,0.5378794074058533,0.7218076586723328,0.04703131690621376,0.5704611539840698,0.7271268963813782,0.013639037497341633,0.5340657830238342,0.7385355234146118,-0.02647968754172325
frame_00118.jpg,0.5585530996322632,0.46326401829719543,-0.19831158220767975,0.5616004467010498,0.45621344447135925,-0.18966719508171082,0.5635000467300415,0.4563751220703125,-0.18977710604667664,0.5652254819869995,0.4565046429634094,-0.1897553950548172,0.5559729337692261,0.4555974006652832,-0.1902734935283661,0.5542852878570557,0.4554855525493622,-0.19040866196155548,0.5526447296142578,0.4553806185722351,-0.1904635727405548,0.5674394369125366,0.4583478569984436,-0.12690886855125427,0.5513696670532227,0.4580742418766022,-0.12888464331626892,0.5614725351333618,0.4704883396625519,-0.17230407893657684,0.5565211772918701,0.47034475207328796,-0.17382340133190155,0.579201877117157,0.4914112389087677,-0.07082594186067581,0.536125898361206,0.49175703525543213,-0.07704535126686096,0.5974521636962891,0.5249971747398376,-0.07269515097141266,0.5162860155105591,0.5318623781204224,-0.07552234828472137,0.5756438970565796,0.5442456603050232,-0.14857016503810883,0.5230610370635986,0.5626468658447266,-0.1361253708600998,0.5697461366653442,0.5565198063850403,-0.16927337646484375,0.5240613222122192,0.5755184292793274,-0.1519002765417099,0.5669695734977722,0.5483757257461548,-0.17714670300483704,0.5287495851516724,0.5738643407821655,-0.16100504994392395,0.5692349672317505,0.5442430377006531,-0.1525493711233139,0.5283523797988892,0.5676920413970947,-0.1415848433971405,0.5648499131202698,0.5766132473945618,0.003987203352153301,0.5406661629676819,0.5780833959579468,-0.004110129550099373,0.5703213214874268,0.6403836011886597,-0.0590067133307457,0.5351709127426147,0.6474654078483582,-0.0341673418879509,0.5688611268997192,0.6982300877571106,0.036167554557323456,0.5339346528053284,0.7205954194068909,0.0389891043305397,0.5669924020767212,0.7036309838294983,0.04345371574163437,0.5343207120895386,0.7304753661155701,0.03869127854704857,0.5691344738006592,0.728005588054657,-0.02083275094628334,0.5337777733802795,0.7414695024490356,-0.042825665324926376
frame_00119.jpg,0.5587418079376221,0.46236148476600647,-0.21266722679138184,0.5618802309036255,0.45585352182388306,-0.2053430825471878,0.563754677772522,0.45596981048583984,-0.20545873045921326,0.5654782652854919,0.45606139302253723,-0.20544230937957764,0.5562511086463928,0.4551646113395691,-0.204959899187088,0.554494321346283,0.45494478940963745,-0.20508992671966553,0.5529271364212036,0.45471784472465515,-0.20514830946922302,0.5674217343330383,0.4580647647380829,-0.14458227157592773,0.5511395335197449,0.4575398564338684,-0.14079180359840393,0.5616580247879028,0.4696582555770874,-0.18711228668689728,0.5566238164901733,0.4693194627761841,-0.18727198243141174,0.578781247138977,0.4911544919013977,-0.08681393414735794,0.5337303280830383,0.4897172152996063,-0.0804000124335289,0.5942511558532715,0.5245581865310669,-0.08269822597503662,0.5133196711540222,0.5296970009803772,-0.07770593464374542,0.574630856513977,0.5382813811302185,-0.14652283489704132,0.5219557881355286,0.5615171194076538,-0.1400155872106552,0.568140983581543,0.545405924320221,-0.16500511765480042,0.5219115018844604,0.574856162071228,-0.15836450457572937,0.5649915337562561,0.5407581925392151,-0.17260624468326569,0.5261837244033813,0.5727036595344543,-0.1670246422290802,0.5682688355445862,0.5355799794197083,-0.1500129997730255,0.5263440012931824,0.566975474357605,-0.14490990340709686,0.5641005039215088,0.57401442527771,0.003183047752827406,0.5388160943984985,0.5760303735733032,-0.003303701523691416,0.5700973272323608,0.6364299654960632,-0.06628629565238953,0.5342673063278198,0.6463088989257812,-0.03557649254798889,0.5661324262619019,0.6968070864677429,0.03325263410806656,0.5330661535263062,0.7133723497390747,0.03623019903898239,0.5623683333396912,0.7014042735099792,0.04010899364948273,0.533453643321991,0.7223986387252808,0.0389007106423378,0.5683050155639648,0.7262755632400513,-0.026498407125473022,0.529651403427124,0.735804557800293,-0.04200303927063942
frame_00120.jpg,0.552899956703186,0.448449045419693,-0.08709920942783356,0.5549640655517578,0.44303566217422485,-0.09063713252544403,0.5551261901855469,0.44258177280426025,-0.09075795114040375,0.5580378174781799,0.44406208395957947,-0.09076671302318573,0.5535411834716797,0.4428563416004181,-0.0813864916563034,0.5528207421302795,0.44277340173721313,-0.08152405917644501,0.5520128011703491,0.4426064193248749,-0.08158596605062485,0.5606163144111633,0.4479263722896576,-0.08335007727146149,0.5515395402908325,0.4456906318664551,-0.04157540202140808,0.5541387796401978,0.4552040696144104,-0.08124379068613052,0.5513559579849243,0.4545227587223053,-0.07003547251224518,0.5582315325737,0.4813257157802582,-0.08830294758081436,0.5493084788322449,0.4775799512863159,0.01855323277413845,0.555338978767395,0.524117648601532,-0.0904100090265274,0.5452855825424194,0.518253743648529,0.03470375016331673,0.5321860313415527,0.543321967124939,-0.09945046901702881,0.553807258605957,0.5370750427246094,-0.006620508618652821,0.5254335999488831,0.5511618852615356,-0.11145593225955963,0.5577145218849182,0.5443187355995178,-0.012447472661733627,0.525034487247467,0.5461704730987549,-0.10758814960718155,0.5571463704109192,0.5387913584709167,-0.02207099087536335,0.5283396244049072,0.5429331660270691,-0.0964757576584816,0.5554341077804565,0.535938024520874,-0.011659668758511543,0.5534645318984985,0.573257327079773,-0.02943049930036068,0.5444901585578918,0.5755886435508728,0.029327858239412308,0.5422452092170715,0.6449630856513977,-0.02457709237933159,0.5470688343048096,0.6338293552398682,0.036913033574819565,0.5457728505134583,0.7043657302856445,0.010061157867312431,0.5544660687446594,0.6864798665046692,0.09680497646331787,0.5470506548881531,0.7124226093292236,0.009818533435463905,0.5574154853820801,0.6930075287818909,0.10182951390743256,0.542222261428833,0.7284203767776489,-0.032479386776685715,0.5531485676765442,0.7174222469329834,0.07844088971614838
frame_00121.jpg,0.5482154488563538,0.4442351460456848,0.0006728527368977666,0.548548698425293,0.43897756934165955,-0.006437511183321476,0.5482048988342285,0.438814252614975,-0.00650385394692421,0.5481553673744202,0.4389602541923523,-0.0065037524327635765,0.549689531326294,0.439048707485199,-0.0006390491034835577,0.5500636696815491,0.43904584646224976,-0.0007707205950282514,0.5502620935440063,0.4389570355415344,-0.0007914144662208855,0.5511513352394104,0.44410446286201477,-0.022196192294359207,0.5517264604568481,0.4419504404067993,0.003645477117970586,0.5478752851486206,0.4504730999469757,-0.0016346735646948218,0.5486063957214355,0.45019394159317017,0.005013446323573589,0.5366944074630737,0.4779459238052368,-0.0358397476375103,0.5657614469528198,0.473863422870636,0.02953440323472023,0.5214312076568604,0.5240899920463562,-0.026247462257742882,0.5769134759902954,0.5163852572441101,0.04141167551279068,0.5267380475997925,0.5458091497421265,0.0033691960852593184,0.5653340220451355,0.532005250453949,0.02425934001803398,0.5250236988067627,0.5520200133323669,0.002924542408436537,0.5640270113945007,0.5392425656318665,0.022581495344638824,0.5273744463920593,0.5474699139595032,0.00021891114010941237,0.5599796175956726,0.5374687314033508,0.013144515454769135,0.5293906927108765,0.5453327894210815,0.004010156728327274,0.5595909953117371,0.5360797047615051,0.019575167447328568,0.5436898469924927,0.5713729858398438,-0.0213337205350399,0.5561296939849854,0.5693657994270325,0.021199900656938553,0.5363077521324158,0.6431471109390259,-0.025125157088041306,0.5551694631576538,0.6289796233177185,0.006785218603909016,0.5348045229911804,0.7166926264762878,-0.041845906525850296,0.5611595511436462,0.6910558938980103,0.008103474043309689,0.5347028374671936,0.7272196412086487,-0.04554404690861702,0.5613220930099487,0.6987227201461792,0.0070091234520077705,0.5226690173149109,0.7336032390594482,-0.07174425572156906,0.5613920092582703,0.7173789739608765,0.061030589044094086
frame_00122.jpg,0.5499244928359985,0.44832858443260193,-0.12709453701972961,0.5505894422531128,0.4430942237377167,-0.12569449841976166,0.5509420037269592,0.44300901889801025,-0.12580178678035736,0.5514209270477295,0.4431515634059906,-0.1257927268743515,0.5500686764717102,0.4429479241371155,-0.12260415405035019,0.550094485282898,0.44285258650779724,-0.12273968756198883,0.5500478148460388,0.44273456931114197,-0.12279077619314194,0.5552651286125183,0.4454520344734192,-0.09320969134569168,0.5506769418716431,0.44531214237213135,-0.0813349187374115,0.5510129332542419,0.45442724227905273,-0.11231647431850433,0.5501388311386108,0.4542980492115021,-0.10808130353689194,0.5422011613845825,0.4787982106208801,-0.06471773982048035,0.5402605533599854,0.4772339165210724,-0.07871738821268082,0.5582939982414246,0.5188611149787903,-0.06564878672361374,0.5542505979537964,0.5191280841827393,-0.10083124786615372,0.5316964387893677,0.5425680875778198,-0.09381237626075745,0.553458571434021,0.5353558659553528,-0.16165336966514587,0.5369216203689575,0.548698365688324,-0.11208641529083252,0.5558077096939087,0.5414929986000061,-0.18391066789627075,0.5349429845809937,0.5424376130104065,-0.13042119145393372,0.5565078258514404,0.5358708500862122,-0.18802210688591003,0.5327470898628235,0.540263295173645,-0.10553546249866486,0.5551769137382507,0.5337596535682678,-0.16502700746059418,0.5492568612098694,0.5711628198623657,0.005171373952180147,0.5463517904281616,0.568092942237854,-0.005235796328634024,0.5426298379898071,0.6417272090911865,0.009767960757017136,0.5542358756065369,0.6298198103904724,-0.013739499263465405,0.5377463698387146,0.709637463092804,0.03802332282066345,0.5550516247749329,0.6935986876487732,0.014815598726272583,0.5368451476097107,0.7198092341423035,0.03625163435935974,0.5562018752098083,0.7055143713951111,0.01617727056145668,0.5337989926338196,0.7297214269638062,-0.020883889868855476,0.5545027256011963,0.7140111923217773,-0.024788348004221916
frame_00123.jpg,0.5485255718231201,0.44445958733558655,-0.16472792625427246,0.5492481589317322,0.439113587141037,-0.16239558160305023,0.5498797297477722,0.43900182843208313,-0.162544384598732,0.5508866310119629,0.43903568387031555,-0.16252990067005157,0.5476258993148804,0.43901604413986206,-0.16213880479335785,0.5472964644432068,0.4389062225818634,-0.1622944474220276,0.5468476414680481,0.43886852264404297,-0.1623840034008026,0.5561327338218689,0.4406285881996155,-0.1260903775691986,0.5469892621040344,0.4416050314903259,-0.12417219579219818,0.5500356554985046,0.4505070447921753,-0.14818111062049866,0.5483207702636719,0.4504852294921875,-0.14841237664222717,0.5549184083938599,0.47435563802719116,-0.07388102263212204,0.5318440198898315,0.4753701984882355,-0.09164736419916153,0.5792793035507202,0.5149333477020264,-0.07179948687553406,0.5178267359733582,0.512893557548523,-0.093439981341362,0.5549824237823486,0.528321385383606,-0.12120089679956436,0.5390588045120239,0.5335601568222046,-0.149664506316185,0.5527089834213257,0.5422370433807373,-0.14229772984981537,0.5438662767410278,0.5408313870429993,-0.17065349221229553,0.550907552242279,0.5343212485313416,-0.15630006790161133,0.5462852120399475,0.5350933074951172,-0.17785006761550903,0.549551248550415,0.5316218733787537,-0.13060559332370758,0.5444209575653076,0.531855046749115,-0.1540379673242569,0.5535625219345093,0.5646565556526184,0.010417343117296696,0.5403199791908264,0.5618693828582764,-0.010482104495167732,0.550735354423523,0.6374900341033936,0.007547368295490742,0.5559180974960327,0.6275606155395508,-0.04423508048057556,0.5456275939941406,0.7066710591316223,0.06026173382997513,0.5527513027191162,0.6944318413734436,0.005837667267769575,0.5435193181037903,0.7152881026268005,0.061183977872133255,0.555036187171936,0.7055205702781677,0.008157347328960896,0.5444825887680054,0.7279248833656311,-0.004886614624410868,0.5543440580368042,0.7137505412101746,-0.05511823296546936
frame_00124.jpg,0.5475852489471436,0.44252344965934753,-0.09218774735927582,0.5485004186630249,0.4360947906970978,-0.08970309793949127,0.5491887331008911,0.435992568731308,-0.089808389544487,0.5501647591590881,0.4360700845718384,-0.0897948369383812,0.5469304323196411,0.4361850619316101,-0.08944016695022583,0.5463222861289978,0.4361269772052765,-0.08956785500049591,0.545771062374115,0.4361781179904938,-0.08961835503578186,0.5551618337631226,0.439078152179718,-0.06199365109205246,0.5453969836235046,0.43927139043807983,-0.06080947443842888,0.5489178895950317,0.44825926423072815,-0.07869458943605423,0.5472668409347534,0.4483327865600586,-0.07919364422559738,0.56117182970047,0.4718809723854065,-0.02660486474633217,0.5350087285041809,0.473287433385849,-0.03687693551182747,0.5780138373374939,0.5128321051597595,-0.019810141995549202,0.5308247208595276,0.5139617919921875,-0.0657954066991806,0.5573650598526001,0.5304350256919861,-0.05373986437916756,0.5464398860931396,0.528329610824585,-0.14838595688343048,0.5536752939224243,0.5396568775177002,-0.06470922380685806,0.5508584380149841,0.5331822633743286,-0.15544365346431732,0.5524739027023315,0.5321545600891113,-0.0717993676662445,0.5523954629898071,0.5268442034721375,-0.15282435715198517,0.5531749725341797,0.5300227999687195,-0.056643564254045486,0.550350546836853,0.5249269008636475,-0.13901077210903168,0.5485721230506897,0.5638628602027893,0.006333629135042429,0.5416206121444702,0.5623006224632263,-0.006407289300113916,0.5458546280860901,0.6381419897079468,0.0022572476882487535,0.5565338730812073,0.6282979249954224,-0.03800944238901138,0.540312647819519,0.714048445224762,0.014592297375202179,0.5627752542495728,0.6951018571853638,0.00197797454893589,0.5396496057510376,0.7259343266487122,0.008968177251517773,0.5607207417488098,0.7060719132423401,0.003106504213064909,0.5385310649871826,0.7280098795890808,-0.04643702879548073,0.5576843023300171,0.7086688876152039,-0.042469196021556854
frame_00125.jpg,0.5484551191329956,0.4410218298435211,-0.22780093550682068,0.5503278970718384,0.43565428256988525,-0.22005560994148254,0.5505954027175903,0.43596112728118896,-0.22019243240356445,0.550484299659729,0.43636175990104675,-0.22018125653266907,0.5473129749298096,0.4346890151500702,-0.22015590965747833,0.5459963083267212,0.43446290493011475,-0.2203058898448944,0.5445125102996826,0.43438827991485596,-0.22038915753364563,0.5559255480766296,0.43937328457832336,-0.1588013619184494,0.5434688925743103,0.4378167986869812,-0.15884876251220703,0.5505639314651489,0.4485115706920624,-0.20248250663280487,0.5467010140419006,0.44787904620170593,-0.2033567726612091,0.5646950006484985,0.47183921933174133,-0.09393589943647385,0.5279683470726013,0.4731835126876831,-0.10510678589344025,0.5832194685935974,0.5095852613449097,-0.09089784324169159,0.5076059103012085,0.5134198069572449,-0.10392327606678009,0.5663781762123108,0.5295979380607605,-0.16745342314243317,0.5201724767684937,0.5333486199378967,-0.1709395945072174,0.5617870092391968,0.538360595703125,-0.18833503127098083,0.5236878395080566,0.5359085202217102,-0.19332484900951385,0.5597085952758789,0.5311486124992371,-0.19840732216835022,0.5274213552474976,0.5274602770805359,-0.202865868806839,0.5604581832885742,0.5282372236251831,-0.17233392596244812,0.5256190299987793,0.5321210622787476,-0.1758173704147339,0.55067378282547,0.5574098825454712,0.007245500572025776,0.5339871048927307,0.5570640563964844,-0.007337094284594059,0.5539048910140991,0.6270915269851685,-0.030026784166693687,0.5438531637191772,0.6236886978149414,-0.0817575603723526,0.5597364902496338,0.7041866183280945,0.020297106355428696,0.5340834856033325,0.6851733922958374,-0.00544362235814333,0.556847333908081,0.7160560488700867,0.019987238571047783,0.5333842039108276,0.6941922307014465,-0.0009861837606877089,0.5675023794174194,0.7215051651000977,-0.049761973321437836,0.5326144695281982,0.7038062810897827,-0.0692715123295784
frame_00126.jpg,0.5463358163833618,0.438991904258728,-0.23394198715686798,0.5497175455093384,0.4332975745201111,-0.2280154675245285,0.5511747598648071,0.43342071771621704,-0.22814974188804626,0.5522726774215698,0.43360552191734314,-0.22813937067985535,0.544723391532898,0.432862788438797,-0.22550415992736816,0.5431748628616333,0.43271490931510925,-0.22566421329975128,0.5416229367256165,0.43264836072921753,-0.2257554531097412,0.5570687055587769,0.43609189987182617,-0.17346911132335663,0.5410027503967285,0.4361492693424225,-0.16135293245315552,0.5492730140686035,0.4459379315376282,-0.21092459559440613,0.5439002513885498,0.4457820951938629,-0.20828266441822052,0.5674911141395569,0.4696369171142578,-0.11150022596120834,0.526441216468811,0.4708956182003021,-0.10310627520084381,0.585092306137085,0.5071987509727478,-0.09448318183422089,0.5065690279006958,0.5094553232192993,-0.09246771037578583,0.5687084794044495,0.5238119959831238,-0.14508524537086487,0.517214834690094,0.5321313142776489,-0.15487834811210632,0.5638967752456665,0.5363270044326782,-0.1619894951581955,0.5186086893081665,0.5403921008110046,-0.17537511885166168,0.5616956949234009,0.528974175453186,-0.1710290014743805,0.524519145488739,0.5351597666740417,-0.18606743216514587,0.5627875328063965,0.5257590413093567,-0.14879967272281647,0.5244384407997131,0.5343249440193176,-0.16056767106056213,0.553862452507019,0.550642192363739,0.006320469081401825,0.5329708456993103,0.5505316257476807,-0.006430868990719318,0.5592610836029053,0.6211388111114502,-0.057516880333423615,0.5372921228408813,0.6143059134483337,-0.06680583953857422,0.558672308921814,0.6941897869110107,0.005918595474213362,0.5321973562240601,0.6784542202949524,0.0057153245434165,0.5564089417457581,0.7042469382286072,0.007635054178535938,0.5332491397857666,0.6875956654548645,0.009633563458919525,0.562544584274292,0.7153354287147522,-0.0655052661895752,0.5291265845298767,0.6996285915374756,-0.054655928164720535
frame_00127.jpg,0.5467237234115601,0.4354972541332245,0.10812364518642426,0.5477834939956665,0.4307872951030731,0.10343030840158463,0.5480252504348755,0.4307796359062195,0.10337051004171371,0.5480790734291077,0.43076056241989136,0.10336099565029144,0.5460863709449768,0.4307255446910858,0.10412825644016266,0.5440729856491089,0.4307648539543152,0.10403142869472504,0.5471509695053101,0.4291859567165375,0.10402260720729828,0.5488762259483337,0.4348461925983429,0.07976691424846649,0.5491834878921509,0.4328974187374115,0.0828590989112854,0.5478615760803223,0.44154030084609985,0.1022464856505394,0.5454944968223572,0.44152915477752686,0.10233767330646515,0.5288597941398621,0.46595197916030884,0.05706785246729851,0.5646279454231262,0.465356707572937,0.06671977043151855,0.5381878614425659,0.5089561343193054,0.07001589983701706,0.5741696357727051,0.5044482350349426,0.06060145050287247,0.5290156602859497,0.5262574553489685,0.10090160369873047,0.5620282292366028,0.519824743270874,0.06402672827243805,0.5244312286376953,0.5347293019294739,0.10467401891946793,0.5621231198310852,0.522773802280426,0.06235971301794052,0.5257551670074463,0.5278317332267761,0.10406263917684555,0.5579885244369507,0.5199913382530212,0.06136598065495491,0.5288788080215454,0.5255213379859924,0.10223553329706192,0.556984543800354,0.5191598534584045,0.06309465318918228,0.538263738155365,0.5510425567626953,0.005044782068580389,0.5493566989898682,0.549210250377655,-0.005189368035644293,0.5371469855308533,0.6206446886062622,-0.00723868515342474,0.5534192323684692,0.6141144633293152,-0.01986807957291603,0.541522741317749,0.6950774788856506,-0.02902246080338955,0.5534310340881348,0.6818231344223022,-0.0375472828745842,0.5425188541412354,0.705696165561676,-0.03310921788215637,0.5534213185310364,0.6925939321517944,-0.04033709689974785,0.5345396995544434,0.7151693105697632,-0.05702973157167435,0.5511740446090698,0.6970660090446472,-0.057200055569410324
frame_00128.jpg,0.547084629535675,0.4315437078475952,-0.16151724755764008,0.5484573245048523,0.4258456230163574,-0.15517781674861908,0.5493342876434326,0.4256899058818817,-0.15531961619853973,0.5498126745223999,0.4258304834365845,-0.1553138792514801,0.5465853214263916,0.4257940351963043,-0.15304315090179443,0.5450841188430786,0.4256511330604553,-0.15319642424583435,0.5459927916526794,0.4252189099788666,-0.15329405665397644,0.5519750714302063,0.42921334505081177,-0.10360368341207504,0.5465628504753113,0.42705756425857544,-0.09320835769176483,0.5487700700759888,0.43788284063339233,-0.1403403878211975,0.5457226037979126,0.4380485713481903,-0.13838103413581848,0.558786153793335,0.46013689041137695,-0.0510273352265358,0.5363883376121521,0.46035102009773254,-0.034353505820035934,0.579965353012085,0.4978403151035309,-0.01500884722918272,0.5167886018753052,0.49707043170928955,-0.01712683215737343,0.5580750703811646,0.5150721669197083,-0.04323027282953262,0.5220314860343933,0.5220058560371399,-0.09461638331413269,0.5531963109970093,0.5282596945762634,-0.05349823087453842,0.5267800688743591,0.5294581651687622,-0.11338955163955688,0.5503292083740234,0.5213730931282043,-0.05823130160570145,0.5293208360671997,0.5261673331260681,-0.1236560121178627,0.5520292520523071,0.5180055499076843,-0.04491553455591202,0.5296734571456909,0.5230618715286255,-0.10069973766803741,0.5468254685401917,0.5425043702125549,0.0021048744674772024,0.5380960702896118,0.5405992269515991,-0.0022320877760648727,0.544940173625946,0.6116496324539185,-0.006728699896484613,0.5415984988212585,0.604371190071106,-0.02720911242067814,0.5535503029823303,0.6713240146636963,0.039863571524620056,0.5392022132873535,0.6655970811843872,0.024772170931100845,0.5514460802078247,0.6838183999061584,0.04060567170381546,0.5411376953125,0.6738029718399048,0.028008490800857544,0.5508306622505188,0.6995128393173218,-0.024534408003091812,0.5342215299606323,0.6879717111587524,-0.029835602268576622
frame_00129.jpg,0.5475530624389648,0.4278786778450012,-0.21324603259563446,0.5487651228904724,0.42263051867485046,-0.20876047015190125,0.5495001077651978,0.4226415753364563,-0.20889997482299805,0.5506196618080139,0.42288297414779663,-0.20889124274253845,0.5457861423492432,0.4221433401107788,-0.20617711544036865,0.5444533824920654,0.421895295381546,-0.20633330941200256,0.5454071760177612,0.42189592123031616,-0.2064274251461029,0.5543895959854126,0.42562931776046753,-0.1606723964214325,0.5453506708145142,0.4236516058444977,-0.14837117493152618,0.549188494682312,0.434188574552536,-0.19251137971878052,0.5454192161560059,0.43458086252212524,-0.18986566364765167,0.5681675672531128,0.456415593624115,-0.10548224300146103,0.5308476686477661,0.4558195173740387,-0.0856572762131691,0.5878666043281555,0.4967986047267914,-0.08519702404737473,0.5115445852279663,0.493158757686615,-0.05900125950574875,0.5662294030189514,0.5093191862106323,-0.12025012820959091,0.5172152519226074,0.5212396383285522,-0.10832537710666656,0.5596762895584106,0.5208594799041748,-0.13425996899604797,0.5219640135765076,0.5328658223152161,-0.12505991756916046,0.5574504137039185,0.5130969882011414,-0.14125606417655945,0.5256558656692505,0.5295106172561646,-0.13558249175548553,0.5593255162239075,0.5104522109031677,-0.12250570207834244,0.5259565114974976,0.5257158875465393,-0.11378122866153717,0.557205080986023,0.5371533036231995,-0.0016231931513175368,0.5349670648574829,0.5377838015556335,0.0015245832037180662,0.553425669670105,0.6037279963493347,-0.014958353713154793,0.5349911451339722,0.6022671461105347,-0.02646482363343239,0.5649117231369019,0.6672757267951965,0.033918507397174835,0.5306419134140015,0.6655997633934021,0.03576387092471123,0.565140426158905,0.6819760203361511,0.03455417603254318,0.5325940847396851,0.6741849780082703,0.03902099281549454,0.5683231949806213,0.6973583698272705,-0.03350410237908363,0.525600016117096,0.6890748739242554,-0.027447324246168137
frame_00130.jpg,0.5609058141708374,0.4233928322792053,0.10033156722784042,0.5594910979270935,0.41782137751579285,0.09512044489383698,0.5581680536270142,0.4178401529788971,0.09506234526634216,0.5568979382514954,0.41808021068573,0.0950554683804512,0.5622240304946899,0.4175783395767212,0.09327664226293564,0.5629052519798279,0.4175404906272888,0.09319128096103668,0.5637543797492981,0.41745683550834656,0.09317704290151596,0.5550727844238281,0.4215245246887207,0.07044060528278351,0.56205815076828,0.42047902941703796,0.06150631234049797,0.5572185516357422,0.4296378493309021,0.09407259523868561,0.559646725654602,0.4294562339782715,0.09073330461978912,0.5328351259231567,0.4509739875793457,0.03847482055425644,0.5675884485244751,0.45393067598342896,0.04108145460486412,0.5195584297180176,0.4930046498775482,0.03912103548645973,0.5844502449035645,0.49507439136505127,0.024210670962929726,0.5275640487670898,0.5156852602958679,0.05645047500729561,0.5662740468978882,0.5129737257957458,0.027323385700583458,0.5252014398574829,0.5250604152679443,0.05968353897333145,0.5633698105812073,0.5175445675849915,0.026809412986040115,0.5280165672302246,0.5185901522636414,0.05819668620824814,0.5599613189697266,0.514586329460144,0.02485061064362526,0.5300420522689819,0.515943706035614,0.057038597762584686,0.5604332089424133,0.5122772455215454,0.026042386889457703,0.539425253868103,0.538324773311615,-0.001011381740681827,0.5567975640296936,0.5345362424850464,0.0009030961664393544,0.5394377708435059,0.6073102355003357,0.0008428868604823947,0.5556280016899109,0.5993489623069763,-0.02147144451737404,0.5377987623214722,0.6752151250839233,-0.029618799686431885,0.5623797178268433,0.6613813638687134,-0.04385310411453247,0.5392159223556519,0.6866641640663147,-0.034289874136447906,0.5614111423492432,0.6667245626449585,-0.04722790792584419,0.5301586389541626,0.6960465312004089,-0.05126186087727547,0.563774824142456,0.6772178411483765,-0.06341247260570526
frame_00131.jpg,0.5586660504341125,0.4268641769886017,-0.13885843753814697,0.558066725730896,0.42169591784477234,-0.1331624984741211,0.5578660368919373,0.42182663083076477,-0.13329575955867767,0.5578909516334534,0.4221639335155487,-0.13330040872097015,0.5597880482673645,0.42099735140800476,-0.1329876333475113,0.5600501298904419,0.42149925231933594,-0.13311982154846191,0.5582951307296753,0.42143723368644714,-0.1331935077905655,0.5577824115753174,0.42492765188217163,-0.0865871012210846,0.5526884198188782,0.4232938587665558,-0.0862138494849205,0.5562563538551331,0.4329289197921753,-0.11931492388248444,0.5581292510032654,0.43211668729782104,-0.11990660429000854,0.5585612058639526,0.4550909996032715,-0.042042914777994156,0.536202609539032,0.45468559861183167,-0.03760760277509689,0.5824678540229797,0.48905742168426514,-0.008162422105669975,0.517499566078186,0.4972071647644043,-0.02521873079240322,0.5668419599533081,0.5084196925163269,-0.061144519597291946,0.5289446711540222,0.5175195932388306,-0.08190884441137314,0.5613296627998352,0.5214951634407043,-0.07515549659729004,0.5374363660812378,0.5247299075126648,-0.09905494749546051,0.5592457056045532,0.5143671631813049,-0.08170894533395767,0.5413937568664551,0.5199862718582153,-0.10723946988582611,0.5606755614280701,0.5114800930023193,-0.06347042322158813,0.5409541726112366,0.5129867196083069,-0.08636324107646942,0.5477272272109985,0.5392581820487976,-0.0010304340394213796,0.5395241975784302,0.5371555089950562,0.0009239137871190906,0.5510850548744202,0.6082573533058167,-0.003914788831025362,0.5419933199882507,0.5999334454536438,-0.01866152323782444,0.5508216619491577,0.6702269315719604,0.05139853432774544,0.5362588167190552,0.6535832285881042,0.0527477040886879,0.5499705076217651,0.6785822510719299,0.05366396903991699,0.5370599627494812,0.6607283353805542,0.05788452550768852,0.5497992634773254,0.6930689215660095,-0.006148098967969418,0.5319362878799438,0.6734911203384399,0.005391272250562906
frame_00132.jpg,0.5508478879928589,0.42936810851097107,-0.2422560453414917,0.5526632070541382,0.42311662435531616,-0.23796382546424866,0.5541123151779175,0.4229292571544647,-0.23809322714805603,0.5554283857345581,0.4228285253047943,-0.23808476328849792,0.5484210252761841,0.4231548607349396,-0.23598217964172363,0.5467712879180908,0.42341357469558716,-0.23612968623638153,0.5445789098739624,0.42337629199028015,-0.23621687293052673,0.5574759244918823,0.42411959171295166,-0.1862136721611023,0.5428219437599182,0.4250237047672272,-0.17594806849956512,0.5529309511184692,0.43493935465812683,-0.21930651366710663,0.5496032238006592,0.434978187084198,-0.21718521416187286,0.5698171854019165,0.4537990391254425,-0.12802919745445251,0.5278967618942261,0.45590120553970337,-0.1084105521440506,0.5895300507545471,0.4915718734264374,-0.10762898623943329,0.5072582960128784,0.49913692474365234,-0.09488934278488159,0.5715857148170471,0.508477509021759,-0.1456248164176941,0.5223510265350342,0.519446074962616,-0.15285786986351013,0.566165030002594,0.5226596593856812,-0.1607920527458191,0.5255125164985657,0.5347022414207458,-0.17136803269386292,0.5638055801391602,0.5154417753219604,-0.16878291964530945,0.5302246809005737,0.5296657681465149,-0.18001264333724976,0.5651019811630249,0.5124014616012573,-0.14826442301273346,0.5301293730735779,0.5214794874191284,-0.15735217928886414,0.5585042238235474,0.5289369821548462,-0.007315396331250668,0.5368137955665588,0.5315869450569153,0.007217315025627613,0.5680960416793823,0.5839064121246338,-0.0967632457613945,0.5261729955673218,0.5870729684829712,-0.04443760961294174,0.5738635063171387,0.6540673971176147,-0.01538570411503315,0.5281096696853638,0.6387675404548645,0.056355368345975876,0.5728392004966736,0.6627471446990967,-0.010434658266603947,0.5322431325912476,0.6472739577293396,0.06423364579677582,0.5789886713027954,0.6706336736679077,-0.07523293793201447,0.5181684494018555,0.6558497548103333,0.01015174575150013
frame_00133.jpg,0.5498119592666626,0.4301004707813263,-0.2494412660598755,0.5523697137832642,0.4228080213069916,-0.24345830082893372,0.5541073083877563,0.42262277007102966,-0.24359264969825745,0.5554448962211609,0.42268458008766174,-0.2435799539089203,0.5471919775009155,0.42317521572113037,-0.24262943863868713,0.5454926490783691,0.42334863543510437,-0.2427632361650467,0.5436345934867859,0.4234367609024048,-0.24283508956432343,0.5577043890953064,0.42418044805526733,-0.18535761535167694,0.54185950756073,0.4250892400741577,-0.18028157949447632,0.5527650713920593,0.43551626801490784,-0.22435863316059113,0.5480581521987915,0.4361657500267029,-0.22376850247383118,0.5717254877090454,0.4527672827243805,-0.12563177943229675,0.5261381268501282,0.45620009303092957,-0.11267383396625519,0.592842698097229,0.49001187086105347,-0.1253054141998291,0.5068826675415039,0.499912291765213,-0.09846566617488861,0.571725606918335,0.5069449543952942,-0.1929442584514618,0.5205320119857788,0.5196586847305298,-0.15449084341526031,0.5674395561218262,0.5184803605079651,-0.21331652998924255,0.5228179693222046,0.5362356901168823,-0.1740480661392212,0.5639330744743347,0.5141757130622864,-0.21984779834747314,0.5273123383522034,0.5307169556617737,-0.18399646878242493,0.5653687119483948,0.5113579630851746,-0.19578571617603302,0.5273658037185669,0.5221014618873596,-0.1594942957162857,0.5615414381027222,0.530029833316803,-0.005986914038658142,0.5365513563156128,0.5331119894981384,0.0058883060701191425,0.5707201957702637,0.5885195136070251,-0.07466556876897812,0.5291143655776978,0.5898864269256592,-0.05244969576597214,0.5731234550476074,0.6536656618118286,0.0023348855320364237,0.526263415813446,0.6453511714935303,0.045110832899808884,0.5704613327980042,0.6622384190559387,0.011703872121870518,0.5292147397994995,0.6546234488487244,0.05182147026062012,0.5769572257995605,0.6748449802398682,-0.061610233038663864,0.5177674889564514,0.663217306137085,-0.00737620797008276
frame_00134.jpg,0.549404501914978,0.43069931864738464,-0.26379871368408203,0.5524009466171265,0.4233766198158264,-0.25678056478500366,0.5541298985481262,0.4232741594314575,-0.25690120458602905,0.5556901097297668,0.423395037651062,-0.2568892538547516,0.5469735860824585,0.4234210252761841,-0.25564852356910706,0.5452913641929626,0.42342787981033325,-0.255784809589386,0.5435947179794312,0.4234204888343811,-0.2558519244194031,0.5584034323692322,0.4248136281967163,-0.19210994243621826,0.5418058633804321,0.4247855842113495,-0.186090350151062,0.5526037812232971,0.4361654222011566,-0.23626327514648438,0.5474517345428467,0.4367969334125519,-0.23539821803569794,0.572014331817627,0.45299574732780457,-0.1278156340122223,0.5252208113670349,0.45619869232177734,-0.11403586715459824,0.5940077304840088,0.48987576365470886,-0.12927724421024323,0.5068044662475586,0.5000880360603333,-0.10720480978488922,0.5729027390480042,0.5035341382026672,-0.1969107985496521,0.5211476683616638,0.5216848850250244,-0.17499691247940063,0.5683940649032593,0.513131320476532,-0.21664901077747345,0.5233321189880371,0.5377817153930664,-0.19592860341072083,0.5646468997001648,0.5090547204017639,-0.2224380075931549,0.5272752642631531,0.5320361852645874,-0.20482906699180603,0.5658482313156128,0.5038353204727173,-0.1992865651845932,0.5275552272796631,0.5225914716720581,-0.17976126074790955,0.5625113248825073,0.5298272967338562,-0.005326960235834122,0.5364834666252136,0.5335868000984192,0.005229964852333069,0.5717712640762329,0.5864821672439575,-0.11090286076068878,0.5303733944892883,0.5890204310417175,-0.08498810231685638,0.5725888609886169,0.6548616886138916,-0.01015014573931694,0.5243338942527771,0.646402895450592,0.04423351585865021,0.5702289938926697,0.6625651717185974,-0.003022904274985194,0.5259603261947632,0.6548407077789307,0.03952157869935036,0.5740908980369568,0.6797077655792236,-0.07551607489585876,0.5186048150062561,0.6673885583877563,-0.03082444705069065
frame_00135.jpg,0.5495344996452332,0.4258419871330261,-0.20553044974803925,0.5524246096611023,0.41910746693611145,-0.19895246624946594,0.554145872592926,0.4192453622817993,-0.1990731656551361,0.5556967854499817,0.4196286201477051,-0.19906127452850342,0.5473412275314331,0.4184306263923645,-0.19799485802650452,0.5457841157913208,0.4181865453720093,-0.19812138378620148,0.5443798303604126,0.4181307852268219,-0.1981852650642395,0.5586154460906982,0.42166703939437866,-0.14667823910713196,0.5428146123886108,0.42035600543022156,-0.1413039118051529,0.5527569055557251,0.43203121423721313,-0.18253672122955322,0.5475287437438965,0.43238312005996704,-0.18191900849342346,0.5731462836265564,0.4513761103153229,-0.09962223470211029,0.5256978273391724,0.45362570881843567,-0.0889301672577858,0.594928503036499,0.4888264238834381,-0.10426431894302368,0.5068362355232239,0.5000259876251221,-0.08113337308168411,0.5720403790473938,0.49920326471328735,-0.17836807668209076,0.5206276178359985,0.5228113532066345,-0.14395642280578613,0.5664693117141724,0.5090880990028381,-0.19950923323631287,0.5221478939056396,0.5375956892967224,-0.16425931453704834,0.5624282956123352,0.5028575658798218,-0.20405825972557068,0.5272210836410522,0.5312249064445496,-0.17272959649562836,0.5646873116493225,0.498687744140625,-0.1806589663028717,0.5274337530136108,0.5237279534339905,-0.14873768389225006,0.5631491541862488,0.5291628837585449,-0.004832793027162552,0.5367969274520874,0.5330442190170288,0.004737985320389271,0.5731152892112732,0.5810772180557251,-0.07814124971628189,0.5299539566040039,0.5813316702842712,-0.06751949340105057,0.5730308294296265,0.6511838436126709,0.001914505148306489,0.5230699777603149,0.6373609900474548,0.03440989926457405,0.5706822872161865,0.6590000987052917,0.010189824737608433,0.5238593816757202,0.6427266001701355,0.03653042018413544,0.574041485786438,0.6756830811500549,-0.06569452583789825,0.5162740349769592,0.6638820171356201,-0.029080603271722794
frame_00136.jpg,0.5502222180366516,0.4217444360256195,-0.20897018909454346,0.5527894496917725,0.41478434205055237,-0.20096547901630402,0.5545417070388794,0.4147711396217346,-0.20107808709144592,0.5562688112258911,0.41502445936203003,-0.20105817914009094,0.54742431640625,0.41479671001434326,-0.20073235034942627,0.5458753705024719,0.41460657119750977,-0.20086495578289032,0.5448254346847534,0.41468513011932373,-0.20092633366584778,0.559430718421936,0.4176500737667084,-0.14206744730472565,0.5433342456817627,0.4170059263706207,-0.13968168199062347,0.5536471009254456,0.42662012577056885,-0.18427503108978271,0.5481196641921997,0.42805713415145874,-0.18458017706871033,0.5740968585014343,0.44826042652130127,-0.09225273132324219,0.5268973112106323,0.4503542482852936,-0.08250828832387924,0.5943412184715271,0.48417332768440247,-0.09599529206752777,0.5090609788894653,0.4968705177307129,-0.07702799886465073,0.5745612382888794,0.49730178713798523,-0.17357972264289856,0.5197573900222778,0.5193497538566589,-0.1413063406944275,0.5692700147628784,0.506567656993866,-0.19401636719703674,0.5200164318084717,0.5323020219802856,-0.16110581159591675,0.566658616065979,0.501467227935791,-0.20093825459480286,0.5254174470901489,0.5252144932746887,-0.17028746008872986,0.5682036280632019,0.4959954619407654,-0.17696817219257355,0.5262185335159302,0.520570695400238,-0.1462966948747635,0.562932014465332,0.5205543041229248,-0.004147868137806654,0.5368618369102478,0.5233075022697449,0.004051697440445423,0.5747549533843994,0.5678426027297974,-0.11292954534292221,0.5255569219589233,0.5700170993804932,-0.09549839794635773,0.5739268064498901,0.625215470790863,-0.012436052784323692,0.5216063857078552,0.6334854960441589,-0.003744114190340042,0.5709036588668823,0.6364538073539734,-0.00529363751411438,0.5243212580680847,0.6419626474380493,0.0022137665655463934,0.578374445438385,0.6562296152114868,-0.07303392887115479,0.5134871006011963,0.6548135280609131,-0.06629331409931183
frame_00137.jpg,0.552748441696167,0.42329394817352295,-0.2155965119600296,0.5558321475982666,0.4157325327396393,-0.20932957530021667,0.5571795701980591,0.41578832268714905,-0.20944952964782715,0.5588980317115784,0.41605693101882935,-0.2094338834285736,0.5508775115013123,0.4154347777366638,-0.20899613201618195,0.5489452481269836,0.41530901193618774,-0.20912782847881317,0.5476235151290894,0.41526952385902405,-0.2091871052980423,0.5614129304885864,0.41794678568840027,-0.15172621607780457,0.546225905418396,0.4176529049873352,-0.14902585744857788,0.5557072162628174,0.42736852169036865,-0.1910603791475296,0.5505438446998596,0.4293747842311859,-0.19117358326911926,0.5765618085861206,0.44705307483673096,-0.09859445691108704,0.5282994508743286,0.44812682271003723,-0.0868740975856781,0.5967739224433899,0.47875097393989563,-0.10833927243947983,0.5117369890213013,0.49301913380622864,-0.07978102564811707,0.582851231098175,0.4935159385204315,-0.1955776959657669,0.519808828830719,0.5165154933929443,-0.14287099242210388,0.580230712890625,0.5048203468322754,-0.2184343785047531,0.52031409740448,0.5274671912193298,-0.1617901772260666,0.5775388479232788,0.4969634413719177,-0.22696742415428162,0.5237208008766174,0.5228843688964844,-0.17246690392494202,0.5776798129081726,0.4944498836994171,-0.2002202719449997,0.5244969725608826,0.5180618166923523,-0.1485171765089035,0.5633121132850647,0.5203894972801208,-0.004486956633627415,0.5377352237701416,0.523635983467102,0.004387605469673872,0.5796854496002197,0.569926381111145,-0.10356085002422333,0.5211915969848633,0.5786439180374146,-0.06824363768100739,0.5777391791343689,0.6278735399246216,0.003501036437228322,0.5238276720046997,0.6366626024246216,0.034940678626298904,0.5751264095306396,0.6341850161552429,0.014313310384750366,0.5264400243759155,0.6437453031539917,0.04200655594468117,0.5793205499649048,0.6534935235977173,-0.04033108055591583,0.5150641202926636,0.6558030247688293,-0.016524191945791245
frame_00138.jpg,0.5544010400772095,0.4201996922492981,-0.25449082255363464,0.5577741861343384,0.41178110241889954,-0.24730388820171356,0.5597981214523315,0.41178184747695923,-0.24741680920124054,0.5618691444396973,0.41190943121910095,-0.24739737808704376,0.5522993206977844,0.41110771894454956,-0.24637575447559357,0.5506256818771362,0.4107923209667206,-0.24651125073432922,0.5492948293685913,0.41060855984687805,-0.24657317996025085,0.5656744241714478,0.41326138377189636,-0.18307796120643616,0.5483925342559814,0.4116252660751343,-0.17798905074596405,0.5582059621810913,0.42520850896835327,-0.22728173434734344,0.5522496104240417,0.4257749915122986,-0.22668588161468506,0.5799092650413513,0.4422069787979126,-0.11761118471622467,0.5286821722984314,0.4468022584915161,-0.1115618348121643,0.5997973084449768,0.4743785262107849,-0.12252380698919296,0.5129429697990417,0.4919743835926056,-0.10387339442968369,0.5807568430900574,0.4915271997451782,-0.20380380749702454,0.5222442746162415,0.5174221992492676,-0.16706588864326477,0.5749029517173767,0.49985912442207336,-0.22569505870342255,0.5210490226745605,0.5282850861549377,-0.18753407895565033,0.5720190405845642,0.493470162153244,-0.23231163620948792,0.527670681476593,0.523819088935852,-0.19673019647598267,0.5743950605392456,0.4891790449619293,-0.2071550190448761,0.5279529094696045,0.5189343690872192,-0.17179061472415924,0.5674425959587097,0.5149872303009033,-0.0014892418403178453,0.5395006537437439,0.5198532938957214,0.001377340406179428,0.5871109366416931,0.560375452041626,-0.14600065350532532,0.5251857042312622,0.5715134143829346,-0.10103901475667953,0.5788359045982361,0.6076940298080444,-0.008690261282026768,0.5255970358848572,0.6370819807052612,0.004697720054537058,0.5743342638015747,0.6141315698623657,0.0031066297087818384,0.5278095006942749,0.6435425281524658,0.012350107543170452,0.5857445597648621,0.635675847530365,-0.06103169918060303,0.5166314840316772,0.6581147909164429,-0.0627918690443039
frame_00139.jpg,0.5569630861282349,0.41534364223480225,-0.22080986201763153,0.5600703954696655,0.406945139169693,-0.21328742802143097,0.5622702240943909,0.40677276253700256,-0.21339944005012512,0.5645232200622559,0.4067135751247406,-0.2133868932723999,0.555134654045105,0.4067472517490387,-0.21225488185882568,0.5537688732147217,0.4065324068069458,-0.21238556504249573,0.5525155663490295,0.40640202164649963,-0.21244606375694275,0.5696519613265991,0.4083629548549652,-0.1626506745815277,0.5531837344169617,0.4075682461261749,-0.17025130987167358,0.5611067414283752,0.4204878807067871,-0.19558949768543243,0.5554211139678955,0.42077091336250305,-0.19484840333461761,0.583980917930603,0.4390897750854492,-0.09742702543735504,0.5347157716751099,0.440405011177063,-0.09459448605775833,0.6029435396194458,0.4721131920814514,-0.10801710933446884,0.5164190530776978,0.4864429533481598,-0.09196291118860245,0.5842742919921875,0.4903853237628937,-0.18397308886051178,0.5266855359077454,0.5123525261878967,-0.16916033625602722,0.5772331953048706,0.4973921775817871,-0.20724833011627197,0.5290136337280273,0.5237905979156494,-0.19147464632987976,0.5739529728889465,0.4906396269798279,-0.21402159333229065,0.5332154631614685,0.5179829001426697,-0.19929423928260803,0.575831949710846,0.487583190202713,-0.1876884251832962,0.5329943895339966,0.5136873126029968,-0.17386026680469513,0.5729759931564331,0.5162516236305237,-0.001548692351207137,0.545594334602356,0.5211638808250427,0.001436000457033515,0.5922625660896301,0.5519868731498718,-0.18322183191776276,0.5265142321586609,0.572066068649292,-0.09133721888065338,0.5836926698684692,0.6021449565887451,-0.0535077229142189,0.528861403465271,0.6390793919563293,0.011534595862030983,0.5788499116897583,0.610808253288269,-0.043381281197071075,0.5326948165893555,0.6472962498664856,0.01822061650454998,0.5912727117538452,0.6282170414924622,-0.1108812689781189,0.5193731784820557,0.6604278683662415,-0.05302365869283676
frame_00140.jpg,0.5657302141189575,0.41499462723731995,-0.2288578450679779,0.5687381029129028,0.40702420473098755,-0.2199360430240631,0.5706921815872192,0.4070339500904083,-0.22005495429039001,0.5725547075271606,0.4072057008743286,-0.22004707157611847,0.5634364485740662,0.40625330805778503,-0.22043582797050476,0.5618482828140259,0.40582606196403503,-0.22055573761463165,0.5602683424949646,0.40549930930137634,-0.22061185538768768,0.575767993927002,0.40874147415161133,-0.15482892096042633,0.5587998628616333,0.40676257014274597,-0.15686258673667908,0.5686603784561157,0.4202856123447418,-0.20094898343086243,0.5628658533096313,0.4202424883842468,-0.20223844051361084,0.5881206393241882,0.43633076548576355,-0.09631221741437912,0.5400451421737671,0.438730925321579,-0.09347312152385712,0.6085932850837708,0.469807505607605,-0.11007212102413177,0.5223297476768494,0.48532021045684814,-0.11006741225719452,0.5903981924057007,0.4911929965019226,-0.20816974341869354,0.5347822904586792,0.5073639750480652,-0.19291995465755463,0.5838622450828552,0.501632034778595,-0.23392757773399353,0.5375218987464905,0.5160467028617859,-0.21639573574066162,0.5791041851043701,0.4925260841846466,-0.24059312045574188,0.5402135252952576,0.5091644525527954,-0.22375881671905518,0.5824165344238281,0.4885198473930359,-0.21228475868701935,0.5396801233291626,0.5054916739463806,-0.19751638174057007,0.575957715511322,0.5141651630401611,-0.0003180890635121614,0.5489477515220642,0.5190000534057617,0.00020168224000371993,0.5964511036872864,0.5476371645927429,-0.17749740183353424,0.5287656784057617,0.5679038166999817,-0.11934510618448257,0.5858195424079895,0.5943973064422607,-0.03597146272659302,0.5338342785835266,0.6378303170204163,-0.00668444624170661,0.5804941058158875,0.6007614731788635,-0.02513175830245018,0.538252055644989,0.6457146406173706,0.0014575420645996928,0.5943310856819153,0.6202050447463989,-0.09084220230579376,0.5232760310173035,0.6586201190948486,-0.07371111214160919
frame_00141.jpg,0.5723816156387329,0.4080587923526764,-0.15171727538108826,0.5738438963890076,0.4013393223285675,-0.14398637413978577,0.5750802755355835,0.40136396884918213,-0.1441117227077484,0.5767704248428345,0.4016328752040863,-0.14411284029483795,0.569654643535614,0.400964617729187,-0.1448480635881424,0.5684768557548523,0.40085873007774353,-0.1449522227048874,0.5665632486343384,0.4008847177028656,-0.14500205218791962,0.5785151720046997,0.4033494293689728,-0.08964385837316513,0.5651863813400269,0.40309736132621765,-0.09246222674846649,0.5736700296401978,0.4131273329257965,-0.12911571562290192,0.5700446367263794,0.4133598208427429,-0.13083383440971375,0.5919462442398071,0.4314764738082886,-0.051156919449567795,0.5467429757118225,0.4348912537097931,-0.04500430449843407,0.6105847954750061,0.46755728125572205,-0.06427787244319916,0.5335887670516968,0.47549837827682495,-0.05940466374158859,0.5961781144142151,0.4900897145271301,-0.1579461395740509,0.537139356136322,0.4938719570636749,-0.1386760175228119,0.593139111995697,0.49822741746902466,-0.18268603086471558,0.5367473363876343,0.49982690811157227,-0.15917378664016724,0.5892363786697388,0.4899333119392395,-0.19209040701389313,0.5382633209228516,0.49567538499832153,-0.1708143800497055,0.5896238684654236,0.4872513711452484,-0.1636330932378769,0.5387918949127197,0.49349531531333923,-0.14555969834327698,0.5797528624534607,0.5157504677772522,-0.000480015529319644,0.555022656917572,0.517693817615509,0.0003649751306511462,0.6022139191627502,0.5433509349822998,-0.14418268203735352,0.5350379943847656,0.5728313326835632,-0.04755568131804466,0.5904458165168762,0.5996369123458862,-0.014560945332050323,0.5421761274337769,0.6374294757843018,0.02695837989449501,0.5853430032730103,0.6059892773628235,-0.0038143873680382967,0.5474324822425842,0.6468630433082581,0.03190145641565323,0.5993192195892334,0.6148925423622131,-0.0529380664229393,0.5318349599838257,0.6549969911575317,-0.029101798310875893
frame_00142.jpg,0.576035737991333,0.4041288495063782,-0.14725971221923828,0.5785242915153503,0.39787742495536804,-0.139195054769516,0.5799024105072021,0.3978597819805145,-0.13931894302368164,0.5816490650177002,0.39805787801742554,-0.13931097090244293,0.5745197534561157,0.39776548743247986,-0.13951006531715393,0.5734675526618958,0.3977324366569519,-0.13961061835289001,0.5718485116958618,0.39746248722076416,-0.13965079188346863,0.5841253995895386,0.3998384475708008,-0.08442051708698273,0.5710048675537109,0.3998757600784302,-0.08509329706430435,0.5781670212745667,0.4100295305252075,-0.12480900436639786,0.5749756693840027,0.4100903868675232,-0.1259249895811081,0.5958234667778015,0.4295422434806824,-0.047805607318878174,0.5535205602645874,0.43015342950820923,-0.03726066276431084,0.6162142157554626,0.4627656638622284,-0.05880770832300186,0.541244387626648,0.46823281049728394,-0.0495758019387722,0.6045069694519043,0.48456138372421265,-0.141718327999115,0.5358937978744507,0.4882068336009979,-0.12268970161676407,0.6031137704849243,0.49599209427833557,-0.16238240897655487,0.5363322496414185,0.4933217763900757,-0.14103932678699493,0.5985186100006104,0.4877155125141144,-0.17148001492023468,0.534204363822937,0.4914012551307678,-0.15393273532390594,0.5987771153450012,0.48474884033203125,-0.14672723412513733,0.5378091335296631,0.4898490309715271,-0.1300467550754547,0.5844632983207703,0.5126242637634277,-0.0005929264589212835,0.5619856119155884,0.5137075781822205,0.00047871036804281175,0.6025785207748413,0.5416244268417358,-0.09338881075382233,0.5420846939086914,0.5692561864852905,-0.050626885145902634,0.5973907113075256,0.5984166860580444,0.006696677766740322,0.5493954420089722,0.6298004984855652,0.013531604781746864,0.593252956867218,0.6058065295219421,0.014151500537991524,0.5545363426208496,0.6404460072517395,0.01661551743745804,0.6021195650100708,0.6157276034355164,-0.03274304047226906,0.5395658612251282,0.6441749930381775,-0.03680417686700821
frame_00143.jpg,0.579929769039154,0.4082699418067932,-0.17032091319561005,0.5826960802078247,0.4007427394390106,-0.16244107484817505,0.584574818611145,0.4004710018634796,-0.16255977749824524,0.5863254070281982,0.4003775715827942,-0.16254955530166626,0.5772878527641296,0.4006955027580261,-0.16246485710144043,0.5756033062934875,0.4004083573818207,-0.16258074343204498,0.5739991664886475,0.4000947177410126,-0.16262948513031006,0.5892797708511353,0.40128281712532043,-0.10080648958683014,0.5728079080581665,0.4010952413082123,-0.10036605596542358,0.583027720451355,0.41303807497024536,-0.1456184685230255,0.5777599215507507,0.4134688079357147,-0.1463482677936554,0.6019656658172607,0.42698800563812256,-0.05455852672457695,0.5565301775932312,0.42914992570877075,-0.04149477556347847,0.6235373616218567,0.46272313594818115,-0.0677826777100563,0.542684018611908,0.4678123891353607,-0.054406315088272095,0.6092661619186401,0.4833185374736786,-0.15608924627304077,0.5368905663490295,0.4886842966079712,-0.1310082972049713,0.6043897867202759,0.4915589988231659,-0.18102112412452698,0.5349573493003845,0.49398842453956604,-0.150099977850914,0.6007512211799622,0.48483243584632874,-0.18993224203586578,0.5341864228248596,0.4912792444229126,-0.15850913524627686,0.6020718216896057,0.48186105489730835,-0.16206058859825134,0.5371080636978149,0.4894575774669647,-0.13630279898643494,0.5928135514259338,0.506930410861969,-0.0029011357109993696,0.5673102140426636,0.5116113424301147,0.0027701924555003643,0.6029389500617981,0.5352579951286316,-0.16164445877075195,0.5475974678993225,0.5645065903663635,-0.079917773604393,0.5989383459091187,0.5885862708091736,-0.05489044636487961,0.5517019629478455,0.6293344497680664,0.0014166940236464143,0.5961487889289856,0.6010183095932007,-0.046784065663814545,0.5568453073501587,0.6397392749786377,0.006691026501357555,0.6060711145401001,0.6086078882217407,-0.10345742851495743,0.541106104850769,0.6475015878677368,-0.055331457406282425
frame_00144.jpg,0.5845550298690796,0.408320814371109,-0.22292272746562958,0.5874330997467041,0.39966124296188354,-0.2147260159254074,0.589531421661377,0.3995576500892639,-0.21483826637268066,0.5913662314414978,0.3996663987636566,-0.21482336521148682,0.5810530185699463,0.39944028854370117,-0.21511957049369812,0.5789675712585449,0.3991149961948395,-0.21524366736412048,0.5769400000572205,0.3988572657108307,-0.21528884768486023,0.5944502949714661,0.40053603053092957,-0.14491769671440125,0.5745810866355896,0.39946848154067993,-0.14528807997703552,0.5879102945327759,0.4133762717247009,-0.1935158371925354,0.5814684629440308,0.4139881432056427,-0.19458547234535217,0.6063748598098755,0.4257109761238098,-0.0846438854932785,0.5592142939567566,0.4270048141479492,-0.07242294400930405,0.6268433332443237,0.4628163278102875,-0.09279029816389084,0.5430050492286682,0.467560738325119,-0.055053096264600754,0.6121588945388794,0.4830876886844635,-0.18606528639793396,0.5446152687072754,0.49265310168266296,-0.13332602381706238,0.6082292795181274,0.48983287811279297,-0.2103109061717987,0.5436116456985474,0.5000923871994019,-0.15211716294288635,0.6055492162704468,0.48107239603996277,-0.21810631453990936,0.544320821762085,0.49643674492836,-0.16252903640270233,0.6059457063674927,0.47902122139930725,-0.1907111257314682,0.5462250113487244,0.49356159567832947,-0.13914401829242706,0.5921011567115784,0.5029929876327515,-0.0033289201091974974,0.5665248036384583,0.507010281085968,0.003209278453141451,0.6102436780929565,0.5426536202430725,-0.1494646966457367,0.5523442029953003,0.5681931376457214,-0.04571928456425667,0.6049364805221558,0.5948241949081421,-0.024831566959619522,0.5570920705795288,0.6310068368911743,0.05769966170191765,0.6016548871994019,0.6008071899414062,-0.009458138607442379,0.5615138411521912,0.6402837634086609,0.06522130221128464,0.6079583764076233,0.6190885305404663,-0.06464286148548126,0.5510598421096802,0.650709331035614,-0.002531948732212186
frame_00145.jpg,0.5886236429214478,0.4049525260925293,-0.22197070717811584,0.5911229252815247,0.39740481972694397,-0.213464617729187,0.5929678678512573,0.397493839263916,-0.2135847806930542,0.5945863127708435,0.3975764811038971,-0.21358120441436768,0.5856596231460571,0.3969193398952484,-0.21508455276489258,0.5837949514389038,0.3966190218925476,-0.2151930332183838,0.5818817019462585,0.39647719264030457,-0.21522924304008484,0.5966076254844666,0.39929836988449097,-0.147698312997818,0.5790029764175415,0.3976422846317291,-0.15291768312454224,0.5911969542503357,0.4103527069091797,-0.19434033334255219,0.5852841138839722,0.41095200181007385,-0.1967802196741104,0.6091717481613159,0.4249497652053833,-0.09160570800304413,0.562034010887146,0.4275049865245819,-0.09083937108516693,0.6295069456100464,0.4599010646343231,-0.10505156219005585,0.5453188419342041,0.4683018922805786,-0.09709211438894272,0.6101328134536743,0.47737106680870056,-0.20021891593933105,0.5490676164627075,0.49483346939086914,-0.1640128642320633,0.6044725179672241,0.4834044575691223,-0.22507667541503906,0.5487768650054932,0.5026256442070007,-0.1837952435016632,0.6007288694381714,0.4766797423362732,-0.2319406270980835,0.5499653220176697,0.4979458451271057,-0.194187194108963,0.6023222208023071,0.4731794595718384,-0.20463526248931885,0.5511927604675293,0.4949004352092743,-0.16964122653007507,0.5942413806915283,0.49966558814048767,-0.0029028814751654863,0.5690392255783081,0.5061178803443909,0.0027831229381263256,0.6090243458747864,0.5220313668251038,-0.1845301240682602,0.5561922788619995,0.5676623582839966,-0.031036928296089172,0.6035250425338745,0.5771710872650146,-0.08884032070636749,0.5601516366004944,0.6314642429351807,0.06794022768735886,0.5985792875289917,0.593131959438324,-0.08207538723945618,0.5661040544509888,0.6413900852203369,0.07457297295331955,0.6134649515151978,0.5992876291275024,-0.1455679088830948,0.5525420904159546,0.6507320404052734,0.0064841872081160545
frame_00146.jpg,0.5923011898994446,0.3981696665287018,-0.14366590976715088,0.592828631401062,0.39146605134010315,-0.1393517553806305,0.5937246680259705,0.39136552810668945,-0.13948729634284973,0.5966320037841797,0.392329603433609,-0.139478400349617,0.5901322364807129,0.3915577828884125,-0.14160677790641785,0.5892699360847473,0.39150771498680115,-0.1417241245508194,0.5882586240768433,0.39154917001724243,-0.14180143177509308,0.5970443487167358,0.3926788866519928,-0.0984358862042427,0.5855380296707153,0.39352068305015564,-0.10842721164226532,0.5940896272659302,0.40382763743400574,-0.12508448958396912,0.5909597277641296,0.4039257764816284,-0.12866316735744476,0.6113371849060059,0.42056697607040405,-0.05618895962834358,0.5665549039840698,0.42474088072776794,-0.07186205685138702,0.6307048201560974,0.45549476146698,-0.033674538135528564,0.5718122720718384,0.466749370098114,-0.08328664302825928,0.6157631278038025,0.47874754667282104,-0.06886117160320282,0.5935832858085632,0.4840112030506134,-0.11817656457424164,0.6105872392654419,0.48792150616645813,-0.08042185753583908,0.6002310514450073,0.49065399169921875,-0.13470539450645447,0.6059955954551697,0.4806300699710846,-0.0895196944475174,0.6022568345069885,0.4838193655014038,-0.136928990483284,0.6089867353439331,0.4768071472644806,-0.07233589887619019,0.5997743010520935,0.4810859262943268,-0.11976305395364761,0.5924495458602905,0.5039693713188171,-0.0026833522133529186,0.5805540680885315,0.5051116347312927,0.0025698933750391006,0.5820842981338501,0.5593106746673584,-0.005310113541781902,0.5880810022354126,0.5458008646965027,0.014620045199990273,0.5771339535713196,0.6213364005088806,0.022504661232233047,0.5948116183280945,0.5951846241950989,0.07562318444252014,0.5782175660133362,0.6330726146697998,0.022083664312958717,0.5978160500526428,0.606274425983429,0.08027637004852295,0.5683170557022095,0.6308953762054443,-0.02678084932267666,0.5886096954345703,0.6014712452888489,0.04781205207109451
frame_00147.jpg,0.5898919105529785,0.39795535802841187,-0.19426536560058594,0.5921674370765686,0.389900267124176,-0.18809431791305542,0.5936010479927063,0.38976532220840454,-0.18822836875915527,0.5953367948532104,0.3899356424808502,-0.18822909891605377,0.5885266661643982,0.3902348577976227,-0.18569880723953247,0.5874556303024292,0.3901059329509735,-0.1858336180448532,0.5864168405532837,0.3900417387485504,-0.18590378761291504,0.5988077521324158,0.3913997709751129,-0.13067831099033356,0.5859075784683228,0.3912332355976105,-0.11767901480197906,0.5932477712631226,0.4026411473751068,-0.16970542073249817,0.5890981554985046,0.40379223227500916,-0.16698652505874634,0.6166374087333679,0.41988590359687805,-0.07824929058551788,0.5691949129104614,0.4225730001926422,-0.06728953868150711,0.6350175142288208,0.45706185698509216,-0.06760938465595245,0.5555973649024963,0.4632011950016022,-0.07480083405971527,0.6180689334869385,0.4797581434249878,-0.1351298838853836,0.5682815909385681,0.48491907119750977,-0.14589186012744904,0.6121363639831543,0.48901599645614624,-0.1601479947566986,0.593471884727478,0.49214041233062744,-0.16737069189548492,0.6082794666290283,0.4822649359703064,-0.1734170913696289,0.5967589616775513,0.488435834646225,-0.1797863245010376,0.6098034381866455,0.47842204570770264,-0.14209026098251343,0.581621527671814,0.4857163429260254,-0.15304604172706604,0.600399911403656,0.5040192008018494,-0.004306850954890251,0.5768779516220093,0.5064993500709534,0.0041877697221934795,0.6061195135116577,0.5541658997535706,-0.0997171625494957,0.5690369009971619,0.5673502087593079,-0.012645992450416088,0.6041682362556458,0.5851049423217773,0.008818311616778374,0.5712077021598816,0.6341919302940369,0.07283197343349457,0.6038742661476135,0.6031497716903687,0.01803201623260975,0.57404625415802,0.6446684002876282,0.07831795513629913,0.6144652366638184,0.6072749495506287,-0.03748467192053795,0.5633256435394287,0.6509494781494141,0.013257859274744987
frame_00148.jpg,0.5901437997817993,0.39250603318214417,-0.15664060413837433,0.5926997065544128,0.3860662877559662,-0.15370288491249084,0.5934850573539734,0.3859992027282715,-0.1538538634777069,0.5942188501358032,0.38603511452674866,-0.15385614335536957,0.5905107259750366,0.38636067509651184,-0.14980754256248474,0.5901212692260742,0.3863898813724518,-0.14992152154445648,0.5895987153053284,0.38641560077667236,-0.14998717606067657,0.597133457660675,0.38900434970855713,-0.11878369003534317,0.590164065361023,0.38893142342567444,-0.09969403594732285,0.5927636623382568,0.3983144760131836,-0.14112892746925354,0.5900689959526062,0.3986891210079193,-0.13664808869361877,0.6169922351837158,0.4181526005268097,-0.08586473762989044,0.5728586912155151,0.42170900106430054,-0.04842125624418259,0.6381467580795288,0.4546545743942261,-0.09048425406217575,0.55882328748703,0.4586477279663086,-0.06165057420730591,0.6203531622886658,0.4800982177257538,-0.14441505074501038,0.5575613379478455,0.4812410771846771,-0.14264453947544098,0.6144236326217651,0.49000316858291626,-0.16669301688671112,0.5686523914337158,0.4881426990032196,-0.1646297127008438,0.6098315119743347,0.48341765999794006,-0.1758543998003006,0.5696203112602234,0.485697478055954,-0.17944933474063873,0.6115468740463257,0.479541152715683,-0.1498246192932129,0.5636370778083801,0.48338109254837036,-0.15168562531471252,0.6025434732437134,0.5055592656135559,-0.009593658149242401,0.580188512802124,0.5074078440666199,0.00949348509311676,0.6062511801719666,0.5543760061264038,-0.0232913289219141,0.5653687119483948,0.5676811337471008,-0.01219875831156969,0.6078780889511108,0.5927911400794983,0.08889733254909515,0.5694592595100403,0.6356272101402283,0.045280106365680695,0.6061822175979614,0.6023633480072021,0.09720256179571152,0.5773014426231384,0.6443322896957397,0.045483727008104324,0.6139492392539978,0.6029706597328186,0.058347612619400024,0.5573195219039917,0.6508163809776306,0.008483953773975372
frame_00149.jpg,0.5962878465652466,0.394175261259079,-0.20947778224945068,0.5989499688148499,0.3873673975467682,-0.20123544335365295,0.6002607345581055,0.3872486650943756,-0.2013666182756424,0.6016606092453003,0.3874838948249817,-0.20136745274066925,0.5948753952980042,0.38713449239730835,-0.20096683502197266,0.5935620069503784,0.38706010580062866,-0.20107588171958923,0.5921135544776917,0.38706472516059875,-0.20111975073814392,0.6039482355117798,0.39017584919929504,-0.1396108716726303,0.5904456973075867,0.3890319764614105,-0.1355396956205368,0.5985240936279297,0.40001147985458374,-0.18372783064842224,0.5942438840866089,0.4006706774234772,-0.1837250143289566,0.6203445792198181,0.4176899492740631,-0.09379245340824127,0.5734151601791382,0.4227847456932068,-0.07267636060714722,0.6415870785713196,0.45467618107795715,-0.11500533670186996,0.5564696192741394,0.4626157581806183,-0.0895223468542099,0.6255589127540588,0.47828444838523865,-0.21343667805194855,0.5468361973762512,0.4825092554092407,-0.1690865010023117,0.6208627223968506,0.4863956868648529,-0.23877009749412537,0.5413894653320312,0.4876156449317932,-0.1889115273952484,0.6164257526397705,0.4800695776939392,-0.24761240184307098,0.5406369566917419,0.4860824644565582,-0.2032119482755661,0.6176077127456665,0.4762984812259674,-0.2188325673341751,0.5442235469818115,0.4844472110271454,-0.17718695104122162,0.6078506708145142,0.5013869404792786,-0.008236023597419262,0.5815563797950745,0.5048229694366455,0.008127518929541111,0.611392617225647,0.5437757968902588,-0.17776407301425934,0.5705521702766418,0.5655291080474854,-0.04312445595860481,0.6133396625518799,0.5962511301040649,-0.06545812636613846,0.5727675557136536,0.6355662941932678,0.045543573796749115,0.6121289730072021,0.6046600937843323,-0.05709001421928406,0.5795015096664429,0.6404142379760742,0.04999827593564987,0.6152708530426025,0.611452043056488,-0.11550025641918182,0.5650721192359924,0.6487794518470764,0.0006346285226754844
frame_00150.jpg,0.5986357927322388,0.3943767249584198,-0.2031077891588211,0.6018303036689758,0.38719046115875244,-0.19785699248313904,0.6033551096916199,0.3872774839401245,-0.19791868329048157,0.6048784255981445,0.3875322639942169,-0.1979425847530365,0.5969902276992798,0.38655561208724976,-0.19810378551483154,0.5954672694206238,0.38632962107658386,-0.1983003169298172,0.5939590930938721,0.3861784040927887,-0.1984909474849701,0.6065987348556519,0.38998323678970337,-0.12465272098779678,0.5922982692718506,0.3880414366722107,-0.12521015107631683,0.6010974049568176,0.4005718529224396,-0.17742054164409637,0.5960564017295837,0.4009619355201721,-0.1821521818637848,0.6213198900222778,0.4185282289981842,-0.08421505242586136,0.5743765830993652,0.42308154702186584,-0.06458301842212677,0.6442580819129944,0.4537283480167389,-0.10915865749120712,0.557275652885437,0.4625559449195862,-0.08423681557178497,0.6238964200019836,0.47555971145629883,-0.21401028335094452,0.5443886518478394,0.4849841296672821,-0.161991685628891,0.6179569959640503,0.4829002320766449,-0.23977437615394592,0.5383108854293823,0.4900919198989868,-0.1811317652463913,0.6140455007553101,0.4771433472633362,-0.24641461670398712,0.5371075868606567,0.4875835180282593,-0.194447323679924,0.6156415343284607,0.47338253259658813,-0.21860316395759583,0.5407658219337463,0.48602724075317383,-0.169564887881279,0.6061981320381165,0.5020755529403687,-0.007825049571692944,0.5795926451683044,0.5062713623046875,0.007701356895267963,0.6116455793380737,0.5020299553871155,-0.22521889209747314,0.5650023221969604,0.5701601505279541,-0.0425543487071991,0.6091749668121338,0.5770389437675476,-0.16776138544082642,0.572277307510376,0.6392820477485657,0.055305831134319305,0.6063495874404907,0.5876855254173279,-0.16554968059062958,0.5770512819290161,0.6489382386207581,0.06192285567522049,0.6171565651893616,0.5988451242446899,-0.2389717996120453,0.563463568687439,0.6578667759895325,-0.0026978214737027884
