image_name,x_0,y_0,z_0,x_1,y_1,z_1,x_2,y_2,z_2,x_3,y_3,z_3,x_4,y_4,z_4,x_5,y_5,z_5,x_6,y_6,z_6,x_7,y_7,z_7,x_8,y_8,z_8,x_9,y_9,z_9,x_10,y_10,z_10,x_11,y_11,z_11,x_12,y_12,z_12,x_13,y_13,z_13,x_14,y_14,z_14,x_15,y_15,z_15,x_16,y_16,z_16,x_17,y_17,z_17,x_18,y_18,z_18,x_19,y_19,z_19,x_20,y_20,z_20,x_21,y_21,z_21,x_22,y_22,z_22,x_23,y_23,z_23,x_24,y_24,z_24,x_25,y_25,z_25,x_26,y_26,z_26,x_27,y_27,z_27,x_28,y_28,z_28,x_29,y_29,z_29,x_30,y_30,z_30,x_31,y_31,z_31,x_32,y_32,z_32
frame_00000.jpg,0.8049567341804504,0.3104037046432495,-0.03435849770903587,0.8166905641555786,0.2854243218898773,-0.02654113806784153,0.8155227899551392,0.28107622265815735,-0.027013828977942467,0.8142319917678833,0.27647775411605835,-0.026920482516288757,0.816308856010437,0.28621798753738403,-0.07558012753725052,0.8149691820144653,0.28324276208877563,-0.07606227695941925,0.8134299516677856,0.27943021059036255,-0.07612231373786926,0.794089138507843,0.25222983956336975,0.0520048514008522,0.7922265529632568,0.25187185406684875,-0.16674870252609253,0.7825325727462769,0.30816900730133057,0.0053712958469986916,0.7822381258010864,0.3085829019546509,-0.06010909751057625,0.6623919606208801,0.270513117313385,0.19772367179393768,0.6877448558807373,0.29228755831718445,-0.23597697913646698,0.6613513231277466,0.4586140811443329,0.27265623211860657,0.7002115249633789,0.5016990303993225,-0.29442521929740906,0.6830611824989319,0.5993988513946533,0.2123500555753708,0.7374574542045593,0.6846398711204529,-0.3082813322544098,0.7080194354057312,0.6058332324028015,0.22381854057312012,0.7709673643112183,0.7059993147850037,-0.39085808396339417,0.7134848833084106,0.6123024225234985,0.15264126658439636,0.7746133804321289,0.6971715688705444,-0.3364054560661316,0.7057121992111206,0.6162936091423035,0.18460723757743835,0.7605955004692078,0.6922879815101624,-0.29416826367378235,0.4257742762565613,0.38297566771507263,0.13455234467983246,0.4242870807647705,0.3939901292324066,-0.13458137214183807,0.2629490792751312,0.5466257333755493,0.1781357228755951,0.24888566136360168,0.5500777363777161,-0.11310364305973053,0.09004524350166321,0.6395844221115112,0.2622000575065613,0.06363926827907562,0.6524689197540283,-0.07337777316570282,0.0467635914683342,0.6458447575569153,0.2650582790374756,0.02519330009818077,0.6509751677513123,-0.07109368592500687,0.09661264717578888,0.7254393696784973,0.1752595603466034,0.07273251563310623,0.7526537775993347,-0.16083069145679474
frame_00001.jpg,0.8059340715408325,0.3240680992603302,-0.033775921911001205,0.8173425793647766,0.3008469343185425,-0.025853032246232033,0.8162849545478821,0.296854704618454,-0.02625485137104988,0.815163254737854,0.29284170269966125,-0.02610207162797451,0.8167135119438171,0.30019575357437134,-0.074318528175354,0.8150644302368164,0.29546210169792175,-0.07478474080562592,0.8132761120796204,0.29033753275871277,-0.0748484805226326,0.7947611808776855,0.26739493012428284,0.057830411940813065,0.792267918586731,0.26291850209236145,-0.1654527634382248,0.783180832862854,0.3223128616809845,0.008635769598186016,0.7828081846237183,0.32124218344688416,-0.05941349267959595,0.6652894020080566,0.27933162450790405,0.21831493079662323,0.6921151280403137,0.30335453152656555,-0.23281064629554749,0.6605221033096313,0.4600602984428406,0.278541624546051,0.7000941038131714,0.5104130506515503,-0.2929017245769501,0.6822531819343567,0.6048215627670288,0.2063159942626953,0.7366743683815002,0.6951583623886108,-0.29658403992652893,0.707388162612915,0.6120361089706421,0.21638557314872742,0.7707554697990417,0.7161704301834106,-0.3783358633518219,0.7129741311073303,0.6193279027938843,0.14622275531291962,0.7740989923477173,0.7067215442657471,-0.3232603669166565,0.7051381468772888,0.6227601766586304,0.1784365028142929,0.7600001096725464,0.7009449601173401,-0.28186124563217163,0.4282495975494385,0.38367292284965515,0.13618312776088715,0.42926692962646484,0.4028162956237793,-0.13624423742294312,0.2634587287902832,0.544940710067749,0.17796194553375244,0.2517930865287781,0.5561460256576538,-0.11091525852680206,0.08782877027988434,0.636730432510376,0.273507297039032,0.06176820397377014,0.6568248271942139,-0.06527841091156006,0.04690907523036003,0.6359843015670776,0.27770093083381653,0.024049552157521248,0.6522893905639648,-0.06216543912887573,0.09621450304985046,0.7285547852516174,0.19149275124073029,0.07281187176704407,0.7529180645942688,-0.1522148996591568
frame_00002.jpg,0.8075796365737915,0.3394808769226074,-0.02437242493033409,0.8194179534912109,0.31749826669692993,-0.015560485422611237,0.8184407353401184,0.31460005044937134,-0.01590580679476261,0.8174842000007629,0.3118269741535187,-0.015738260000944138,0.8189418911933899,0.31544026732444763,-0.06491849571466446,0.817489504814148,0.3111625611782074,-0.06542609632015228,0.8159672021865845,0.30670297145843506,-0.06551174819469452,0.7984744310379028,0.2856307625770569,0.06827260553836823,0.7956510782241821,0.27832332253456116,-0.15610714256763458,0.78545743227005,0.3397022485733032,0.01921551302075386,0.7849498391151428,0.3386610746383667,-0.04965028539299965,0.6688085794448853,0.28617921471595764,0.22886598110198975,0.6964524984359741,0.3220559060573578,-0.23062893748283386,0.6534544229507446,0.4602493345737457,0.29508176445961,0.6999655365943909,0.5191988348960876,-0.28500908613204956,0.6780803203582764,0.6035443544387817,0.22940638661384583,0.7363468408584595,0.7009431719779968,-0.27843695878982544,0.7027706503868103,0.6124951243400574,0.24015752971172333,0.7687270045280457,0.7189329266548157,-0.3592309355735779,0.7093355655670166,0.6201526522636414,0.1743878275156021,0.7731178998947144,0.7073904871940613,-0.30440229177474976,0.7010337710380554,0.6227060556411743,0.20382347702980042,0.7593015432357788,0.70346999168396,-0.26353737711906433,0.42919763922691345,0.3850226104259491,0.13709841668605804,0.4329357147216797,0.41168391704559326,-0.1371641457080841,0.2630368769168854,0.5424700975418091,0.17815175652503967,0.25366827845573425,0.5597118139266968,-0.12048393487930298,0.08514810353517532,0.6385747790336609,0.2662452161312103,0.062059640884399414,0.6589669585227966,-0.07312487065792084,0.04410476237535477,0.6347819566726685,0.2695651352405548,0.023866819217801094,0.6560229659080505,-0.07198555767536163,0.08623724430799484,0.7267253994941711,0.18547570705413818,0.07103470712900162,0.7477753758430481,-0.16310396790504456
frame_00003.jpg,0.809247612953186,0.3541557192802429,-0.025585521012544632,0.8208991885185242,0.33185717463493347,-0.016959454864263535,0.8199151158332825,0.32871896028518677,-0.017322394996881485,0.8188355565071106,0.3256455659866333,-0.01715901866555214,0.8204715847969055,0.33030030131340027,-0.06595097482204437,0.8190370798110962,0.326176255941391,-0.0664680153131485,0.8174489140510559,0.32176169753074646,-0.06655306369066238,0.7989155054092407,0.29978540539741516,0.0650630071759224,0.7958934307098389,0.2939097285270691,-0.15648621320724487,0.7876294851303101,0.35343900322914124,0.01801975630223751,0.787151038646698,0.35261958837509155,-0.050178609788417816,0.6706591844558716,0.29646241664886475,0.22579285502433777,0.6977457404136658,0.32841747999191284,-0.23036928474903107,0.6498004794120789,0.4636576473712921,0.28853335976600647,0.6998517513275146,0.5312328934669495,-0.2816092371940613,0.6738709211349487,0.6120744347572327,0.21740484237670898,0.7360516786575317,0.7329792380332947,-0.27931493520736694,0.6988878846168518,0.6173056364059448,0.2262590229511261,0.7691105008125305,0.7514774203300476,-0.3580985963344574,0.7070456147193909,0.6308391094207764,0.1589711606502533,0.7729424238204956,0.7390157580375671,-0.3049975037574768,0.6987379789352417,0.634849488735199,0.19106093049049377,0.7589224576950073,0.732002854347229,-0.2648169696331024,0.4318365454673767,0.3926256000995636,0.13640406727790833,0.43327492475509644,0.41737478971481323,-0.13649451732635498,0.2643599510192871,0.5417534708976746,0.18360371887683868,0.2572542726993561,0.569659411907196,-0.09089832007884979,0.08614206314086914,0.6308761239051819,0.2836575210094452,0.06223374605178833,0.6601667404174805,-0.03261220082640648,0.045380473136901855,0.6296514272689819,0.28841647505760193,0.02402237057685852,0.6554521322250366,-0.02879992499947548,0.0872211679816246,0.7220253348350525,0.20287835597991943,0.07157411426305771,0.7478634119033813,-0.11381746828556061
frame_00004.jpg,0.8115054368972778,0.36055177450180054,-0.03998413681983948,0.8226836323738098,0.3419140875339508,-0.03271280601620674,0.821822464466095,0.33837783336639404,-0.033123161643743515,0.8210085034370422,0.3353368639945984,-0.03295864164829254,0.8225914239883423,0.34191569685935974,-0.07906182110309601,0.8216026425361633,0.33807480335235596,-0.07958795130252838,0.8207380175590515,0.33452779054641724,-0.07969515025615692,0.8044203519821167,0.3062874376773834,0.04453950375318527,0.8028717041015625,0.30464205145835876,-0.1639450639486313,0.7899848222732544,0.3583800494670868,0.002397146075963974,0.7902502417564392,0.35867467522621155,-0.0619557686150074,0.6808996200561523,0.3135041296482086,0.20230679214000702,0.7031253576278687,0.3362255096435547,-0.23085728287696838,0.6498960256576538,0.4685508906841278,0.2782040238380432,0.6983472108840942,0.5553163290023804,-0.28235167264938354,0.6677641868591309,0.6243093013763428,0.2170964479446411,0.7328222393989563,0.7536236047744751,-0.2966689169406891,0.6903054714202881,0.6303378343582153,0.2250998467206955,0.7685332298278809,0.7720945477485657,-0.37570837140083313,0.6992596387863159,0.6404874324798584,0.16021126508712769,0.7727073431015015,0.7598041892051697,-0.32299673557281494,0.6912616491317749,0.6422026753425598,0.1918179839849472,0.758396565914154,0.7534191012382507,-0.28275418281555176,0.4322359561920166,0.4090732932090759,0.13613462448120117,0.43554192781448364,0.41837865114212036,-0.13620901107788086,0.2646796405315399,0.5467816591262817,0.22620220482349396,0.25977081060409546,0.565586268901825,-0.08740660548210144,0.11002347618341446,0.612452507019043,0.3870506286621094,0.06239615008234978,0.6591694951057434,-0.017979802563786507,0.07229634374380112,0.6000663638114929,0.39755529165267944,0.02456476166844368,0.6550044417381287,-0.013196570798754692,0.09739596396684647,0.7134606838226318,0.3230888247489929,0.07159551233053207,0.7486509084701538,-0.10774995386600494
frame_00005.jpg,0.8328583836555481,0.46590980887413025,-0.013385208323597908,0.8424410820007324,0.44517385959625244,-0.005397529806941748,0.8413336873054504,0.44120314717292786,-0.005801699124276638,0.8404092788696289,0.4376277029514313,-0.005647037178277969,0.8422918319702148,0.4452839493751526,-0.05322955176234245,0.8410390615463257,0.4413343369960785,-0.053765006363391876,0.8399197459220886,0.43777039647102356,-0.053909361362457275,0.8261597752571106,0.41016334295272827,0.07370845228433609,0.825049877166748,0.4129857122898102,-0.1406770795583725,0.8080894351005554,0.46069657802581787,0.029380202293395996,0.80878084897995,0.46008890867233276,-0.036607496440410614,0.7023939490318298,0.38176336884498596,0.22511880099773407,0.7209190130233765,0.3995791971683502,-0.20087189972400665,0.638546884059906,0.5124945044517517,0.3054816424846649,0.6909003853797913,0.5737208127975464,-0.28470003604888916,0.6585198640823364,0.6650069952011108,0.24934589862823486,0.7266548275947571,0.7647278904914856,-0.32556241750717163,0.6821285486221313,0.6640252470970154,0.2575351893901825,0.766414225101471,0.7782825827598572,-0.4050888419151306,0.6915438771247864,0.6712245345115662,0.19479510188102722,0.7691900134086609,0.766290545463562,-0.3498498797416687,0.6834168434143066,0.6754868626594543,0.22507309913635254,0.753970742225647,0.7618523836135864,-0.3103509843349457,0.44958019256591797,0.4482579827308655,0.1347961127758026,0.4535110890865326,0.4517137408256531,-0.13489273190498352,0.27136319875717163,0.5593957304954529,0.179157093167305,0.2688901424407959,0.5706232190132141,-0.10196922719478607,0.1094258576631546,0.6194480061531067,0.2762100100517273,0.06931759417057037,0.6538112759590149,-0.038665078580379486,0.071451336145401,0.6063235998153687,0.27995821833610535,0.03069755993783474,0.6407813429832458,-0.035708554089069366,0.09748812764883041,0.7151034474372864,0.1955239325761795,0.07166633754968643,0.7461301684379578,-0.12775015830993652
frame_00006.jpg,0.8444244265556335,0.562312662601471,-0.006999526172876358,0.8590807914733887,0.5396704077720642,0.004696098156273365,0.8585500717163086,0.5345268249511719,0.004294106271117926,0.857511043548584,0.5291182398796082,0.0043996525928378105,0.8581346273422241,0.5394968390464783,-0.04589337855577469,0.8570383191108704,0.5352069139480591,-0.046423692256212234,0.855819046497345,0.5310307145118713,-0.046608660370111465,0.843345046043396,0.5031434893608093,0.0924949198961258,0.8421367406845093,0.5018402338027954,-0.13467013835906982,0.8196675181388855,0.5515955090522766,0.03781509771943092,0.8215287923812866,0.5498420000076294,-0.031225454062223434,0.7236935496330261,0.4442988932132721,0.2424222230911255,0.7443243265151978,0.4732709527015686,-0.20141001045703888,0.6305062770843506,0.5254612565040588,0.36969420313835144,0.6860036253929138,0.602813720703125,-0.3340025544166565,0.655352771282196,0.6647754907608032,0.36435869336128235,0.7241111993789673,0.770336389541626,-0.45139455795288086,0.6796254515647888,0.6648141145706177,0.3784469664096832,0.7638406157493591,0.7818508744239807,-0.5333505868911743,0.68991619348526,0.6735557317733765,0.315994530916214,0.7663081884384155,0.7695416808128357,-0.48480167984962463,0.682146430015564,0.6771102547645569,0.3405751585960388,0.7513231635093689,0.7662928700447083,-0.43941035866737366,0.4739557206630707,0.4874279797077179,0.13618075847625732,0.4818825125694275,0.5067330002784729,-0.13626715540885925,0.29318174719810486,0.5669761896133423,0.16954471170902252,0.2847685217857361,0.5943078994750977,-0.1784439980983734,0.11306391656398773,0.6184472441673279,0.2595199942588806,0.07918213307857513,0.6538199186325073,-0.14598502218723297,0.0848713293671608,0.5988892912864685,0.26236528158187866,0.03900831565260887,0.6363445520401001,-0.14481811225414276,0.09607508778572083,0.7049360871315002,0.18613706529140472,0.07122892141342163,0.7454630732536316,-0.2465425729751587
frame_00007.jpg,0.8519963026046753,0.595963716506958,0.021723836660385132,0.8670503497123718,0.5764377117156982,0.035127364099025726,0.8668700456619263,0.5732532739639282,0.03474491089582443,0.8663762211799622,0.5696257948875427,0.03481391817331314,0.865791916847229,0.5739768147468567,-0.015556203201413155,0.8644679188728333,0.5692989826202393,-0.016082273796200752,0.8629859685897827,0.5641002058982849,-0.01626826450228691,0.8511854410171509,0.5381147265434265,0.12451805174350739,0.8488972783088684,0.5347694158554077,-0.10220885276794434,0.8290833234786987,0.5883580446243286,0.06734158098697662,0.8292884826660156,0.5849927067756653,-0.0018215235322713852,0.7362101078033447,0.4708365797996521,0.2665296792984009,0.757399320602417,0.49758100509643555,-0.16551664471626282,0.6313778758049011,0.5408395528793335,0.4031316339969635,0.6841098666191101,0.6069875359535217,-0.3259452283382416,0.6582505702972412,0.672664999961853,0.4088248610496521,0.7243996262550354,0.7733396291732788,-0.45633310079574585,0.6808260083198547,0.6733196377754211,0.4224783480167389,0.7636846899986267,0.784234344959259,-0.5372428297996521,0.6910934448242188,0.6812002658843994,0.36435824632644653,0.7663214206695557,0.772936999797821,-0.4908982813358307,0.6837288737297058,0.6839485168457031,0.38668006658554077,0.7513867020606995,0.7705755233764648,-0.4453968107700348,0.4846923351287842,0.5030360817909241,0.13453660905361176,0.4904155135154724,0.5315594673156738,-0.13464272022247314,0.29484233260154724,0.5688940286636353,0.14874328672885895,0.28428351879119873,0.6153641939163208,-0.18002605438232422,0.11286870390176773,0.6116849780082703,0.2257312536239624,0.07756068557500839,0.6563140153884888,-0.17046639323234558,0.08183660358190536,0.5930512547492981,0.22678318619728088,0.03786870464682579,0.6368588805198669,-0.17189037799835205,0.09613309800624847,0.6972261071205139,0.15242555737495422,0.07096367329359055,0.745574951171875,-0.2734166979789734
frame_00008.jpg,0.85057532787323,0.6290470361709595,0.011352107860147953,0.865982174873352,0.6158287525177002,0.023406196385622025,0.8657618761062622,0.6125480532646179,0.02299560233950615,0.865333080291748,0.6089462637901306,0.02306310459971428,0.8661588430404663,0.6130040884017944,-0.026283809915184975,0.8659374117851257,0.6085172295570374,-0.026800215244293213,0.8657430410385132,0.6036367416381836,-0.0269736647605896,0.855669379234314,0.5765822529792786,0.10804744809865952,0.8562917709350586,0.5721675753593445,-0.11443493515253067,0.8303501009941101,0.6196404099464417,0.05555017665028572,0.831074595451355,0.6173225045204163,-0.012477751821279526,0.745306670665741,0.5022211670875549,0.25982874631881714,0.7686100602149963,0.5230635404586792,-0.1797322928905487,0.6452094316482544,0.5446383357048035,0.40731415152549744,0.6849294900894165,0.6071774959564209,-0.3817487359046936,0.6598904132843018,0.6689682006835938,0.5046141147613525,0.7245446443557739,0.7724761962890625,-0.5611634850502014,0.6820605993270874,0.6695051789283752,0.5329334139823914,0.7638741135597229,0.782812237739563,-0.6374183297157288,0.6923667192459106,0.6779011487960815,0.47902336716651917,0.766527533531189,0.7729972004890442,-0.5913622379302979,0.6848442554473877,0.6808472275733948,0.48684877157211304,0.7514376044273376,0.7705602049827576,-0.5506826639175415,0.4910050332546234,0.5221725106239319,0.13329292833805084,0.49425172805786133,0.546076774597168,-0.13341335952281952,0.30151447653770447,0.5737670660018921,0.1572372168302536,0.2905648350715637,0.6165465116500854,-0.2080109566450119,0.12293194234371185,0.6043580174446106,0.24854393303394318,0.07700014114379883,0.6541856527328491,-0.2503173351287842,0.0922774076461792,0.5860864520072937,0.25044015049934387,0.03812975436449051,0.6283291578292847,-0.25588539242744446,0.10274286568164825,0.6843923330307007,0.1643628180027008,0.06982287764549255,0.7445904016494751,-0.3503473997116089
frame_00009.jpg,0.8510988354682922,0.6549752950668335,0.0219466183334589,0.8659133911132812,0.6427192091941833,0.03292866796255112,0.8660153150558472,0.6397985219955444,0.032481469213962555,0.8659144639968872,0.6374297738075256,0.032533418387174606,0.8666626811027527,0.6397426724433899,-0.011440839618444443,0.8671649694442749,0.6349375247955322,-0.011968996375799179,0.867734432220459,0.6302899122238159,-0.012145346961915493,0.8601220846176147,0.6087338328361511,0.1101008802652359,0.8607991337776184,0.599548876285553,-0.0876803770661354,0.8329195976257324,0.6412466168403625,0.06318865716457367,0.8332913517951965,0.6392446160316467,0.002691037720069289,0.7541452646255493,0.520305871963501,0.2500663697719574,0.7743481397628784,0.5568822026252747,-0.15016773343086243,0.6506065726280212,0.54508376121521,0.4239257872104645,0.6854950189590454,0.6098042130470276,-0.3566920757293701,0.67247474193573,0.6667795777320862,0.5710702538490295,0.7254660725593567,0.7733334302902222,-0.5386003255844116,0.6912443041801453,0.6661178469657898,0.6018190383911133,0.7639370560646057,0.7854965925216675,-0.608529806137085,0.6996484994888306,0.674424946308136,0.5564531087875366,0.7665483951568604,0.7762593030929565,-0.5625216960906982,0.6928836107254028,0.6776474118232727,0.5576831102371216,0.7514553666114807,0.7724706530570984,-0.5277464389801025,0.49646884202957153,0.5303890705108643,0.12772828340530396,0.5030015707015991,0.5629600286483765,-0.12798483669757843,0.3044591546058655,0.5931654572486877,0.1494268774986267,0.2949830889701843,0.6284502148628235,-0.18163050711154938,0.1311948597431183,0.6033991575241089,0.20184822380542755,0.07621601969003677,0.6473578810691833,-0.21597158908843994,0.09766232222318649,0.5764001607894897,0.1993676722049713,0.03755880519747734,0.6191605925559998,-0.22144635021686554,0.10463813692331314,0.6829354166984558,0.132760152220726,0.0665513277053833,0.7449830174446106,-0.3199547231197357
frame_00010.jpg,0.8549236059188843,0.6809968948364258,0.030783873051404953,0.8690280914306641,0.6658512353897095,0.04152936860918999,0.8690406084060669,0.661841630935669,0.04106326028704643,0.8688138127326965,0.6586150527000427,0.04110174626111984,0.8703159093856812,0.6651462912559509,-0.0007975131156854331,0.8710278272628784,0.6608670949935913,-0.0013438111636787653,0.8717800974845886,0.6568507552146912,-0.0014917642110958695,0.8639013171195984,0.6321397423744202,0.11490385234355927,0.8643356561660767,0.6271578073501587,-0.07225411385297775,0.8363103866577148,0.6664698719978333,0.07088210433721542,0.8372896313667297,0.6654545664787292,0.013846280053257942,0.7631787061691284,0.5516801476478577,0.24418704211711884,0.7853392362594604,0.5929964184761047,-0.12877532839775085,0.648971676826477,0.5418176054954529,0.41762280464172363,0.6879324316978455,0.610776960849762,-0.3329649269580841,0.6726319789886475,0.6663287281990051,0.5541048049926758,0.7244728803634644,0.770991325378418,-0.5156234502792358,0.6930674910545349,0.6640938520431519,0.5787969827651978,0.7628850936889648,0.7853215336799622,-0.5812142491340637,0.7015804648399353,0.6722071766853333,0.536133885383606,0.7652416825294495,0.7751948833465576,-0.5383468270301819,0.6942988634109497,0.6754056215286255,0.5412420630455017,0.75065678358078,0.7703468203544617,-0.5056849122047424,0.5068594217300415,0.5657975673675537,0.12358459085226059,0.5135563015937805,0.5968640446662903,-0.12396323680877686,0.3070344030857086,0.6098852753639221,0.12832091748714447,0.2979763448238373,0.6464051008224487,-0.17806272208690643,0.13024607300758362,0.6044420003890991,0.1473982036113739,0.07404735684394836,0.6477064490318298,-0.20817479491233826,0.09609417617321014,0.5757448673248291,0.14125636219978333,0.03687211871147156,0.6171337962150574,-0.21394678950309753,0.09895994514226913,0.6860233545303345,0.0809735506772995,0.06286529451608658,0.7466213703155518,-0.30502739548683167
frame_00011.jpg,0.8529624938964844,0.693089485168457,0.04053600877523422,0.8692249059677124,0.6761671900749207,0.05207790806889534,0.8689195513725281,0.6708647608757019,0.05159889534115791,0.86839759349823,0.6666699647903442,0.05163763090968132,0.8711463809013367,0.6785370111465454,0.009816145524382591,0.8718153834342957,0.6746364235877991,0.00924617238342762,0.872430145740509,0.6708776354789734,0.009086400270462036,0.8626189231872559,0.6430395245552063,0.12756523489952087,0.8631953001022339,0.641186535358429,-0.059547461569309235,0.836114227771759,0.6797519326210022,0.08218593895435333,0.8371692895889282,0.68203204870224,0.025265958160161972,0.768074631690979,0.564073920249939,0.24233181774616241,0.7965973615646362,0.600721001625061,-0.11497340351343155,0.6419356465339661,0.5387762188911438,0.39779868721961975,0.6919115781784058,0.606964647769928,-0.3163891136646271,0.6702581644058228,0.6761584877967834,0.4998595714569092,0.7245847582817078,0.7720964550971985,-0.5305262804031372,0.690980851650238,0.6757422089576721,0.5187070965766907,0.762898325920105,0.7843132615089417,-0.5983946323394775,0.7000582218170166,0.6836979985237122,0.4746881425380707,0.7652806043624878,0.7741221189498901,-0.5531448125839233,0.6911610960960388,0.6872606873512268,0.4854680597782135,0.7507220506668091,0.7698587775230408,-0.5202695727348328,0.5092524290084839,0.5753477215766907,0.12372305244207382,0.5191792249679565,0.6075252294540405,-0.12411034107208252,0.30538028478622437,0.6017491817474365,0.15403150022029877,0.2981984317302704,0.6572563648223877,-0.17965146899223328,0.1340017020702362,0.5932216644287109,0.17359553277492523,0.07062165439128876,0.6460503935813904,-0.2618044316768646,0.09596548974514008,0.5663358569145203,0.15010051429271698,0.03189271688461304,0.6172492504119873,-0.27056658267974854,0.10205899178981781,0.6847031712532043,0.11375167220830917,0.06332797557115555,0.7491034865379333,-0.3836597800254822
frame_00012.jpg,0.8594121932983398,0.6833645701408386,0.03422539681196213,0.8741217851638794,0.6666190028190613,0.04918153956532478,0.873715877532959,0.6637055277824402,0.04868106544017792,0.8731690645217896,0.661047637462616,0.048720166087150574,0.8745361566543579,0.667497456073761,0.005246875341981649,0.8742431402206421,0.6652629375457764,0.004680014215409756,0.8740897178649902,0.6630839109420776,0.004532848950475454,0.8650109171867371,0.6417104601860046,0.13520705699920654,0.8643048405647278,0.642891526222229,-0.05878223106265068,0.8436306715011597,0.6782682538032532,0.07837677747011185,0.8432642817497253,0.6799377799034119,0.01950225606560707,0.7776137590408325,0.568552553653717,0.24890664219856262,0.7962557077407837,0.6113529205322266,-0.12439697980880737,0.6420320272445679,0.5359556674957275,0.4091825485229492,0.6954300403594971,0.6064476370811462,-0.325950026512146,0.6720701456069946,0.6732442378997803,0.516840398311615,0.7243853807449341,0.7704451084136963,-0.5691174268722534,0.6930822730064392,0.6726556420326233,0.5353956818580627,0.7609444856643677,0.7835459113121033,-0.6380069851875305,0.7007482647895813,0.6804930567741394,0.4915328919887543,0.7643402814865112,0.7736002802848816,-0.5926507115364075,0.6923367977142334,0.683997392654419,0.5025333762168884,0.7504284977912903,0.7686931490898132,-0.5589221715927124,0.5135498046875,0.5788643956184387,0.12579098343849182,0.520541787147522,0.6106011867523193,-0.12630490958690643,0.30935409665107727,0.6053183674812317,0.15688562393188477,0.3035706877708435,0.6592265367507935,-0.17264388501644135,0.13487693667411804,0.5929281115531921,0.1972721815109253,0.071113720536232,0.6463164687156677,-0.23744606971740723,0.09710811078548431,0.5670099258422852,0.1889071762561798,0.03185928612947464,0.6182956099510193,-0.24508161842823029,0.10297387838363647,0.6812098622322083,0.1154063493013382,0.06350459158420563,0.7544418573379517,-0.3613266348838806
frame_00013.jpg,0.8623694181442261,0.6857210993766785,0.04603423923254013,0.8761121034622192,0.6692784428596497,0.06232019141316414,0.8755262494087219,0.6657859683036804,0.06179928034543991,0.8748942613601685,0.6623613238334656,0.06184316426515579,0.8763009309768677,0.6703063249588013,0.01697637513279915,0.8757103681564331,0.6678324937820435,0.016406435519456863,0.8752914667129517,0.665432870388031,0.016266437247395515,0.8658164739608765,0.6363357305526733,0.14532291889190674,0.8654435276985168,0.6393457651138306,-0.055004335939884186,0.8459692001342773,0.6786090731620789,0.08930874615907669,0.8452634811401367,0.6808366775512695,0.028726428747177124,0.7765286564826965,0.5694337487220764,0.24807313084602356,0.7962356805801392,0.6091388463973999,-0.12383389472961426,0.642124593257904,0.5358114838600159,0.41580963134765625,0.6969395875930786,0.6083226799964905,-0.33087241649627686,0.6735174655914307,0.6658447980880737,0.5526509881019592,0.7250853776931763,0.769671618938446,-0.5736250877380371,0.6946858763694763,0.6709838509559631,0.5765732526779175,0.760966420173645,0.7830906510353088,-0.6414780020713806,0.7014005184173584,0.679131269454956,0.5324057340621948,0.764355480670929,0.7728725671768188,-0.5946161150932312,0.6935701370239258,0.6808022856712341,0.5391446948051453,0.7505569458007812,0.7679926156997681,-0.56299889087677,0.513244092464447,0.5793571472167969,0.1259460747241974,0.5215197801589966,0.6148421764373779,-0.12642182409763336,0.31039711833000183,0.6027315855026245,0.1742517501115799,0.3045418858528137,0.6612098217010498,-0.1688641607761383,0.13649895787239075,0.5923639535903931,0.22993259131908417,0.07317031919956207,0.6465281248092651,-0.2368316352367401,0.08092780411243439,0.5677125453948975,0.222555011510849,0.033234961330890656,0.6192864179611206,-0.24380476772785187,0.10015468299388885,0.6626399755477905,0.15583530068397522,0.06377323716878891,0.7544656991958618,-0.35163581371307373
frame_00014.jpg,0.866558849811554,0.6864712238311768,0.03838181123137474,0.8806721568107605,0.6687946915626526,0.053542666137218475,0.8800033330917358,0.6655380725860596,0.05303845554590225,0.8793322443962097,0.6623830199241638,0.05308748409152031,0.8797898292541504,0.6689788699150085,0.007686789147555828,0.8784432411193848,0.6660822629928589,0.007129015866667032,0.877269446849823,0.6631441116333008,0.006988883018493652,0.8680887222290039,0.6344643235206604,0.13811132311820984,0.8656269311904907,0.6346485614776611,-0.0652620941400528,0.8480837941169739,0.6786026358604431,0.08215522021055222,0.8466544151306152,0.6795035004615784,0.020629694685339928,0.7759652137756348,0.5590704679489136,0.24691076576709747,0.797876238822937,0.6004236340522766,-0.13037917017936707,0.6421343088150024,0.534247100353241,0.4143104553222656,0.6974101066589355,0.6087608337402344,-0.3387594223022461,0.6748353242874146,0.6653469204902649,0.5367866158485413,0.7251251935958862,0.7703106999397278,-0.578528881072998,0.697759747505188,0.67042475938797,0.5583922266960144,0.7610119581222534,0.7827451229095459,-0.6488126516342163,0.7032771110534668,0.6786903738975525,0.5128477811813354,0.7644249796867371,0.7723996043205261,-0.6025192141532898,0.6958222985267639,0.6793370842933655,0.522213876247406,0.7509418725967407,0.7674545049667358,-0.5681568384170532,0.5112522840499878,0.578088104724884,0.12608329951763153,0.5190442800521851,0.6123241782188416,-0.12654238939285278,0.309021532535553,0.6042954325675964,0.1678270399570465,0.30221396684646606,0.6582862734794617,-0.15461596846580505,0.1319008320569992,0.5936635136604309,0.21944677829742432,0.07214009016752243,0.6479800939559937,-0.22842185199260712,0.08139391243457794,0.5682607293128967,0.21399624645709991,0.033383868634700775,0.6198974847793579,-0.23150262236595154,0.09640035778284073,0.6638562083244324,0.13778087496757507,0.06380899995565414,0.75436931848526,-0.32970255613327026
frame_00015.jpg,0.8642128705978394,0.6683882474899292,0.03455023840069771,0.8779406547546387,0.6516507863998413,0.049058232456445694,0.8773573040962219,0.6472394466400146,0.048571161925792694,0.8767305612564087,0.6433900594711304,0.04862799867987633,0.8774427175521851,0.6527777314186096,0.0030389565508812666,0.8764773607254028,0.6493117809295654,0.002485787495970726,0.8757152557373047,0.6458150744438171,0.002344550099223852,0.8666979074478149,0.6158365607261658,0.1352902203798294,0.8653056025505066,0.6155785322189331,-0.07127921283245087,0.8453465700149536,0.6575725078582764,0.0784459263086319,0.8446321487426758,0.6583449244499207,0.01637183502316475,0.770237386226654,0.5422254800796509,0.2323959618806839,0.7957140207290649,0.5815185904502869,-0.13200223445892334,0.644088864326477,0.5365687012672424,0.4134763777256012,0.6963205933570862,0.61434006690979,-0.337374746799469,0.6787883043289185,0.6596961617469788,0.5637226700782776,0.7253397703170776,0.7715169191360474,-0.5545400381088257,0.7012873888015747,0.6617339253425598,0.591467559337616,0.7613242864608765,0.7825419306755066,-0.6233211159706116,0.7065569758415222,0.6674129366874695,0.5476365089416504,0.76458740234375,0.7720404267311096,-0.5779761672019958,0.6993292570114136,0.6706392168998718,0.5511013269424438,0.751392662525177,0.7670271396636963,-0.5443941354751587,0.5084034204483032,0.5711042284965515,0.12037582695484161,0.5150889158248901,0.6038938760757446,-0.12085410207509995,0.30868151783943176,0.6033225655555725,0.1503792107105255,0.30048221349716187,0.6528218984603882,-0.14866171777248383,0.1308346539735794,0.5989398956298828,0.19857995212078094,0.07196452468633652,0.648716390132904,-0.21525149047374725,0.08255528658628464,0.5751413106918335,0.19492393732070923,0.03375168517231941,0.6204955577850342,-0.21895578503608704,0.09094132483005524,0.678625762462616,0.1240106076002121,0.058966945856809616,0.7518643736839294,-0.3204316794872284
frame_00016.jpg,0.8716458082199097,0.6421344876289368,0.012024489231407642,0.8826115727424622,0.6144362092018127,0.02818736806511879,0.8811393976211548,0.6105497479438782,0.027697429060935974,0.8796013593673706,0.6065484285354614,0.02775532379746437,0.8820935487747192,0.6115204691886902,-0.01905205100774765,0.8801988363265991,0.606052815914154,-0.019585365429520607,0.878442645072937,0.6010729074478149,-0.019716724753379822,0.8664517402648926,0.5723230838775635,0.11889158189296722,0.8649761080741882,0.5716248154640198,-0.09295934438705444,0.8504956960678101,0.6416302919387817,0.05692870169878006,0.8501429557800293,0.6366662383079529,-0.007346179336309433,0.7622949481010437,0.5266357660293579,0.22174060344696045,0.7831835150718689,0.5354164242744446,-0.1494760364294052,0.6695308089256287,0.5426477789878845,0.4187637269496918,0.6933565735816956,0.613135576248169,-0.34820395708084106,0.6962258219718933,0.6384205222129822,0.5790404677391052,0.7253018617630005,0.7729274034500122,-0.545627236366272,0.7163757085800171,0.6407561898231506,0.6103295087814331,0.7614993453025818,0.7833797335624695,-0.6172176599502563,0.7200309038162231,0.6466233134269714,0.562913179397583,0.7646237015724182,0.7717862725257874,-0.5717869400978088,0.7095644474029541,0.6574391722679138,0.5655715465545654,0.7514183521270752,0.7676073312759399,-0.5355004072189331,0.5055907964706421,0.5665017366409302,0.11988548189401627,0.5075551867485046,0.601069450378418,-0.12027779966592789,0.3033217489719391,0.6018750071525574,0.1481148898601532,0.29364466667175293,0.6498587131500244,-0.1490282416343689,0.12265847623348236,0.6042919158935547,0.20699922740459442,0.07168988883495331,0.6543868184089661,-0.19272451102733612,0.0816122442483902,0.5811473727226257,0.20478832721710205,0.03438384085893631,0.624879777431488,-0.1937863528728485,0.09106257557868958,0.6982171535491943,0.13428542017936707,0.05948138236999512,0.7538436055183411,-0.2800854742527008
frame_00017.jpg,0.868999183177948,0.5979581475257874,0.0009831191273406148,0.880791962146759,0.5698954463005066,0.020718704909086227,0.8795374631881714,0.5646302700042725,0.020228639245033264,0.8781450390815735,0.5585530996322632,0.02027997560799122,0.8803466558456421,0.5678394436836243,-0.03358078375458717,0.8786866068840027,0.5621011257171631,-0.034094374626874924,0.8771130442619324,0.556520402431488,-0.0342596098780632,0.8660969734191895,0.527018129825592,0.12045445293188095,0.8646645545959473,0.5274346470832825,-0.11917172372341156,0.8482223749160767,0.5961154103279114,0.0510084442794323,0.8481011390686035,0.5905462503433228,-0.02299060858786106,0.7530335783958435,0.49030035734176636,0.2529352307319641,0.7741206884384155,0.49508053064346313,-0.20098361372947693,0.6654538512229919,0.5543385744094849,0.4159156382083893,0.6889611482620239,0.6118192672729492,-0.39721256494522095,0.6930993795394897,0.666764497756958,0.4661315083503723,0.7252322435379028,0.7748529314994812,-0.5572507381439209,0.7147850394248962,0.6630063652992249,0.48559126257896423,0.7615265250205994,0.7864529490470886,-0.6385307908058167,0.7192956209182739,0.665101945400238,0.42651399970054626,0.7646504044532776,0.7731029391288757,-0.589194118976593,0.7079893946647644,0.6789025664329529,0.4438975751399994,0.751564621925354,0.7693992257118225,-0.5455912351608276,0.49980229139328003,0.5510114431381226,0.13627071678638458,0.4984811246395111,0.5711713433265686,-0.13645820319652557,0.2991534471511841,0.6025477647781372,0.15871821343898773,0.2867134213447571,0.6491918563842773,-0.16631224751472473,0.11335800588130951,0.6140722036361694,0.23202726244926453,0.07183220982551575,0.6539766788482666,-0.14420510828495026,0.07858309894800186,0.5892453789710999,0.23131005465984344,0.03936721011996269,0.6221604943275452,-0.14127589762210846,0.08364125341176987,0.7015572190284729,0.13689649105072021,0.05956035107374191,0.7478840947151184,-0.2445809543132782
frame_00018.jpg,0.8663378953933716,0.5636532306671143,-0.0008361170184798539,0.8787670135498047,0.5389871001243591,0.016500361263751984,0.8774415850639343,0.533993124961853,0.015991784632205963,0.875770092010498,0.5286136269569397,0.016024630516767502,0.878626823425293,0.5363268256187439,-0.03767780959606171,0.8769977688789368,0.5300062894821167,-0.03819247707724571,0.8751704096794128,0.5235828161239624,-0.038363318890333176,0.862076461315155,0.4914093017578125,0.11243791878223419,0.8617388606071472,0.490402489900589,-0.1314685344696045,0.8442696332931519,0.5580564141273499,0.04631425812840462,0.8444517850875854,0.5535887479782104,-0.027886027470231056,0.7394979000091553,0.45385655760765076,0.2446454018354416,0.7647538185119629,0.4559679925441742,-0.21376283466815948,0.6479501128196716,0.5588785409927368,0.325756311416626,0.6861536502838135,0.6110526323318481,-0.3804319500923157,0.6790621280670166,0.683038592338562,0.25643351674079895,0.724403977394104,0.775676429271698,-0.44062384963035583,0.7021035552024841,0.6772405505180359,0.2624775767326355,0.7613168358802795,0.7864973545074463,-0.515389084815979,0.7089194655418396,0.681458592414856,0.20679135620594025,0.7646169662475586,0.7732887268066406,-0.46981191635131836,0.7020069360733032,0.6911008954048157,0.23368771374225616,0.7512386441230774,0.7701812386512756,-0.4286166727542877,0.4971240162849426,0.5389593839645386,0.13546989858150482,0.4963633418083191,0.534648060798645,-0.13566645979881287,0.3023165464401245,0.6162121295928955,0.15796616673469543,0.2894992232322693,0.6350533962249756,-0.16485217213630676,0.09843063354492188,0.635539174079895,0.22404888272285461,0.07611745595932007,0.6473222374916077,-0.14329637587070465,0.0769847109913826,0.6010655760765076,0.22414636611938477,0.04373808577656746,0.6195060610771179,-0.1426352560520172,0.08390279114246368,0.7149962782859802,0.1391962170600891,0.06026105210185051,0.7479060292243958,-0.23731839656829834
frame_00019.jpg,0.8605068922042847,0.5174630284309387,-0.005838463082909584,0.8713189363479614,0.490633100271225,0.006365628447383642,0.8698438405990601,0.48480287194252014,0.005869493819773197,0.8678523898124695,0.478647381067276,0.005949064157903194,0.870789647102356,0.49076423048973083,-0.04729481041431427,0.868831992149353,0.4857221245765686,-0.047800056636333466,0.8664064407348633,0.48048609495162964,-0.047900862991809845,0.8520472645759583,0.4401750862598419,0.08575896918773651,0.8506693840026855,0.44569215178489685,-0.15589793026447296,0.8369730114936829,0.508371889591217,0.03705771639943123,0.836833119392395,0.5079397559165955,-0.03707682341337204,0.7241378426551819,0.3893043100833893,0.2105301320552826,0.7407518029212952,0.42930805683135986,-0.21891912817955017,0.6422382593154907,0.5419333577156067,0.3157706558704376,0.6854017376899719,0.6098357439041138,-0.32262924313545227,0.662009596824646,0.6781153082847595,0.3022826910018921,0.723129153251648,0.7753268480300903,-0.33549678325653076,0.685271143913269,0.6761634945869446,0.3178369402885437,0.7605369687080383,0.7873613834381104,-0.4067903459072113,0.695357084274292,0.6795357465744019,0.2580479681491852,0.7644014954566956,0.7731310725212097,-0.35927528142929077,0.6895907521247864,0.6884960532188416,0.2801695466041565,0.7502960562705994,0.7699621915817261,-0.32301515340805054,0.4793799817562103,0.47569453716278076,0.13387294113636017,0.48400330543518066,0.5022026300430298,-0.1339678317308426,0.2966387867927551,0.5824345946311951,0.2018992155790329,0.28298595547676086,0.6174925565719604,-0.16391684114933014,0.0861087292432785,0.6340420842170715,0.32766368985176086,0.07203563302755356,0.6547982692718506,-0.1407282054424286,0.07719124853610992,0.5991773009300232,0.335216224193573,0.03821130841970444,0.6267431974411011,-0.1397545337677002,0.09122227877378464,0.7089313864707947,0.2732493281364441,0.0616210401058197,0.7504614591598511,-0.23157425224781036
frame_00020.jpg,0.8454367518424988,0.42331698536872864,-0.0069799041375517845,0.8574398756027222,0.40148821473121643,0.002227973425760865,0.8559077978134155,0.3962475657463074,0.0017482921248301864,0.8543416857719421,0.39181002974510193,0.001861991942860186,0.8573211431503296,0.4005345106124878,-0.048701100051403046,0.8556870222091675,0.3948577344417572,-0.049210965633392334,0.8540952801704407,0.39001908898353577,-0.0492885559797287,0.8379515409469604,0.36236265301704407,0.07607220858335495,0.8373409509658813,0.3604927062988281,-0.1510002613067627,0.8227566480636597,0.4190417230129242,0.034387145191431046,0.8223509788513184,0.4180740714073181,-0.03626847267150879,0.7061386704444885,0.35692986845970154,0.20469100773334503,0.7262026071548462,0.3843865990638733,-0.21415214240550995,0.6499857306480408,0.5303186178207397,0.2965047359466553,0.6926621198654175,0.584259569644928,-0.28411006927490234,0.6554478406906128,0.6774885058403015,0.26838791370391846,0.7229441404342651,0.7731711268424988,-0.29356682300567627,0.6803311109542847,0.6739032864570618,0.2860710620880127,0.7597836256027222,0.7857382893562317,-0.37015947699546814,0.6898998618125916,0.6785363554954529,0.2157798707485199,0.7634131908416748,0.7730811238288879,-0.3159334659576416,0.6817788481712341,0.6869098544120789,0.24284160137176514,0.7488418817520142,0.7697704434394836,-0.27935850620269775,0.46494728326797485,0.4437679648399353,0.131220281124115,0.47151321172714233,0.4659438729286194,-0.13118377327919006,0.2876182794570923,0.5685621500015259,0.19801898300647736,0.2808539867401123,0.5990459322929382,-0.15969417989253998,0.07413563132286072,0.6314895153045654,0.2980019450187683,0.07200451195240021,0.6610248684883118,-0.14507876336574554,0.06197869032621384,0.6025058627128601,0.29815948009490967,0.036782629787921906,0.64110267162323,-0.14493967592716217,0.0889902412891388,0.7127664089202881,0.23094725608825684,0.06439900398254395,0.7510589957237244,-0.22875399887561798
frame_00021.jpg,0.8180822134017944,0.34344106912612915,-0.02035842090845108,0.831764817237854,0.3228161633014679,-0.0172036774456501,0.8303407430648804,0.31877824664115906,-0.017672276124358177,0.8290070295333862,0.31573161482810974,-0.01753476820886135,0.8327035903930664,0.32157102227211,-0.0616002157330513,0.8319553136825562,0.31682220101356506,-0.06211667135357857,0.8314130902290344,0.3126075863838196,-0.06216021627187729,0.8137257695198059,0.2866533398628235,0.04779493063688278,0.8147689700126648,0.28194016218185425,-0.15109781920909882,0.79810631275177,0.3417584300041199,0.019299516454339027,0.7986588478088379,0.34153488278388977,-0.04301624000072479,0.6827935576438904,0.30200037360191345,0.19249741733074188,0.7164944410324097,0.3338920474052429,-0.20946025848388672,0.662128210067749,0.4888024628162384,0.28886598348617554,0.7068396806716919,0.546422004699707,-0.26248130202293396,0.6583689451217651,0.6391531825065613,0.270797997713089,0.7300994396209717,0.7499291300773621,-0.26256072521209717,0.6824088096618652,0.6489401459693909,0.28778666257858276,0.7638193368911743,0.7784945964813232,-0.33882731199264526,0.6905312538146973,0.6574528813362122,0.21709522604942322,0.7674115300178528,0.7663258910179138,-0.28501665592193604,0.6827288866043091,0.659252941608429,0.245213583111763,0.7523494958877563,0.7592688798904419,-0.24851807951927185,0.44536131620407104,0.41830140352249146,0.1279236525297165,0.4529944360256195,0.44117751717567444,-0.12787997722625732,0.28055304288864136,0.5557050108909607,0.19173184037208557,0.2760694622993469,0.5881159901618958,-0.08810821175575256,0.08662831783294678,0.6303126215934753,0.3077700734138489,0.07112328708171844,0.6605755686759949,-0.022862978279590607,0.039860162883996964,0.607356071472168,0.3153151571750641,0.03549255058169365,0.640164315700531,-0.017876414582133293,0.0888301432132721,0.7177854180335999,0.2505115568637848,0.06492139399051666,0.7539852261543274,-0.09100358933210373
frame_00022.jpg,0.8146288990974426,0.3170846402645111,-0.029951825737953186,0.8265432119369507,0.2949694097042084,-0.024341091513633728,0.8253917694091797,0.29237300157546997,-0.02476324513554573,0.8243222236633301,0.28974780440330505,-0.02463575080037117,0.8268609046936035,0.29213082790374756,-0.07007750868797302,0.8258350491523743,0.2878606617450714,-0.07058248668909073,0.8247990608215332,0.28281158208847046,-0.07061035186052322,0.8072875738143921,0.2634586989879608,0.04778651148080826,0.8055864572525024,0.2558274567127228,-0.15745075047016144,0.7943488955497742,0.31769508123397827,0.011445492506027222,0.7938699722290039,0.3162781894207001,-0.052075356245040894,0.6768430471420288,0.2788757085800171,0.194998636841774,0.7106198668479919,0.31389227509498596,-0.21408328413963318,0.6635165214538574,0.45438626408576965,0.2829693555831909,0.7103196382522583,0.5197961926460266,-0.26412051916122437,0.6589516997337341,0.6073207259178162,0.23829293251037598,0.7348836064338684,0.7204866409301758,-0.26866641640663147,0.6829891800880432,0.6240453124046326,0.25023236870765686,0.7643977403640747,0.7573760151863098,-0.34848684072494507,0.690962016582489,0.6328486204147339,0.17714878916740417,0.7695038318634033,0.7507731914520264,-0.2947617173194885,0.6828107237815857,0.6322001218795776,0.21080824732780457,0.754511296749115,0.7404231429100037,-0.2546631693840027,0.4425392746925354,0.40077611804008484,0.12763173878192902,0.44759541749954224,0.4207557737827301,-0.1275891214609146,0.27772149443626404,0.5504315495491028,0.1820773035287857,0.2707628607749939,0.5703220963478088,-0.08637452870607376,0.0901884138584137,0.6320428848266602,0.29164043068885803,0.07192970812320709,0.6592994332313538,-0.01816399022936821,0.04851275309920311,0.6150215268135071,0.29778483510017395,0.03579067438840866,0.6400938034057617,-0.013060646131634712,0.0889233872294426,0.7180787324905396,0.22622761130332947,0.06868216395378113,0.7526804208755493,-0.09301403909921646
frame_00023.jpg,0.811597466468811,0.30428895354270935,-0.0460301898419857,0.8241297602653503,0.28209298849105835,-0.04063035920262337,0.8232412338256836,0.2786818742752075,-0.04105808958411217,0.822481632232666,0.2754243314266205,-0.04094430431723595,0.8236030340194702,0.27948296070098877,-0.08629130572080612,0.8222371339797974,0.2747955620288849,-0.08679867535829544,0.8207866549491882,0.26959964632987976,-0.08685027807950974,0.8036961555480957,0.2490348368883133,0.030272062867879868,0.7999632954597473,0.24094875156879425,-0.1746111810207367,0.7907914519309998,0.30596715211868286,-0.005257586948573589,0.7895509600639343,0.3043360412120819,-0.06853017956018448,0.6742069125175476,0.2664004862308502,0.17789778113365173,0.7073341608047485,0.2989421784877777,-0.23182110488414764,0.6637970805168152,0.44582220911979675,0.26192641258239746,0.7127615213394165,0.5132452845573425,-0.28125423192977905,0.659976065158844,0.5920496582984924,0.21933045983314514,0.7409969568252563,0.7070852518081665,-0.30159157514572144,0.6814886331558228,0.6120940446853638,0.23009002208709717,0.7682133316993713,0.7462967038154602,-0.3810698390007019,0.688961386680603,0.6188636422157288,0.15931998193264008,0.7741478681564331,0.737173318862915,-0.33153092861175537,0.6818757057189941,0.6161336898803711,0.19238777458667755,0.7610009908676147,0.72632896900177,-0.2891748547554016,0.44358009099960327,0.3950437307357788,0.12762121856212616,0.4463597238063812,0.413327157497406,-0.12758329510688782,0.27696937322616577,0.544988751411438,0.20750018954277039,0.2698281407356262,0.5615347027778625,-0.08318962901830673,0.10554264485836029,0.6188929677009583,0.3512226939201355,0.0720105841755867,0.6562315821647644,-0.010253177024424076,0.061211079359054565,0.6108947396278381,0.3605332374572754,0.03611952066421509,0.6399133205413818,-0.004885213915258646,0.09368228912353516,0.7189884781837463,0.2968128025531769,0.06878119707107544,0.7550246715545654,-0.08445722609758377
frame_00024.jpg,0.8085637092590332,0.3027767241001129,-0.03690964728593826,0.8209400177001953,0.27932631969451904,-0.032118044793605804,0.8197657465934753,0.27631455659866333,-0.032545577734708786,0.818775475025177,0.2726300060749054,-0.032428037375211716,0.821134090423584,0.27785933017730713,-0.07681028544902802,0.8200462460517883,0.2743845582008362,-0.07733209431171417,0.8189182281494141,0.2695014774799347,-0.07740643620491028,0.8002516031265259,0.24303986132144928,0.033524446189403534,0.7983701825141907,0.24014729261398315,-0.16527166962623596,0.786339521408081,0.3020455241203308,0.002671766560524702,0.7855148315429688,0.30031469464302063,-0.059505533427000046,0.6703363060951233,0.26494503021240234,0.17718957364559174,0.7050069570541382,0.2904816269874573,-0.22485625743865967,0.6628034710884094,0.4470161199569702,0.25572386384010315,0.7108243107795715,0.4988712668418884,-0.2777267098426819,0.6610718965530396,0.5985323786735535,0.21707062423229218,0.7406047582626343,0.6924388408660889,-0.2909722328186035,0.6853151321411133,0.6112831234931946,0.22876565158367157,0.7704741954803467,0.7241676449775696,-0.3691250681877136,0.6931828260421753,0.6173019409179688,0.1592126339673996,0.7747255563735962,0.7153943777084351,-0.32003089785575867,0.685106635093689,0.617983877658844,0.1906021535396576,0.7609984278678894,0.7068206667900085,-0.2786690592765808,0.44120970368385315,0.392498642206192,0.127186119556427,0.4418162405490875,0.40110763907432556,-0.12715038657188416,0.27715378999710083,0.5410494208335876,0.2092037945985794,0.26740124821662903,0.552227795124054,-0.08826833218336105,0.10971888154745102,0.6107036471366882,0.34564560651779175,0.07250375300645828,0.650141179561615,-0.034807074815034866,0.06789382547140121,0.6084062457084656,0.3539826273918152,0.03722868487238884,0.6398226022720337,-0.03129010275006294,0.10549968481063843,0.7136756777763367,0.2868487536907196,0.07361623644828796,0.7549914121627808,-0.1158573254942894
frame_00025.jpg,0.8082402348518372,0.3024958670139313,-0.03873193636536598,0.8211736679077148,0.27992191910743713,-0.03424342721700668,0.8196042776107788,0.27524900436401367,-0.03467518836259842,0.8182727694511414,0.2709153890609741,-0.034556321799755096,0.8215726017951965,0.2794938087463379,-0.07894153892993927,0.8202415704727173,0.27483415603637695,-0.07946665585041046,0.8189587593078613,0.2702046036720276,-0.07955609261989594,0.8002851605415344,0.2442474216222763,0.03152131661772728,0.798763632774353,0.24271085858345032,-0.16868849098682404,0.7862859964370728,0.30217424035072327,0.00021092411770951003,0.7859551906585693,0.3021235466003418,-0.061831433326005936,0.670238733291626,0.2628890573978424,0.17236259579658508,0.7048339247703552,0.2904220521450043,-0.2303779572248459,0.6626024842262268,0.44255003333091736,0.24756412208080292,0.709494411945343,0.4971100091934204,-0.2840105891227722,0.6616047620773315,0.5960327386856079,0.19999942183494568,0.7403128147125244,0.6886270046234131,-0.2974696755409241,0.6855963468551636,0.607789933681488,0.21044819056987762,0.7714596390724182,0.717589259147644,-0.3744884729385376,0.6933282613754272,0.6145017147064209,0.14161857962608337,0.7749770879745483,0.7097407579421997,-0.3264448642730713,0.6854084730148315,0.6155574321746826,0.17337699234485626,0.7607662081718445,0.701729416847229,-0.2853272557258606,0.44146808981895447,0.39261770248413086,0.1271611899137497,0.44197672605514526,0.39972904324531555,-0.12712301313877106,0.2783210873603821,0.5425728559494019,0.22595000267028809,0.2667120397090912,0.54934161901474,-0.09259915351867676,0.11965522915124893,0.6015769243240356,0.3931869864463806,0.07597674429416656,0.6473818421363831,-0.0403733029961586,0.07952861487865448,0.5976294279098511,0.4052482545375824,0.03800644725561142,0.6392167806625366,-0.036787282675504684,0.11804981529712677,0.6833280920982361,0.3470388948917389,0.07767537981271744,0.7525144219398499,-0.12258444726467133
frame_00026.jpg,0.811148464679718,0.3312176764011383,-0.03788744658231735,0.8238713145256042,0.309856116771698,-0.03255865350365639,0.8226693868637085,0.30613452196121216,-0.03297660872340202,0.8216831088066101,0.30247706174850464,-0.03285316377878189,0.8239790797233582,0.3088535964488983,-0.07742269337177277,0.8228041529655457,0.30458080768585205,-0.07794268429279327,0.821743369102478,0.2999793291091919,-0.07804052531719208,0.8049408793449402,0.2753991186618805,0.03466511145234108,0.8032480478286743,0.2706402838230133,-0.16635313630104065,0.7898221611976624,0.33087170124053955,0.0011630796361714602,0.7894057035446167,0.329990416765213,-0.060955364257097244,0.6767321825027466,0.2829517126083374,0.17039081454277039,0.7101230025291443,0.3146921396255493,-0.22535395622253418,0.6576111316680908,0.45228463411331177,0.24739694595336914,0.7108809947967529,0.5116848349571228,-0.28001827001571655,0.6619492769241333,0.6027404069900513,0.2100764811038971,0.739631712436676,0.7012556195259094,-0.2766554355621338,0.6856406331062317,0.6142414808273315,0.22202742099761963,0.7705004215240479,0.7279571890830994,-0.3496420681476593,0.6936370134353638,0.621078610420227,0.15555839240550995,0.772576093673706,0.7190444469451904,-0.3009723126888275,0.6855916380882263,0.6228023171424866,0.18473029136657715,0.7584050893783569,0.7119274735450745,-0.26394909620285034,0.4453667998313904,0.40609514713287354,0.12360093742609024,0.4468764364719391,0.419960081577301,-0.12362022697925568,0.2784920632839203,0.5462435483932495,0.2141200304031372,0.2673838138580322,0.5555774569511414,-0.05332992598414421,0.11797173321247101,0.607818603515625,0.3569043278694153,0.0778154656291008,0.646009624004364,0.01876262202858925,0.08020180463790894,0.6089999675750732,0.36534392833709717,0.04041082412004471,0.6391327381134033,0.02379477210342884,0.11551042646169662,0.6915285587310791,0.334422767162323,0.07670600712299347,0.7489798665046692,-0.06491216272115707
frame_00027.jpg,0.8134840726852417,0.35378870368003845,-0.04480380564928055,0.8271867036819458,0.33189406991004944,-0.04051979258656502,0.8253862261772156,0.32772397994995117,-0.04092613607645035,0.8237247467041016,0.323642373085022,-0.04078400880098343,0.8277969360351562,0.33125030994415283,-0.08494754880666733,0.8262718319892883,0.32689931988716125,-0.08546744287014008,0.8247316479682922,0.32224398851394653,-0.08556665480136871,0.8063761591911316,0.29611316323280334,0.02191571705043316,0.8035981059074402,0.29365262389183044,-0.17689935863018036,0.7910123467445374,0.3522571623325348,-0.007540096528828144,0.7913245558738708,0.3517749011516571,-0.0690990462899208,0.6796230673789978,0.2948220670223236,0.1584247648715973,0.7123727798461914,0.32689139246940613,-0.2325320541858673,0.6522730588912964,0.4573257863521576,0.2248755693435669,0.7105928063392639,0.5411495566368103,-0.28226810693740845,0.660640299320221,0.605505108833313,0.17555764317512512,0.7346518039703369,0.7365478873252869,-0.275273859500885,0.6850616335868835,0.6181007623672485,0.1850614845752716,0.7667820453643799,0.7573264837265015,-0.3487434685230255,0.6933624148368835,0.6280645132064819,0.11864276230335236,0.7687209844589233,0.7452348470687866,-0.3018870949745178,0.684709906578064,0.6294642686843872,0.15001936256885529,0.7543631792068481,0.7400121688842773,-0.26311826705932617,0.44683727622032166,0.40418142080307007,0.12302877753973007,0.4494151175022125,0.4294128715991974,-0.12307807058095932,0.2789677679538727,0.5473914742469788,0.2109011709690094,0.26800549030303955,0.560989499092102,-0.06703449785709381,0.11708120256662369,0.6047033071517944,0.34130755066871643,0.07844247668981552,0.6458794474601746,-0.004815193824470043,0.07970799505710602,0.6079526543617249,0.3487560451030731,0.04109766334295273,0.63869309425354,-0.0005237036966718733,0.1039143055677414,0.6803699731826782,0.2911239266395569,0.07898088544607162,0.7456712126731873,-0.08785136044025421
frame_00028.jpg,0.8264055252075195,0.37179532647132874,-0.040974266827106476,0.8376255035400391,0.3481121063232422,-0.03559006750583649,0.8359043002128601,0.3438655436038971,-0.03600216284394264,0.834542453289032,0.34042951464653015,-0.03586656600236893,0.8381454348564148,0.34958595037460327,-0.08091460168361664,0.8366959691047668,0.3464421033859253,-0.08143366128206253,0.8354867696762085,0.34361976385116577,-0.08153297007083893,0.8171805143356323,0.32150521874427795,0.029382068663835526,0.8148503303527832,0.3212461769580841,-0.17512694001197815,0.8032876253128052,0.3734387159347534,-0.003065821249037981,0.8039764165878296,0.3743976950645447,-0.06600534170866013,0.6813145279884338,0.3017732501029968,0.1629267930984497,0.7135814428329468,0.3552279472351074,-0.22931750118732452,0.6495103240013123,0.48351040482521057,0.23441831767559052,0.7093116044998169,0.5684792995452881,-0.27486366033554077,0.6573395729064941,0.6185063719749451,0.190949484705925,0.7303034067153931,0.7632192969322205,-0.2568359076976776,0.680742621421814,0.6246843338012695,0.20161625742912292,0.7648826241493225,0.7785909175872803,-0.32920947670936584,0.6895704865455627,0.6372823715209961,0.1359313279390335,0.7671567797660828,0.7669822573661804,-0.28151071071624756,0.681074321269989,0.6400476098060608,0.16595330834388733,0.7520534992218018,0.7618143558502197,-0.24399399757385254,0.4481446146965027,0.40977415442466736,0.12027797847986221,0.45196542143821716,0.4354054629802704,-0.12035490572452545,0.277722030878067,0.5473273396492004,0.20940566062927246,0.2681224048137665,0.5637194514274597,-0.062275201082229614,0.11436112970113754,0.6034727096557617,0.32262906432151794,0.07938440144062042,0.6483113169670105,0.011579105630517006,0.07788710296154022,0.6070369482040405,0.3286241590976715,0.04291706159710884,0.6403161287307739,0.017057428136467934,0.09775382280349731,0.6809465289115906,0.2527158856391907,0.07883583009243011,0.7418162226676941,-0.06646376103162766
frame_00029.jpg,0.8308167457580566,0.3985881805419922,-0.03332653269171715,0.8416898846626282,0.37535855174064636,-0.028301412239670753,0.8402860760688782,0.37001878023147583,-0.028697341680526733,0.839077353477478,0.365424245595932,-0.028544330969452858,0.8423380851745605,0.37911126017570496,-0.07497765123844147,0.8414005041122437,0.37681058049201965,-0.0754987969994545,0.8406667709350586,0.374643474817276,-0.07563967257738113,0.8241928219795227,0.3471587598323822,0.032034359872341156,0.8242871165275574,0.3549935519695282,-0.17201562225818634,0.8083692789077759,0.39490222930908203,0.003159915329888463,0.8094817996025085,0.39781299233436584,-0.06165587902069092,0.6951075196266174,0.32904866337776184,0.16833114624023438,0.7261460423469543,0.3728441894054413,-0.227158784866333,0.6493831276893616,0.49448737502098083,0.24203042685985565,0.7074354290962219,0.5701586604118347,-0.2765347361564636,0.65721595287323,0.6297881007194519,0.2143706977367401,0.7240321636199951,0.7657691836357117,-0.2774410843849182,0.6812673211097717,0.6333631277084351,0.2263590544462204,0.7607623338699341,0.7816749811172485,-0.3523309528827667,0.6898319721221924,0.6447535157203674,0.1608860194683075,0.7633386254310608,0.7696323394775391,-0.30337244272232056,0.6812177896499634,0.6482971906661987,0.18965479731559753,0.7476075887680054,0.7652637362480164,-0.2643154263496399,0.4498349130153656,0.42914247512817383,0.12089052051305771,0.454882949590683,0.4577004313468933,-0.12094662338495255,0.2778596580028534,0.5482117533683777,0.22233906388282776,0.2690514624118805,0.5668639540672302,-0.07118359953165054,0.11493675410747528,0.5927091836929321,0.34908318519592285,0.07980172336101532,0.6491737961769104,-0.01040276326239109,0.07808436453342438,0.5905460715293884,0.3562413156032562,0.042889297008514404,0.6400561928749084,-0.0061636390164494514,0.09821124374866486,0.6698586940765381,0.27916377782821655,0.07953669130802155,0.7400562167167664,-0.0916934534907341
frame_00030.jpg,0.8410371541976929,0.5057899355888367,-0.011575127951800823,0.8537419438362122,0.4856288731098175,-0.0066688572987914085,0.8526652455329895,0.48001226782798767,-0.007068219128996134,0.8518341183662415,0.47495752573013306,-0.006970658898353577,0.8542202711105347,0.48782312870025635,-0.05249183252453804,0.8533939123153687,0.48421165347099304,-0.05303538590669632,0.8527332544326782,0.48074063658714294,-0.0532294437289238,0.8410868644714355,0.44856077432632446,0.058276593685150146,0.8406736254692078,0.4520692229270935,-0.1458193063735962,0.8181206583976746,0.49465543031692505,0.026364360004663467,0.8199008107185364,0.4954307973384857,-0.03704821690917015,0.725667417049408,0.4059002101421356,0.190969318151474,0.7427860498428345,0.4164959490299225,-0.1958940178155899,0.6438456177711487,0.5136750936508179,0.31435853242874146,0.7002426981925964,0.5750542283058167,-0.2831980288028717,0.6619650721549988,0.648848295211792,0.3336363434791565,0.7222887277603149,0.7691736817359924,-0.3628647029399872,0.6859365105628967,0.6461350321769714,0.34908631443977356,0.7595453858375549,0.7819219827651978,-0.43820255994796753,0.694025993347168,0.6550346612930298,0.2899610996246338,0.7628414034843445,0.7708609700202942,-0.39325955510139465,0.6860131025314331,0.6590156555175781,0.3122040629386902,0.7472826242446899,0.7684080004692078,-0.35143399238586426,0.47431308031082153,0.4745766520500183,0.11951257288455963,0.4783719480037689,0.48823848366737366,-0.1195792555809021,0.2960299551486969,0.5590837597846985,0.15754570066928864,0.28661423921585083,0.5916902422904968,-0.16655893623828888,0.12208441644906998,0.5947739481925964,0.22678908705711365,0.08248460292816162,0.6446302533149719,-0.16448359191417694,0.0749574676156044,0.5940836071968079,0.22906145453453064,0.04858233779668808,0.6316245794296265,-0.16560842096805573,0.09824010729789734,0.6726146936416626,0.16850027441978455,0.0818062573671341,0.7385952472686768,-0.25179117918014526
frame_00031.jpg,0.8489672541618347,0.5820773243904114,0.0361388698220253,0.8645899891853333,0.5616623759269714,0.04402869567275047,0.864132285118103,0.5558502078056335,0.04360400140285492,0.8634302020072937,0.5499137043952942,0.04364537075161934,0.8648391962051392,0.5611764192581177,-0.0013051785062998533,0.8645102381706238,0.5558840036392212,-0.0018547786166891456,0.8641395568847656,0.5511046051979065,-0.0020298867020756006,0.852249264717102,0.5214437246322632,0.11446267366409302,0.851856529712677,0.5211502909660339,-0.08743910491466522,0.8274983167648315,0.5713903903961182,0.07529757916927338,0.8290569186210632,0.5706127882003784,0.013270661234855652,0.7384945154190063,0.4647405743598938,0.23527467250823975,0.7565641403198242,0.48173925280570984,-0.13875648379325867,0.6324868202209473,0.5274716019630432,0.3649838864803314,0.6914676427841187,0.5978076457977295,-0.2645941376686096,0.6574550867080688,0.6567016243934631,0.38309723138809204,0.7226299047470093,0.7762594223022461,-0.3759985864162445,0.6752094626426697,0.6540208458900452,0.3941422700881958,0.7597097754478455,0.7866258025169373,-0.4496440291404724,0.6858605742454529,0.6618356704711914,0.33825820684432983,0.7630371451377869,0.7760989665985107,-0.4072749614715576,0.6788745522499084,0.6649719476699829,0.36247652769088745,0.7474197149276733,0.7744865417480469,-0.3659916818141937,0.4883086681365967,0.516922652721405,0.1181793361902237,0.4972569942474365,0.5351247787475586,-0.11832600831985474,0.3039860129356384,0.5812950134277344,0.11460480839014053,0.2942841649055481,0.6223803162574768,-0.16860991716384888,0.11484478414058685,0.6041601896286011,0.15480217337608337,0.0793352946639061,0.6441943049430847,-0.17375200986862183,0.07436242699623108,0.5932778716087341,0.15372589230537415,0.04874872416257858,0.6247125864028931,-0.17529577016830444,0.09661363065242767,0.6860376596450806,0.09174049645662308,0.0810079276561737,0.7367299199104309,-0.2627122700214386
frame_00032.jpg,0.8553766012191772,0.6033486127853394,0.06067622825503349,0.8689853549003601,0.5867840051651001,0.06797409057617188,0.8684021234512329,0.5833689570426941,0.06754350662231445,0.8678387403488159,0.5799131989479065,0.06757865846157074,0.8695996999740601,0.5855146050453186,0.02338024042546749,0.8693020939826965,0.5814248323440552,0.022830525413155556,0.8691927790641785,0.5775073766708374,0.022636422887444496,0.8580946922302246,0.5501490235328674,0.13348394632339478,0.8582927584648132,0.5492123961448669,-0.0651269257068634,0.8342711329460144,0.5971183180809021,0.09791658818721771,0.8358127474784851,0.5949719548225403,0.03693263232707977,0.7462116479873657,0.4838155210018158,0.24862046539783478,0.7678832411766052,0.510283887386322,-0.12045769393444061,0.6352454423904419,0.5386369824409485,0.40237370133399963,0.6885587573051453,0.6022741794586182,-0.2608529329299927,0.6625526547431946,0.6521168351173401,0.4724392890930176,0.7206853628158569,0.7781809568405151,-0.37456533312797546,0.6841078996658325,0.6524240970611572,0.49326857924461365,0.7587685585021973,0.7895848751068115,-0.4441177248954773,0.6919312477111816,0.6607892513275146,0.4430292546749115,0.7623423933982849,0.7788779735565186,-0.399925172328949,0.6873193979263306,0.6630508303642273,0.4557096064090729,0.7476434707641602,0.7764822244644165,-0.3635645806789398,0.4938160479068756,0.5274064540863037,0.115724578499794,0.5036259293556213,0.5577390789985657,-0.11594437062740326,0.3065468370914459,0.604607880115509,0.095662422478199,0.2992934584617615,0.6431793570518494,-0.16290178894996643,0.09967602789402008,0.6273328065872192,0.09630541503429413,0.07974040508270264,0.6505447626113892,-0.18686410784721375,0.07304539531469345,0.593550443649292,0.0911877304315567,0.04843250662088394,0.6252947449684143,-0.18933701515197754,0.09148281067609787,0.7068546414375305,0.029074985533952713,0.07751306146383286,0.738421618938446,-0.26454123854637146
frame_00033.jpg,0.8624690175056458,0.629303514957428,0.03529488295316696,0.8761206865310669,0.6136713027954102,0.04525065794587135,0.8759264945983887,0.6112475991249084,0.044804543256759644,0.875565230846405,0.6090459227561951,0.044848594814538956,0.8766493797302246,0.6098549962043762,-0.0003107180236838758,0.8766986131668091,0.6049916744232178,-0.0008653318509459496,0.8768971562385559,0.5998634696006775,-0.0010531387524679303,0.8670519590377808,0.579691469669342,0.12332393229007721,0.8672234416007996,0.569144070148468,-0.08039464056491852,0.8434010744094849,0.6228924989700317,0.07594092190265656,0.8438444137573242,0.6197424530982971,0.013669627718627453,0.7538045048713684,0.5066151022911072,0.23905131220817566,0.7810688018798828,0.5337781310081482,-0.13634221255779266,0.6368563175201416,0.5437155365943909,0.40733569860458374,0.6899359226226807,0.5973349213600159,-0.3103278577327728,0.6701663732528687,0.6497195959091187,0.5234376788139343,0.7194859981536865,0.776828944683075,-0.49341240525245667,0.6934489607810974,0.651423454284668,0.5479089617729187,0.7585498690605164,0.7885606288909912,-0.5632277131080627,0.6993323564529419,0.6592383980751038,0.5023341178894043,0.7621431350708008,0.7788002490997314,-0.5184472799301147,0.6950915455818176,0.6616986393928528,0.509242832660675,0.7474745512008667,0.7757017612457275,-0.4825127124786377,0.49921637773513794,0.5370051264762878,0.11599379777908325,0.50737464427948,0.5717433094978333,-0.11621731519699097,0.30559420585632324,0.6026557087898254,0.12518428266048431,0.297411173582077,0.6477679014205933,-0.1637352555990219,0.11098147928714752,0.6119085550308228,0.16087542474269867,0.07580555975437164,0.6507295370101929,-0.21023491024971008,0.07927336543798447,0.5844000577926636,0.15728916227817535,0.04387596622109413,0.6250330209732056,-0.21598879992961884,0.0985465794801712,0.7035439610481262,0.0910123810172081,0.07654588669538498,0.7397477626800537,-0.312710702419281
frame_00034.jpg,0.8609554171562195,0.6568506956100464,0.030194004997611046,0.876013457775116,0.6430665850639343,0.042315658181905746,0.876102089881897,0.6399481296539307,0.041834019124507904,0.8759667277336121,0.6370002031326294,0.04187247157096863,0.8760614395141602,0.6407095193862915,-0.003232313320040703,0.8761164546012878,0.6363182663917542,-0.0037791586946696043,0.8761599659919739,0.6312220692634583,-0.003946444485336542,0.8692220449447632,0.6081668138504028,0.12261935323476791,0.8676570057868958,0.5996463894844055,-0.07964707911014557,0.842481255531311,0.6454369425773621,0.07211105525493622,0.8420776128768921,0.6439521312713623,0.010366473346948624,0.7564042806625366,0.5175167322158813,0.23842868208885193,0.7791881561279297,0.5622711181640625,-0.1376693844795227,0.6362423300743103,0.5446379780769348,0.40950021147727966,0.6905587315559387,0.5946027040481567,-0.3222162425518036,0.6697431802749634,0.650795578956604,0.5195961594581604,0.7187947034835815,0.7742961645126343,-0.5260546207427979,0.6934851408004761,0.6531283855438232,0.5430326461791992,0.7583428621292114,0.7867665886878967,-0.5960105657577515,0.699368417263031,0.6603854298591614,0.4954485297203064,0.7611545920372009,0.7771002650260925,-0.5497606992721558,0.6943872570991516,0.6631363034248352,0.5045419931411743,0.7466453909873962,0.773726761341095,-0.5149263143539429,0.5049733519554138,0.5425849556922913,0.11603885889053345,0.5122255086898804,0.5784916281700134,-0.11632378399372101,0.30547428131103516,0.6061733961105347,0.131167471408844,0.2983162999153137,0.6500605344772339,-0.16767993569374084,0.10785771906375885,0.6099293231964111,0.1542479544878006,0.07490809261798859,0.6507082581520081,-0.24476075172424316,0.08529827743768692,0.5791846513748169,0.14840511977672577,0.04150277376174927,0.6240937113761902,-0.25291740894317627,0.09865681827068329,0.6876486539840698,0.08266399055719376,0.07250304520130157,0.7421492338180542,-0.3500351309776306
frame_00035.jpg,0.8592546582221985,0.678519070148468,0.028061632066965103,0.8754115104675293,0.6618320941925049,0.04153590649366379,0.8753150701522827,0.656777560710907,0.0410442017018795,0.8749607801437378,0.6525780558586121,0.04108114168047905,0.8761780858039856,0.6630957722663879,-0.0026126147713512182,0.8764545321464539,0.6592214703559875,-0.0031746472232043743,0.8767659068107605,0.6555300354957581,-0.00336284888908267,0.8677738904953003,0.6284583806991577,0.12151452153921127,0.8676365613937378,0.6278485655784607,-0.07315720617771149,0.8417114019393921,0.663451611995697,0.07014862447977066,0.8420692682266235,0.6648312211036682,0.010538063012063503,0.7672320604324341,0.5524013638496399,0.23397836089134216,0.7920200824737549,0.5886009931564331,-0.13750000298023224,0.6344820261001587,0.5386732220649719,0.3923426568508148,0.6948436498641968,0.5957462787628174,-0.33315712213516235,0.6691434383392334,0.6505984663963318,0.498739093542099,0.7190630435943604,0.7732049822807312,-0.5520616769790649,0.6928449869155884,0.6538189053535461,0.519879937171936,0.7576666474342346,0.7862186431884766,-0.6185023188591003,0.6985349059104919,0.6608917117118835,0.4765864312648773,0.7603365182876587,0.7760102152824402,-0.572546124458313,0.6934682726860046,0.6641122698783875,0.4849637448787689,0.7463316321372986,0.7721999883651733,-0.5407828092575073,0.5130296945571899,0.5630601048469543,0.11919011175632477,0.5243152379989624,0.5973427891731262,-0.11961338669061661,0.3162641227245331,0.6010275483131409,0.1652553379535675,0.30642083287239075,0.6503455638885498,-0.17650283873081207,0.14274461567401886,0.5965031981468201,0.24209944903850555,0.08027727901935577,0.6491937637329102,-0.268647700548172,0.11241825670003891,0.5730143785476685,0.24018673598766327,0.04371708258986473,0.6199216246604919,-0.27859267592430115,0.10542664676904678,0.660995364189148,0.1765918880701065,0.0725211575627327,0.7444166541099548,-0.39659783244132996
frame_00036.jpg,0.8602627515792847,0.6869391202926636,0.03127624839544296,0.875634491443634,0.6668586730957031,0.044118527323007584,0.8754674792289734,0.6627252101898193,0.04361424222588539,0.8750303387641907,0.6595144271850586,0.04365224391222,0.8762742280960083,0.6677552461624146,0.00203579175285995,0.8763487935066223,0.6642168164253235,0.0014621862210333347,0.8765172958374023,0.660994827747345,0.0013077622279524803,0.8660133481025696,0.639238178730011,0.12157881259918213,0.8660605549812317,0.6371961236000061,-0.06298373639583588,0.8438103795051575,0.677018404006958,0.07295386493206024,0.8435646295547485,0.6782392263412476,0.016551734879612923,0.7692182064056396,0.5661518573760986,0.23312385380268097,0.7989127039909363,0.609624445438385,-0.12252350896596909,0.6317201852798462,0.535943329334259,0.39334923028945923,0.6970783472061157,0.5987781286239624,-0.3244750499725342,0.6608143448829651,0.6543257236480713,0.5109961032867432,0.7191678285598755,0.7719387412071228,-0.5348542332649231,0.6869661211967468,0.6589190363883972,0.5314464569091797,0.7567732930183411,0.7854331135749817,-0.602807879447937,0.6932045221328735,0.6679414510726929,0.48537516593933105,0.7594250440597534,0.7751299738883972,-0.5570971369743347,0.6842896342277527,0.6715124845504761,0.49653735756874084,0.7460083961486816,0.7711451649665833,-0.5244431495666504,0.5091075301170349,0.579265832901001,0.11991874873638153,0.5206624269485474,0.6114638447761536,-0.12038133293390274,0.3128352165222168,0.6065233945846558,0.15937747061252594,0.3034628927707672,0.6563580632209778,-0.16810861229896545,0.13504356145858765,0.5974236130714417,0.18897365033626556,0.07890977710485458,0.6511614918708801,-0.22928576171398163,0.10963906347751617,0.5753090381622314,0.18218280375003815,0.04180413857102394,0.6204711198806763,-0.23492515087127686,0.10502153635025024,0.6777337193489075,0.1174381747841835,0.07238589227199554,0.7482791543006897,-0.3303571939468384
frame_00037.jpg,0.8618790507316589,0.6865622997283936,0.03345988318324089,0.8769610524177551,0.6690136194229126,0.04889970272779465,0.8766742944717407,0.6652165055274963,0.04839005693793297,0.8761619329452515,0.661805272102356,0.04841405898332596,0.8768908381462097,0.6694115996360779,0.00479148468002677,0.8763898611068726,0.6660059094429016,0.004239752423018217,0.875974178314209,0.6626947522163391,0.004129113629460335,0.8656783103942871,0.6358556747436523,0.13300785422325134,0.8647562265396118,0.6365572214126587,-0.062097031623125076,0.8455286026000977,0.6807143688201904,0.07666153460741043,0.8446192741394043,0.6814793944358826,0.017796369269490242,0.7725269794464111,0.5660334229469299,0.23803527653217316,0.7924571633338928,0.6062170267105103,-0.12172122299671173,0.6324266195297241,0.5340747237205505,0.40923070907592773,0.6975113153457642,0.6009394526481628,-0.31968703866004944,0.6609269380569458,0.6550132632255554,0.53911292552948,0.7186824083328247,0.7717065215110779,-0.5369887948036194,0.6869317293167114,0.660869836807251,0.5597124695777893,0.7546592950820923,0.784905195236206,-0.6019300222396851,0.6925430297851562,0.669071614742279,0.515578031539917,0.7576833963394165,0.7745651602745056,-0.5582000613212585,0.6835178732872009,0.6722077131271362,0.5252175331115723,0.7445813417434692,0.7704975605010986,-0.5269693732261658,0.510863184928894,0.585964024066925,0.12035109102725983,0.519919216632843,0.6191142797470093,-0.1208546906709671,0.3107420802116394,0.6132236123085022,0.13681870698928833,0.30358055233955383,0.6623466610908508,-0.16251352429389954,0.1311415731906891,0.602762758731842,0.15231572091579437,0.07661829143762589,0.653653085231781,-0.222523495554924,0.10912730544805527,0.576835572719574,0.1446983367204666,0.038291677832603455,0.620877206325531,-0.22851070761680603,0.10414516925811768,0.7084048986434937,0.07621446996927261,0.06954512745141983,0.7551886439323425,-0.32311928272247314
frame_00038.jpg,0.8630675077438354,0.686403214931488,0.035465847700834274,0.8781161308288574,0.6685211062431335,0.05018797516822815,0.8776057362556458,0.664911150932312,0.049668289721012115,0.8769099116325378,0.6615418195724487,0.04969162121415138,0.8780077695846558,0.6695128083229065,0.005533689167350531,0.8772553205490112,0.666810929775238,0.004987748805433512,0.8766024708747864,0.6641133427619934,0.004904821515083313,0.8660447001457214,0.6357118487358093,0.13053414225578308,0.865129828453064,0.6377294659614563,-0.06669215857982635,0.846026599407196,0.6813910603523254,0.07788634300231934,0.8454573750495911,0.6830522418022156,0.018270444124937057,0.7716982364654541,0.5654006600379944,0.23554232716560364,0.7931010127067566,0.6057500243186951,-0.12428204715251923,0.6330086588859558,0.53303462266922,0.3971220850944519,0.6973551511764526,0.6042945981025696,-0.3171466588973999,0.6625415682792664,0.6544942259788513,0.517398476600647,0.7187322378158569,0.7712088823318481,-0.5368103384971619,0.6872746348381042,0.6598387360572815,0.5352452993392944,0.7543228268623352,0.7845011353492737,-0.601854681968689,0.6925784945487976,0.6678610444068909,0.4903099536895752,0.7577848434448242,0.7741023302078247,-0.5596376061439514,0.6839004158973694,0.6711589097976685,0.5030032992362976,0.7446489334106445,0.7701874375343323,-0.5277271866798401,0.5095957517623901,0.5857997536659241,0.12057938426733017,0.5183126330375671,0.6205359101295471,-0.12110360711812973,0.30947786569595337,0.6089580655097961,0.1386539489030838,0.3026330769062042,0.6577827334403992,-0.15975581109523773,0.1298767775297165,0.6023202538490295,0.16089016199111938,0.0749119371175766,0.6534489393234253,-0.20879387855529785,0.10281996428966522,0.5772871375083923,0.16024082899093628,0.035821620374917984,0.6191991567611694,-0.21366986632347107,0.11305391788482666,0.7065196633338928,0.08422806113958359,0.06980106979608536,0.7559671401977539,-0.3093389868736267
frame_00039.jpg,0.867021918296814,0.6807098388671875,0.04079530015587807,0.8816645741462708,0.6623373627662659,0.057592518627643585,0.881138801574707,0.6599370241165161,0.05707644671201706,0.8804898262023926,0.6578782200813293,0.057109855115413666,0.8810089826583862,0.6616404056549072,0.011846249923110008,0.8799189329147339,0.6587833166122437,0.011302914470434189,0.8789459466934204,0.655975341796875,0.011227477341890335,0.8678363561630249,0.6320957541465759,0.1440645456314087,0.8657326698303223,0.6291316151618958,-0.058367568999528885,0.8486608266830444,0.6783701181411743,0.08508916199207306,0.8474687337875366,0.6789930462837219,0.02403027005493641,0.7681361436843872,0.552827000617981,0.24565312266349792,0.7924017310142517,0.6011387705802917,-0.11780007183551788,0.6332708597183228,0.5325338244438171,0.41657504439353943,0.6962417960166931,0.605865478515625,-0.3170453906059265,0.6616326570510864,0.6540449261665344,0.5455194711685181,0.7188597917556763,0.7710732221603394,-0.5521135926246643,0.6875960230827332,0.659124493598938,0.5648907423019409,0.754451334476471,0.784264326095581,-0.620286762714386,0.6928045749664307,0.6670766472816467,0.5202023386955261,0.7579067945480347,0.773996114730835,-0.5751539468765259,0.6840154528617859,0.6701913475990295,0.5313163995742798,0.7447227239608765,0.7700538635253906,-0.54227215051651,0.5072831511497498,0.5836490392684937,0.12170688062906265,0.5156825184822083,0.6246300339698792,-0.12226617336273193,0.30578547716140747,0.6143883466720581,0.14127682149410248,0.2988050878047943,0.6679995059967041,-0.15253430604934692,0.12657037377357483,0.6035760641098022,0.17520634829998016,0.06878358125686646,0.6556957364082336,-0.197675421833992,0.09481881558895111,0.578183114528656,0.17156769335269928,0.032546382397413254,0.6199241280555725,-0.20152533054351807,0.10983458906412125,0.7098752856254578,0.10452457517385483,0.06629601866006851,0.7569057941436768,-0.300861656665802
frame_00040.jpg,0.8708381652832031,0.6632625460624695,0.014518851414322853,0.8838379979133606,0.6441794633865356,0.03500264137983322,0.8830822706222534,0.6413732171058655,0.034479666501283646,0.882184624671936,0.6390856504440308,0.03451067581772804,0.8836480379104614,0.6423460245132446,-0.011318345554172993,0.882757842540741,0.6382344961166382,-0.011836346238851547,0.8820498585700989,0.6342452764511108,-0.011890601366758347,0.869129478931427,0.6140575408935547,0.14047212898731232,0.8676357269287109,0.607194721698761,-0.06848753243684769,0.8518216013908386,0.6577243804931641,0.06242144852876663,0.8508644104003906,0.6573169827461243,0.0003190302522853017,0.767171323299408,0.5419968366622925,0.242317795753479,0.790390133857727,0.582015335559845,-0.12654200196266174,0.6336215138435364,0.5355941653251648,0.4276573061943054,0.6908133625984192,0.6122235655784607,-0.3438379764556885,0.6661776900291443,0.6534394025802612,0.5725569725036621,0.7191499471664429,0.7725136876106262,-0.577520489692688,0.6892092823982239,0.6588608622550964,0.5960548520088196,0.7547158002853394,0.7851477861404419,-0.6502358317375183,0.6941990852355957,0.6669911742210388,0.549476683139801,0.757966160774231,0.7736650705337524,-0.6077412366867065,0.6850573420524597,0.6695989966392517,0.5580642223358154,0.7450925707817078,0.7695571780204773,-0.5690265893936157,0.5057514309883118,0.5749841332435608,0.12292281538248062,0.5142892599105835,0.6094156503677368,-0.1234392374753952,0.3054453730583191,0.6124700307846069,0.1428198665380478,0.2968479096889496,0.6665281653404236,-0.14988186955451965,0.12576745450496674,0.6036210656166077,0.1848302036523819,0.06476303935050964,0.6523237228393555,-0.18306060135364532,0.09418130666017532,0.5784836411476135,0.18213438987731934,0.03161051496863365,0.6186282634735107,-0.1864391565322876,0.0957060381770134,0.7079349160194397,0.11430090665817261,0.06408922374248505,0.7535263299942017,-0.28962260484695435
frame_00041.jpg,0.8695378303527832,0.6328719854354858,0.002547272015362978,0.8823827505111694,0.605921745300293,0.022799789905548096,0.8816483616828918,0.6020401120185852,0.022299669682979584,0.8808941841125488,0.598707377910614,0.022355902940034866,0.8822380900382996,0.6036880016326904,-0.026613542810082436,0.8814288973808289,0.5984964370727539,-0.02711944282054901,0.8810269236564636,0.5941245555877686,-0.027219196781516075,0.8687256574630737,0.568659782409668,0.13885410130023956,0.8675335049629211,0.5672382712364197,-0.09367577731609344,0.8501297235488892,0.6284878253936768,0.052053052932024,0.8493431210517883,0.6258808374404907,-0.014981563203036785,0.7570459842681885,0.5162865519523621,0.2403494119644165,0.7763983011245728,0.533159077167511,-0.15359964966773987,0.640830397605896,0.5461342930793762,0.4142695367336273,0.6865862607955933,0.6098732352256775,-0.35089486837387085,0.6798534393310547,0.6578940153121948,0.534538209438324,0.719264030456543,0.7736438512802124,-0.5478823781013489,0.6989424228668213,0.6618119478225708,0.5573727488517761,0.7551974654197693,0.7860342860221863,-0.6234644055366516,0.7020372152328491,0.6713404059410095,0.4974302649497986,0.7580801248550415,0.7746740579605103,-0.5784817934036255,0.6970292925834656,0.6740868091583252,0.5124902129173279,0.7451794147491455,0.7709348797798157,-0.5383396744728088,0.5051789879798889,0.5666296482086182,0.1256205141544342,0.5089976787567139,0.5829362869262695,-0.1260039359331131,0.3045721650123596,0.6169239282608032,0.1545940339565277,0.29237446188926697,0.6591290831565857,-0.14982974529266357,0.12731769680976868,0.6196969151496887,0.232967346906662,0.06592174619436264,0.6530700922012329,-0.15003171563148499,0.0958295464515686,0.5977480411529541,0.23306329548358917,0.03367263078689575,0.6222557425498962,-0.15060722827911377,0.10759209096431732,0.7155059576034546,0.15234020352363586,0.06537892669439316,0.7534096837043762,-0.2556837201118469
frame_00042.jpg,0.8685210943222046,0.5961098074913025,0.00424959184601903,0.881685733795166,0.5662121176719666,0.023932993412017822,0.8809504508972168,0.5625151991844177,0.023438049480319023,0.88023841381073,0.5582591891288757,0.023490505293011665,0.8820878863334656,0.5641351938247681,-0.028079116716980934,0.8807908296585083,0.5596657991409302,-0.028579208999872208,0.8793425559997559,0.5547622442245483,-0.028717437759041786,0.8634923100471497,0.5268090963363647,0.1339082419872284,0.8619000315666199,0.5268856287002563,-0.11274053901433945,0.8491894006729126,0.5974916815757751,0.0529736690223217,0.8484784960746765,0.591704785823822,-0.019016563892364502,0.7475728988647461,0.49162375926971436,0.25582027435302734,0.7635002732276917,0.4922463297843933,-0.19486427307128906,0.6465089321136475,0.5813702344894409,0.40586233139038086,0.6822366118431091,0.6085914969444275,-0.37111619114875793,0.6807676553726196,0.6978382468223572,0.3839671015739441,0.7193571329116821,0.774833083152771,-0.5310143232345581,0.7030462026596069,0.695086658000946,0.39600473642349243,0.755316972732544,0.7872582674026489,-0.6121011972427368,0.7047857642173767,0.6953878402709961,0.33749842643737793,0.7585099339485168,0.7763034701347351,-0.5700110197067261,0.6989339590072632,0.6979881525039673,0.360893577337265,0.7454596161842346,0.7725812792778015,-0.5195218920707703,0.5015617609024048,0.5626984238624573,0.1343688815832138,0.49876680970191956,0.5560384392738342,-0.13449916243553162,0.3028630316257477,0.6286261081695557,0.15406504273414612,0.2887445390224457,0.6433827877044678,-0.16988961398601532,0.12107964605093002,0.6422540545463562,0.20918400585651398,0.06648492068052292,0.6520914435386658,-0.17625610530376434,0.08411942422389984,0.6176682114601135,0.2063709795475006,0.03379218652844429,0.622287392616272,-0.1801380217075348,0.10710994899272919,0.7316559553146362,0.1047842875123024,0.06546802818775177,0.7535257935523987,-0.30281931161880493
frame_00043.jpg,0.8679302930831909,0.5562021732330322,-0.0019071943825110793,0.8811870813369751,0.524932324886322,0.018141835927963257,0.8806907534599304,0.5197357535362244,0.01766982302069664,0.8799866437911987,0.5144391655921936,0.01772056147456169,0.8818668127059937,0.5243196487426758,-0.039880868047475815,0.8800382614135742,0.5193993449211121,-0.04037601500749588,0.8774453401565552,0.5147501230239868,-0.04052339866757393,0.8597723841667175,0.4838341176509857,0.13149318099021912,0.8579757809638977,0.4856779873371124,-0.1422828733921051,0.8484935760498047,0.5576056241989136,0.04749564081430435,0.8479213714599609,0.5531965494155884,-0.03226077929139137,0.7347885966300964,0.45263850688934326,0.2559102773666382,0.7512021064758301,0.4594857394695282,-0.23284856975078583,0.6390029191970825,0.5690729022026062,0.3839198052883148,0.6825001835823059,0.6077182292938232,-0.38831815123558044,0.67856365442276,0.6863192915916443,0.3415434956550598,0.7194167375564575,0.7747222781181335,-0.5002583861351013,0.6972609758377075,0.6865413188934326,0.35310959815979004,0.7555862665176392,0.7876358032226562,-0.5903486013412476,0.7031556963920593,0.6894987225532532,0.29125118255615234,0.7590476274490356,0.7762779593467712,-0.538960337638855,0.6985374689102173,0.692127525806427,0.31691423058509827,0.7458163499832153,0.7728441953659058,-0.48668771982192993,0.48959478735923767,0.5272634029388428,0.1438077688217163,0.48734211921691895,0.5336170196533203,-0.14382806420326233,0.29684117436408997,0.6249254941940308,0.18157079815864563,0.28340306878089905,0.6386364102363586,-0.18719275295734406,0.08880369365215302,0.6393139362335205,0.27309808135032654,0.06329584121704102,0.6522253751754761,-0.1769680678844452,0.07006955146789551,0.6173819303512573,0.275288850069046,0.02912607230246067,0.6236814856529236,-0.18019375205039978,0.10693664848804474,0.7263308763504028,0.18569818139076233,0.06534280627965927,0.7537301778793335,-0.2980878949165344
frame_00044.jpg,0.8563810586929321,0.5108054280281067,-0.03679213300347328,0.8689202070236206,0.4800513684749603,-0.02765490673482418,0.8678671717643738,0.47379130125045776,-0.02816486358642578,0.8663762807846069,0.46717560291290283,-0.028085600584745407,0.8691570162773132,0.4800533652305603,-0.07879544794559479,0.8674806356430054,0.474882572889328,-0.07928745448589325,0.8652057647705078,0.46987423300743103,-0.07937531918287277,0.8476869463920593,0.4310036897659302,0.04607919603586197,0.8469066619873047,0.4374825358390808,-0.1847314089536667,0.8352838754653931,0.503960371017456,0.003955009393393993,0.8349285125732422,0.5036685466766357,-0.06693500280380249,0.7271627187728882,0.38270336389541626,0.17529618740081787,0.7355741262435913,0.4283766448497772,-0.24488171935081482,0.6505337953567505,0.5543151497840881,0.2980695068836212,0.6821261048316956,0.6075078845024109,-0.3779856562614441,0.6783014535903931,0.6468761563301086,0.29807886481285095,0.718084990978241,0.7744812369346619,-0.3717727065086365,0.6968700885772705,0.6477205157279968,0.31223857402801514,0.7556456327438354,0.7888228893280029,-0.44165682792663574,0.7032183408737183,0.6596854329109192,0.2588385343551636,0.7592331767082214,0.7762225270271301,-0.39812448620796204,0.6976367235183716,0.6662378311157227,0.2785244584083557,0.7455978989601135,0.7725780010223389,-0.36019670963287354,0.4731768071651459,0.47348421812057495,0.13862115144729614,0.47019848227500916,0.5083222985267639,-0.13858087360858917,0.2951867878437042,0.5725443363189697,0.25674712657928467,0.2817109525203705,0.6227567195892334,-0.12965364754199982,0.10738290846347809,0.6009266972541809,0.39763346314430237,0.06501621007919312,0.6521732211112976,-0.07994268834590912,0.08352945744991302,0.5887340307235718,0.4063293933868408,0.032481685280799866,0.6240219473838806,-0.0767865926027298,0.11331278085708618,0.6932826638221741,0.35299986600875854,0.06537234783172607,0.7536357045173645,-0.1617507040500641
frame_00045.jpg,0.8396204710006714,0.42205435037612915,-0.024162521585822105,0.8528397679328918,0.3956417441368103,-0.015076820738613605,0.8514525294303894,0.3913865089416504,-0.015557631850242615,0.8498328328132629,0.38736337423324585,-0.015457333996891975,0.8534277081489563,0.3955262303352356,-0.06403004378080368,0.8522842526435852,0.3915320336818695,-0.06453056633472443,0.8508633375167847,0.38746529817581177,-0.06459430605173111,0.8311958312988281,0.36210447549819946,0.056448787450790405,0.8311255574226379,0.36106494069099426,-0.1607867181301117,0.8182618021965027,0.41812747716903687,0.01696539856493473,0.8183061480522156,0.4181134104728699,-0.05103357881307602,0.7023211717605591,0.3618393838405609,0.18657179176807404,0.7207942008972168,0.3856768012046814,-0.22063520550727844,0.6522538065910339,0.5499476790428162,0.27816101908683777,0.691347062587738,0.5935987234115601,-0.28397369384765625,0.6729763746261597,0.6700121164321899,0.25146013498306274,0.7181051969528198,0.7741581797599792,-0.29188138246536255,0.696725606918335,0.6730136275291443,0.2660644054412842,0.7554016709327698,0.788716197013855,-0.37086015939712524,0.702816903591156,0.6790587902069092,0.19477927684783936,0.7591982483863831,0.7772288918495178,-0.3181331753730774,0.6961243152618408,0.6854913830757141,0.22520378232002258,0.7448552846908569,0.7731835842132568,-0.2788754105567932,0.45270904898643494,0.43576329946517944,0.1303625851869583,0.45772209763526917,0.4560067355632782,-0.1302538812160492,0.2772369980812073,0.5585006475448608,0.20482972264289856,0.2731655538082123,0.5989302396774292,-0.1298919916152954,0.0741652101278305,0.6089330315589905,0.3498132824897766,0.0652908906340599,0.6555308699607849,-0.1117769330739975,0.06351714581251144,0.5906344652175903,0.3406398892402649,0.031413353979587555,0.6364516615867615,-0.11153926700353622,0.1080755814909935,0.705666720867157,0.2748594880104065,0.0693226009607315,0.7536685466766357,-0.1947740614414215
frame_00046.jpg,0.8164896965026855,0.3436650037765503,-0.02316853776574135,0.8297125697135925,0.31998157501220703,-0.017444845288991928,0.8281618356704712,0.31614622473716736,-0.017881663516163826,0.826583743095398,0.3125806152820587,-0.01775180920958519,0.8306000828742981,0.31964027881622314,-0.0628388375043869,0.8294018507003784,0.31588369607925415,-0.06334288418292999,0.8280135989189148,0.311874121427536,-0.06338821351528168,0.8092480897903442,0.2871396243572235,0.048932913690805435,0.8094738721847534,0.28659600019454956,-0.15331479907035828,0.7956469655036926,0.34228381514549255,0.016426727175712585,0.795462965965271,0.34177398681640625,-0.04725179448723793,0.6790224313735962,0.30758020281791687,0.18605521321296692,0.7074966430664062,0.3347682058811188,-0.21178331971168518,0.6619808673858643,0.49141374230384827,0.2674586772918701,0.7049927115440369,0.5451596975326538,-0.2578805088996887,0.6728882789611816,0.6442058682441711,0.23656141757965088,0.7243342995643616,0.7440574765205383,-0.2652791440486908,0.6989040970802307,0.6551454663276672,0.25025612115859985,0.7570481896400452,0.7750347256660461,-0.3458675444126129,0.7038372755050659,0.6606371402740479,0.1788019835948944,0.7626580595970154,0.7677596807479858,-0.29078012704849243,0.6963604092597961,0.6649808883666992,0.2099674940109253,0.7473101615905762,0.7582942843437195,-0.25145223736763,0.4398196339607239,0.40825796127319336,0.12478961795568466,0.4430222511291504,0.4234600067138672,-0.12471742928028107,0.2713126540184021,0.5467790365219116,0.19956684112548828,0.2636348605155945,0.5657618045806885,-0.07891297340393066,0.07977902144193649,0.6092702746391296,0.3263644874095917,0.06361933052539825,0.6554160714149475,-0.036273978650569916,0.0660565122961998,0.5923416018486023,0.33226001262664795,0.026871517300605774,0.6383448243141174,-0.03373897075653076,0.10776671022176743,0.7095867395401001,0.2531385123729706,0.07000809162855148,0.7552916407585144,-0.12442656606435776
frame_00047.jpg,0.8109256029129028,0.32332488894462585,-0.023120742291212082,0.8223048448562622,0.30207496881484985,-0.01530600618571043,0.8212703466415405,0.29928991198539734,-0.015723032876849174,0.8203573226928711,0.29645422101020813,-0.015602467581629753,0.8223851919174194,0.3001731336116791,-0.06254222989082336,0.8213383555412292,0.2963171899318695,-0.06304890662431717,0.820351243019104,0.29198166728019714,-0.06311994791030884,0.8033668398857117,0.270746648311615,0.05776842683553696,0.8015777468681335,0.2648441791534424,-0.15476694703102112,0.7895392775535583,0.3241855800151825,0.01745123416185379,0.7891623377799988,0.3229244351387024,-0.04819692671298981,0.6729773283004761,0.28084129095077515,0.1946105659008026,0.7030092477798462,0.31017816066741943,-0.22759607434272766,0.6642654538154602,0.46907109022140503,0.2733808755874634,0.7044613361358643,0.5178297758102417,-0.28272828459739685,0.6726641654968262,0.6248620748519897,0.21915540099143982,0.729520857334137,0.7214954495429993,-0.2896485924720764,0.6992670297622681,0.6398193836212158,0.23224642872810364,0.7573895454406738,0.7553717494010925,-0.3694102168083191,0.7049691677093506,0.6444084644317627,0.16080529987812042,0.7644199132919312,0.74759441614151,-0.3145051598548889,0.6975255608558655,0.6455207467079163,0.19136366248130798,0.751240074634552,0.7367706298828125,-0.27489903569221497,0.4367014765739441,0.3979085683822632,0.1268720030784607,0.4383377134799957,0.40842828154563904,-0.12683209776878357,0.2726350426673889,0.5506542921066284,0.20968413352966309,0.26086410880088806,0.5556729435920715,-0.08229944109916687,0.0848420187830925,0.6152246594429016,0.35301631689071655,0.06699097156524658,0.654559314250946,-0.014828790910542011,0.06773286312818527,0.6009270548820496,0.36200791597366333,0.027308085933327675,0.6390193104743958,-0.009323391132056713,0.09956133365631104,0.7089081406593323,0.27582886815071106,0.06855419278144836,0.7550016641616821,-0.10304810106754303
frame_00048.jpg,0.808305561542511,0.30885469913482666,-0.03946355730295181,0.8208870887756348,0.2885402739048004,-0.03174174204468727,0.8197197914123535,0.28500986099243164,-0.03216041252017021,0.8186702728271484,0.2815510630607605,-0.032027702778577805,0.8203212022781372,0.28736451268196106,-0.08047477900981903,0.8185111880302429,0.28303050994873047,-0.08098500967025757,0.8167006373405457,0.2783147394657135,-0.08105628937482834,0.798057496547699,0.25471174716949463,0.04398498684167862,0.7946902513504028,0.25006431341171265,-0.17546385526657104,0.7864066362380981,0.31058767437934875,0.0023917576763778925,0.7852519750595093,0.30954915285110474,-0.0650605708360672,0.6725072264671326,0.26151135563850403,0.1930268406867981,0.6975594758987427,0.2962244749069214,-0.2531272768974304,0.6648041009902954,0.45484885573387146,0.2632726728916168,0.7063571214675903,0.5056255459785461,-0.29829826951026917,0.677577018737793,0.6001691818237305,0.1882345974445343,0.738571047782898,0.7051900625228882,-0.3146531283855438,0.7022591829299927,0.6104835271835327,0.19518126547336578,0.7667428851127625,0.7408368587493896,-0.393879771232605,0.7088720798492432,0.6141967177391052,0.1278740018606186,0.7771226167678833,0.7290476560592651,-0.3449831008911133,0.70161372423172,0.6144036054611206,0.16108526289463043,0.7645705938339233,0.7190164923667908,-0.3017955422401428,0.4327731728553772,0.38880741596221924,0.133504256606102,0.4338415563106537,0.40123167634010315,-0.1335134506225586,0.270439088344574,0.5362463593482971,0.25830593705177307,0.2565769851207733,0.5487766861915588,-0.08158084005117416,0.08433440327644348,0.6148887276649475,0.4220253527164459,0.06710053980350494,0.6521579623222351,-0.008377728052437305,0.06841856986284256,0.6002159714698792,0.4325736463069916,0.027557194232940674,0.6384598612785339,-0.003338027745485306,0.11131249368190765,0.6986770629882812,0.35284003615379333,0.06892454624176025,0.7549436092376709,-0.10345353186130524
frame_00049.jpg,0.8048304319381714,0.3041926622390747,-0.032482024282217026,0.8174983263015747,0.28319302201271057,-0.025147363543510437,0.815992534160614,0.27898839116096497,-0.0255745742470026,0.8147114515304565,0.2750665843486786,-0.025453811511397362,0.8178882598876953,0.2832120656967163,-0.0723717138171196,0.8166050910949707,0.27929213643074036,-0.07288795709609985,0.8154813051223755,0.2754071354866028,-0.07297218590974808,0.7970913052558899,0.24854840338230133,0.043909184634685516,0.7959648966789246,0.24770697951316833,-0.16488130390644073,0.7822126150131226,0.3035927712917328,0.008207736536860466,0.7825702428817749,0.3041369616985321,-0.057444315403699875,0.6686002016067505,0.26239386200904846,0.18524044752120972,0.6961885690689087,0.284842312335968,-0.23691463470458984,0.6636079549789429,0.4549964368343353,0.25447261333465576,0.7054603099822998,0.4912521541118622,-0.2918032109737396,0.6788228154182434,0.5987829566001892,0.19709937274456024,0.7395065426826477,0.6835161447525024,-0.298850953578949,0.7039836645126343,0.6080462336540222,0.20719115436077118,0.7695302367210388,0.7124907374382019,-0.37774577736854553,0.7104982137680054,0.6129878163337708,0.13825224339962006,0.7765769362449646,0.7059458494186401,-0.32767394185066223,0.7028340101242065,0.6148732304573059,0.17016027867794037,0.7631850838661194,0.6996586918830872,-0.28620249032974243,0.4334513247013092,0.3880558907985687,0.13109828531742096,0.429577112197876,0.38823917508125305,-0.13110420107841492,0.2722645401954651,0.5428850650787354,0.23735757172107697,0.2545504868030548,0.5440269708633423,-0.07758175581693649,0.09166328608989716,0.6217290759086609,0.37404730916023254,0.06730137020349503,0.6513756513595581,-0.020101498812437057,0.06899011135101318,0.6181465983390808,0.37701866030693054,0.02765677496790886,0.6395056843757629,-0.016247570514678955,0.1088612899184227,0.7023988366127014,0.34006935358047485,0.06894668936729431,0.7537642121315002,-0.11322765052318573
frame_00050.jpg,0.8047707676887512,0.3073745369911194,-0.02922062575817108,0.8171157836914062,0.2832117974758148,-0.02105947956442833,0.8162165880203247,0.2791360020637512,-0.021484654396772385,0.815090000629425,0.27438363432884216,-0.021369490772485733,0.8169706463813782,0.2839107811450958,-0.06820110976696014,0.8160810470581055,0.28098049759864807,-0.06871650367975235,0.8150839805603027,0.27706223726272583,-0.068802610039711,0.7979276180267334,0.24917484819889069,0.04619266092777252,0.7968050241470337,0.24873429536819458,-0.15970757603645325,0.7820606231689453,0.30372563004493713,0.011898670345544815,0.7824458479881287,0.30392155051231384,-0.05396953225135803,0.667235255241394,0.26309823989868164,0.18577918410301208,0.695005476474762,0.2815926671028137,-0.2302398681640625,0.6624624729156494,0.4563249945640564,0.25153639912605286,0.7047041654586792,0.48887673020362854,-0.29074031114578247,0.6809402108192444,0.6035484671592712,0.19775839149951935,0.7405136823654175,0.6835545897483826,-0.30097952485084534,0.706620454788208,0.6112711429595947,0.2090357542037964,0.7730993628501892,0.7084692716598511,-0.3803772032260895,0.7136818170547485,0.6172268390655518,0.13987991213798523,0.7779296636581421,0.7015528082847595,-0.32849135994911194,0.7061103582382202,0.6209301352500916,0.17097105085849762,0.7638272047042847,0.6960493326187134,-0.28782743215560913,0.43547558784484863,0.38395434617996216,0.12967833876609802,0.43183964490890503,0.38168251514434814,-0.12970174849033356,0.2737019956111908,0.5482895374298096,0.18278272449970245,0.2552247643470764,0.542221188545227,-0.08076605200767517,0.0922526866197586,0.6385654211044312,0.27039411664009094,0.06643011420965195,0.651607096195221,-0.021746497601270676,0.05978997424244881,0.6410173177719116,0.27273043990135193,0.027715694159269333,0.6451335549354553,-0.019697461277246475,0.09750573337078094,0.7115857005119324,0.18056362867355347,0.06894417107105255,0.7541583776473999,-0.1140161007642746
frame_00051.jpg,0.8074768781661987,0.33115825057029724,-0.028517961502075195,0.8193801641464233,0.3094457685947418,-0.01871294155716896,0.8184319734573364,0.30594542622566223,-0.01914706453680992,0.8174656629562378,0.3022039830684662,-0.01904175616800785,0.8194157481193542,0.30909544229507446,-0.06669687479734421,0.818524181842804,0.3056875169277191,-0.06720183044672012,0.8176450729370117,0.301788330078125,-0.06729420274496078,0.8009328842163086,0.275444358587265,0.050417833030223846,0.7997962832450867,0.27297499775886536,-0.15854758024215698,0.7850421071052551,0.32966259121894836,0.013409164734184742,0.7853708863258362,0.32955923676490784,-0.05221877619624138,0.6726948618888855,0.27282530069351196,0.18824362754821777,0.7013514637947083,0.31004810333251953,-0.22215791046619415,0.6610510945320129,0.4487774074077606,0.2633540630340576,0.706319272518158,0.5067960619926453,-0.2642124891281128,0.6805810928344727,0.5988372564315796,0.2112659513950348,0.7392728924751282,0.6973823308944702,-0.24800768494606018,0.7064017057418823,0.6071290373802185,0.22143499553203583,0.7722139358520508,0.7218329906463623,-0.3207576870918274,0.7136005163192749,0.6150070428848267,0.15620674192905426,0.7773221135139465,0.7137253284454346,-0.2718185484409332,0.7056395411491394,0.6181661486625671,0.18592286109924316,0.7632929086685181,0.7078894376754761,-0.2346486747264862,0.4368395209312439,0.39123037457466125,0.1282103806734085,0.4362061023712158,0.4058724045753479,-0.12827196717262268,0.2741728127002716,0.5482316613197327,0.1862083524465561,0.2565825879573822,0.5525277853012085,-0.05985495448112488,0.10288585722446442,0.632091224193573,0.30583587288856506,0.06812725961208344,0.6528916954994202,0.013778490014374256,0.06088178604841232,0.6388958096504211,0.31304243206977844,0.030025333166122437,0.6450227499008179,0.01906472258269787,0.09892403334379196,0.7114036679267883,0.23938331007957458,0.07179620116949081,0.7535374164581299,-0.06280147284269333
frame_00052.jpg,0.8098376989364624,0.35392120480537415,-0.03661637753248215,0.821911633014679,0.33216941356658936,-0.02900218963623047,0.8210834264755249,0.3283645510673523,-0.029401812702417374,0.8201373815536499,0.3245687186717987,-0.02926018461585045,0.8218022584915161,0.33191877603530884,-0.0771583691239357,0.8209532499313354,0.32820120453834534,-0.07768242061138153,0.8200520277023315,0.3242555856704712,-0.0777873545885086,0.8036861419677734,0.2969472110271454,0.04210764914751053,0.8025587797164917,0.29553139209747314,-0.17153634130954742,0.7883839011192322,0.3519655764102936,0.0044455761089921,0.788461446762085,0.3516232371330261,-0.06173265725374222,0.6763383746147156,0.2883078157901764,0.185707226395607,0.7048399448394775,0.3271840512752533,-0.23374724388122559,0.6594980955123901,0.4579029381275177,0.26122426986694336,0.7077622413635254,0.5274474024772644,-0.2756796181201935,0.6800125241279602,0.6046016216278076,0.20857703685760498,0.7375152111053467,0.721519410610199,-0.2717655301094055,0.7058815956115723,0.612229585647583,0.21851225197315216,0.7689043283462524,0.7476445436477661,-0.34629175066947937,0.7128325700759888,0.6199212670326233,0.1528661698102951,0.773786187171936,0.7359511256217957,-0.29736262559890747,0.7049334049224854,0.6230137944221497,0.18290859460830688,0.759476363658905,0.7293646931648254,-0.2584637999534607,0.4387010931968689,0.3974381983280182,0.1281522512435913,0.4390454888343811,0.41743940114974976,-0.12821803987026215,0.27440887689590454,0.5503566265106201,0.19743792712688446,0.256949245929718,0.5528087019920349,-0.05909765884280205,0.10596631467342377,0.6309639811515808,0.3280493915081024,0.06927072256803513,0.6572185158729553,0.02577124536037445,0.06155068799853325,0.6354970335960388,0.33623531460762024,0.030855506658554077,0.6447320580482483,0.03282701224088669,0.08963529020547867,0.711483895778656,0.26056405901908875,0.0660853460431099,0.7536026835441589,-0.04909021407365799
frame_00053.jpg,0.8160289525985718,0.3675144910812378,-0.03317970037460327,0.8265295028686523,0.34710389375686646,-0.027619216591119766,0.8252832293510437,0.34147167205810547,-0.027967697009444237,0.8243446350097656,0.3364655673503876,-0.0277645792812109,0.8269764184951782,0.3494161367416382,-0.07661519944667816,0.8261656761169434,0.3460474908351898,-0.07712963968515396,0.8255661129951477,0.3427148759365082,-0.07722144573926926,0.8092679977416992,0.31098949909210205,0.04601004347205162,0.8090599179267883,0.3159794509410858,-0.16655969619750977,0.7926360368728638,0.3613186478614807,0.005655428394675255,0.7942016124725342,0.36470746994018555,-0.060585640370845795,0.67696613073349,0.29841697216033936,0.18653498589992523,0.7055400013923645,0.34607845544815063,-0.230545312166214,0.6592384576797485,0.47733747959136963,0.266890287399292,0.708372950553894,0.5637053847312927,-0.27622467279434204,0.6795507073402405,0.6194182634353638,0.2139984369277954,0.7345910668373108,0.7515746355056763,-0.25954025983810425,0.7048100233078003,0.6245032548904419,0.22382572293281555,0.7682607769966125,0.7698352932929993,-0.33434900641441345,0.7108768224716187,0.6325061917304993,0.15829512476921082,0.7714535593986511,0.760948121547699,-0.285112202167511,0.7024069428443909,0.6349815130233765,0.1884150207042694,0.7559581398963928,0.7564854025840759,-0.245906800031662,0.44005250930786133,0.404414564371109,0.12810686230659485,0.4407607614994049,0.42335405945777893,-0.1281784176826477,0.274339497089386,0.551470935344696,0.20423218607902527,0.2571614682674408,0.5589491128921509,-0.05597475916147232,0.1087832897901535,0.631412148475647,0.3375384211540222,0.07021097838878632,0.6587951183319092,0.03708585724234581,0.0633283481001854,0.6300626397132874,0.3455350697040558,0.032442718744277954,0.64453125,0.044641055166721344,0.0910160169005394,0.715182900428772,0.2661136984825134,0.06375479698181152,0.7537157535552979,-0.0390595868229866
frame_00054.jpg,0.8168595433235168,0.3794766962528229,-0.011881323531270027,0.8278577923774719,0.3621352016925812,-0.006626551039516926,0.8265156745910645,0.358210951089859,-0.006970623042434454,0.8253338932991028,0.3552361726760864,-0.006759914103895426,0.828205406665802,0.3631037473678589,-0.04988758638501167,0.8272231221199036,0.35981377959251404,-0.05043403431773186,0.8263460397720337,0.35679924488067627,-0.05055978149175644,0.8116269111633301,0.33751678466796875,0.06211695820093155,0.8113034963607788,0.3357691168785095,-0.1303749680519104,0.7931228280067444,0.3750654458999634,0.02670389972627163,0.7948392629623413,0.37695711851119995,-0.03324434906244278,0.679777979850769,0.31664133071899414,0.2084856927394867,0.717914879322052,0.360372394323349,-0.19416148960590363,0.6590560674667358,0.4929313659667969,0.27425771951675415,0.7064186334609985,0.5721091032028198,-0.23738276958465576,0.6742666959762573,0.6331947445869446,0.2234039008617401,0.7262548208236694,0.7600876688957214,-0.22117753326892853,0.7018141746520996,0.6346092224121094,0.23349182307720184,0.7646859884262085,0.7773995995521545,-0.2941073179244995,0.7066704034805298,0.6441909074783325,0.1652125120162964,0.7658759355545044,0.7693470120429993,-0.24111458659172058,0.6969344615936279,0.6488569974899292,0.19679217040538788,0.748393177986145,0.764911949634552,-0.20594966411590576,0.4407680630683899,0.41459035873413086,0.12706509232521057,0.4462529718875885,0.43989357352256775,-0.127168208360672,0.2749737799167633,0.5520727038383484,0.20386695861816406,0.26657137274742126,0.5595798492431641,-0.06662239134311676,0.11010564863681793,0.6307052969932556,0.3306400775909424,0.07811884582042694,0.6590248942375183,0.007308644242584705,0.06451623141765594,0.6282867789268494,0.3390667140483856,0.03921659290790558,0.6418997645378113,0.01336388848721981,0.09269250184297562,0.7148923873901367,0.2580718398094177,0.06474475562572479,0.7514361143112183,-0.07097934186458588
frame_00055.jpg,0.8305497169494629,0.4901110827922821,-0.004614795558154583,0.843018651008606,0.47186553478240967,0.0009189419215545058,0.8423171043395996,0.46644383668899536,0.0005625806516036391,0.8418480157852173,0.46141165494918823,0.0007254817755892873,0.843000590801239,0.47368448972702026,-0.045110560953617096,0.8423634767532349,0.47026708722114563,-0.04564293473958969,0.8418152928352356,0.4667655825614929,-0.04579667001962662,0.8320306539535522,0.43435874581336975,0.07010569423437119,0.8305864334106445,0.43851155042648315,-0.13376908004283905,0.8070968389511108,0.48016244173049927,0.03482135385274887,0.8087993860244751,0.48095300793647766,-0.028723061084747314,0.714448094367981,0.3876340091228485,0.21375219523906708,0.7288275957107544,0.4134684205055237,-0.19544367492198944,0.6477407813072205,0.5225903391838074,0.28115949034690857,0.6951761841773987,0.5924518704414368,-0.25349169969558716,0.6672680974006653,0.6646678447723389,0.22839653491973877,0.7245301604270935,0.7680653929710388,-0.24273617565631866,0.6937621235847473,0.6661774516105652,0.238060861825943,0.763697624206543,0.7817855477333069,-0.31003326177597046,0.7015882730484009,0.6719790697097778,0.17260828614234924,0.7649141550064087,0.7719447016716003,-0.2488430291414261,0.6926639080047607,0.6756583452224731,0.20290866494178772,0.7481716275215149,0.7674216628074646,-0.22179639339447021,0.4640185236930847,0.45459800958633423,0.12645769119262695,0.4695625305175781,0.4729737937450409,-0.12658938765525818,0.2836366593837738,0.5530367493629456,0.14755401015281677,0.2783734202384949,0.5631434321403503,-0.10827507823705673,0.10997246205806732,0.6318754553794861,0.1960306316614151,0.08139713853597641,0.6589452028274536,-0.06955842673778534,0.04701272398233414,0.6373683214187622,0.1952090561389923,0.04420880228281021,0.641789972782135,-0.06819791346788406,0.08434092253446579,0.7134915590286255,0.10347910225391388,0.07389266788959503,0.7397544384002686,-0.1610131412744522
frame_00056.jpg,0.8460375070571899,0.5738592743873596,0.011980222538113594,0.8612944483757019,0.5565451383590698,0.018040556460618973,0.8613707423210144,0.5513840317726135,0.017651047557592392,0.8611952662467957,0.5452297329902649,0.017752688378095627,0.860791802406311,0.5563089847564697,-0.02789384499192238,0.8605531454086304,0.5519635081291199,-0.028442304581403732,0.8602458238601685,0.5467329621315002,-0.028617212548851967,0.8501270413398743,0.514668345451355,0.09071920067071915,0.8493119478225708,0.516305685043335,-0.11395271867513657,0.8253827095031738,0.5617323517799377,0.0528549961745739,0.827401340007782,0.5608737468719482,-0.010210977867245674,0.7367873787879944,0.44678953289985657,0.22375497221946716,0.7524073719978333,0.47276511788368225,-0.1603255569934845,0.6365079283714294,0.5375088453292847,0.33058032393455505,0.687808632850647,0.6082908511161804,-0.26012808084487915,0.6641925573348999,0.6673329472541809,0.32500195503234863,0.7242034077644348,0.7751306295394897,-0.37435466051101685,0.6890712380409241,0.6693528890609741,0.3337985873222351,0.7636551856994629,0.7857480645179749,-0.4480059742927551,0.6988552212715149,0.677012026309967,0.279636949300766,0.7649491429328918,0.7755048871040344,-0.40123018622398376,0.6911207437515259,0.6797730922698975,0.3045615255832672,0.7482641935348511,0.772255539894104,-0.3623236417770386,0.480435848236084,0.5026178956031799,0.1220628172159195,0.4856133460998535,0.5231329798698425,-0.1222366914153099,0.29255858063697815,0.5806437730789185,0.12786592543125153,0.28383010625839233,0.6117051243782043,-0.14375194907188416,0.10924766957759857,0.6388381719589233,0.18517287075519562,0.08044679462909698,0.6603291034698486,-0.1072082370519638,0.05111250281333923,0.6358557343482971,0.185625821352005,0.04389927536249161,0.6376229524612427,-0.10500089824199677,0.0832071304321289,0.7162067294120789,0.11225768178701401,0.06502627581357956,0.7406359314918518,-0.19325986504554749
frame_00057.jpg,0.8514140248298645,0.5997071862220764,0.04943889379501343,0.8662053346633911,0.5841186046600342,0.05428760498762131,0.8655658960342407,0.5809748768806458,0.05387935787439346,0.8648526072502136,0.5775510668754578,0.053980596363544464,0.8665617108345032,0.5819932818412781,0.010440291836857796,0.8659846186637878,0.5775152444839478,0.00988999754190445,0.865371823310852,0.572544276714325,0.009735999628901482,0.8555757403373718,0.5447408556938171,0.11671403795480728,0.8547943830490112,0.5411508083343506,-0.07876507937908173,0.8304029703140259,0.59230637550354,0.0864923819899559,0.8317770957946777,0.589620053768158,0.026246393099427223,0.7423262596130371,0.4680357575416565,0.22874875366687775,0.7665399312973022,0.500012993812561,-0.12072858959436417,0.6339793801307678,0.5428924560546875,0.3541664779186249,0.6827436685562134,0.6126278042793274,-0.23088419437408447,0.6645788550376892,0.6629813313484192,0.397273451089859,0.7238879799842834,0.7743431329727173,-0.32888659834861755,0.6896753907203674,0.6648807525634766,0.4136132597923279,0.7636517286300659,0.7853519916534424,-0.3862004280090332,0.7002229690551758,0.6726013422012329,0.36318182945251465,0.7649807333946228,0.7755438685417175,-0.3456856906414032,0.6923686861991882,0.674946129322052,0.3797137439250946,0.7483497262001038,0.7722025513648987,-0.3197934031486511,0.48954176902770996,0.5225892663002014,0.11242556571960449,0.4963293969631195,0.5475547909736633,-0.11269763857126236,0.2955072820186615,0.6006374955177307,0.11643948405981064,0.2860804498195648,0.6334680318832397,-0.13299542665481567,0.0981079638004303,0.6403011083602905,0.16614124178886414,0.07641114294528961,0.6601706743240356,-0.11563213914632797,0.05900689959526062,0.6167086362838745,0.16631099581718445,0.04322328791022301,0.633748471736908,-0.11437679827213287,0.08457623422145844,0.7157660722732544,0.10111939907073975,0.06458558887243271,0.7408373355865479,-0.19301952421665192
frame_00058.jpg,0.8590184450149536,0.6199465990066528,0.04843366518616676,0.8722336888313293,0.6032918691635132,0.05738282948732376,0.8717330694198608,0.6004964113235474,0.056933920830488205,0.8710318803787231,0.5977069139480591,0.05700787156820297,0.8725746870040894,0.601507842540741,0.013354264199733734,0.8722089529037476,0.5975653529167175,0.012792753987014294,0.8719056248664856,0.5934450626373291,0.012643642723560333,0.8606504201889038,0.5687524676322937,0.1326800286769867,0.8603744506835938,0.5640203356742859,-0.06285781413316727,0.8389700055122375,0.6142928004264832,0.08975150436162949,0.839563250541687,0.61270672082901,0.02952728606760502,0.7470299601554871,0.49561089277267456,0.24777069687843323,0.7760017514228821,0.5242049098014832,-0.10606203228235245,0.633266806602478,0.5446861982345581,0.37406671047210693,0.6845496892929077,0.6074943542480469,-0.24631324410438538,0.6645275354385376,0.6624006628990173,0.4116577208042145,0.7230939269065857,0.7743695378303528,-0.40876832604408264,0.6902474164962769,0.6627921462059021,0.4233472943305969,0.7636508941650391,0.7852493524551392,-0.48191338777542114,0.6998949646949768,0.6703094244003296,0.3718571066856384,0.7650130391120911,0.775248646736145,-0.4378696084022522,0.6923332214355469,0.6726590991020203,0.3933066129684448,0.7483956813812256,0.7723702788352966,-0.39913925528526306,0.4938856065273285,0.5417603254318237,0.11254803836345673,0.5022866129875183,0.5692310929298401,-0.11284007132053375,0.2938959300518036,0.608272135257721,0.09900595247745514,0.2855601906776428,0.6470212340354919,-0.1302482634782791,0.09628353267908096,0.6270703673362732,0.11295845359563828,0.07169089466333389,0.6604059934616089,-0.13888993859291077,0.06006768345832825,0.5983016490936279,0.10724363476037979,0.03870297223329544,0.6335083246231079,-0.1415823996067047,0.08578155189752579,0.7166869044303894,0.026709532365202904,0.06511959433555603,0.7456043362617493,-0.2352348268032074
frame_00059.jpg,0.8553826212882996,0.6462802290916443,0.04457318037748337,0.8703298568725586,0.6327056884765625,0.05386589840054512,0.8701133728027344,0.6293042898178101,0.05339217185974121,0.8696321249008179,0.6261275410652161,0.0534561350941658,0.8709049224853516,0.6307806372642517,0.010652358643710613,0.8710397481918335,0.6264738440513611,0.010089866816997528,0.871219277381897,0.6221186518669128,0.009930578991770744,0.8626503944396973,0.5969580411911011,0.12586654722690582,0.8629473447799683,0.5917291641235352,-0.06630294770002365,0.8373123407363892,0.635672926902771,0.0847415179014206,0.8373921513557434,0.6350621581077576,0.025715027004480362,0.752465009689331,0.5083443522453308,0.23910371959209442,0.7841588258743286,0.5544503927230835,-0.11254560947418213,0.6348890066146851,0.5415889620780945,0.3882266879081726,0.6893661022186279,0.6008526086807251,-0.25543519854545593,0.6649981737136841,0.6595993638038635,0.48470744490623474,0.7223325967788696,0.7730159759521484,-0.44898074865341187,0.6917939186096191,0.6615647077560425,0.5050483345985413,0.7628370523452759,0.7837504744529724,-0.5161266326904297,0.699930727481842,0.6691323518753052,0.4570949673652649,0.7634016871452332,0.7734209299087524,-0.47168001532554626,0.6925941705703735,0.6710492372512817,0.46930116415023804,0.7474062442779541,0.7700987458229065,-0.43843430280685425,0.5004174709320068,0.5431406497955322,0.11248765140771866,0.50968998670578,0.5820309519767761,-0.11281903833150864,0.29615622758865356,0.605411946773529,0.12054644525051117,0.28889960050582886,0.6515551805496216,-0.146347776055336,0.1103440523147583,0.6006029844284058,0.14253225922584534,0.07043374329805374,0.6572872996330261,-0.20806896686553955,0.07201080024242401,0.5819085240364075,0.1371234655380249,0.03659207001328468,0.6273634433746338,-0.21470403671264648,0.09688819199800491,0.6845194101333618,0.0699470192193985,0.06521426141262054,0.7458733916282654,-0.3067918121814728
frame_00060.jpg,0.8555819392204285,0.6702106595039368,0.040189020335674286,0.8704522252082825,0.6563008427619934,0.05133619159460068,0.8702723383903503,0.6523846983909607,0.05084320902824402,0.8698413968086243,0.6492963433265686,0.05090098828077316,0.8709605932235718,0.6555215716362,0.009299172088503838,0.871064305305481,0.6514833569526672,0.008727076463401318,0.8712859153747559,0.6477083563804626,0.008565475232899189,0.8630661964416504,0.6228168606758118,0.12703391909599304,0.8632725477218628,0.6184287667274475,-0.05760614946484566,0.8382312655448914,0.656060516834259,0.08120644092559814,0.838323712348938,0.656846821308136,0.024252738803625107,0.7593072652816772,0.5435751676559448,0.23799268901348114,0.7898375988006592,0.582837700843811,-0.11274378001689911,0.6323033571243286,0.5367193818092346,0.38716650009155273,0.6910611391067505,0.603451132774353,-0.2830737233161926,0.6643067598342896,0.6583079099655151,0.4828329086303711,0.7222716212272644,0.7724224328994751,-0.49526533484458923,0.6918081045150757,0.6633796095848083,0.5011250972747803,0.7610145807266235,0.7835193276405334,-0.5596364140510559,0.6991876363754272,0.6702325344085693,0.45742926001548767,0.762330174446106,0.7726426720619202,-0.5153983235359192,0.6917809247970581,0.6714716553688049,0.4686811864376068,0.7474106550216675,0.7691708207130432,-0.4846961498260498,0.5059810280799866,0.5645415186882019,0.11262192577123642,0.5169350504875183,0.5970581769943237,-0.11294358968734741,0.3053254783153534,0.6205089092254639,0.12997695803642273,0.2994234263896942,0.6614011526107788,-0.15716369450092316,0.12872454524040222,0.6008493304252625,0.172677680850029,0.07243388146162033,0.6544565558433533,-0.22769463062286377,0.09284943342208862,0.5759648084640503,0.16912326216697693,0.03444301337003708,0.6211786270141602,-0.23465614020824432,0.10582089424133301,0.689209520816803,0.0998944491147995,0.06402336061000824,0.7482956647872925,-0.3381732106208801
frame_00061.jpg,0.8569551706314087,0.6841666102409363,0.04075344279408455,0.8737223744392395,0.6675918102264404,0.05507149547338486,0.8735054731369019,0.66209876537323,0.054580628871917725,0.87311851978302,0.6575572490692139,0.05462844297289848,0.8745430111885071,0.6700757145881653,0.01186386775225401,0.8746747970581055,0.6662343144416809,0.011293604969978333,0.8749983906745911,0.6624245047569275,0.011121111921966076,0.8654904365539551,0.6340599656105042,0.1401534378528595,0.865813136100769,0.6336437463760376,-0.05145838111639023,0.8408117294311523,0.669971764087677,0.0847667008638382,0.8406578898429871,0.67244553565979,0.026594603434205055,0.771786093711853,0.5595541000366211,0.25820496678352356,0.7971847057342529,0.6001290082931519,-0.11449271440505981,0.6325703263282776,0.5354574918746948,0.39593660831451416,0.6974740624427795,0.6047595739364624,-0.31307774782180786,0.6645275950431824,0.6691740155220032,0.4633282721042633,0.7223688960075378,0.7716257572174072,-0.5571334362030029,0.6919705867767334,0.6741844415664673,0.4767369329929352,0.7608327865600586,0.7829809188842773,-0.6282342672348022,0.6993244290351868,0.6813040375709534,0.4332403540611267,0.7622140645980835,0.772243320941925,-0.5814196467399597,0.6915034055709839,0.6832923293113708,0.4480969309806824,0.7475460767745972,0.7687492370605469,-0.5464515686035156,0.514519214630127,0.5778872966766357,0.12345864623785019,0.5241389274597168,0.6093343496322632,-0.12393146753311157,0.31000012159347534,0.6157518029212952,0.143087238073349,0.3033742904663086,0.6649026274681091,-0.16888615489006042,0.13014386594295502,0.5952640771865845,0.1924666464328766,0.072635218501091,0.6508422493934631,-0.22900991141796112,0.09660971164703369,0.5683451294898987,0.18364134430885315,0.03441651538014412,0.6158550977706909,-0.2358117550611496,0.10475685447454453,0.6900139451026917,0.11300460994243622,0.06263119727373123,0.7510331273078918,-0.36627140641212463
frame_00062.jpg,0.8598993420600891,0.6805486679077148,0.0319063775241375,0.8749472498893738,0.6656618118286133,0.05306374281644821,0.8749803304672241,0.6626418232917786,0.05242646858096123,0.8748852014541626,0.6601074934005737,0.05243556946516037,0.8747108578681946,0.6656463742256165,0.010757769457995892,0.8743897676467896,0.6624829769134521,0.010161200538277626,0.8741834759712219,0.6594529747962952,0.010001275688409805,0.8669546842575073,0.635960578918457,0.12924674153327942,0.8646809458732605,0.6342047452926636,-0.06555475294589996,0.8434565663337708,0.6729440689086914,0.08141445368528366,0.8426264524459839,0.6731932759284973,0.025824755430221558,0.77657550573349,0.5619422793388367,0.25281286239624023,0.7918787002563477,0.6035369038581848,-0.12320911884307861,0.6446386575698853,0.538131594657898,0.39163893461227417,0.7016130685806274,0.605226457118988,-0.3250802457332611,0.6785777807235718,0.6737684011459351,0.4988541603088379,0.7226542234420776,0.7710235118865967,-0.5553343892097473,0.6988775730133057,0.6765019297599792,0.5181952714920044,0.76067054271698,0.7827319502830505,-0.6233918070793152,0.7048968076705933,0.6832869648933411,0.4739355444908142,0.762269914150238,0.7726312279701233,-0.5790700316429138,0.6987126469612122,0.6858806610107422,0.4847751259803772,0.7477189302444458,0.7686075568199158,-0.5455233454704285,0.5130013823509216,0.5788792371749878,0.12335711717605591,0.518802285194397,0.6113479733467102,-0.12386344373226166,0.31361258029937744,0.6117234826087952,0.14709369838237762,0.3042130172252655,0.6615208983421326,-0.15795157849788666,0.13277000188827515,0.5965103507041931,0.19436103105545044,0.07332589477300644,0.6509849429130554,-0.214442178606987,0.10237058252096176,0.5697936415672302,0.19002780318260193,0.03494022414088249,0.6163896322250366,-0.2206023931503296,0.09371797740459442,0.6754493117332458,0.11394745111465454,0.062462158501148224,0.75141841173172,-0.33325302600860596
frame_00063.jpg,0.8616847991943359,0.6822807788848877,0.0383111797273159,0.8763574361801147,0.6677882075309753,0.05609609931707382,0.8762632608413696,0.664549708366394,0.05552873760461807,0.8760860562324524,0.6617169976234436,0.055557169020175934,0.8759667277336121,0.668452262878418,0.011509746313095093,0.8754698634147644,0.6657671332359314,0.010938032530248165,0.8750811815261841,0.6632592082023621,0.010792545042932034,0.8680059313774109,0.6357002854347229,0.1385403424501419,0.8664585947990417,0.6364968419075012,-0.06168977543711662,0.8442579507827759,0.6756327152252197,0.08439287543296814,0.8432636260986328,0.6776726841926575,0.025069165974855423,0.7744449973106384,0.5613210201263428,0.24765968322753906,0.7973617315292358,0.6037593483924866,-0.12490977346897125,0.6446006298065186,0.5366964340209961,0.39031165838241577,0.7027707695960999,0.6045194864273071,-0.3360435962677002,0.6762217879295349,0.6715417504310608,0.4893415570259094,0.723771333694458,0.7703260779380798,-0.575865626335144,0.6975672245025635,0.6739189624786377,0.506700336933136,0.7608659267425537,0.7824099659919739,-0.6446937322616577,0.7031155228614807,0.6808592677116394,0.4621095657348633,0.763069748878479,0.7722390294075012,-0.5982601046562195,0.6964460611343384,0.6839432120323181,0.4745946526527405,0.7491472959518433,0.7681884765625,-0.5654740333557129,0.5156841278076172,0.5814092755317688,0.12444821745157242,0.5239492058753967,0.6152009963989258,-0.12498112767934799,0.3149396479129791,0.6101877689361572,0.16348513960838318,0.30481284856796265,0.6622936129570007,-0.156357079744339,0.13302627205848694,0.5979635715484619,0.22939661145210266,0.07641621679067612,0.6510363221168518,-0.20687203109264374,0.10235881805419922,0.5718324780464172,0.2262200564146042,0.03688560798764229,0.6163517236709595,-0.2119872272014618,0.09166164696216583,0.6708944439888,0.14700184762477875,0.06221958249807358,0.7513607144355774,-0.32683461904525757
frame_00064.jpg,0.8625913858413696,0.6789565682411194,0.03866538405418396,0.8770579099655151,0.6652690768241882,0.05558823421597481,0.8767247200012207,0.6623373031616211,0.05504335090517998,0.8763108253479004,0.659654438495636,0.05507466942071915,0.876660943031311,0.6649640798568726,0.009993760846555233,0.8759473562240601,0.6619840860366821,0.009424878284335136,0.8753161430358887,0.6590935587882996,0.009272579103708267,0.8680984377861023,0.6325643658638,0.14126315712928772,0.866618812084198,0.6314208507537842,-0.0629267543554306,0.8435797691345215,0.6706775426864624,0.08411210775375366,0.8428775668144226,0.6718177199363708,0.02306518331170082,0.7712281346321106,0.5531938672065735,0.24778218567371368,0.7959399819374084,0.6012513041496277,-0.12859860062599182,0.6434844136238098,0.5346196293830872,0.40827399492263794,0.7026118040084839,0.6043511629104614,-0.3535960614681244,0.6759226322174072,0.6625437140464783,0.5238838195800781,0.723838210105896,0.769856870174408,-0.603082537651062,0.6976286172866821,0.6690351963043213,0.5437127947807312,0.7608038187026978,0.7821422815322876,-0.6733055114746094,0.703101634979248,0.674758791923523,0.49982890486717224,0.763099193572998,0.7712327837944031,-0.6285530924797058,0.6961885690689087,0.6759316325187683,0.5095561742782593,0.7492947578430176,0.7666150331497192,-0.5933862924575806,0.5138349533081055,0.57899409532547,0.1278611719608307,0.5204711556434631,0.6138008832931519,-0.12839308381080627,0.3146844506263733,0.6103794574737549,0.1926586776971817,0.303175151348114,0.6616028547286987,-0.17279738187789917,0.13656365871429443,0.599524199962616,0.30562710762023926,0.0757170170545578,0.6505855917930603,-0.23871254920959473,0.10692329704761505,0.5740718841552734,0.3075295090675354,0.03637602552771568,0.6164842247962952,-0.24560292065143585,0.10004131495952606,0.6873672008514404,0.23408682644367218,0.06181598827242851,0.7517810463905334,-0.3737058639526367
frame_00065.jpg,0.8614504933357239,0.6635177135467529,0.040161967277526855,0.8762181997299194,0.651343047618866,0.05534936115145683,0.8758492469787598,0.6486206650733948,0.054810505360364914,0.8753865957260132,0.6462991237640381,0.054848164319992065,0.8760926127433777,0.6505085229873657,0.010147732682526112,0.8755539059638977,0.6473528742790222,0.009582542814314365,0.8751269578933716,0.6443132758140564,0.009436320513486862,0.8673483729362488,0.6204990148544312,0.13812793791294098,0.8665787577629089,0.6153988242149353,-0.06361506879329681,0.8421958684921265,0.6552190780639648,0.0840698778629303,0.8416936993598938,0.6552327275276184,0.023155206814408302,0.7687894105911255,0.5417476892471313,0.24596324563026428,0.7915387153625488,0.5862370133399963,-0.1275913566350937,0.6380236744880676,0.5342995524406433,0.40790095925331116,0.700617253780365,0.6061257719993591,-0.33857423067092896,0.6635609865188599,0.65411776304245,0.5349043607711792,0.7238566279411316,0.7704057693481445,-0.5615956783294678,0.6876148581504822,0.6638635396957397,0.5588151216506958,0.7605476975440979,0.7824711203575134,-0.6305235624313354,0.692842423915863,0.6706260442733765,0.512859582901001,0.7628559470176697,0.7710724472999573,-0.5843744277954102,0.6860300302505493,0.671366274356842,0.52061527967453,0.7492643594741821,0.7664204835891724,-0.5512378811836243,0.5108667016029358,0.5741158723831177,0.1273880898952484,0.5182300806045532,0.6067306399345398,-0.12794487178325653,0.3129754960536957,0.6099163293838501,0.19216585159301758,0.30265897512435913,0.6592501401901245,-0.16480933129787445,0.13403233885765076,0.6005083918571472,0.30463936924934387,0.07445873320102692,0.6504696011543274,-0.21245113015174866,0.10504038631916046,0.5747308135032654,0.30605918169021606,0.03597747161984444,0.616381049156189,-0.21711365878582,0.09995933622121811,0.6918895244598389,0.20062677562236786,0.06131485849618912,0.7511798143386841,-0.3311074376106262
frame_00066.jpg,0.8663123846054077,0.6517440676689148,0.0017839412903413177,0.8788814544677734,0.6443992257118225,0.01671651192009449,0.8779906034469604,0.6452226042747498,0.016200421378016472,0.8770618438720703,0.6437984704971313,0.016236141324043274,0.8787071108818054,0.6414961218833923,-0.03067556396126747,0.87769615650177,0.639055609703064,-0.03122338093817234,0.8768584132194519,0.6369028687477112,-0.03139800950884819,0.8670486211776733,0.6126073598861694,0.10367326438426971,0.8664190173149109,0.6139740347862244,-0.10850681364536285,0.8450713157653809,0.6445229053497314,0.04660268872976303,0.8452095985412598,0.644321858882904,-0.01781877502799034,0.7655602693557739,0.5326516628265381,0.2201087474822998,0.791353166103363,0.5642780065536499,-0.17129471898078918,0.6727365851402283,0.5411532521247864,0.40206924080848694,0.6992414593696594,0.6055057048797607,-0.3683486580848694,0.6900220513343811,0.6556037664413452,0.5316248536109924,0.7238677144050598,0.7703832983970642,-0.5585296750068665,0.7099846601486206,0.6637385487556458,0.560371994972229,0.7606707811355591,0.7831688523292542,-0.6288468837738037,0.7178158760070801,0.6686989665031433,0.5108137130737305,0.7630883455276489,0.7710734009742737,-0.5834659934043884,0.7083429098129272,0.6712538599967957,0.5161035060882568,0.7494019865989685,0.7663012146949768,-0.5481101274490356,0.509008526802063,0.5674070715904236,0.12720239162445068,0.5173310041427612,0.6056069731712341,-0.12772467732429504,0.3119232654571533,0.6095120310783386,0.1833791583776474,0.3016093075275421,0.6588687300682068,-0.16076339781284332,0.13356003165245056,0.6112900376319885,0.27374547719955444,0.07427599281072617,0.6508124470710754,-0.19932064414024353,0.10679624229669571,0.5935418009757996,0.2742305099964142,0.03722566366195679,0.6173369884490967,-0.20058488845825195,0.1011284589767456,0.6941004395484924,0.1986202895641327,0.061342258006334305,0.7501907348632812,-0.2927655875682831
frame_00067.jpg,0.8681912422180176,0.6350258588790894,-0.011711823754012585,0.880471408367157,0.6165038347244263,0.0073672570288181305,0.8792508840560913,0.614567756652832,0.0068547166883945465,0.8779022097587585,0.6111915111541748,0.006892045494168997,0.8802177309989929,0.611883282661438,-0.042811959981918335,0.8789008855819702,0.6069155335426331,-0.043334491550922394,0.877642035484314,0.6021137237548828,-0.043496377766132355,0.8666812777519226,0.5723581910133362,0.10460523515939713,0.8658893704414368,0.571165919303894,-0.11761359870433807,0.8462346792221069,0.6296834945678711,0.0368381068110466,0.8468462824821472,0.6263179183006287,-0.03140094131231308,0.7644818425178528,0.5114538073539734,0.22196054458618164,0.7840224504470825,0.522663414478302,-0.18326623737812042,0.6661883592605591,0.5478715300559998,0.3967921733856201,0.6912044882774353,0.6050378084182739,-0.38552790880203247,0.6876905560493469,0.6557024121284485,0.5153370499610901,0.7231587767601013,0.7714431285858154,-0.578603208065033,0.7079468965530396,0.6641395092010498,0.5431104302406311,0.76030433177948,0.7846938967704773,-0.6558350324630737,0.7174121737480164,0.6704905033111572,0.48414134979248047,0.7630122900009155,0.7722393274307251,-0.6104458570480347,0.7068585157394409,0.6728145480155945,0.49385595321655273,0.749380886554718,0.7675539255142212,-0.5688481330871582,0.5084614753723145,0.5488767027854919,0.12817886471748352,0.5108291506767273,0.5735432505607605,-0.12861187756061554,0.31026750802993774,0.6091747879981995,0.1795693188905716,0.29746654629707336,0.651802122592926,-0.15997271239757538,0.13277925550937653,0.6168519258499146,0.2641887366771698,0.07620257884263992,0.6517950296401978,-0.1337788999080658,0.10475659370422363,0.5976867079734802,0.26446372270584106,0.043488871306180954,0.6214421987533569,-0.13116900622844696,0.09869863837957382,0.6951415538787842,0.1890447437763214,0.06135828047990799,0.744545042514801,-0.22718565165996552
frame_00068.jpg,0.8669632077217102,0.5988040566444397,-0.015156961977481842,0.8795461654663086,0.5740602016448975,0.003451833501458168,0.878446102142334,0.5707266926765442,0.0029561826959252357,0.8772279620170593,0.5664991140365601,0.0030044286977499723,0.8793412446975708,0.5710623264312744,-0.04864421486854553,0.8781331181526184,0.5661619305610657,-0.04914558678865433,0.8769904375076294,0.5610992908477783,-0.04929320886731148,0.8662713766098022,0.5302847027778625,0.1032930389046669,0.8653127551078796,0.5297054648399353,-0.12994767725467682,0.8453871607780457,0.5965096950531006,0.03344930708408356,0.8459833264350891,0.591394305229187,-0.03786412626504898,0.7597936391830444,0.485704630613327,0.22297303378582,0.7730074524879456,0.48877227306365967,-0.19295980036258698,0.6627094149589539,0.5843774080276489,0.3299964368343353,0.6837359070777893,0.6045855283737183,-0.36900416016578674,0.6865609884262085,0.7020199298858643,0.2868756055831909,0.7224620580673218,0.7723429203033447,-0.5183730721473694,0.711001992225647,0.7107478380203247,0.2921372652053833,0.7592890858650208,0.7852445244789124,-0.6076551079750061,0.7158772945404053,0.7070064544677734,0.2372719794511795,0.7628758549690247,0.7731198072433472,-0.5605799555778503,0.7079082131385803,0.7101615071296692,0.264741450548172,0.7490271329879761,0.7685456871986389,-0.5084251165390015,0.5077730417251587,0.5358673930168152,0.1288408786058426,0.5061624646186829,0.5466107726097107,-0.12916886806488037,0.30714723467826843,0.6087114810943604,0.1775669902563095,0.2950170934200287,0.6392576098442078,-0.15966199338436127,0.12439116090536118,0.6174551248550415,0.260883629322052,0.0767790749669075,0.6494418978691101,-0.105601467192173,0.09272254258394241,0.5969041585922241,0.2608264684677124,0.043745674192905426,0.6195724606513977,-0.10314559936523438,0.09702533483505249,0.7027982473373413,0.1660420000553131,0.06337965279817581,0.741702139377594,-0.20896604657173157
frame_00069.jpg,0.8693884015083313,0.5713570713996887,-0.05577198415994644,0.8803189992904663,0.5417400002479553,-0.03899199515581131,0.8793085217475891,0.5375198721885681,-0.03952635079622269,0.8781029582023621,0.5327872633934021,-0.03946216404438019,0.8794633150100708,0.5416375994682312,-0.09394571930170059,0.8778969049453735,0.5376129746437073,-0.09442959725856781,0.8765360713005066,0.5333414673805237,-0.09455873817205429,0.8660053014755249,0.4981445074081421,0.05867759510874748,0.8635088801383972,0.5023654699325562,-0.18884827196598053,0.8497425317764282,0.574662446975708,-0.00820802804082632,0.8487079739570618,0.5711352825164795,-0.08359620720148087,0.7521213889122009,0.4553643763065338,0.1913326531648636,0.7518404722213745,0.4770268201828003,-0.24936696887016296,0.6663795113563538,0.5780966281890869,0.3348212242126465,0.6818889379501343,0.6043683886528015,-0.3936828374862671,0.6884874105453491,0.6841543912887573,0.3445431590080261,0.7227508425712585,0.77329021692276,-0.5002686977386475,0.710444450378418,0.685771644115448,0.3580988645553589,0.7610741257667542,0.7860614657402039,-0.5844311714172363,0.7159475088119507,0.6910065412521362,0.3035179674625397,0.7656931281089783,0.7734615206718445,-0.540593147277832,0.7086571455001831,0.6919705271720886,0.3242713510990143,0.7512471079826355,0.7690083384513855,-0.4904497265815735,0.4975418150424957,0.5352001786231995,0.1310705840587616,0.4878615438938141,0.5366084575653076,-0.1312326341867447,0.30554014444351196,0.6143447160720825,0.2092931717634201,0.2905791401863098,0.6254712343215942,-0.1501542031764984,0.12631376087665558,0.6199586391448975,0.3461073637008667,0.07613341510295868,0.6435990929603577,-0.07934752851724625,0.09338846802711487,0.5963675379753113,0.35360270738601685,0.043440669775009155,0.6152597069740295,-0.07500498741865158,0.09739292412996292,0.707834780216217,0.27926337718963623,0.06268445402383804,0.7420124411582947,-0.17909590899944305
frame_00070.jpg,0.8610731959342957,0.4674575924873352,-0.05145002156496048,0.8713310360908508,0.44145774841308594,-0.037959542125463486,0.8697868585586548,0.43720322847366333,-0.03845836967229843,0.8682163953781128,0.43380165100097656,-0.03837992995977402,0.8702816963195801,0.4426448941230774,-0.09109493345022202,0.8679283857345581,0.4395754933357239,-0.09159139543771744,0.865756630897522,0.4370781183242798,-0.09170787036418915,0.8500269651412964,0.41128385066986084,0.050687987357378006,0.8479641675949097,0.41268059611320496,-0.1880970597267151,0.8386924862861633,0.46625810861587524,-0.006551932543516159,0.8377620577812195,0.46757039427757263,-0.07963364571332932,0.727523684501648,0.4022110104560852,0.19199058413505554,0.7334227561950684,0.41875380277633667,-0.25994130969047546,0.6646500825881958,0.5691121220588684,0.29500478506088257,0.6807411909103394,0.6020395755767822,-0.3835377097129822,0.6844287514686584,0.6849914789199829,0.25575655698776245,0.7215791940689087,0.7734989523887634,-0.4148125648498535,0.7100918292999268,0.685279130935669,0.27075958251953125,0.7606038451194763,0.7881182432174683,-0.5003077387809753,0.71524578332901,0.6911205053329468,0.20149275660514832,0.7655766606330872,0.7739913463592529,-0.44669002294540405,0.7084707617759705,0.6951932907104492,0.22945241630077362,0.7503671646118164,0.7698172330856323,-0.4017494320869446,0.47896885871887207,0.4753618836402893,0.13389000296592712,0.4744533598423004,0.48723798990249634,-0.13390913605690002,0.29622021317481995,0.5971471667289734,0.1984691470861435,0.28219616413116455,0.6037066578865051,-0.14559894800186157,0.09275206178426743,0.6291515231132507,0.30622997879981995,0.07556934654712677,0.6464242935180664,-0.10353610664606094,0.08180290460586548,0.6086892485618591,0.30951207876205444,0.04108302295207977,0.618696391582489,-0.10202628374099731,0.09530637413263321,0.7213712930679321,0.25571560859680176,0.06269900500774384,0.7420982122421265,-0.2043302059173584
frame_00071.jpg,0.8347895741462708,0.3773740231990814,-0.03772249072790146,0.845496654510498,0.35215631127357483,-0.024902191013097763,0.8437161445617676,0.3493560254573822,-0.02537529543042183,0.8419265747070312,0.3471423089504242,-0.02527639828622341,0.845643162727356,0.3521058261394501,-0.07652997225522995,0.8439971208572388,0.34954503178596497,-0.07704047858715057,0.842392086982727,0.3474012315273285,-0.07714517414569855,0.8232266306877136,0.3235917389392853,0.062003910541534424,0.8246579170227051,0.3255752921104431,-0.1703266203403473,0.8101801872253418,0.3785049021244049,0.00732801016420126,0.8106766939163208,0.3788968324661255,-0.06353484094142914,0.6945553421974182,0.33626678586006165,0.22034578025341034,0.7197844386100769,0.36439961194992065,-0.2540498375892639,0.6632992625236511,0.5253552794456482,0.3191054165363312,0.6955159902572632,0.573875367641449,-0.33616355061531067,0.6698116064071655,0.6716197729110718,0.2854262590408325,0.7233005166053772,0.7680174708366394,-0.3354104161262512,0.6985753774642944,0.6734458804130554,0.30261582136154175,0.7619560360908508,0.7869852185249329,-0.42148488759994507,0.7062954902648926,0.6804530024528503,0.22812163829803467,0.7663549184799194,0.7739319205284119,-0.362801730632782,0.697100043296814,0.6845816373825073,0.25701016187667847,0.7504235506057739,0.7697855830192566,-0.31964337825775146,0.45846885442733765,0.4324720799922943,0.14513424038887024,0.45665568113327026,0.44664251804351807,-0.14512398838996887,0.28622978925704956,0.576991617679596,0.20992031693458557,0.2755543291568756,0.5837522745132446,-0.12482450902462006,0.09943710267543793,0.6281784176826477,0.3638966977596283,0.07107425481081009,0.6479889154434204,-0.06739840656518936,0.07992877811193466,0.6065425276756287,0.3736906051635742,0.033025968819856644,0.6283852458000183,-0.06407338380813599,0.0945756584405899,0.7224509716033936,0.29349619150161743,0.06278658658266068,0.7511925101280212,-0.16566984355449677
frame_00072.jpg,0.8244330286979675,0.33334800601005554,-0.043310366570949554,0.8338478803634644,0.3090343177318573,-0.035113170742988586,0.832247257232666,0.3064442276954651,-0.035531096160411835,0.8309037089347839,0.30441924929618835,-0.03539525717496872,0.8339383006095886,0.3073543310165405,-0.08368133753538132,0.8321651220321655,0.30358797311782837,-0.08419153839349747,0.8306207656860352,0.3001060485839844,-0.0842522531747818,0.8123637437820435,0.28856950998306274,0.041180722415447235,0.8112505674362183,0.28260400891304016,-0.176497220993042,0.8028938174247742,0.33635249733924866,-0.0007367710932157934,0.8020182847976685,0.33621424436569214,-0.06813731044530869,0.6836425065994263,0.2986091077327728,0.20183733105659485,0.7134720087051392,0.33658260107040405,-0.24701876938343048,0.6676524877548218,0.48989298939704895,0.2727488577365875,0.7021263837814331,0.5466289520263672,-0.2971785068511963,0.6701072454452515,0.6486451625823975,0.21215863525867462,0.7266165614128113,0.7489877939224243,-0.2888369858264923,0.698691725730896,0.6566741466522217,0.22525472939014435,0.7628729939460754,0.7784445881843567,-0.3734050691127777,0.7061160802841187,0.6652635335922241,0.14855313301086426,0.7674216628074646,0.7686151266098022,-0.3145315945148468,0.6969335079193115,0.6694365739822388,0.18272870779037476,0.7508205771446228,0.7604294419288635,-0.2730094790458679,0.4429912567138672,0.40407970547676086,0.1437397450208664,0.44876980781555176,0.4369829297065735,-0.14385230839252472,0.2740522027015686,0.5489495992660522,0.2112118899822235,0.2683708667755127,0.5783194899559021,-0.08676512539386749,0.10327263921499252,0.6193625926971436,0.366247296333313,0.06892149150371552,0.6536182761192322,-0.03200439363718033,0.07532259821891785,0.6055766344070435,0.3761969208717346,0.033268727362155914,0.6392987966537476,-0.02880733646452427,0.09832169115543365,0.721903383731842,0.2955203950405121,0.06842482835054398,0.7532772421836853,-0.12186896800994873
frame_00073.jpg,0.8208895921707153,0.31645330786705017,-0.04914897307753563,0.83025062084198,0.29091209173202515,-0.03998975828289986,0.8287138938903809,0.2879883050918579,-0.04039298743009567,0.827315628528595,0.28506574034690857,-0.04024680703878403,0.830126941204071,0.2896767556667328,-0.09088972210884094,0.8282779455184937,0.28603997826576233,-0.09139741212129593,0.8264385461807251,0.28193989396095276,-0.0914560854434967,0.8068236112594604,0.2643429934978485,0.040329620242118835,0.8050869107246399,0.2608882188796997,-0.1889934241771698,0.798161506652832,0.3191094696521759,-0.00561127346009016,0.797566294670105,0.31880101561546326,-0.07595004141330719,0.6755332350730896,0.2802436649799347,0.20163992047309875,0.7093678712844849,0.3187861144542694,-0.26556843519210815,0.6677496433258057,0.47569212317466736,0.2769623100757599,0.7049327492713928,0.53040611743927,-0.3125581443309784,0.6706401109695435,0.6350486278533936,0.21048501133918762,0.7331341505050659,0.7310503125190735,-0.3208485543727875,0.6986962556838989,0.6465886235237122,0.22200815379619598,0.7633373141288757,0.765267014503479,-0.40664586424827576,0.706072986125946,0.6512272953987122,0.14582227170467377,0.7704631090164185,0.757759153842926,-0.35097536444664,0.6969910860061646,0.6524145603179932,0.18054208159446716,0.7565387487411499,0.7478612065315247,-0.3059062659740448,0.438044011592865,0.39991602301597595,0.14481592178344727,0.4385513663291931,0.41805151104927063,-0.14488214254379272,0.27292412519454956,0.5423237085342407,0.25450748205184937,0.2621842324733734,0.5585504770278931,-0.08970101922750473,0.10554687678813934,0.5991540551185608,0.44517356157302856,0.06791111826896667,0.6515211462974548,-0.023910658434033394,0.07690475881099701,0.5906767249107361,0.4590989649295807,0.03294697031378746,0.6374207139015198,-0.019548803567886353,0.10807007551193237,0.7082104086875916,0.3886830508708954,0.07153872400522232,0.7541272640228271,-0.11710359156131744
frame_00074.jpg,0.8138324618339539,0.29879143834114075,-0.07730825245380402,0.8246577978134155,0.27419212460517883,-0.06662784516811371,0.8234695196151733,0.2715258002281189,-0.06702779978513718,0.8225480914115906,0.26931679248809814,-0.06689020991325378,0.8236274719238281,0.27170422673225403,-0.11809907108545303,0.8214774131774902,0.26754269003868103,-0.11862069368362427,0.8193954229354858,0.26337891817092896,-0.11871187388896942,0.8025543093681335,0.24804021418094635,0.022297602146863937,0.7970439195632935,0.24000263214111328,-0.210027813911438,0.7918956875801086,0.30210554599761963,-0.030787894502282143,0.7905550003051758,0.3005816340446472,-0.10202107578516006,0.6730039119720459,0.2655654847621918,0.19439050555229187,0.7046497464179993,0.3045526444911957,-0.2947028875350952,0.6690422892570496,0.46472087502479553,0.26648804545402527,0.7118715643882751,0.5227558612823486,-0.3509408235549927,0.6749083399772644,0.6204469203948975,0.1881166249513626,0.7451205849647522,0.7138938307762146,-0.36279812455177307,0.7012976408004761,0.6348279714584351,0.19836072623729706,0.7754228711128235,0.7445256114006042,-0.4485345482826233,0.7078952789306641,0.6398088932037354,0.12261811643838882,0.7801420092582703,0.7377086281776428,-0.3956318497657776,0.6986196637153625,0.6397169828414917,0.15764616429805756,0.7662825584411621,0.7296292781829834,-0.3490239381790161,0.4374745786190033,0.39353376626968384,0.14880844950675964,0.4375247061252594,0.40674731135368347,-0.14882001280784607,0.27333468198776245,0.5408848524093628,0.26372018456459045,0.26063647866249084,0.5489810109138489,-0.1124468594789505,0.10703697055578232,0.6002519726753235,0.45218223333358765,0.06680843979120255,0.6515275239944458,-0.055409420281648636,0.07602547109127045,0.5903642773628235,0.465626060962677,0.031569954007864,0.6366985440254211,-0.05328892916440964,0.10933488607406616,0.7060412168502808,0.38983088731765747,0.07187865674495697,0.7556203603744507,-0.14329545199871063
