image_name,x_0,y_0,z_0,x_1,y_1,z_1,x_2,y_2,z_2,x_3,y_3,z_3,x_4,y_4,z_4,x_5,y_5,z_5,x_6,y_6,z_6,x_7,y_7,z_7,x_8,y_8,z_8,x_9,y_9,z_9,x_10,y_10,z_10,x_11,y_11,z_11,x_12,y_12,z_12,x_13,y_13,z_13,x_14,y_14,z_14,x_15,y_15,z_15,x_16,y_16,z_16,x_17,y_17,z_17,x_18,y_18,z_18,x_19,y_19,z_19,x_20,y_20,z_20,x_21,y_21,z_21,x_22,y_22,z_22,x_23,y_23,z_23,x_24,y_24,z_24,x_25,y_25,z_25,x_26,y_26,z_26,x_27,y_27,z_27,x_28,y_28,z_28,x_29,y_29,z_29,x_30,y_30,z_30,x_31,y_31,z_31,x_32,y_32,z_32
frame_00000.jpg,0.4073770046234131,0.27092641592025757,-0.4610215127468109,0.4188535213470459,0.236626997590065,-0.40676718950271606,0.42613667249679565,0.2398301213979721,-0.40733426809310913,0.4333990216255188,0.24284735321998596,-0.40737396478652954,0.39199647307395935,0.23102352023124695,-0.4562767446041107,0.38096287846565247,0.22795718908309937,-0.4567921757698059,0.36940422654151917,0.22540400922298431,-0.45703810453414917,0.4204011857509613,0.2577367424964905,-0.13077129423618317,0.3356807827949524,0.2367275059223175,-0.35408133268356323,0.41349849104881287,0.3131752014160156,-0.352841317653656,0.3813808262348175,0.30341944098472595,-0.4217049479484558,0.455007940530777,0.45454126596450806,0.10617254674434662,0.2500162124633789,0.43245333433151245,-0.4241766333580017,0.5804907083511353,0.6063151955604553,-0.04542090743780136,0.2554987668991089,0.696362316608429,-0.7805212736129761,0.6521884799003601,0.6636293530464172,-0.6151031851768494,0.4449803829193115,0.6406332850456238,-1.1238452196121216,0.6859065890312195,0.6995821595191956,-0.7033227682113647,0.49851879477500916,0.651367723941803,-1.2573540210723877,0.6695542335510254,0.6867859363555908,-0.7609917521476746,0.5065186619758606,0.5980973839759827,-1.2284729480743408,0.641502857208252,0.6809180974960327,-0.652734637260437,0.48697248101234436,0.6008041501045227,-1.1215418577194214,0.4334198832511902,0.9031148552894592,0.18091711401939392,0.2952441871166229,0.9448083639144897,-0.18118314445018768,0.6350346803665161,1.0406383275985718,0.019548039883375168,0.39571312069892883,1.1550661325454712,-0.5756466388702393,0.6054050922393799,1.3613693714141846,0.22647783160209656,0.3989439904689789,1.5819529294967651,-0.3102412819862366,0.5861037969589233,1.408512830734253,0.2354019433259964,0.3862956464290619,1.6470235586166382,-0.2822721302509308,0.6200479865074158,1.4793572425842285,0.07435780763626099,0.47497090697288513,1.707614541053772,-0.44517746567726135
frame_00001.jpg,0.4069473147392273,0.2706838846206665,-0.44086146354675293,0.4180179238319397,0.2360280454158783,-0.38927897810935974,0.42523592710494995,0.2385043501853943,-0.3898524045944214,0.4324045777320862,0.240842804312706,-0.3899139165878296,0.3915422558784485,0.2309659868478775,-0.4397367537021637,0.3805266320705414,0.22790519893169403,-0.4402831494808197,0.36913248896598816,0.22537849843502045,-0.44050726294517517,0.41839632391929626,0.25653108954429626,-0.12900303304195404,0.33487066626548767,0.23646117746829987,-0.3378094732761383,0.4128245711326599,0.312798410654068,-0.3351007103919983,0.38107946515083313,0.30339762568473816,-0.4048445224761963,0.45407524704933167,0.4538270831108093,0.12211688607931137,0.2499081790447235,0.4346867501735687,-0.39688998460769653,0.5873029232025146,0.6022105813026428,-0.008568952791392803,0.25946515798568726,0.7080734372138977,-0.7273982763290405,0.6577092409133911,0.6553176641464233,-0.561240017414093,0.43628793954849243,0.6417161226272583,-1.048052430152893,0.6911805272102356,0.6894620656967163,-0.646398663520813,0.49260687828063965,0.6536561846733093,-1.1708303689956665,0.6741987466812134,0.6788108944892883,-0.698599100112915,0.4936453402042389,0.6005334854125977,-1.1505320072174072,0.6441950798034668,0.6736739277839661,-0.5961788892745972,0.4760414958000183,0.6030258536338806,-1.0482873916625977,0.43502864241600037,0.9035345911979675,0.1817883551120758,0.29452449083328247,0.9454131722450256,-0.18207570910453796,0.6364232301712036,1.0439858436584473,-0.017102137207984924,0.40333080291748047,1.1566309928894043,-0.5752435922622681,0.5837465524673462,1.3716400861740112,0.0809691995382309,0.38357776403427124,1.5922627449035645,-0.3202619254589081,0.5566684007644653,1.4187566041946411,0.07958447188138962,0.3613910675048828,1.6576905250549316,-0.29512375593185425,0.594710111618042,1.5064254999160767,-0.08147846162319183,0.4574705958366394,1.7254440784454346,-0.45378488302230835
frame_00002.jpg,0.4066449999809265,0.2705775499343872,-0.40139150619506836,0.4175538122653961,0.23566904664039612,-0.3484104573726654,0.4247267246246338,0.23768971860408783,-0.3489660322666168,0.4318472445011139,0.23962204158306122,-0.3490143418312073,0.3912765383720398,0.2309505194425583,-0.39866137504577637,0.3802807927131653,0.22789455950260162,-0.3992407023906708,0.36900794506073,0.22537703812122345,-0.3994626998901367,0.41740426421165466,0.25568997859954834,-0.08058398962020874,0.33448654413223267,0.23635026812553406,-0.30398398637771606,0.4123569130897522,0.3125322759151459,-0.2941626310348511,0.3808465003967285,0.30339518189430237,-0.3635222017765045,0.45288190245628357,0.4530244767665863,0.16447637975215912,0.2498999834060669,0.4352206587791443,-0.3820357620716095,0.5901157259941101,0.5998159050941467,0.03538866341114044,0.26520857214927673,0.7089348435401917,-0.6961010694503784,0.6606377959251404,0.6527484655380249,-0.5136088132858276,0.44394630193710327,0.640873372554779,-1.0143951177597046,0.6934660077095032,0.6878167986869812,-0.5955350995063782,0.49071016907691956,0.654518187046051,-1.1349689960479736,0.6765817999839783,0.6771460175514221,-0.64705890417099,0.4928499758243561,0.5993271470069885,-1.113442301750183,0.645764946937561,0.6718745827674866,-0.548068642616272,0.47568878531455994,0.6019595861434937,-1.0140260457992554,0.43277430534362793,0.9033898711204529,0.1842394918203354,0.29422909021377563,0.9453690648078918,-0.1845308244228363,0.6365102529525757,1.049185872077942,-0.033903468400239944,0.4160161018371582,1.1581721305847168,-0.5918074250221252,0.5783117413520813,1.4238841533660889,0.025585424154996872,0.3848494291305542,1.594637393951416,-0.34074902534484863,0.5503676533699036,1.4738730192184448,0.021652746945619583,0.36344775557518005,1.6592613458633423,-0.3158697783946991,0.5921138525009155,1.5666593313217163,-0.13916806876659393,0.4630802571773529,1.7288110256195068,-0.45851215720176697
frame_00003.jpg,0.40541282296180725,0.27018222212791443,-0.43558913469314575,0.41656583547592163,0.23469717800617218,-0.38303089141845703,0.4242023825645447,0.23618200421333313,-0.3835908770561218,0.43143051862716675,0.23755969107151031,-0.3836674988269806,0.39007124304771423,0.2303747683763504,-0.4238969683647156,0.37927836179733276,0.22733373939990997,-0.4244617819786072,0.3681090772151947,0.22485418617725372,-0.4246869683265686,0.41747912764549255,0.25409168004989624,-0.10812318325042725,0.3331198990345001,0.23532983660697937,-0.30373579263687134,0.41184765100479126,0.3112141191959381,-0.3268969655036926,0.380069762468338,0.3030003011226654,-0.384316623210907,0.4550844728946686,0.45295122265815735,0.12214727699756622,0.24966952204704285,0.43518468737602234,-0.3538399040699005,0.590280294418335,0.6002865433692932,-0.024090668186545372,0.26484882831573486,0.7116748094558716,-0.6456224918365479,0.6798831224441528,0.6342679858207703,-0.5985330939292908,0.4395133852958679,0.6893636584281921,-1.005509853363037,0.7304698824882507,0.6635494232177734,-0.6952449679374695,0.4811396598815918,0.7141334414482117,-1.1333798170089722,0.70400470495224,0.6592315435409546,-0.7530592083930969,0.4893089830875397,0.6804742217063904,-1.1221140623092651,0.6729156970977783,0.6562520861625671,-0.6367422342300415,0.46972864866256714,0.676300585269928,-1.0106022357940674,0.4316721558570862,0.9015910625457764,0.17399203777313232,0.29344746470451355,0.9467684030532837,-0.17430326342582703,0.6347977519035339,1.0499542951583862,-0.03321172297000885,0.394501656293869,1.1886588335037231,-0.47591346502304077,0.569625973701477,1.4066433906555176,0.12544654309749603,0.35461029410362244,1.60685133934021,-0.19122377038002014,0.5426279306411743,1.4520541429519653,0.13101182878017426,0.33685046434402466,1.667191982269287,-0.16654673218727112,0.5780116319656372,1.5506823062896729,-0.030311033129692078,0.4151844382286072,1.7420003414154053,-0.3383321464061737
frame_00004.jpg,0.4047110676765442,0.2698115408420563,-0.4689702093601227,0.4159349501132965,0.23399658501148224,-0.4141736924648285,0.42381995916366577,0.23516258597373962,-0.4147304892539978,0.4310981333255768,0.23625318706035614,-0.4148010313510895,0.38938483595848083,0.22991874814033508,-0.45467567443847656,0.3787200152873993,0.2268831580877304,-0.45524540543556213,0.3676353096961975,0.22445455193519592,-0.4554763734340668,0.41748079657554626,0.2529560923576355,-0.1267019361257553,0.33236509561538696,0.23461124300956726,-0.31322336196899414,0.4115242063999176,0.31016212701797485,-0.35514888167381287,0.3796079754829407,0.3026498556137085,-0.4120907783508301,0.4553479254245758,0.4527391791343689,0.10960229486227036,0.24966208636760712,0.43514761328697205,-0.3509611487388611,0.5883302688598633,0.5997478365898132,-0.02684009075164795,0.2649569511413574,0.7151607871055603,-0.6496814489364624,0.6840559244155884,0.627450168132782,-0.5992385745048523,0.41931581497192383,0.7075291275978088,-1.0224473476409912,0.7366210222244263,0.6549461483955383,-0.6952380537986755,0.46582627296447754,0.7315043210983276,-1.1530225276947021,0.7097745537757874,0.6515400409698486,-0.753442645072937,0.4781343340873718,0.6818824410438538,-1.1413679122924805,0.6795214414596558,0.6498944759368896,-0.6367978453636169,0.4640863835811615,0.6783837676048279,-1.0277711153030396,0.4288747310638428,0.9008585214614868,0.1701548993587494,0.2912023663520813,0.9472461342811584,-0.1704706996679306,0.6182291507720947,1.080776572227478,-0.02306572161614895,0.37655702233314514,1.2274619340896606,-0.47985655069351196,0.5580973625183105,1.4337815046310425,0.19073793292045593,0.3402785658836365,1.6330857276916504,-0.20444539189338684,0.5348472595214844,1.4790129661560059,0.20027773082256317,0.3236164450645447,1.6924710273742676,-0.1818530410528183,0.5594680905342102,1.5720235109329224,0.0340951532125473,0.39760658144950867,1.7600983381271362,-0.36524760723114014
frame_00005.jpg,0.4024930000305176,0.2649478018283844,-0.3848738670349121,0.41265201568603516,0.22816871106624603,-0.32640352845191956,0.4217478632926941,0.2290041148662567,-0.326858788728714,0.42905062437057495,0.22991137206554413,-0.32690900564193726,0.38554438948631287,0.22351722419261932,-0.36565572023391724,0.3743724226951599,0.22102363407611847,-0.3662499785423279,0.3629823625087738,0.21921610832214355,-0.3665038049221039,0.4168444275856018,0.24669425189495087,-0.04109878093004227,0.32852500677108765,0.2318984866142273,-0.2193312644958496,0.40997639298439026,0.30319729447364807,-0.27381885051727295,0.37708580493927,0.29663804173469543,-0.32925817370414734,0.4587627053260803,0.4527052640914917,0.1660076081752777,0.24957816302776337,0.4342212677001953,-0.28342172503471375,0.6006117463111877,0.6414431929588318,-0.04494483768939972,0.26137569546699524,0.6992368698120117,-0.6575647592544556,0.6596671342849731,0.6356033682823181,-0.6761281490325928,0.4198123812675476,0.7043948769569397,-1.027313470840454,0.6969300508499146,0.6666486859321594,-0.7790542840957642,0.4669346213340759,0.7285266518592834,-1.1601431369781494,0.6698862910270691,0.6392202973365784,-0.8159238696098328,0.48121851682662964,0.676800012588501,-1.1541961431503296,0.6603519320487976,0.637119472026825,-0.7060984969139099,0.4661690592765808,0.6733301877975464,-1.0386955738067627,0.4325985908508301,0.9006227254867554,0.16787582635879517,0.28666430711746216,0.9419730305671692,-0.1682184636592865,0.6023619771003723,1.1186549663543701,-0.18107189238071442,0.37409570813179016,1.2611737251281738,-0.5090614557266235,0.5146291255950928,1.4764466285705566,-0.07258596271276474,0.31965604424476624,1.6482484340667725,-0.25639113783836365,0.4909551739692688,1.5230810642242432,-0.07373972982168198,0.2975454330444336,1.7060669660568237,-0.23653559386730194,0.5013049840927124,1.6083890199661255,-0.27655237913131714,0.3752896785736084,1.7689621448516846,-0.4370344579219818
frame_00006.jpg,0.4012538492679596,0.2631894052028656,-0.3864212930202484,0.41053852438926697,0.22569936513900757,-0.3314588665962219,0.42022067308425903,0.2261628955602646,-0.3319246172904968,0.4274992346763611,0.22680863738059998,-0.33193907141685486,0.38316044211387634,0.2216642051935196,-0.36433276534080505,0.3719935715198517,0.2194373905658722,-0.36488598585128784,0.360429584980011,0.21802087128162384,-0.3651641011238098,0.41569310426712036,0.24346305429935455,-0.05734163522720337,0.3270713984966278,0.23160050809383392,-0.20915071666240692,0.4089900851249695,0.3008861839771271,-0.281230628490448,0.37564873695373535,0.2947077751159668,-0.32847878336906433,0.4621089994907379,0.4526980519294739,0.112745501101017,0.24930286407470703,0.4325636327266693,-0.251738578081131,0.6062360405921936,0.655705988407135,-0.1744024008512497,0.2579008936882019,0.6856831908226013,-0.6432556509971619,0.6101331114768982,0.6785458326339722,-0.8031673431396484,0.40919870138168335,0.6948071718215942,-1.029319405555725,0.6137604117393494,0.7149026393890381,-0.9102811813354492,0.4603504240512848,0.7031853199005127,-1.1686946153640747,0.5833330750465393,0.6621259450912476,-0.9328756332397461,0.47794026136398315,0.6716327667236328,-1.1601955890655518,0.5796971917152405,0.6571825742721558,-0.8256440162658691,0.4652140736579895,0.6686121821403503,-1.0450093746185303,0.4337899684906006,0.9006296992301941,0.1337423026561737,0.2823413908481598,0.938065767288208,-0.13418933749198914,0.5623778104782104,1.1525899171829224,-0.22799041867256165,0.33914855122566223,1.275857925415039,-0.4642643332481384,0.4929216504096985,1.5039438009262085,-0.07901934534311295,0.32091039419174194,1.666274905204773,-0.2595632076263428,0.47696924209594727,1.5514048337936401,-0.07630671560764313,0.3055671751499176,1.7274187803268433,-0.2448159009218216,0.47087305784225464,1.6284750699996948,-0.28505364060401917,0.3783062994480133,1.7769583463668823,-0.47908487915992737
frame_00007.jpg,0.4006999433040619,0.26210817694664,-0.3922465145587921,0.409843772649765,0.22421641647815704,-0.3330938518047333,0.41975751519203186,0.22452998161315918,-0.3336603343486786,0.4270615577697754,0.2250475436449051,-0.33372384309768677,0.3820731043815613,0.22048576176166534,-0.37765446305274963,0.370819091796875,0.21834206581115723,-0.3782042860984802,0.35911446809768677,0.21708114445209503,-0.3784506916999817,0.4155604839324951,0.2416730523109436,-0.07705432921648026,0.32631582021713257,0.23126228153705597,-0.23193740844726562,0.4086410403251648,0.2996070086956024,-0.2864704132080078,0.3748551309108734,0.29371222853660583,-0.3413006663322449,0.46365293860435486,0.45275211334228516,0.08907003700733185,0.2490260899066925,0.4313722550868988,-0.2781398892402649,0.6090896725654602,0.6527919173240662,-0.18080267310142517,0.2497553825378418,0.6837556958198547,-0.6747214794158936,0.6239902377128601,0.6854223012924194,-0.7939302921295166,0.4030204713344574,0.6855449676513672,-1.1271660327911377,0.6405330896377563,0.7205134630203247,-0.8955661654472351,0.45482397079467773,0.6891157031059265,-1.267140507698059,0.6120122075080872,0.6653397679328918,-0.9269715547561646,0.474454402923584,0.6692659258842468,-1.233618140220642,0.6018128395080566,0.6600545048713684,-0.8203245997428894,0.4600600302219391,0.6658856868743896,-1.1266400814056396,0.433941513299942,0.900678813457489,0.1321260929107666,0.2807220220565796,0.9359948635101318,-0.1325695812702179,0.5595887899398804,1.1530015468597412,-0.20366764068603516,0.3328798711299896,1.2733641862869263,-0.48652416467666626,0.49383634328842163,1.4999994039535522,-0.0711701288819313,0.3205929398536682,1.6663297414779663,-0.3205820620059967,0.47809234261512756,1.5480473041534424,-0.0710773766040802,0.30633944272994995,1.7282772064208984,-0.31251734495162964,0.47456565499305725,1.6232693195343018,-0.28222259879112244,0.38160499930381775,1.7765437364578247,-0.5521999597549438
frame_00008.jpg,0.4003065228462219,0.2614698112010956,-0.426516056060791,0.4094846248626709,0.22345727682113647,-0.3689414858818054,0.419576495885849,0.22391080856323242,-0.36946552991867065,0.426922082901001,0.22452308237552643,-0.369445264339447,0.38114625215530396,0.2196882665157318,-0.40286198258399963,0.3699621558189392,0.2176884114742279,-0.40339741110801697,0.3581453859806061,0.2166365683078766,-0.4036933481693268,0.4156961441040039,0.24105088412761688,-0.0985117182135582,0.3260727822780609,0.2310342788696289,-0.24027788639068604,0.4085783064365387,0.29915672540664673,-0.3194063901901245,0.3739127516746521,0.2933330535888672,-0.36506298184394836,0.4638572335243225,0.45273399353027344,0.08503516018390656,0.2487616240978241,0.42960092425346375,-0.2889576554298401,0.6104862689971924,0.6490327715873718,-0.16139818727970123,0.23538224399089813,0.6757069826126099,-0.6743936538696289,0.6295801997184753,0.6922128796577454,-0.7668920755386353,0.4039958417415619,0.6738011240959167,-1.1163212060928345,0.6486829519271851,0.7235810160636902,-0.8682311773300171,0.45548462867736816,0.6704296469688416,-1.2553268671035767,0.6223288178443909,0.6677992939949036,-0.9040449857711792,0.47341981530189514,0.6595642566680908,-1.2224196195602417,0.6102690696716309,0.6640689373016357,-0.7951629161834717,0.45968031883239746,0.6598009467124939,-1.114768147468567,0.4303501546382904,0.9005098938941956,0.1358945071697235,0.276539146900177,0.932891845703125,-0.13630066812038422,0.5647755861282349,1.1468411684036255,-0.1773410141468048,0.32917165756225586,1.2521284818649292,-0.46422117948532104,0.49515795707702637,1.4512760639190674,0.08024279028177261,0.32515355944633484,1.6405391693115234,-0.1991252601146698,0.47771748900413513,1.4964078664779663,0.09152829647064209,0.3114200532436371,1.7015478610992432,-0.17850974202156067,0.47815021872520447,1.556498646736145,-0.11842025816440582,0.3901422619819641,1.7521966695785522,-0.4137621819972992
frame_00009.jpg,0.40010586380958557,0.26101502776145935,-0.4120994210243225,0.409017950296402,0.22303888201713562,-0.3534695506095886,0.4192134737968445,0.22353632748126984,-0.35399022698402405,0.42655831575393677,0.2241915613412857,-0.3539469242095947,0.3806569576263428,0.21924826502799988,-0.3888552188873291,0.3695485591888428,0.21728244423866272,-0.3893807530403137,0.35762733221054077,0.21628469228744507,-0.3896629512310028,0.41566601395606995,0.24047265946865082,-0.077031210064888,0.3260316252708435,0.23075507581233978,-0.23373094201087952,0.4084937572479248,0.29878711700439453,-0.30498307943344116,0.37340009212493896,0.29292547702789307,-0.3539625406265259,0.4634273648262024,0.4523105025291443,0.11392460763454437,0.2487565577030182,0.4278399348258972,-0.28575870394706726,0.6046550273895264,0.6479252576828003,-0.1070852279663086,0.23440153896808624,0.6719504594802856,-0.6486113667488098,0.6287575960159302,0.6984070539474487,-0.6991193890571594,0.40420931577682495,0.6669472455978394,-1.0708982944488525,0.6479384899139404,0.730610728263855,-0.7974228262901306,0.4556580185890198,0.6643668413162231,-1.208364725112915,0.6231440305709839,0.6771132946014404,-0.8352349996566772,0.4734487533569336,0.6523242592811584,-1.1773442029953003,0.6110759973526001,0.6732441186904907,-0.7281971573829651,0.45962485671043396,0.65381920337677,-1.069047451019287,0.429278701543808,0.8931825757026672,0.137080579996109,0.2746320366859436,0.9261376261711121,-0.1374591439962387,0.5669402480125427,1.1134403944015503,-0.11057088524103165,0.3239970803260803,1.222182035446167,-0.4584570825099945,0.4903092384338379,1.355676293373108,0.14404186606407166,0.32490020990371704,1.6305482387542725,-0.19706478714942932,0.4662000238895416,1.3892053365707397,0.15815934538841248,0.31164664030075073,1.6905124187469482,-0.17537304759025574,0.4713633060455322,1.4598459005355835,-0.025353675708174706,0.3926553726196289,1.752180814743042,-0.3987613320350647
frame_00010.jpg,0.40013399720191956,0.25999972224235535,-0.41234317421913147,0.4090353846549988,0.22239232063293457,-0.3539186418056488,0.41915756464004517,0.2231409251689911,-0.3544359803199768,0.4264579713344574,0.22401443123817444,-0.3544054627418518,0.38075774908065796,0.2181873619556427,-0.39092281460762024,0.3696136772632599,0.21632280945777893,-0.3914644718170166,0.3576697111129761,0.21551328897476196,-0.3917406499385834,0.4153139591217041,0.240443617105484,-0.07550254464149475,0.3259519338607788,0.23050789535045624,-0.2404378205537796,0.4085001051425934,0.2981472611427307,-0.304631769657135,0.37332674860954285,0.2924360930919647,-0.3559177815914154,0.4633450508117676,0.4523058235645294,0.1143447756767273,0.24641764163970947,0.42746591567993164,-0.29415008425712585,0.5997295379638672,0.6460857391357422,-0.10610689222812653,0.23595985770225525,0.6675437688827515,-0.6664756536483765,0.6311887502670288,0.6957088708877563,-0.7040050625801086,0.41769862174987793,0.6656128764152527,-1.086064100265503,0.6522163152694702,0.7283322215080261,-0.8049308061599731,0.47878724336624146,0.6802853941917419,-1.2261239290237427,0.6242280006408691,0.6845676898956299,-0.8454984426498413,0.5024666786193848,0.6691176295280457,-1.1951223611831665,0.6165366768836975,0.6852656602859497,-0.7346550226211548,0.48246604204177856,0.6647374033927917,-1.0835354328155518,0.42955446243286133,0.8930019736289978,0.1388760507106781,0.27204281091690063,0.9256680011749268,-0.1392282247543335,0.5764458775520325,1.1173036098480225,-0.10586301237344742,0.3315994143486023,1.2066478729248047,-0.546948254108429,0.4933045506477356,1.3747413158416748,0.13075797259807587,0.3258149325847626,1.6219042539596558,-0.29466214776039124,0.46787410974502563,1.4113646745681763,0.14298215508460999,0.31282997131347656,1.6842267513275146,-0.27342405915260315,0.47767549753189087,1.4799832105636597,-0.03747529536485672,0.3975788652896881,1.7425010204315186,-0.49126243591308594
frame_00011.jpg,0.4003092646598816,0.25946924090385437,-0.4399704933166504,0.4091908931732178,0.22197145223617554,-0.38431841135025024,0.41921085119247437,0.22281701862812042,-0.3848626911640167,0.42647209763526917,0.2237355262041092,-0.38482552766799927,0.3812226951122284,0.21742834150791168,-0.4207422137260437,0.3698848783969879,0.2154541313648224,-0.4212741255760193,0.3579743504524231,0.21452674269676208,-0.4215790331363678,0.4151553511619568,0.24006684124469757,-0.10856501758098602,0.3259970247745514,0.22970542311668396,-0.27404212951660156,0.40850263833999634,0.2974621057510376,-0.3321877717971802,0.37336215376853943,0.29169872403144836,-0.3842078447341919,0.4620729982852936,0.452205628156662,0.08156335353851318,0.24608270823955536,0.42796993255615234,-0.30380111932754517,0.6038914322853088,0.6453650593757629,-0.14647802710533142,0.23690220713615417,0.694963812828064,-0.6723086833953857,0.6029826402664185,0.6937693357467651,-0.7567644119262695,0.3913062512874603,0.6650379300117493,-1.118335485458374,0.6069371104240417,0.7226038575172424,-0.8581230044364929,0.44564563035964966,0.6782603859901428,-1.2663236856460571,0.5779061913490295,0.6711305975914001,-0.8892935514450073,0.4684201776981354,0.6584058403968811,-1.233597993850708,0.5734478235244751,0.669998824596405,-0.781904935836792,0.45475858449935913,0.6569578051567078,-1.1167571544647217,0.4315570294857025,0.8960304856300354,0.1410684883594513,0.27609723806381226,0.931991457939148,-0.1414446085691452,0.5604971647262573,1.1982312202453613,0.12511606514453888,0.33443957567214966,1.2686998844146729,-0.4947474002838135,0.49603813886642456,1.493967890739441,0.5323504209518433,0.3279110789299011,1.6574110984802246,-0.266475647687912,0.4752255976200104,1.5337966680526733,0.5612168908119202,0.3150661289691925,1.716715693473816,-0.2506619095802307,0.4795604646205902,1.6141306161880493,0.3984861969947815,0.3946458697319031,1.7723524570465088,-0.4813419282436371
frame_00012.jpg,0.40070024132728577,0.2592630982398987,-0.4934918284416199,0.4096989631652832,0.22188006341457367,-0.4382553696632385,0.41945815086364746,0.22280271351337433,-0.4388328492641449,0.42658892273902893,0.22376127541065216,-0.4388037621974945,0.38207608461380005,0.21713680028915405,-0.4744008183479309,0.37055423855781555,0.21508224308490753,-0.474940687417984,0.3586966395378113,0.21404097974300385,-0.47526875138282776,0.4151647686958313,0.24007123708724976,-0.15654101967811584,0.32601913809776306,0.22923095524311066,-0.32196030020713806,0.4085617959499359,0.29732921719551086,-0.3832356631755829,0.3734169006347656,0.29136356711387634,-0.4353748857975006,0.46082720160484314,0.452198326587677,0.04589325934648514,0.24545958638191223,0.42832323908805847,-0.3385663330554962,0.605582594871521,0.6437970995903015,-0.16531416773796082,0.23721306025981903,0.7076364755630493,-0.6904797554016113,0.6111423969268799,0.6923906803131104,-0.768839418888092,0.38456982374191284,0.6648826599121094,-1.1369552612304688,0.6134639978408813,0.7066405415534973,-0.8696869611740112,0.4364999830722809,0.6770922541618347,-1.287015676498413,0.592939555644989,0.671654462814331,-0.906944751739502,0.45765525102615356,0.6537458896636963,-1.2585796117782593,0.585051417350769,0.6702845692634583,-0.7963508367538452,0.44582924246788025,0.6540731191635132,-1.1375219821929932,0.42917776107788086,0.8992872834205627,0.14153480529785156,0.2764360308647156,0.9351032972335815,-0.14198249578475952,0.5394700169563293,1.2176473140716553,0.22622528672218323,0.3279135525226593,1.2782683372497559,-0.47329235076904297,0.4857073724269867,1.5105806589126587,0.6544421315193176,0.3171181082725525,1.6634975671768188,-0.2487875521183014,0.4717511534690857,1.5512017011642456,0.6846305727958679,0.3041521906852722,1.7224557399749756,-0.23414647579193115,0.46787452697753906,1.6259218454360962,0.5237287282943726,0.3823871314525604,1.776159644126892,-0.4772372841835022
frame_00013.jpg,0.4021334648132324,0.25990578532218933,-0.3950316607952118,0.4124540686607361,0.22353295981884003,-0.3404971957206726,0.42135128378868103,0.22483545541763306,-0.3411147892475128,0.4284614622592926,0.2264251708984375,-0.3410997688770294,0.38494619727134705,0.2185250222682953,-0.38329705595970154,0.3733981251716614,0.21608996391296387,-0.3838534653186798,0.3617108166217804,0.21460580825805664,-0.3841021656990051,0.41647785902023315,0.2425699532032013,-0.06885859370231628,0.3270432949066162,0.22926197946071625,-0.2632884979248047,0.40938887000083923,0.2987903654575348,-0.2892589569091797,0.3742431700229645,0.2921272814273834,-0.34920698404312134,0.4607229232788086,0.4561581611633301,0.15585874021053314,0.24561560153961182,0.42817020416259766,-0.33227571845054626,0.6073877215385437,0.6427856683731079,0.018166128545999527,0.25998783111572266,0.7102633714675903,-0.598481297492981,0.6381314992904663,0.6926730871200562,-0.5172407627105713,0.44882291555404663,0.6785286664962769,-0.87664395570755,0.6504625082015991,0.7180166840553284,-0.6027515530586243,0.5181219577789307,0.7224380970001221,-0.9876518249511719,0.6348080635070801,0.6778828501701355,-0.6419731378555298,0.5249267816543579,0.6715450882911682,-0.9705497622489929,0.6232956647872925,0.6730480790138245,-0.5463244318962097,0.5050052404403687,0.6670734882354736,-0.8752403259277344,0.4273017346858978,0.9010465741157532,0.17356646060943604,0.2766873836517334,0.9380226731300354,-0.17398816347122192,0.6682199239730835,1.01327645778656,0.14033038914203644,0.4066174626350403,0.9795788526535034,-0.5129492282867432,0.5407963991165161,1.208272099494934,0.14872828125953674,0.41756671667099,1.4337043762207031,-0.24907279014587402,0.5028675198554993,1.228075385093689,0.15466204285621643,0.3950651288032532,1.4988765716552734,-0.23158589005470276,0.5463245511054993,1.2999907732009888,0.019205352291464806,0.5222024917602539,1.5591635704040527,-0.39528220891952515
frame_00014.jpg,0.40308985114097595,0.2603992819786072,-0.3669964671134949,0.41410237550735474,0.224699929356575,-0.312512069940567,0.4225313067436218,0.22622904181480408,-0.313129186630249,0.42963165044784546,0.22818692028522491,-0.31312626600265503,0.3866351246833801,0.21958257257938385,-0.354693204164505,0.37506303191185,0.21691568195819855,-0.3552504777908325,0.36345505714416504,0.21513095498085022,-0.35549554228782654,0.41735702753067017,0.24424460530281067,-0.04370997101068497,0.3277777433395386,0.22932490706443787,-0.23533371090888977,0.4099532663822174,0.29982852935791016,-0.26267141103744507,0.3748432993888855,0.29272085428237915,-0.3217029571533203,0.4606193006038666,0.4583910405635834,0.17558541893959045,0.24571076035499573,0.42803817987442017,-0.3141041100025177,0.608798086643219,0.6420955657958984,0.04003635048866272,0.2679481506347656,0.7113674283027649,-0.5655986666679382,0.6471452713012695,0.6919414401054382,-0.48697036504745483,0.4609529376029968,0.6841106414794922,-0.826313316822052,0.662779688835144,0.7198240160942078,-0.5709230899810791,0.5310490131378174,0.7324548959732056,-0.9317172765731812,0.6466411352157593,0.6783733367919922,-0.6080145835876465,0.5363510847091675,0.6774941086769104,-0.9158876538276672,0.633975088596344,0.6731541752815247,-0.5149775743484497,0.5155830383300781,0.6719647645950317,-0.8249603509902954,0.4255908131599426,0.9014238715171814,0.18165726959705353,0.27688485383987427,0.9397900700569153,-0.1820809245109558,0.6876612901687622,0.9661425352096558,0.059148699045181274,0.42343300580978394,0.9425868391990662,-0.5082563757896423,0.5560804009437561,1.1504871845245361,0.08350704610347748,0.43763262033462524,1.3685067892074585,-0.2363048791885376,0.5154349207878113,1.1686396598815918,0.08564981818199158,0.41282886266708374,1.4286892414093018,-0.20794889330863953,0.5626343488693237,1.2349389791488647,-0.055250972509384155,0.5496746301651001,1.485542893409729,-0.34066319465637207
frame_00015.jpg,0.40470242500305176,0.2618005573749542,-0.39235299825668335,0.41606244444847107,0.22736856341362,-0.33640962839126587,0.4239887595176697,0.2294750213623047,-0.3369416296482086,0.4310569763183594,0.23228369653224945,-0.3369404673576355,0.38868099451065063,0.2221055030822754,-0.3908613324165344,0.3769817650318146,0.21883657574653625,-0.3914537727832794,0.3655664324760437,0.21661318838596344,-0.3916783034801483,0.41807135939598083,0.2477487176656723,-0.05096520110964775,0.3290095627307892,0.2297954261302948,-0.2858324646949768,0.4108806252479553,0.3023826777935028,-0.27953362464904785,0.3760560154914856,0.2949228882789612,-0.3548346161842346,0.45901840925216675,0.46010610461235046,0.16404524445533752,0.2457173615694046,0.42796289920806885,-0.3632792532444,0.608661949634552,0.6461471915245056,-0.0026845119427889585,0.26673418283462524,0.711504340171814,-0.6794983744621277,0.6594158411026001,0.6871898770332336,-0.571592390537262,0.4498298764228821,0.6770423054695129,-0.9949986338615417,0.6794103384017944,0.7154034376144409,-0.6607731580734253,0.5168729424476624,0.7038964033126831,-1.1187102794647217,0.6615363955497742,0.6690263748168945,-0.6931098103523254,0.5287646651268005,0.637380838394165,-1.092272162437439,0.6487986445426941,0.6639058589935303,-0.5972646474838257,0.5121094584465027,0.6377201080322266,-0.9903043508529663,0.42060279846191406,0.9084951877593994,0.18773654103279114,0.2744376063346863,0.9496778249740601,-0.18809610605239868,0.6577131152153015,1.0195063352584839,-0.019236819818615913,0.4138053357601166,1.1370079517364502,-0.5198796987533569,0.5253275632858276,1.1624770164489746,0.10363968461751938,0.3721795976161957,1.5827133655548096,-0.2420317828655243,0.48501214385032654,1.1888999938964844,0.10961141437292099,0.3433522880077362,1.6506770849227905,-0.21079802513122559,0.517292857170105,1.3241487741470337,-0.05691862106323242,0.46006783843040466,1.699440598487854,-0.348531037569046
frame_00016.jpg,0.40531668066978455,0.26400530338287354,-0.396631121635437,0.4169681966304779,0.22900356352329254,-0.34241223335266113,0.42467251420021057,0.23099571466445923,-0.3429439961910248,0.4316605031490326,0.23364970088005066,-0.34294599294662476,0.38953328132629395,0.22406506538391113,-0.3910343050956726,0.3778541684150696,0.22049014270305634,-0.3916204869747162,0.36660611629486084,0.21801042556762695,-0.3918446898460388,0.418571799993515,0.24909809231758118,-0.06029396504163742,0.3302147686481476,0.23028704524040222,-0.28387024998664856,0.411233514547348,0.304379403591156,-0.28742891550064087,0.37690457701683044,0.29695555567741394,-0.355396032333374,0.456182062625885,0.45767179131507874,0.16127154231071472,0.24686738848686218,0.42636463046073914,-0.3552555739879608,0.5979673862457275,0.6549724340438843,0.0411866120994091,0.26558536291122437,0.7113285660743713,-0.6792885065078735,0.6569734811782837,0.7193077802658081,-0.47882452607154846,0.3883451521396637,0.6609901785850525,-0.9988119006156921,0.6778799891471863,0.7557094097137451,-0.5597971081733704,0.4357052445411682,0.6940282583236694,-1.1252199411392212,0.6601991057395935,0.7160812020301819,-0.6099851131439209,0.4528030753135681,0.6257548928260803,-1.1033562421798706,0.6464903354644775,0.7085733413696289,-0.512116551399231,0.44462767243385315,0.6286665201187134,-1.0008544921875,0.4211437702178955,0.9066645503044128,0.18449769914150238,0.27453190088272095,0.9470974206924438,-0.18483807146549225,0.6548587083816528,1.0284806489944458,-0.01649441570043564,0.39609506726264954,1.1409705877304077,-0.5190877914428711,0.5250571966171265,1.2652746438980103,0.21112647652626038,0.37181252241134644,1.5831981897354126,-0.24602846801280975,0.48602837324142456,1.294604778289795,0.22852292656898499,0.3434556722640991,1.6496658325195312,-0.21398167312145233,0.5165168642997742,1.3957648277282715,0.08108676224946976,0.45922499895095825,1.7128949165344238,-0.35935884714126587
frame_00017.jpg,0.40572816133499146,0.2653939723968506,-0.4032583236694336,0.4174863398075104,0.22992436587810516,-0.3457762598991394,0.42507490515708923,0.2317628711462021,-0.34631437063217163,0.43198904395103455,0.2342299520969391,-0.3463030159473419,0.3900715410709381,0.2253231257200241,-0.3977032005786896,0.37843209505081177,0.22162014245986938,-0.3982735574245453,0.3673054873943329,0.21901725232601166,-0.3985119163990021,0.4188886284828186,0.2497805655002594,-0.06521792709827423,0.3310158848762512,0.23079228401184082,-0.28490757942199707,0.41152459383010864,0.3053869903087616,-0.28886762261390686,0.3775687515735626,0.2982272207736969,-0.3617554008960724,0.4547792077064514,0.45576319098472595,0.1576022356748581,0.24759256839752197,0.4252236783504486,-0.3492615222930908,0.5927786231040955,0.6577075123786926,0.04406223073601723,0.264070063829422,0.7109381556510925,-0.6732524037361145,0.6554407477378845,0.7278839349746704,-0.47278738021850586,0.37486228346824646,0.6547690629959106,-1.0070312023162842,0.6767574548721313,0.7658331394195557,-0.5537551641464233,0.4235170781612396,0.6698248982429504,-1.1349292993545532,0.6591310501098633,0.7278674244880676,-0.6049502491950989,0.4376987814903259,0.6217027902603149,-1.1110918521881104,0.6449949741363525,0.7200329303741455,-0.5064700841903687,0.4295673966407776,0.6250229477882385,-1.0072624683380127,0.4216443598270416,0.904288649559021,0.1825977861881256,0.27521374821662903,0.9445094466209412,-0.182925745844841,0.6530809998512268,1.0321853160858154,-0.015532645396888256,0.3923160433769226,1.1428390741348267,-0.5181543231010437,0.5266432762145996,1.2965505123138428,0.23926787078380585,0.37041011452674866,1.5864969491958618,-0.247059628367424,0.4879443049430847,1.3268543481826782,0.2574387490749359,0.34451496601104736,1.651505708694458,-0.21714064478874207,0.517495334148407,1.4190691709518433,0.10642401874065399,0.4568529725074768,1.723559856414795,-0.36472755670547485
frame_00018.jpg,0.4064134657382965,0.2669100761413574,-0.40535473823547363,0.4179565906524658,0.23158720135688782,-0.34768420457839966,0.4252517819404602,0.23351435363292694,-0.3482203781604767,0.4321351945400238,0.2360686957836151,-0.3481824994087219,0.39077264070510864,0.22696027159690857,-0.4005911350250244,0.37914007902145386,0.2232663631439209,-0.4011431336402893,0.3680881857872009,0.22063064575195312,-0.40139317512512207,0.41905245184898376,0.2515559494495392,-0.06804417073726654,0.33201688528060913,0.231962189078331,-0.2872096300125122,0.41168636083602905,0.3068886399269104,-0.29123973846435547,0.3786458373069763,0.2994810938835144,-0.3652571439743042,0.4540272653102875,0.455745667219162,0.1535801738500595,0.24766357243061066,0.42525261640548706,-0.3444540202617645,0.5907922983169556,0.6561723947525024,0.017154373228549957,0.2530856728553772,0.7202389240264893,-0.6694891452789307,0.64457768201828,0.6927410364151001,-0.5247558355331421,0.36885955929756165,0.6475609540939331,-1.013112187385559,0.6650576591491699,0.7329515218734741,-0.6134124994277954,0.41980618238449097,0.627353847026825,-1.1453758478164673,0.6476852893829346,0.7202842235565186,-0.6541501879692078,0.4304835796356201,0.5903370976448059,-1.1223978996276855,0.6230999827384949,0.7121779322624207,-0.5542336702346802,0.4227633476257324,0.6084120869636536,-1.014631986618042,0.4177509844303131,0.9042324423789978,0.18160246312618256,0.27530187368392944,0.9422427415847778,-0.181963711977005,0.608709990978241,1.0341784954071045,0.03382423147559166,0.33664077520370483,1.2006263732910156,-0.47832974791526794,0.48616188764572144,1.3066132068634033,0.3211602568626404,0.33215415477752686,1.6173142194747925,-0.2122712880373001,0.45578065514564514,1.3431007862091064,0.3401103615760803,0.31499773263931274,1.6778792142868042,-0.1877046674489975,0.469099223613739,1.4202462434768677,0.18261437118053436,0.40581220388412476,1.746883749961853,-0.38266274333000183
frame_00019.jpg,0.40699678659439087,0.26791879534721375,-0.40352049469947815,0.418322890996933,0.23261387646198273,-0.3475017845630646,0.42539864778518677,0.23451559245586395,-0.34804561734199524,0.43225425481796265,0.2370290756225586,-0.34801939129829407,0.39132362604141235,0.22810986638069153,-0.39630573987960815,0.3797024190425873,0.22445866465568542,-0.39684125781059265,0.36868831515312195,0.22181347012519836,-0.39708584547042847,0.4191892743110657,0.2524060308933258,-0.07023646682500839,0.33278077840805054,0.23275083303451538,-0.28615933656692505,0.4118492603302002,0.3078206479549408,-0.29327592253685,0.37945079803466797,0.3003954589366913,-0.36147060990333557,0.4537331163883209,0.45572951436042786,0.1514245569705963,0.24774685502052307,0.4253438413143158,-0.33826130628585815,0.5908845067024231,0.6540378928184509,0.008002916350960732,0.24610324203968048,0.7237520813941956,-0.6571816205978394,0.6389937996864319,0.680790364742279,-0.5498780608177185,0.36532047390937805,0.6445738077163696,-1.0142104625701904,0.6594247221946716,0.7174098491668701,-0.6375187039375305,0.41709405183792114,0.6190490126609802,-1.1448302268981934,0.640021562576294,0.711804211139679,-0.6870752573013306,0.42816710472106934,0.5841189026832581,-1.1216816902160645,0.6135531663894653,0.7065017819404602,-0.5835446715354919,0.4205060601234436,0.6041728854179382,-1.015241265296936,0.41633743047714233,0.905002236366272,0.1810067892074585,0.27538001537323,0.9419821500778198,-0.1813187301158905,0.5940806269645691,1.0826061964035034,0.037212856113910675,0.3348516523838043,1.2388808727264404,-0.46549278497695923,0.4862910211086273,1.3820823431015015,0.28662627935409546,0.32331621646881104,1.651371717453003,-0.21685735881328583,0.4589413106441498,1.4216179847717285,0.30102136731147766,0.30480891466140747,1.7138530015945435,-0.19434893131256104,0.4706198573112488,1.5013279914855957,0.14392700791358948,0.3978809118270874,1.7730927467346191,-0.3995065689086914
frame_00020.jpg,0.40765008330345154,0.26792871952056885,-0.39124560356140137,0.41864871978759766,0.23283270001411438,-0.33385857939720154,0.4256521761417389,0.23472808301448822,-0.3343978226184845,0.4325951933860779,0.23726512491703033,-0.33440226316452026,0.3917258679866791,0.22829608619213104,-0.3795711398124695,0.38008031249046326,0.22465042769908905,-0.38009998202323914,0.36910489201545715,0.22206740081310272,-0.3803248405456543,0.4197255074977875,0.25317850708961487,-0.05484730750322342,0.3333899676799774,0.2333931177854538,-0.25866180658340454,0.41251081228256226,0.3078039288520813,-0.2813793122768402,0.38024836778640747,0.30044737458229065,-0.3451247811317444,0.45857176184654236,0.4571217894554138,0.15663380920886993,0.24799279868602753,0.4253251850605011,-0.32268452644348145,0.60707688331604,0.6322673559188843,-0.02721673622727394,0.24867188930511475,0.7120040059089661,-0.6669920682907104,0.6385862827301025,0.6804635524749756,-0.6527653932571411,0.4036726951599121,0.67914879322052,-1.0384435653686523,0.6594222784042358,0.7175214290618896,-0.7555927634239197,0.46232691407203674,0.6840077042579651,-1.1727601289749146,0.6285430192947388,0.7086277604103088,-0.796273410320282,0.4756133556365967,0.6662110090255737,-1.1432284116744995,0.6081912517547607,0.7033749222755432,-0.6839412450790405,0.4663199782371521,0.6677078604698181,-1.0366008281707764,0.4195249080657959,0.9073557257652283,0.18042437732219696,0.27458322048187256,0.9429725408554077,-0.1807585507631302,0.5926402807235718,1.1514689922332764,-0.0216793455183506,0.3387482762336731,1.27964448928833,-0.47104397416114807,0.49142545461654663,1.4724196195602417,0.11474932730197906,0.3235309422016144,1.6673698425292969,-0.23270826041698456,0.46217450499534607,1.5166926383972168,0.11610148102045059,0.304884135723114,1.7280598878860474,-0.21752361953258514,0.475654661655426,1.5882148742675781,-0.06803248822689056,0.3964034616947174,1.7786933183670044,-0.4178128242492676
frame_00021.jpg,0.4081393778324127,0.2678568661212921,-0.3616035282611847,0.41904717683792114,0.23281453549861908,-0.30381983518600464,0.426079660654068,0.2347123622894287,-0.30432143807411194,0.4331207275390625,0.2372058779001236,-0.3043053150177002,0.3921169638633728,0.22827604413032532,-0.3449811637401581,0.38047805428504944,0.22464242577552795,-0.3455004096031189,0.3695469796657562,0.2220745086669922,-0.3456885516643524,0.4203473925590515,0.2531541883945465,-0.026616033166646957,0.33381393551826477,0.2335474044084549,-0.2105814516544342,0.4131026268005371,0.3071664869785309,-0.2536386251449585,0.38088053464889526,0.3003115653991699,-0.3113192021846771,0.4622240960597992,0.4573531448841095,0.16178078949451447,0.24812033772468567,0.42479464411735535,-0.25979259610176086,0.6037591695785522,0.6192646622657776,-0.036329880356788635,0.21955712139606476,0.6911154389381409,-0.6224531531333923,0.6386486291885376,0.6651432514190674,-0.6461359858512878,0.36854690313339233,0.6864812970161438,-1.0326563119888306,0.6641569137573242,0.6975611448287964,-0.7470191121101379,0.4329785704612732,0.7003373503684998,-1.1677747964859009,0.6293705701828003,0.6904292702674866,-0.7877205014228821,0.44847431778907776,0.6753299832344055,-1.1396920680999756,0.6182593107223511,0.6819766759872437,-0.6770867109298706,0.43805012106895447,0.6718438863754272,-1.032221794128418,0.42414093017578125,0.9063769578933716,0.164430171251297,0.2746589481830597,0.938508152961731,-0.1647951304912567,0.5966641306877136,1.1366513967514038,-0.04766632243990898,0.3411606550216675,1.2530173063278198,-0.45706671476364136,0.4946395754814148,1.4468169212341309,0.12715473771095276,0.32753613591194153,1.657760739326477,-0.23954510688781738,0.4657188951969147,1.4876972436904907,0.13356290757656097,0.3095320463180542,1.7202091217041016,-0.22853311896324158,0.4803618788719177,1.5659812688827515,-0.03952345997095108,0.3979351818561554,1.7754452228546143,-0.43517738580703735
frame_00022.jpg,0.4084053635597229,0.2678019106388092,-0.3465070426464081,0.41930049657821655,0.23279985785484314,-0.2890781760215759,0.4263674318790436,0.2346930354833603,-0.28957316279411316,0.4334712028503418,0.23718921840190887,-0.2895551323890686,0.39236629009246826,0.22825902700424194,-0.32965904474258423,0.3807498812675476,0.22463418543338776,-0.3301788866519928,0.3698602616786957,0.222075954079628,-0.3303622305393219,0.4207645356655121,0.253174364566803,-0.01503914874047041,0.33410322666168213,0.23369868099689484,-0.19687774777412415,0.4134427607059479,0.30679401755332947,-0.23999321460723877,0.3812604248523712,0.300214946269989,-0.29686349630355835,0.46403202414512634,0.4574417471885681,0.1668829470872879,0.24821603298187256,0.42448803782463074,-0.2474469691514969,0.601872980594635,0.6127777695655823,-0.03655039519071579,0.21248193085193634,0.6823266744613647,-0.606383740901947,0.6390426754951477,0.6592414379119873,-0.6387673616409302,0.3602071702480316,0.689110517501831,-1.0157612562179565,0.6680216193199158,0.6916274428367615,-0.7382713556289673,0.42464274168014526,0.7057803869247437,-1.1484777927398682,0.62970370054245,0.6833687424659729,-0.7795297503471375,0.44000381231307983,0.6778509020805359,-1.1230056285858154,0.6257625818252563,0.6735193729400635,-0.6698483824729919,0.42920035123825073,0.6729019284248352,-1.0162827968597412,0.42697200179100037,0.905936598777771,0.15896782279014587,0.2747393846511841,0.936581015586853,-0.15933337807655334,0.5990197062492371,1.1345161199569702,-0.048909157514572144,0.34267663955688477,1.2467381954193115,-0.4572741985321045,0.49621686339378357,1.44730544090271,0.13232412934303284,0.3296603262424469,1.6547099351882935,-0.2472371757030487,0.4670291543006897,1.4882069826126099,0.13937248289585114,0.31207719445228577,1.717263102531433,-0.23646318912506104,0.48300132155418396,1.5689812898635864,-0.028008773922920227,0.39879679679870605,1.77420175075531,-0.43942371010780334
frame_00023.jpg,0.40840595960617065,0.2676328122615814,-0.35166996717453003,0.41933321952819824,0.23271030187606812,-0.2953256666660309,0.4265660345554352,0.23461918532848358,-0.29583656787872314,0.4339132308959961,0.2371404767036438,-0.2958313524723053,0.3922886252403259,0.22800679504871368,-0.3380810618400574,0.380650132894516,0.22452396154403687,-0.3386632204055786,0.36971837282180786,0.2220536172389984,-0.3388761878013611,0.4224180281162262,0.253208726644516,-0.01823526620864868,0.3340475261211395,0.23418498039245605,-0.2105099856853485,0.41392964124679565,0.3063635230064392,-0.24356789886951447,0.38124966621398926,0.3001658022403717,-0.3034530282020569,0.4643412232398987,0.4580761790275574,0.19419659674167633,0.25003308057785034,0.42422613501548767,-0.2636124789714813,0.5933099389076233,0.6238034963607788,0.045946039259433746,0.25484389066696167,0.6836675405502319,-0.6132679581642151,0.6748560070991516,0.6542052626609802,-0.482765257358551,0.3839334547519684,0.6904232501983643,-1.0158255100250244,0.7092850804328918,0.6745815873146057,-0.5648170113563538,0.42601174116134644,0.7470158934593201,-1.1438120603561401,0.6862510442733765,0.6365236043930054,-0.6186215281486511,0.44493404030799866,0.6998205780982971,-1.124104380607605,0.6769049167633057,0.6400579810142517,-0.5188962817192078,0.4317551255226135,0.6919675469398499,-1.0174472332000732,0.43000492453575134,0.9042879939079285,0.16721126437187195,0.28419846296310425,0.9365079402923584,-0.16759055852890015,0.6530700922012329,1.101461410522461,-0.06881974637508392,0.40151849389076233,1.1850703954696655,-0.4707358479499817,0.5449540019035339,1.4165730476379395,-0.04394663870334625,0.35694438219070435,1.6381144523620605,-0.2933293581008911,0.5139501094818115,1.4541268348693848,-0.05233529210090637,0.33108827471733093,1.703359603881836,-0.27906253933906555,0.538525402545929,1.5399869680404663,-0.21963267028331757,0.42968830466270447,1.7724823951721191,-0.4505454897880554
frame_00024.jpg,0.40839141607284546,0.2674139738082886,-0.3329658806324005,0.4193502962589264,0.23261645436286926,-0.2766725718975067,0.4267066419124603,0.23457221686840057,-0.2771807014942169,0.43414339423179626,0.23712196946144104,-0.27719181776046753,0.3921796679496765,0.22777877748012543,-0.32105690240859985,0.38051608204841614,0.22440864145755768,-0.3216886818408966,0.3695509731769562,0.22200362384319305,-0.3219127953052521,0.4232138991355896,0.25321248173713684,0.0011874272022396326,0.33402007818222046,0.23454377055168152,-0.19866591691970825,0.41420191526412964,0.3059968650341034,-0.22472622990608215,0.3811030089855194,0.2999655604362488,-0.2865850627422333,0.46418672800064087,0.4580952823162079,0.2236815243959427,0.25160330533981323,0.4233817756175995,-0.27141040563583374,0.5898066163063049,0.6279882192611694,0.09262866526842117,0.2693808078765869,0.6851843595504761,-0.6055135726928711,0.6749271750450134,0.6332115530967712,-0.424358606338501,0.39225873351097107,0.6984919309616089,-0.9593769907951355,0.7202298641204834,0.6431866884231567,-0.5029012560844421,0.42687106132507324,0.7580336332321167,-1.0758955478668213,0.699493408203125,0.6206640601158142,-0.5559203624725342,0.4454234540462494,0.7075802683830261,-1.067763328552246,0.6761695742607117,0.6224470734596252,-0.46018901467323303,0.4321862757205963,0.6972238421440125,-0.9650497436523438,0.43072909116744995,0.9016944766044617,0.1761314421892166,0.2897226810455322,0.9357181191444397,-0.17651593685150146,0.680178701877594,1.0523113012313843,-0.07271839678287506,0.4336857795715332,1.1205042600631714,-0.47190847992897034,0.5559967756271362,1.3354982137680054,-0.0906287431716919,0.39239853620529175,1.5998268127441406,-0.30262669920921326,0.5221384167671204,1.3651400804519653,-0.10161624103784561,0.36358678340911865,1.6661829948425293,-0.28676095604896545,0.5500020384788513,1.4495960474014282,-0.25927168130874634,0.47320693731307983,1.7439402341842651,-0.4481895864009857
frame_00025.jpg,0.4071856141090393,0.2667660117149353,-0.34099167585372925,0.4183884263038635,0.23206743597984314,-0.2832912802696228,0.4263930916786194,0.23425550758838654,-0.28380027413368225,0.43386760354042053,0.23685576021671295,-0.2838035523891449,0.39058995246887207,0.2271469533443451,-0.32564064860343933,0.37923628091812134,0.22418776154518127,-0.326222687959671,0.3682059943675995,0.2219093292951584,-0.32644122838974,0.4233546257019043,0.25294429063796997,-0.002252554288133979,0.33380022644996643,0.23519518971443176,-0.19125200808048248,0.41413840651512146,0.30580568313598633,-0.23182454705238342,0.3801610767841339,0.29969504475593567,-0.2910846471786499,0.46441978216171265,0.4636453688144684,0.21565620601177216,0.25182658433914185,0.42381566762924194,-0.2517584562301636,0.6106210947036743,0.6376634240150452,0.08258210122585297,0.2649799585342407,0.6787662506103516,-0.5441726446151733,0.6311832666397095,0.6703119277954102,-0.4531819224357605,0.4067398011684418,0.6738449931144714,-0.864218533039093,0.6341783404350281,0.6992256045341492,-0.5384891033172607,0.4487568438053131,0.7515054941177368,-0.9760831594467163,0.6157653331756592,0.6437024474143982,-0.5729520916938782,0.4576508402824402,0.7008579969406128,-0.9596734046936035,0.609001636505127,0.6373525857925415,-0.47913020849227905,0.44032639265060425,0.6921885013580322,-0.8645893931388855,0.4337161183357239,0.9022644758224487,0.17696163058280945,0.2894820272922516,0.938946545124054,-0.17735764384269714,0.6815954446792603,1.0457979440689087,-0.11382361501455307,0.39393192529678345,1.132987141609192,-0.4656859040260315,0.5470090508460999,1.338657021522522,-0.06109701842069626,0.39198893308639526,1.6066138744354248,-0.2751063108444214,0.5172897577285767,1.368381142616272,-0.06362216174602509,0.36085519194602966,1.669695496559143,-0.25621497631073,0.5415264368057251,1.4534951448440552,-0.25109830498695374,0.46220827102661133,1.7451533079147339,-0.4429624080657959
frame_00026.jpg,0.40615564584732056,0.2651917636394501,-0.5063866376876831,0.41720491647720337,0.23038150370121002,-0.44765907526016235,0.4258604645729065,0.23287074267864227,-0.44822901487350464,0.4332050681114197,0.23543182015419006,-0.4481750428676605,0.3890959620475769,0.22494962811470032,-0.4902621805667877,0.3779076039791107,0.22234614193439484,-0.4908216595649719,0.36692729592323303,0.22062863409519196,-0.49109166860580444,0.42331376671791077,0.2516281306743622,-0.1479053795337677,0.3335365951061249,0.2347671091556549,-0.3406718969345093,0.41369128227233887,0.3041931390762329,-0.38931018114089966,0.3791618347167969,0.29820317029953003,-0.44931331276893616,0.4640500545501709,0.4640344977378845,0.10152436792850494,0.252459317445755,0.42412617802619934,-0.39531975984573364,0.6076469421386719,0.6558020114898682,-0.09867355972528458,0.26711416244506836,0.6794822812080383,-0.7560855746269226,0.6208925247192383,0.686149537563324,-0.7156420946121216,0.4484712481498718,0.6196783185005188,-1.1442301273345947,0.6274553537368774,0.7171233892440796,-0.8173587918281555,0.4987059533596039,0.6506078839302063,-1.2891846895217896,0.6061444878578186,0.6582920551300049,-0.8556514978408813,0.5094668865203857,0.5998653769493103,-1.2557584047317505,0.5989959836006165,0.6518554091453552,-0.7453187704086304,0.47918787598609924,0.6125367879867554,-1.1416804790496826,0.42286911606788635,0.9076851606369019,0.18487922847270966,0.2838238477706909,0.9439475536346436,-0.1852070689201355,0.6350764632225037,1.1017497777938843,0.10064488649368286,0.3830268383026123,1.175264835357666,-0.4718226492404938,0.5159543752670288,1.3960779905319214,0.3864547610282898,0.34735363721847534,1.6230162382125854,-0.22723622620105743,0.48745712637901306,1.4305723905563354,0.4039025902748108,0.31822288036346436,1.6887880563735962,-0.20385439693927765,0.5014394521713257,1.520028829574585,0.22191579639911652,0.4293386936187744,1.7527564764022827,-0.42555657029151917
frame_00027.jpg,0.40532684326171875,0.2644537091255188,-0.5043932795524597,0.4163719117641449,0.2294783890247345,-0.4480648934841156,0.4254779815673828,0.232142373919487,-0.44864416122436523,0.43275028467178345,0.23468373715877533,-0.44859322905540466,0.38799160718917847,0.22353629767894745,-0.4881756901741028,0.3768935799598694,0.2211238592863083,-0.48871463537216187,0.3659166693687439,0.21979647874832153,-0.48901158571243286,0.4233080744743347,0.2509267032146454,-0.1596328616142273,0.33331865072250366,0.23452112078666687,-0.34212982654571533,0.41335636377334595,0.303566038608551,-0.39106065034866333,0.37826550006866455,0.2975751459598541,-0.4481579661369324,0.4636930823326111,0.465780109167099,0.07623715698719025,0.2524483799934387,0.42592450976371765,-0.38466086983680725,0.6066590547561646,0.655890703201294,-0.11619885265827179,0.2647706866264343,0.6893615126609802,-0.760856568813324,0.6161656379699707,0.6962677240371704,-0.7098165154457092,0.4353596270084381,0.6128212213516235,-1.1840258836746216,0.6235096454620361,0.7277559638023376,-0.8058158159255981,0.49678468704223633,0.6186598539352417,-1.3324124813079834,0.5997599959373474,0.6711711883544922,-0.8457282781600952,0.5028829574584961,0.5806014537811279,-1.2979331016540527,0.5929697751998901,0.6660727262496948,-0.738880455493927,0.47350049018859863,0.5984376668930054,-1.18231999874115,0.4227670729160309,0.9164546728134155,0.184600830078125,0.27996188402175903,0.951507031917572,-0.1848946511745453,0.5860733985900879,1.1831499338150024,0.1348370611667633,0.3524243235588074,1.2530086040496826,-0.46866074204444885,0.5189557075500488,1.508338212966919,0.4901406764984131,0.3212556540966034,1.656833291053772,-0.18749462068080902,0.5015994310379028,1.5536707639694214,0.5127514600753784,0.2985377311706543,1.7213317155838013,-0.16478578746318817,0.5060349106788635,1.6302517652511597,0.3187733292579651,0.3989573121070862,1.768693447113037,-0.408674955368042
frame_00028.jpg,0.40483373403549194,0.26359808444976807,-0.47423020005226135,0.4154016971588135,0.2283213883638382,-0.42947259545326233,0.4248732924461365,0.23107150197029114,-0.4299169182777405,0.4320613443851471,0.2335556596517563,-0.42986851930618286,0.3869244456291199,0.2221580445766449,-0.46250396966934204,0.3759656250476837,0.22019468247890472,-0.4631096422672272,0.3647931218147278,0.21937698125839233,-0.4634217619895935,0.4226921498775482,0.25002074241638184,-0.1270311027765274,0.3328486979007721,0.23474815487861633,-0.3243902623653412,0.4131859242916107,0.30272191762924194,-0.368033766746521,0.37761861085891724,0.29712632298469543,-0.4190874993801117,0.4634951651096344,0.46401146054267883,0.11651823669672012,0.2524828612804413,0.42589622735977173,-0.36158788204193115,0.6059715151786804,0.6370318531990051,-0.07698912918567657,0.26435616612434387,0.6770563721656799,-0.719447672367096,0.6198298335075378,0.6942698955535889,-0.6749213933944702,0.459932804107666,0.621935248374939,-1.124385118484497,0.6296461820602417,0.7304374575614929,-0.7600448727607727,0.5232752561569214,0.6337081789970398,-1.2595045566558838,0.6056770086288452,0.6772772073745728,-0.802538275718689,0.5348683595657349,0.600972592830658,-1.2368813753128052,0.5976587533950806,0.6703389883041382,-0.7040737271308899,0.5127849578857422,0.6113501787185669,-1.1278564929962158,0.42195844650268555,0.9132353067398071,0.18808290362358093,0.27853426337242126,0.9495524764060974,-0.1883925050497055,0.6172834634780884,1.10447096824646,0.03312300890684128,0.357997328042984,1.1829687356948853,-0.5246610641479492,0.5200786590576172,1.3826687335968018,0.18319842219352722,0.35311776399612427,1.6174055337905884,-0.2361791878938675,0.5003081560134888,1.4185162782669067,0.187660813331604,0.3323318064212799,1.6815521717071533,-0.207175612449646,0.5112745761871338,1.4904372692108154,-0.0027567471843212843,0.44585996866226196,1.7417924404144287,-0.42078351974487305
frame_00029.jpg,0.40428289771080017,0.2629133462905884,-0.4531448483467102,0.41422539949417114,0.22731123864650726,-0.40084108710289,0.4240948557853699,0.23003554344177246,-0.4013341963291168,0.4312981069087982,0.23243771493434906,-0.4013028144836426,0.3855592608451843,0.221320241689682,-0.4391299784183502,0.3747730553150177,0.21977360546588898,-0.4397062659263611,0.3632707893848419,0.21926134824752808,-0.4399813711643219,0.4222196638584137,0.249193012714386,-0.1122928038239479,0.3322768211364746,0.23539237678050995,-0.30394408106803894,0.41301149129867554,0.3020579516887665,-0.3438100516796112,0.37712791562080383,0.29684945940971375,-0.3999663293361664,0.4634477496147156,0.4626845419406891,0.11945722997188568,0.2525162100791931,0.425893098115921,-0.35622623562812805,0.6054769158363342,0.639037013053894,-0.060169726610183716,0.2640456259250641,0.6727392077445984,-0.7130123376846313,0.6215537786483765,0.6931987404823303,-0.643562912940979,0.46489548683166504,0.6250336170196533,-1.0944091081619263,0.6355420351028442,0.7297769784927368,-0.7347821593284607,0.5279330015182495,0.6470511555671692,-1.2293291091918945,0.6117123365402222,0.6783467531204224,-0.7766107320785522,0.5410093665122986,0.6102840900421143,-1.2039602994918823,0.6024755835533142,0.6710492372512817,-0.6737046241760254,0.5209787487983704,0.6151860952377319,-1.09502112865448,0.42208224534988403,0.9109188318252563,0.18866375088691711,0.27728071808815,0.9481585025787354,-0.18898187577724457,0.62801194190979,1.0841670036315918,0.003268558531999588,0.3585194945335388,1.159212589263916,-0.5365896821022034,0.5200605392456055,1.3540310859680176,0.14938947558403015,0.3620795011520386,1.6023200750350952,-0.25452306866645813,0.49587544798851013,1.3881455659866333,0.1544312983751297,0.34240978956222534,1.6665502786636353,-0.22568020224571228,0.5115276575088501,1.4610992670059204,-0.03327334299683571,0.4563399851322174,1.7312809228897095,-0.4321710169315338
frame_00030.jpg,0.40412721037864685,0.2627454996109009,-0.5835909843444824,0.4141828119754791,0.22725683450698853,-0.521947979927063,0.4240720868110657,0.23001669347286224,-0.5225187540054321,0.43124955892562866,0.23242278397083282,-0.5224835276603699,0.3853248655796051,0.22098657488822937,-0.5686038136482239,0.3744550347328186,0.21939584612846375,-0.569259762763977,0.36288174986839294,0.21897533535957336,-0.5695780515670776,0.4222028851509094,0.24901743233203888,-0.19659803807735443,0.33200424909591675,0.23528426885604858,-0.410118967294693,0.4129316210746765,0.3017958402633667,-0.456102192401886,0.37645307183265686,0.29652389883995056,-0.5217859148979187,0.4595199227333069,0.4624346196651459,0.097210593521595,0.25251254439353943,0.42550501227378845,-0.41412895917892456,0.5965110659599304,0.6350916028022766,0.0646568089723587,0.2311464101076126,0.6677418351173401,-0.6510607004165649,0.6838958859443665,0.6767628788948059,-0.37683868408203125,0.3478185534477234,0.733774721622467,-0.9254131317138672,0.7099035382270813,0.6739050149917603,-0.4480343461036682,0.4070121645927429,0.7834702730178833,-1.0368931293487549,0.6899188756942749,0.6497803926467896,-0.5094127655029297,0.4298659861087799,0.6808207035064697,-1.0387424230575562,0.6786307692527771,0.6510608792304993,-0.41359472274780273,0.41085800528526306,0.7216905355453491,-0.9324658513069153,0.4228954315185547,0.9074847102165222,0.18999452888965607,0.28274303674697876,0.9475594758987427,-0.19033437967300415,0.6613732576370239,1.0608935356140137,0.04551643505692482,0.37699687480926514,1.1409281492233276,-0.5006673336029053,0.5413931608200073,1.3273366689682007,0.25483933091163635,0.3669742941856384,1.588003158569336,-0.20494768023490906,0.5093189477920532,1.355980634689331,0.2667475640773773,0.3475063443183899,1.6519217491149902,-0.17778679728507996,0.5410058498382568,1.4448132514953613,0.08965650200843811,0.4525054097175598,1.7197341918945312,-0.38695043325424194
frame_00031.jpg,0.4047699570655823,0.2624965012073517,-0.5286411046981812,0.41480642557144165,0.22701342403888702,-0.46725431084632874,0.4243400990962982,0.22965194284915924,-0.46779927611351013,0.43141788244247437,0.23190118372440338,-0.4677693843841553,0.38601988554000854,0.2208506315946579,-0.5161563158035278,0.3748045563697815,0.21926166117191315,-0.5168007612228394,0.36335289478302,0.21883566677570343,-0.5170825123786926,0.4222014546394348,0.2481757551431656,-0.15284058451652527,0.33216822147369385,0.23509573936462402,-0.3736058175563812,0.4136142134666443,0.30108949542045593,-0.40448060631752014,0.3770374357700348,0.2960790991783142,-0.47269296646118164,0.4528982639312744,0.4576990306377411,0.12890572845935822,0.25337934494018555,0.4244920313358307,-0.39357906579971313,0.5731040835380554,0.629796028137207,0.12656041979789734,0.23489120602607727,0.6802961230278015,-0.6195796728134155,0.6750046610832214,0.6717039346694946,-0.3415320813655853,0.35898637771606445,0.7698740363121033,-0.8883250951766968,0.7054421305656433,0.6674458384513855,-0.4121134281158447,0.3992960751056671,0.8101892471313477,-0.9992305636405945,0.6885489821434021,0.6484690308570862,-0.4764954447746277,0.4148694574832916,0.7517322897911072,-0.9986242055892944,0.676815927028656,0.6521725058555603,-0.37966734170913696,0.4008027911186218,0.7461974024772644,-0.8945381045341492,0.4220827519893646,0.9047918915748596,0.19562914967536926,0.2846927046775818,0.9420412182807922,-0.19596904516220093,0.6547092795372009,1.0662157535552979,0.0338759645819664,0.38319897651672363,1.144120693206787,-0.5244737863540649,0.5394049882888794,1.383538842201233,0.24720974266529083,0.3692481219768524,1.5914690494537354,-0.258504182100296,0.5086793303489685,1.420170545578003,0.26268622279167175,0.34920361638069153,1.6568928956985474,-0.23615582287311554,0.5365006327629089,1.5171431303024292,0.04709279164671898,0.4519168436527252,1.7223436832427979,-0.4519452154636383
frame_00032.jpg,0.4051191806793213,0.26215508580207825,-0.553852915763855,0.41517361998558044,0.2267562747001648,-0.4947511553764343,0.42450886964797974,0.22932103276252747,-0.4953153133392334,0.43153172731399536,0.23147538304328918,-0.4952813684940338,0.38642603158950806,0.22068367898464203,-0.5416382551193237,0.3750418722629547,0.2190941721200943,-0.5422669053077698,0.36366385221481323,0.21864527463912964,-0.5425429344177246,0.42220339179039,0.24762222170829773,-0.18421396613121033,0.3322775959968567,0.2347107231616974,-0.3974773585796356,0.41394805908203125,0.3004405200481415,-0.4307686388492584,0.3773778975009918,0.2954781651496887,-0.49687322974205017,0.4496069848537445,0.455644816160202,0.10268155485391617,0.2539888322353363,0.42362546920776367,-0.41389718651771545,0.5716453790664673,0.6272541880607605,0.07794569432735443,0.2353663444519043,0.6901683211326599,-0.6800470948219299,0.6771227717399597,0.6715461611747742,-0.43588700890541077,0.37187695503234863,0.718298077583313,-0.9713953733444214,0.7076901197433472,0.6651233434677124,-0.5121710896492004,0.41727414727211,0.8030900955200195,-1.085320234298706,0.7021634578704834,0.6501296162605286,-0.5725001096725464,0.43138569593429565,0.7378953695297241,-1.0815610885620117,0.6805598139762878,0.6532537341117859,-0.47238844633102417,0.4170238971710205,0.738251268863678,-0.9775565266609192,0.4184400141239166,0.9047776460647583,0.19512470066547394,0.28450360894203186,0.9407928586006165,-0.19544318318367004,0.6098188161849976,1.1188673973083496,0.09193545579910278,0.3819935917854309,1.180423617362976,-0.5423241257667542,0.5377504229545593,1.4691025018692017,0.3433579206466675,0.3604260981082916,1.611625075340271,-0.2795817255973816,0.5079463124275208,1.5162519216537476,0.35560092329978943,0.3382030427455902,1.680465817451477,-0.25850024819374084,0.5345730185508728,1.5934115648269653,0.16809821128845215,0.4378136694431305,1.7238556146621704,-0.47320693731307983
frame_00033.jpg,0.41634178161621094,0.2740840017795563,-0.45512017607688904,0.4233303964138031,0.23952652513980865,-0.40361833572387695,0.4306454062461853,0.24188664555549622,-0.40417709946632385,0.43739813566207886,0.2439677119255066,-0.40413421392440796,0.39635246992111206,0.23111319541931152,-0.4479919970035553,0.3866187632083893,0.2287362664937973,-0.448544979095459,0.3753111958503723,0.2267163246870041,-0.4487568736076355,0.42289742827415466,0.25700652599334717,-0.14515814185142517,0.34068769216537476,0.2392667680978775,-0.34660667181015015,0.41871947050094604,0.3104478120803833,-0.34998756647109985,0.386539101600647,0.3044876754283905,-0.413027286529541,0.4511108994483948,0.45764535665512085,0.10289596021175385,0.2540200352668762,0.42255455255508423,-0.36691713333129883,0.5746848583221436,0.6137610673904419,0.01943308487534523,0.212908536195755,0.6418331265449524,-0.6479619741439819,0.6722348928451538,0.6716355681419373,-0.45841217041015625,0.353371262550354,0.6914864182472229,-0.9659029841423035,0.7016741633415222,0.6759183406829834,-0.541819155216217,0.41229477524757385,0.7305221557617188,-1.0843827724456787,0.6895958185195923,0.6506559252738953,-0.5964987874031067,0.4319097101688385,0.7213214039802551,-1.071060299873352,0.6715999245643616,0.6536576151847839,-0.49358057975769043,0.41811805963516235,0.7197092175483704,-0.9693382382392883,0.41873687505722046,0.8995426297187805,0.17989800870418549,0.28038904070854187,0.9335736036300659,-0.18015411496162415,0.5959116220474243,1.1204055547714233,0.1211990937590599,0.3583758473396301,1.1797949075698853,-0.48851728439331055,0.5001171827316284,1.464874267578125,0.4271789491176605,0.3404255211353302,1.6117987632751465,-0.2837945818901062,0.47335171699523926,1.508683443069458,0.44688302278518677,0.3209109306335449,1.6804745197296143,-0.2688993513584137,0.4898098111152649,1.5922867059707642,0.2957827150821686,0.4126518666744232,1.7251867055892944,-0.487978994846344
frame_00034.jpg,0.4204588830471039,0.2784072756767273,-0.383632093667984,0.42693161964416504,0.24411781132221222,-0.33062559366226196,0.4336246848106384,0.24655404686927795,-0.33115845918655396,0.4403204917907715,0.24872125685214996,-0.331127405166626,0.4001159071922302,0.2351224720478058,-0.37496235966682434,0.3908730149269104,0.23259148001670837,-0.375479519367218,0.37934520840644836,0.23011283576488495,-0.3756437301635742,0.42380446195602417,0.2610815167427063,-0.06840953230857849,0.3439904749393463,0.24179066717624664,-0.2689410448074341,0.4213065207004547,0.31469962000846863,-0.2793543040752411,0.3901330232620239,0.30843016505241394,-0.3418549597263336,0.45300182700157166,0.458370178937912,0.12686562538146973,0.2539881467819214,0.42216306924819946,-0.3114246428012848,0.5787719488143921,0.6099451184272766,0.0005877197836525738,0.20412421226501465,0.631371259689331,-0.6429611444473267,0.6658331155776978,0.6510923504829407,-0.5270963311195374,0.35496360063552856,0.675725519657135,-0.9713072776794434,0.6977827548980713,0.6779096126556396,-0.6168109774589539,0.41430431604385376,0.698402464389801,-1.0877844095230103,0.686631441116333,0.6468583941459656,-0.662204921245575,0.4356512129306793,0.684540867805481,-1.0800986289978027,0.6689397096633911,0.6537653803825378,-0.5589826703071594,0.4235702157020569,0.6757844686508179,-0.9702823758125305,0.4196089804172516,0.8964551091194153,0.17239609360694885,0.27956485748291016,0.9300455451011658,-0.1726815402507782,0.5994914770126343,1.1191048622131348,0.10496699810028076,0.3537212312221527,1.1841719150543213,-0.4905781149864197,0.4992993474006653,1.4486109018325806,0.353151798248291,0.3356068730354309,1.62027907371521,-0.30080655217170715,0.4726566672325134,1.4903501272201538,0.3664502799510956,0.31667906045913696,1.6881928443908691,-0.28693056106567383,0.4890836179256439,1.5746101140975952,0.17930205166339874,0.40690016746520996,1.7409628629684448,-0.4969367980957031
frame_00035.jpg,0.42597389221191406,0.3079169690608978,-0.32931995391845703,0.4319900870323181,0.27214664220809937,-0.2835312485694885,0.4383490979671478,0.27446162700653076,-0.28404489159584045,0.44474896788597107,0.2767100930213928,-0.28404492139816284,0.40933626890182495,0.26098331809043884,-0.3280107378959656,0.39914292097091675,0.25675421953201294,-0.3285544216632843,0.38892149925231934,0.2528810501098633,-0.3287728428840637,0.426520437002182,0.28162726759910583,-0.02843698300421238,0.35210949182510376,0.25451090931892395,-0.23444907367229462,0.4238007664680481,0.34250110387802124,-0.22488334774971008,0.39321401715278625,0.33165839314460754,-0.2893386483192444,0.45470374822616577,0.46496620774269104,0.17476090788841248,0.25426557660102844,0.42214685678482056,-0.2545453608036041,0.597226083278656,0.6514493227005005,-0.00015053997049108148,0.24067595601081848,0.6617761254310608,-0.5745033025741577,0.6544079780578613,0.5180967450141907,-0.5803872346878052,0.3906170427799225,0.7071436643600464,-0.9270457029342651,0.6798872351646423,0.46450069546699524,-0.6728531122207642,0.4232969284057617,0.7262610197067261,-1.0427460670471191,0.6677601337432861,0.4295046925544739,-0.6990624070167542,0.4446243345737457,0.694425642490387,-1.0209053754806519,0.648148238658905,0.4509432017803192,-0.6038630604743958,0.4361228048801422,0.6872954964637756,-0.9266102910041809,0.4197262227535248,0.900097131729126,0.1713257133960724,0.28012847900390625,0.9343467950820923,-0.17162689566612244,0.6033187508583069,1.1169116497039795,0.05135790631175041,0.3522484600543976,1.207619071006775,-0.4309042990207672,0.49995845556259155,1.4443403482437134,0.3204742968082428,0.3402404189109802,1.6202329397201538,-0.17604301869869232,0.4737566113471985,1.4857351779937744,0.3375813961029053,0.32552850246429443,1.6864628791809082,-0.15643349289894104,0.48954644799232483,1.570502519607544,0.16152861714363098,0.4083336889743805,1.737458348274231,-0.37369197607040405
frame_00036.jpg,0.42966023087501526,0.32418859004974365,-0.2992449998855591,0.4341347813606262,0.285969614982605,-0.2588421702384949,0.439236581325531,0.2869916260242462,-0.2593632936477661,0.4449256956577301,0.28809383511543274,-0.2593786120414734,0.4153711199760437,0.27792495489120483,-0.30317193269729614,0.40531063079833984,0.27346763014793396,-0.3037443459033966,0.3957200348377228,0.2691899240016937,-0.3039802014827728,0.42638128995895386,0.2932019531726837,-0.017294244840741158,0.357085645198822,0.2689390480518341,-0.22089111804962158,0.42479968070983887,0.35795098543167114,-0.19847321510314941,0.39794379472732544,0.35039037466049194,-0.26210078597068787,0.45459166169166565,0.4673008620738983,0.18863026797771454,0.2552729845046997,0.42233386635780334,-0.23401913046836853,0.5770779252052307,0.6555875539779663,0.010683213360607624,0.25106683373451233,0.6623750925064087,-0.49599146842956543,0.6319435238838196,0.48348987102508545,-0.5644112229347229,0.3966445326805115,0.6749776005744934,-0.7853893637657166,0.6572650671005249,0.42648380994796753,-0.654315173625946,0.4421641230583191,0.6876552700996399,-0.8863190412521362,0.6407048106193542,0.39030832052230835,-0.6880019307136536,0.4518340528011322,0.6458051800727844,-0.8673514127731323,0.6240490078926086,0.412281334400177,-0.5907344818115234,0.4420863687992096,0.6426088213920593,-0.7849861979484558,0.41349783539772034,0.9082257151603699,0.1702142059803009,0.28016188740730286,0.9402773976325989,-0.17051784694194794,0.6270869374275208,1.0862669944763184,-0.01211203821003437,0.3585793972015381,1.15529465675354,-0.40965598821640015,0.5400283336639404,1.4368761777877808,0.2503161132335663,0.36526206135749817,1.5690902471542358,-0.15187712013721466,0.5112878084182739,1.4757004976272583,0.26991331577301025,0.34916937351226807,1.631328821182251,-0.12936799228191376,0.5410024523735046,1.5594525337219238,0.12963083386421204,0.4420539438724518,1.6784464120864868,-0.31060346961021423
frame_00037.jpg,0.43104586005210876,0.3284621834754944,-0.3071042001247406,0.43517032265663147,0.28971147537231445,-0.2647331655025482,0.4396979808807373,0.2904461920261383,-0.2652321457862854,0.4449830949306488,0.291331946849823,-0.26522400975227356,0.4176076054573059,0.28253400325775146,-0.31010499596595764,0.4075750410556793,0.27816808223724365,-0.31068333983421326,0.3980371654033661,0.27395540475845337,-0.3109232783317566,0.426339328289032,0.2971227467060089,-0.01583278179168701,0.358991414308548,0.27379241585731506,-0.22380366921424866,0.42528390884399414,0.36217179894447327,-0.20349793136119843,0.39985886216163635,0.3560048043727875,-0.26846185326576233,0.4546147882938385,0.46886399388313293,0.1945849359035492,0.2560475468635559,0.4225255846977234,-0.23625679314136505,0.5689862370491028,0.6584903001785278,0.009440544061362743,0.25646597146987915,0.663705587387085,-0.5017924904823303,0.6216486692428589,0.4962075650691986,-0.5964261293411255,0.4005502164363861,0.6653192639350891,-0.803231418132782,0.6420251131057739,0.44943666458129883,-0.6926456689834595,0.4509022831916809,0.6808286905288696,-0.9106124043464661,0.6288429498672485,0.40176206827163696,-0.7228589653968811,0.4576314091682434,0.6348615288734436,-0.89087975025177,0.6137509942054749,0.41826021671295166,-0.622756838798523,0.44680720567703247,0.6334277987480164,-0.8031026721000671,0.4081250727176666,0.9093201756477356,0.17045564949512482,0.2795322835445404,0.9448028206825256,-0.17076317965984344,0.6275908350944519,1.0876621007919312,-0.03073931112885475,0.35930559039115906,1.1447389125823975,-0.43333521485328674,0.556489884853363,1.4631550312042236,0.21855175495147705,0.36387279629707336,1.5726908445358276,-0.18075494468212128,0.5312730669975281,1.5081672668457031,0.2351001501083374,0.34691041707992554,1.6366475820541382,-0.15893995761871338,0.5540368556976318,1.602507472038269,0.07146533578634262,0.44107311964035034,1.6856104135513306,-0.35115838050842285
frame_00038.jpg,0.43130427598953247,0.32752272486686707,-0.24550864100456238,0.4352315068244934,0.2913445830345154,-0.20580045878887177,0.4396006464958191,0.2927073836326599,-0.20633761584758759,0.4448123574256897,0.29420000314712524,-0.20636041462421417,0.4180684983730316,0.2829938530921936,-0.2486056387424469,0.4082176685333252,0.27829989790916443,-0.24921026825904846,0.39866524934768677,0.27387017011642456,-0.24946840107440948,0.42592018842697144,0.2988218367099762,0.02374466508626938,0.3603138029575348,0.27339985966682434,-0.1726168692111969,0.425091415643692,0.3639015853404999,-0.14873221516609192,0.40034040808677673,0.35843247175216675,-0.21042375266551971,0.4539901316165924,0.4537295699119568,0.218763068318367,0.2566550076007843,0.41874200105667114,-0.175926074385643,0.5625835657119751,0.6307364702224731,0.1447402387857437,0.26820582151412964,0.6006423234939575,-0.41167718172073364,0.6065577864646912,0.4541371166706085,-0.2791127562522888,0.4035293459892273,0.5810821652412415,-0.6432732343673706,0.6342109441757202,0.3899950385093689,-0.33428847789764404,0.45073848962783813,0.5809289813041687,-0.7283846735954285,0.6140807867050171,0.36694982647895813,-0.36452728509902954,0.4557470381259918,0.5285271406173706,-0.7072830200195312,0.5968469977378845,0.3982095718383789,-0.2995619773864746,0.44574815034866333,0.5297048687934875,-0.6413189768791199,0.4082113802433014,0.8811498284339905,0.15545077621936798,0.284369558095932,0.9175516366958618,-0.15576300024986267,0.6228384375572205,1.0798243284225464,-0.01730535365641117,0.3595602810382843,1.141404628753662,-0.36505740880966187,0.5677497982978821,1.4115097522735596,0.2918022871017456,0.37137049436569214,1.538066029548645,-0.11870203912258148,0.5469632148742676,1.455434799194336,0.31336307525634766,0.35958626866340637,1.5956053733825684,-0.09831749647855759,0.5773559808731079,1.520188570022583,0.19936971366405487,0.44017449021339417,1.6420588493347168,-0.25635239481925964
frame_00039.jpg,0.431535005569458,0.32957497239112854,-0.17070946097373962,0.4350312650203705,0.29450762271881104,-0.1288016438484192,0.43932634592056274,0.29595741629600525,-0.12930525839328766,0.4446782171726227,0.29747849702835083,-0.129310742020607,0.41868263483047485,0.2861892282962799,-0.1725800633430481,0.40892380475997925,0.2815920412540436,-0.17314279079437256,0.39947983622550964,0.27723196148872375,-0.17337529361248016,0.424541175365448,0.299808531999588,0.10766693204641342,0.3618324398994446,0.27564680576324463,-0.09361405670642853,0.4249737858772278,0.36493733525276184,-0.07225660979747772,0.4012291431427002,0.3627569079399109,-0.1352217197418213,0.45462551712989807,0.44978898763656616,0.27691328525543213,0.25662243366241455,0.4168732762336731,-0.0979534462094307,0.5642735362052917,0.6237013936042786,0.14131730794906616,0.27205830812454224,0.6035996079444885,-0.3989514708518982,0.6061750650405884,0.4336283504962921,-0.3710090219974518,0.40319737792015076,0.5631374716758728,-0.7286060452461243,0.6344645023345947,0.3716602027416229,-0.44447940587997437,0.44900864362716675,0.5707765221595764,-0.829434871673584,0.612594723701477,0.34728512167930603,-0.4709993302822113,0.45322394371032715,0.5207883715629578,-0.8058488965034485,0.5944827795028687,0.38038596510887146,-0.39240893721580505,0.4439145028591156,0.5207707285881042,-0.7279801964759827,0.43041306734085083,0.8761659264564514,0.14242151379585266,0.29549160599708557,0.9105014801025391,-0.14272193610668182,0.620887041091919,1.0950931310653687,-0.039023932069540024,0.3703078627586365,1.1456583738327026,-0.3790530264377594,0.5623438358306885,1.431073546409607,0.18853333592414856,0.415142297744751,1.5454068183898926,-0.1409827172756195,0.5427266955375671,1.4759202003479004,0.20187585055828094,0.40894025564193726,1.6008158922195435,-0.12168023735284805,0.5640507936477661,1.5397517681121826,0.05487198755145073,0.48277348279953003,1.6500446796417236,-0.29325997829437256
frame_00040.jpg,0.43292751908302307,0.3250405490398407,-0.1731848418712616,0.43512091040611267,0.29008403420448303,-0.12995752692222595,0.4391755163669586,0.2917305529117584,-0.13042527437210083,0.4444991946220398,0.29352861642837524,-0.13040873408317566,0.4192107319831848,0.2819024324417114,-0.17008450627326965,0.40956932306289673,0.2776312530040741,-0.17066079378128052,0.40002450346946716,0.2736430764198303,-0.17093007266521454,0.42449674010276794,0.2982805371284485,0.10333297401666641,0.361741840839386,0.27428048849105835,-0.07935892045497894,0.4249383807182312,0.36113226413726807,-0.07756223529577255,0.40281447768211365,0.3592411279678345,-0.13487692177295685,0.45818275213241577,0.4499281942844391,0.27742892503738403,0.2579256594181061,0.4170149564743042,-0.08960997313261032,0.5592000484466553,0.6248932480812073,0.10943392664194107,0.26192137598991394,0.6141635179519653,-0.3627854287624359,0.5909585952758789,0.4687090218067169,-0.42197808623313904,0.3779829144477844,0.5381308197975159,-0.6722627878189087,0.6212022304534912,0.425496906042099,-0.4995943605899811,0.4246140420436859,0.5483705997467041,-0.7675917744636536,0.59654700756073,0.38699907064437866,-0.5254526734352112,0.4420125484466553,0.4822942912578583,-0.737774133682251,0.5807623267173767,0.41654905676841736,-0.44434991478919983,0.4295821785926819,0.4807295799255371,-0.6678010821342468,0.4292905926704407,0.8790377378463745,0.13960199058055878,0.294586718082428,0.9099568724632263,-0.13992786407470703,0.600142776966095,1.0854343175888062,-0.06774965673685074,0.38023775815963745,1.13764488697052,-0.39650121331214905,0.5478992462158203,1.4414781332015991,0.09416115283966064,0.4042183756828308,1.5332581996917725,-0.15888741612434387,0.5316712856292725,1.4906994104385376,0.10160966217517853,0.3917064070701599,1.5947593450546265,-0.1383323073387146,0.5425370931625366,1.5658588409423828,-0.03706210106611252,0.473395973443985,1.6331778764724731,-0.2919311225414276
frame_00041.jpg,0.43333396315574646,0.3227476179599762,-0.2327863872051239,0.434937059879303,0.2881937026977539,-0.18756283819675446,0.43903225660324097,0.28999319672584534,-0.18805646896362305,0.44434818625450134,0.29195719957351685,-0.18802626430988312,0.41918984055519104,0.2799827456474304,-0.23084747791290283,0.4097885191440582,0.27587929368019104,-0.23141472041606903,0.40053194761276245,0.27204233407974243,-0.23168209195137024,0.4237607419490814,0.2978062629699707,0.06259981542825699,0.3619242310523987,0.27334389090538025,-0.13466188311576843,0.4248393476009369,0.36067187786102295,-0.12978489696979523,0.4044175148010254,0.35739099979400635,-0.1914401799440384,0.4589269161224365,0.4477396011352539,0.26209479570388794,0.2579200565814972,0.41744059324264526,-0.13466839492321014,0.5614980459213257,0.6530834436416626,0.10021340847015381,0.26155921816825867,0.6801294088363647,-0.3901212513446808,0.5858273506164551,0.5080894827842712,-0.5209137201309204,0.368681401014328,0.5455633401870728,-0.692330539226532,0.6028326153755188,0.4799560010433197,-0.6077781319618225,0.4178451597690582,0.5523161292076111,-0.7945520877838135,0.5892041325569153,0.41857269406318665,-0.6261560916900635,0.4357781410217285,0.485320121049881,-0.7664054036140442,0.5719507932662964,0.43848279118537903,-0.5408784747123718,0.4264376759529114,0.4850715100765228,-0.6884236931800842,0.42870205640792847,0.8810867667198181,0.1440872699022293,0.29344674944877625,0.912565290927887,-0.14441430568695068,0.6007596254348755,1.0940712690353394,-0.044529467821121216,0.38554102182388306,1.1423577070236206,-0.420143187046051,0.5605827569961548,1.4803049564361572,0.15584418177604675,0.4149501919746399,1.5430755615234375,-0.19702425599098206,0.5463045239448547,1.5356022119522095,0.16699832677841187,0.40330037474632263,1.5963143110275269,-0.17739790678024292,0.558052122592926,1.6033309698104858,0.017051853239536285,0.4890216886997223,1.6429029703140259,-0.34051740169525146
frame_00042.jpg,0.43350091576576233,0.32136380672454834,-0.25094103813171387,0.434770405292511,0.2870940864086151,-0.20536763966083527,0.438922643661499,0.2890051305294037,-0.2058665007352829,0.44429531693458557,0.29108697175979614,-0.2058275192975998,0.41916680335998535,0.27883097529411316,-0.24942946434020996,0.40992990136146545,0.2748112976551056,-0.24999403953552246,0.40081730484962463,0.2710404098033905,-0.2502645254135132,0.4230427145957947,0.2973927855491638,0.04799831658601761,0.36208823323249817,0.27270248532295227,-0.15266337990760803,0.4247643053531647,0.36013057827949524,-0.14646008610725403,0.4052268862724304,0.3563745617866516,-0.209104984998703,0.4592234194278717,0.4461520314216614,0.254122793674469,0.2580468952655792,0.41787010431289673,-0.1504320651292801,0.5619751811027527,0.660854697227478,0.096446193754673,0.261035293340683,0.6964737176895142,-0.3997083008289337,0.5820459127426147,0.5482044816017151,-0.5343838334083557,0.36578673124313354,0.5470326542854309,-0.6943565011024475,0.597885012626648,0.5076261758804321,-0.6202283501625061,0.41551804542541504,0.5531409382820129,-0.7965831160545349,0.586089015007019,0.43191733956336975,-0.6406198143959045,0.4334414601325989,0.4856303930282593,-0.7683699131011963,0.5691168308258057,0.44822582602500916,-0.5549755692481995,0.4249456822872162,0.48527052998542786,-0.690224826335907,0.4281136095523834,0.881250262260437,0.1463112086057663,0.2927066385746002,0.9142479300498962,-0.1466449350118637,0.5996416211128235,1.0949293375015259,-0.0431719571352005,0.38710612058639526,1.1451340913772583,-0.43114179372787476,0.5597352385520935,1.4800466299057007,0.18614499270915985,0.4149915277957916,1.5494141578674316,-0.21014586091041565,0.544131338596344,1.5344923734664917,0.2007562667131424,0.4031620919704437,1.6004191637039185,-0.19054237008094788,0.557463526725769,1.6030179262161255,0.06296456605195999,0.48857027292251587,1.6439484357833862,-0.3568513095378876
frame_00043.jpg,0.43312039971351624,0.3215314447879791,-0.3097916543483734,0.43472862243652344,0.28640851378440857,-0.2670755386352539,0.4391136169433594,0.2883749306201935,-0.26756519079208374,0.44463324546813965,0.29039233922958374,-0.26755255460739136,0.41867756843566895,0.27786776423454285,-0.31807196140289307,0.4093948006629944,0.27378007769584656,-0.3186335861682892,0.40015292167663574,0.2700718939304352,-0.31891071796417236,0.4233981668949127,0.29653966426849365,-0.014547398313879967,0.36171308159828186,0.27197980880737305,-0.24702706933021545,0.4248386025428772,0.3596579432487488,-0.2044430524110794,0.40473541617393494,0.3556303083896637,-0.2762065529823303,0.45921048521995544,0.44692274928092957,0.2064622938632965,0.25385409593582153,0.42099729180336,-0.26004868745803833,0.556104838848114,0.6744338870048523,-0.008272604085505009,0.2545321583747864,0.734127938747406,-0.5747395157814026,0.5859694480895996,0.5551608204841614,-0.6530695557594299,0.3680930435657501,0.6064678430557251,-0.9402056932449341,0.6025947332382202,0.5129786133766174,-0.7483025193214417,0.4184911847114563,0.5653526782989502,-1.0611259937286377,0.5940715074539185,0.4377616047859192,-0.7775502800941467,0.4345528185367584,0.5089345574378967,-1.0294578075408936,0.5749512910842896,0.48388585448265076,-0.679204523563385,0.4250481128692627,0.4924297332763672,-0.9362149238586426,0.42814046144485474,0.8862811326980591,0.15809859335422516,0.29257211089134216,0.9193634390830994,-0.15840736031532288,0.5950418710708618,1.124050259590149,-0.058923494070768356,0.376081645488739,1.2236478328704834,-0.491098016500473,0.5336052179336548,1.5183411836624146,0.14895740151405334,0.39921560883522034,1.6383556127548218,-0.3041170537471771,0.5161817669868469,1.569488525390625,0.15962901711463928,0.38973790407180786,1.7046737670898438,-0.2904224693775177,0.5231999158859253,1.6617323160171509,-0.00103614607360214,0.47124046087265015,1.7389954328536987,-0.49320778250694275
frame_00044.jpg,0.4328938126564026,0.32202789187431335,-0.3276349604129791,0.4346689283847809,0.2861737012863159,-0.285574734210968,0.43922892212867737,0.28817781805992126,-0.28606754541397095,0.44487524032592773,0.2901511788368225,-0.28605905175209045,0.41834521293640137,0.2773144841194153,-0.33562490344047546,0.4090634882450104,0.2730867564678192,-0.336184561252594,0.39973026514053345,0.26938045024871826,-0.33646368980407715,0.4237375855445862,0.2960153818130493,-0.03326575085520744,0.3616594970226288,0.2710680365562439,-0.2614498734474182,0.4248085618019104,0.359626829624176,-0.2221478670835495,0.4044589102268219,0.3551732897758484,-0.29276537895202637,0.45916056632995605,0.4472656548023224,0.18628987669944763,0.25100940465927124,0.4222087860107422,-0.27064549922943115,0.5533997416496277,0.6802441477775574,-0.0315391905605793,0.2493446171283722,0.7412763237953186,-0.587917149066925,0.5871517658233643,0.5591291189193726,-0.6686094403266907,0.369028776884079,0.6260479092597961,-0.959756076335907,0.6036914587020874,0.5174232125282288,-0.7643773555755615,0.4201955795288086,0.5728417038917542,-1.0812523365020752,0.5983368754386902,0.4407287538051605,-0.7945569753646851,0.43522730469703674,0.5215371251106262,-1.0504021644592285,0.577360987663269,0.49905407428741455,-0.695063591003418,0.4250642657279968,0.4979678988456726,-0.9563614726066589,0.4277142882347107,0.8901384472846985,0.1600293070077896,0.2907552123069763,0.92188560962677,-0.160324826836586,0.588137149810791,1.1422454118728638,-0.06273064017295837,0.3668246865272522,1.2425061464309692,-0.4963643550872803,0.5237442851066589,1.5407092571258545,0.14435435831546783,0.38899266719818115,1.6551584005355835,-0.30297499895095825,0.5064154267311096,1.5925002098083496,0.15448732674121857,0.3810022175312042,1.7233163118362427,-0.2889364957809448,0.5112295746803284,1.685880422592163,-0.013467413373291492,0.45851343870162964,1.7551238536834717,-0.4948090612888336
frame_00045.jpg,0.4326738715171814,0.32142969965934753,-0.3217256963253021,0.4346233308315277,0.28564247488975525,-0.2799786925315857,0.43930038809776306,0.2876427471637726,-0.28042128682136536,0.44501933455467224,0.28963643312454224,-0.28034088015556335,0.4182189404964447,0.2769731283187866,-0.3305458426475525,0.4088346064090729,0.27274757623672485,-0.33114951848983765,0.39938098192214966,0.26894792914390564,-0.33143341541290283,0.42425647377967834,0.2956252694129944,-0.028804365545511246,0.3608802258968353,0.2706257998943329,-0.2472659796476364,0.4249490797519684,0.3590943515300751,-0.21646949648857117,0.4042038023471832,0.3549312353134155,-0.2852213978767395,0.46046146750450134,0.45942938327789307,0.18973776698112488,0.2505778670310974,0.42491477727890015,-0.25578317046165466,0.5839481353759766,0.6797968745231628,-0.015175456181168556,0.25155505537986755,0.7254705429077148,-0.5747827291488647,0.6040328145027161,0.5672985315322876,-0.6403596997261047,0.38935524225234985,0.7027794718742371,-0.8806851506233215,0.6046434640884399,0.5256046652793884,-0.7404391169548035,0.42466193437576294,0.7065642476081848,-0.9868847727775574,0.5998692512512207,0.4706701338291168,-0.765414834022522,0.45111221075057983,0.6812762022018433,-0.9927695989608765,0.5801688432693481,0.5025808811187744,-0.6652111411094666,0.44024792313575745,0.660794198513031,-0.8866793513298035,0.4287719130516052,0.8912568688392639,0.17377133667469025,0.2906786799430847,0.9320518970489502,-0.17402435839176178,0.6549755334854126,1.0086928606033325,-0.0521932914853096,0.44647955894470215,1.0544699430465698,-0.4924636483192444,0.532018780708313,1.2288181781768799,0.13799159228801727,0.44767022132873535,1.465639352798462,-0.2628157436847687,0.5078908205032349,1.2541650533676147,0.14958494901657104,0.4261482357978821,1.5244849920272827,-0.2294287234544754,0.5351153612136841,1.3189818859100342,0.009726659394800663,0.5359675288200378,1.5792382955551147,-0.3616463840007782
frame_00046.jpg,0.43273478746414185,0.31933674216270447,-0.32891374826431274,0.4346354007720947,0.28234270215034485,-0.28139156103134155,0.4394962191581726,0.2837981879711151,-0.2819288969039917,0.44527173042297363,0.2851494550704956,-0.2819252610206604,0.4180760383605957,0.27419936656951904,-0.3322908282279968,0.40859586000442505,0.27070119976997375,-0.33283498883247375,0.3989472985267639,0.2675268054008484,-0.3330603241920471,0.4246513247489929,0.29123803973197937,-0.023576760664582253,0.36076703667640686,0.27002593874931335,-0.24757060408592224,0.42657947540283203,0.3562506139278412,-0.2228149175643921,0.4042142331600189,0.35127270221710205,-0.293277382850647,0.46005725860595703,0.4600161910057068,0.19198128581047058,0.2489757090806961,0.4275336265563965,-0.28100794553756714,0.5953748226165771,0.6724446415901184,0.004284015856683254,0.24473924934864044,0.7274797558784485,-0.5508252382278442,0.6120752096176147,0.5789106488227844,-0.6227914690971375,0.3891507089138031,0.7078740000724792,-0.8225234746932983,0.607888400554657,0.5464715957641602,-0.7067404389381409,0.4399682879447937,0.7255793213844299,-0.9187318086624146,0.596672534942627,0.4935063123703003,-0.7500662207603455,0.4517003893852234,0.6721940636634827,-0.9148896932601929,0.581846296787262,0.51121985912323,-0.6538434624671936,0.43999987840652466,0.6656132340431213,-0.8243667483329773,0.4277074337005615,0.888276994228363,0.18622194230556488,0.2815212905406952,0.9314349889755249,-0.18652555346488953,0.6634196639060974,0.9631026387214661,-0.07542156428098679,0.4269123673439026,1.0274721384048462,-0.48820582032203674,0.5062603950500488,1.1927505731582642,0.050050534307956696,0.44924721121788025,1.446707844734192,-0.215007945895195,0.46357327699661255,1.2178630828857422,0.05738416314125061,0.4298483729362488,1.507913589477539,-0.18280233442783356,0.5113186836242676,1.2801215648651123,-0.08670254796743393,0.548438310623169,1.5513145923614502,-0.3290679454803467
frame_00047.jpg,0.4328135550022125,0.31841951608657837,-0.36045217514038086,0.43466290831565857,0.28056690096855164,-0.3131272792816162,0.43966159224510193,0.2816987931728363,-0.313702791929245,0.44545918703079224,0.2827063500881195,-0.3137196898460388,0.41796937584877014,0.2727578580379486,-0.3649754226207733,0.4085085988044739,0.2695977985858917,-0.3655030429363251,0.39886337518692017,0.2668282687664032,-0.36570924520492554,0.42484360933303833,0.28871843218803406,-0.05518556758761406,0.3605253994464874,0.2699108421802521,-0.28823620080947876,0.4274917542934418,0.354796439409256,-0.2549530565738678,0.4043335020542145,0.3495677709579468,-0.3271208703517914,0.4597916603088379,0.4607524871826172,0.1667376309633255,0.24820391833782196,0.42903417348861694,-0.3154837489128113,0.5982967615127563,0.6712433099746704,-0.0009095005807466805,0.24315397441387177,0.7245635390281677,-0.5504211187362671,0.6119328141212463,0.5813810229301453,-0.6032871007919312,0.3845989406108856,0.717097818851471,-0.806174099445343,0.610679566860199,0.551328718662262,-0.693109393119812,0.43048128485679626,0.763196587562561,-0.9018350839614868,0.5916916131973267,0.4996196925640106,-0.7242235541343689,0.43730854988098145,0.7062758207321167,-0.8962451815605164,0.5808728337287903,0.5148279070854187,-0.6297193765640259,0.4244564473628998,0.698711097240448,-0.8081969022750854,0.4172409176826477,0.8876470327377319,0.18730893731117249,0.27579230070114136,0.9302247762680054,-0.18758389353752136,0.6536051630973816,0.9933800101280212,-0.052801113575696945,0.4252656400203705,1.067885160446167,-0.4818686544895172,0.5045737624168396,1.2537213563919067,0.09785255789756775,0.4370986819267273,1.4884264469146729,-0.18443256616592407,0.4642384946346283,1.283530831336975,0.10839016735553741,0.41971898078918457,1.5508837699890137,-0.15490759909152985,0.5106924176216125,1.3554548025131226,-0.04467029124498367,0.5248145461082458,1.5926177501678467,-0.3161771595478058
frame_00048.jpg,0.4327249526977539,0.3089923858642578,-0.42735618352890015,0.43407106399536133,0.27205878496170044,-0.3750806450843811,0.4390352666378021,0.27372267842292786,-0.37567952275276184,0.44481101632118225,0.27547165751457214,-0.37562379240989685,0.41502800583839417,0.2646946609020233,-0.42641234397888184,0.40589746832847595,0.262116014957428,-0.42689481377601624,0.3961847424507141,0.260158509016037,-0.4271058142185211,0.42160239815711975,0.28300100564956665,-0.10992761701345444,0.3580755591392517,0.26689109206199646,-0.3415924906730652,0.42750006914138794,0.34614500403404236,-0.32183921337127686,0.4041826128959656,0.3424711227416992,-0.3930407166481018,0.45944127440452576,0.4598228335380554,0.10715377330780029,0.24705512821674347,0.4307042062282562,-0.39310333132743835,0.6103595495223999,0.651412308216095,-0.037995271384716034,0.2448219507932663,0.7275415658950806,-0.733077883720398,0.6447911858558655,0.7066101431846619,-0.5956889390945435,0.4011093080043793,0.658836305141449,-1.0809606313705444,0.6644749045372009,0.7444943785667419,-0.6843832731246948,0.4478536546230316,0.6586046814918518,-1.2115931510925293,0.6359027624130249,0.7087531685829163,-0.7214572429656982,0.4539967477321625,0.6388913989067078,-1.183619499206543,0.626548707485199,0.7023963332176208,-0.6245189905166626,0.44269776344299316,0.6500214338302612,-1.0791617631912231,0.41852813959121704,0.8884586095809937,0.1855679452419281,0.2754978537559509,0.9291079044342041,-0.18583457171916962,0.6350057721138,1.0756596326828003,0.08525149524211884,0.370797723531723,1.097390055656433,-0.5548309087753296,0.5423123836517334,1.3410035371780396,0.35189124941825867,0.3973632752895355,1.5549488067626953,-0.3126158118247986,0.5199580192565918,1.3799906969070435,0.3680659532546997,0.3832031488418579,1.6245999336242676,-0.2917036712169647,0.5495718717575073,1.43947434425354,0.21550169587135315,0.4946001172065735,1.6729447841644287,-0.493100643157959
frame_00049.jpg,0.4326554834842682,0.3047948181629181,-0.41465210914611816,0.4336482882499695,0.268273264169693,-0.36256760358810425,0.4385828375816345,0.27019453048706055,-0.3631575107574463,0.4443424344062805,0.27228468656539917,-0.3630971908569336,0.4132097661495209,0.2609078586101532,-0.4127448499202728,0.40426620841026306,0.258428156375885,-0.41322579979896545,0.39456453919410706,0.2566528022289276,-0.4134368300437927,0.4198908805847168,0.28032711148262024,-0.1003868356347084,0.35671278834342957,0.2648826539516449,-0.3270283341407776,0.4274713099002838,0.3421141505241394,-0.3102961778640747,0.40400370955467224,0.3390151858329773,-0.38003700971603394,0.4591788649559021,0.4591263234615326,0.11095277965068817,0.2466072291135788,0.4315348267555237,-0.3793056309223175,0.6149793267250061,0.6446945667266846,-0.03531806170940399,0.24718599021434784,0.7282383441925049,-0.712016224861145,0.645946204662323,0.7205654382705688,-0.5914982557296753,0.40815186500549316,0.6384895443916321,-1.0507758855819702,0.6664552688598633,0.7599408030509949,-0.6817623972892761,0.45460399985313416,0.6295698881149292,-1.1790671348571777,0.644144594669342,0.7246595025062561,-0.7145127654075623,0.46096688508987427,0.6104153394699097,-1.1506847143173218,0.6289278268814087,0.7161710262298584,-0.6183782815933228,0.45027413964271545,0.6254853010177612,-1.048581838607788,0.42037153244018555,0.8890777826309204,0.18436744809150696,0.2758076786994934,0.928266704082489,-0.18464341759681702,0.6257315874099731,1.1036556959152222,0.08730562031269073,0.35479679703712463,1.1177210807800293,-0.550180196762085,0.5543147921562195,1.3796207904815674,0.3691985309123993,0.3849969506263733,1.5747307538986206,-0.30020228028297424,0.5351788997650146,1.4200001955032349,0.3869702219963074,0.3719947338104248,1.643230676651001,-0.27852270007133484,0.5597432851791382,1.4803041219711304,0.23328936100006104,0.48145192861557007,1.6943305730819702,-0.4793052673339844
frame_00050.jpg,0.43125900626182556,0.296154648065567,-0.33229875564575195,0.43328627943992615,0.26160115003585815,-0.28028956055641174,0.4384273886680603,0.26387014985084534,-0.28084176778793335,0.444316565990448,0.26628708839416504,-0.28078705072402954,0.41085973381996155,0.2543049156665802,-0.32573041319847107,0.4018850326538086,0.25183141231536865,-0.3261699676513672,0.39203041791915894,0.2501930594444275,-0.32634416222572327,0.4205915033817291,0.2755521535873413,-0.04379952698945999,0.35372194647789,0.26113927364349365,-0.2484363317489624,0.42744868993759155,0.33405011892318726,-0.23985037207603455,0.40188926458358765,0.3311730921268463,-0.3033182621002197,0.45918789505958557,0.4591131806373596,0.13180063664913177,0.2466878443956375,0.43149957060813904,-0.3533758521080017,0.6097193956375122,0.6474789381027222,-0.0255751796066761,0.2518850564956665,0.7253303527832031,-0.647920548915863,0.6404260396957397,0.6850574612617493,-0.5690627098083496,0.44492262601852417,0.6274043321609497,-0.9709714651107788,0.6627388596534729,0.7150307297706604,-0.6523259878158569,0.5010355710983276,0.6206203103065491,-1.0878815650939941,0.6383246183395386,0.6878097057342529,-0.688308596611023,0.5240310430526733,0.5988518595695496,-1.0712900161743164,0.6238939762115479,0.6841863989830017,-0.5955055952072144,0.5066491961479187,0.609628438949585,-0.9722158312797546,0.4313812851905823,0.8885406255722046,0.16956745088100433,0.2816930413246155,0.9206989407539368,-0.16985966265201569,0.6065364480018616,1.146267056465149,0.07705097645521164,0.34903091192245483,1.176950454711914,-0.5280730724334717,0.557338535785675,1.454822063446045,0.3288189768791199,0.3790023624897003,1.602336049079895,-0.2828254699707031,0.5429373979568481,1.499536156654358,0.34380024671554565,0.3671530783176422,1.6670743227005005,-0.2615240216255188,0.5563960671424866,1.5602003335952759,0.19677004218101501,0.4666878283023834,1.7127172946929932,-0.44953054189682007
frame_00051.jpg,0.4275347590446472,0.28854501247406006,-0.3258446753025055,0.4319952130317688,0.2537495195865631,-0.2723851203918457,0.4377603530883789,0.25682568550109863,-0.27291232347488403,0.4440740644931793,0.2596474587917328,-0.2728746831417084,0.4065597951412201,0.24501784145832062,-0.3197963237762451,0.3972337543964386,0.2431112676858902,-0.32027995586395264,0.3864634931087494,0.24161499738693237,-0.32047322392463684,0.42158812284469604,0.27103757858276367,-0.023975055664777756,0.3489585220813751,0.25562670826911926,-0.23734471201896667,0.42702174186706543,0.32788822054862976,-0.22885100543498993,0.3981598913669586,0.32171720266342163,-0.29464203119277954,0.46169358491897583,0.4593343734741211,0.14592108130455017,0.24572567641735077,0.4314897656440735,-0.33196526765823364,0.606777548789978,0.643566906452179,-0.024049527943134308,0.2534768879413605,0.7129436731338501,-0.6355513334274292,0.6358292698860168,0.7090455293655396,-0.6011816263198853,0.4506531357765198,0.6462152600288391,-0.9459956288337708,0.6583338975906372,0.7542818784713745,-0.6960644721984863,0.5205422639846802,0.6613917946815491,-1.0654395818710327,0.6374788284301758,0.7124226689338684,-0.7345432639122009,0.546018660068512,0.6524667739868164,-1.0400807857513428,0.6198908090591431,0.70436030626297,-0.630660891532898,0.519710123538971,0.6545793414115906,-0.9442728161811829,0.4311181604862213,0.895501434803009,0.16977748274803162,0.2798452079296112,0.9331080913543701,-0.1700679361820221,0.6056236028671265,1.149919033050537,0.06138703227043152,0.3528950810432434,1.182204008102417,-0.5341347455978394,0.5568390488624573,1.4782222509384155,0.28808045387268066,0.3513795733451843,1.6097900867462158,-0.32171744108200073,0.5403753519058228,1.5242472887039185,0.302195280790329,0.33271172642707825,1.6773253679275513,-0.30321380496025085,0.5547795295715332,1.5920794010162354,0.1532345861196518,0.4295441210269928,1.717172622680664,-0.4764809012413025
frame_00052.jpg,0.4254322052001953,0.28491172194480896,-0.31903520226478577,0.43106207251548767,0.25058573484420776,-0.2660290598869324,0.4372333586215973,0.2541052997112274,-0.2665659785270691,0.44382914900779724,0.25718504190444946,-0.2665368914604187,0.4042791724205017,0.24098168313503265,-0.3120364844799042,0.3946753442287445,0.23911121487617493,-0.312529057264328,0.3834471106529236,0.23740287125110626,-0.3127360939979553,0.4220622479915619,0.2695683538913727,-0.017362285405397415,0.34590473771095276,0.2524797022342682,-0.22375452518463135,0.4264925420284271,0.3253355026245117,-0.22227759659290314,0.3957599103450775,0.3178725242614746,-0.28609633445739746,0.4631192684173584,0.4595502018928528,0.1510077267885208,0.24460601806640625,0.4314492642879486,-0.3309473693370819,0.6081559062004089,0.641600489616394,-0.006597662810236216,0.2568175792694092,0.7020488381385803,-0.6326004862785339,0.6357172727584839,0.7125095129013062,-0.543236255645752,0.4516046941280365,0.6544350385665894,-0.894978404045105,0.6602113246917725,0.7591758966445923,-0.633066713809967,0.5222528576850891,0.6799747347831726,-1.0081636905670166,0.6375574469566345,0.7216339111328125,-0.6727147698402405,0.5486510396003723,0.670951247215271,-0.9848383665084839,0.622974693775177,0.7121517062187195,-0.5726223587989807,0.5211817026138306,0.6700572371482849,-0.891766369342804,0.43075236678123474,0.8976678848266602,0.16991621255874634,0.27699318528175354,0.9374234080314636,-0.17019937932491302,0.6387887001037598,1.0616824626922607,-0.03361426666378975,0.3662351667881012,1.0697040557861328,-0.5169954895973206,0.567405104637146,1.3320930004119873,0.05977923423051834,0.3614175617694855,1.5162922143936157,-0.30176860094070435,0.5432425141334534,1.3672254085540771,0.061123572289943695,0.3431580662727356,1.5803674459457397,-0.27706435322761536,0.5681651830673218,1.4324396848678589,-0.09228838980197906,0.4409054219722748,1.6448347568511963,-0.4131447672843933
frame_00053.jpg,0.41712936758995056,0.2801414430141449,-0.3649823069572449,0.42695727944374084,0.24637208878993988,-0.3131341338157654,0.4342130720615387,0.25000375509262085,-0.31368187069892883,0.44116640090942383,0.25319617986679077,-0.3136580288410187,0.3992028832435608,0.2381381392478943,-0.34894663095474243,0.38856008648872375,0.23636610805988312,-0.34950798749923706,0.3778728246688843,0.23463000357151031,-0.3497620224952698,0.4220680594444275,0.2671124041080475,-0.054445069283246994,0.3423411250114441,0.2503652274608612,-0.22821584343910217,0.4214819371700287,0.32050621509552,-0.2639300525188446,0.38897624611854553,0.31217440962791443,-0.31515154242515564,0.46161991357803345,0.4587605893611908,0.1250804364681244,0.24468477070331573,0.43113332986831665,-0.27526044845581055,0.6037197709083557,0.6329033970832825,-0.02032976597547531,0.25314098596572876,0.7017098665237427,-0.5166414380073547,0.6516309976577759,0.709722638130188,-0.5482968091964722,0.4084434509277344,0.6562808156013489,-0.8437395095825195,0.6745425462722778,0.7392972707748413,-0.6367313861846924,0.4627082943916321,0.6776014566421509,-0.9566963315010071,0.6590003371238708,0.6996796727180481,-0.6766601800918579,0.47837918996810913,0.6660215258598328,-0.9481934309005737,0.6447728276252747,0.709364652633667,-0.5775609016418457,0.465383917093277,0.6660735011100769,-0.8481847047805786,0.42916545271873474,0.8931528925895691,0.1484038531780243,0.2756652235984802,0.9334735870361328,-0.1486876755952835,0.6311584711074829,1.035904884338379,-0.029848825186491013,0.34204816818237305,1.0884217023849487,-0.44612178206443787,0.49227041006088257,1.2698042392730713,0.20454704761505127,0.3447067439556122,1.5211094617843628,-0.21006277203559875,0.45953568816185,1.2938799858093262,0.22978731989860535,0.32989487051963806,1.5811183452606201,-0.1858370453119278,0.47506779432296753,1.3698077201843262,0.11541545391082764,0.4171227812767029,1.6470410823822021,-0.3557055592536926
frame_00054.jpg,0.4137675166130066,0.27775946259498596,-0.38663211464881897,0.42485547065734863,0.24426625669002533,-0.3316745162010193,0.4325351119041443,0.24791598320007324,-0.332233190536499,0.43966594338417053,0.25113445520401,-0.33221548795700073,0.3969273269176483,0.23667916655540466,-0.3692319989204407,0.38592079281806946,0.23493260145187378,-0.3697989881038666,0.3754791021347046,0.23318471014499664,-0.3700600862503052,0.42208370566368103,0.26573044061660767,-0.05911799147725105,0.3405577540397644,0.24910089373588562,-0.2309553623199463,0.4190491735935211,0.3179638981819153,-0.2801886796951294,0.3860606551170349,0.3095165491104126,-0.33315303921699524,0.4610174596309662,0.4580589830875397,0.132508784532547,0.2448023110628128,0.43048858642578125,-0.27225178480148315,0.602492094039917,0.6296284198760986,-0.018454037606716156,0.2517584562301636,0.7016567587852478,-0.5379654169082642,0.6596033573150635,0.7048811316490173,-0.5486316680908203,0.39700600504875183,0.6571680903434753,-0.9026253819465637,0.6819668412208557,0.71957927942276,-0.6406974792480469,0.44816550612449646,0.6756356954574585,-1.0258885622024536,0.6681036949157715,0.6790388226509094,-0.6871256232261658,0.4618012309074402,0.65864497423172,-1.0218827724456787,0.6536929607391357,0.700530469417572,-0.5821129083633423,0.45058050751686096,0.6628705263137817,-0.9105253219604492,0.42882800102233887,0.8890096545219421,0.14889509975910187,0.2755710780620575,0.929253876209259,-0.14918486773967743,0.6412045359611511,1.0089389085769653,-0.08870429545640945,0.34676554799079895,1.0874162912368774,-0.4491857588291168,0.4890192449092865,1.2238926887512207,0.1656610369682312,0.35177287459373474,1.500744342803955,-0.18603838980197906,0.451150506734848,1.2434555292129517,0.18808910250663757,0.33421942591667175,1.5559489727020264,-0.15916143357753754,0.47835105657577515,1.3237131834030151,0.060273539274930954,0.4281461238861084,1.6268755197525024,-0.33987119793891907
frame_00055.jpg,0.4107901155948639,0.278937965631485,-0.37726038694381714,0.42317718267440796,0.24467717111110687,-0.3233266770839691,0.4315907061100006,0.24821360409259796,-0.3238820731639862,0.4388206899166107,0.2512745261192322,-0.3238643407821655,0.39463767409324646,0.23698559403419495,-0.36525917053222656,0.3833533525466919,0.23519165813922882,-0.3658371567726135,0.3726750314235687,0.23341675102710724,-0.3661049008369446,0.422431081533432,0.26587149500846863,-0.045101769268512726,0.33764979243278503,0.24921630322933197,-0.20331105589866638,0.4175386428833008,0.31914636492729187,-0.27196332812309265,0.3831517994403839,0.31101179122924805,-0.3309948146343231,0.46430912613868713,0.4584231674671173,0.14190448820590973,0.24158313870429993,0.4303417205810547,-0.22431977093219757,0.6165478229522705,0.6376357674598694,-0.030432457104325294,0.2516980469226837,0.7023354172706604,-0.5252444744110107,0.6580563187599182,0.6880822777748108,-0.6210992932319641,0.4014682173728943,0.6797469854354858,-0.9049656987190247,0.6766369342803955,0.7075534462928772,-0.7250224351882935,0.44912391901016235,0.6906274557113647,-1.0278619527816772,0.6602586507797241,0.6535512208938599,-0.7543649673461914,0.47621017694473267,0.6734956502914429,-1.0174442529678345,0.6464768648147583,0.66087406873703,-0.6475332379341125,0.46108943223953247,0.6732800006866455,-0.9107024073600769,0.43303900957107544,0.884286642074585,0.14731988310813904,0.27765175700187683,0.9228177666664124,-0.1476525515317917,0.6626914739608765,1.0202080011367798,-0.13836251199245453,0.34598222374916077,1.0766743421554565,-0.4502665102481842,0.5376496911048889,1.2619277238845825,0.020186549052596092,0.35713499784469604,1.5024999380111694,-0.17964410781860352,0.4987373948097229,1.2926298379898071,0.027619417756795883,0.338339626789093,1.560628890991211,-0.1547549068927765,0.5444242358207703,1.3554694652557373,-0.1677369475364685,0.43503230810165405,1.6314738988876343,-0.35449355840682983
frame_00056.jpg,0.4087221622467041,0.2787241041660309,-0.3748362064361572,0.42042428255081177,0.24302096664905548,-0.3194744288921356,0.4294191002845764,0.24608829617500305,-0.32004839181900024,0.43657010793685913,0.24884356558322906,-0.32007068395614624,0.39260879158973694,0.2362671196460724,-0.3617282807826996,0.38101887702941895,0.2345915585756302,-0.3623095750808716,0.3703153729438782,0.23290039598941803,-0.36254024505615234,0.42111340165138245,0.26368603110313416,-0.02866842970252037,0.33357855677604675,0.24833939969539642,-0.2079581916332245,0.4155764579772949,0.31824690103530884,-0.26611343026161194,0.38185352087020874,0.31088054180145264,-0.324605792760849,0.4639817774295807,0.45831912755966187,0.1843881905078888,0.24092474579811096,0.4305277168750763,-0.23766915500164032,0.6087051630020142,0.6313579678535461,0.01679050549864769,0.2572163939476013,0.7113077044487,-0.5341182351112366,0.6683263182640076,0.6852338314056396,-0.5749043226242065,0.40583890676498413,0.6845578551292419,-0.9047600030899048,0.7006851434707642,0.6695849895477295,-0.6736932992935181,0.44968533515930176,0.6936214566230774,-1.0261503458023071,0.6698445081710815,0.6385788321495056,-0.7173410654067993,0.480648934841156,0.6767280101776123,-1.0143091678619385,0.6624134182929993,0.6597099304199219,-0.6083282232284546,0.4662570357322693,0.6754747033119202,-0.9095748066902161,0.43285393714904785,0.8844092488288879,0.16050580143928528,0.277637243270874,0.9255355000495911,-0.1608123779296875,0.6676302552223206,1.0105385780334473,-0.11037477105855942,0.3759012520313263,1.0709651708602905,-0.46417489647865295,0.5374211072921753,1.2544372081756592,0.006942201405763626,0.38188841938972473,1.5016924142837524,-0.18506187200546265,0.4981995224952698,1.283813238143921,0.010509894229471684,0.3625478446483612,1.5625499486923218,-0.15566912293434143,0.5436853766441345,1.3492271900177002,-0.1517055779695511,0.4680248200893402,1.625515341758728,-0.3635154962539673
frame_00057.jpg,0.40768012404441833,0.27857714891433716,-0.3623751699924469,0.4189256727695465,0.24218633770942688,-0.3042950928211212,0.42813587188720703,0.24503183364868164,-0.3048800528049469,0.43524059653282166,0.24764658510684967,-0.3049158453941345,0.3915112614631653,0.2359047830104828,-0.3468833565711975,0.37982040643692017,0.2342989146709442,-0.3474462628364563,0.3691405951976776,0.23266997933387756,-0.3476531505584717,0.42037734389305115,0.2625410258769989,-0.01566057652235031,0.33180680871009827,0.247867152094841,-0.2031642198562622,0.41452521085739136,0.3176480829715729,-0.25108271837234497,0.3811737298965454,0.31081855297088623,-0.30956926941871643,0.4639224112033844,0.45822209119796753,0.20090362429618835,0.24065272510051727,0.43060287833213806,-0.24790191650390625,0.6035645604133606,0.6282434463500977,0.03940946236252785,0.25999507308006287,0.715543806552887,-0.5405304431915283,0.6714367270469666,0.6800677180290222,-0.5393754243850708,0.4084300994873047,0.6865071058273315,-0.8883391618728638,0.7047026753425598,0.6412057876586914,-0.6325002908706665,0.4500523507595062,0.6950368285179138,-1.0045158863067627,0.6726242899894714,0.6288787722587585,-0.6771180033683777,0.48323172330856323,0.6780416965484619,-0.9965912699699402,0.6666954755783081,0.6574028730392456,-0.5728415846824646,0.4691559374332428,0.6763321757316589,-0.8930991888046265,0.4325088560581207,0.8830159306526184,0.16657838225364685,0.2777373790740967,0.9263861775398254,-0.16688627004623413,0.6716612577438354,0.9985542297363281,-0.10496870428323746,0.3905358910560608,1.0557217597961426,-0.4662507176399231,0.5372551679611206,1.2368186712265015,-0.018887856975197792,0.3999616205692291,1.4853737354278564,-0.1925462931394577,0.4976801872253418,1.264320969581604,-0.017857197672128677,0.38094788789749146,1.5463955402374268,-0.16645973920822144,0.5433003306388855,1.3299068212509155,-0.17557886242866516,0.4906570315361023,1.6062363386154175,-0.3635638356208801
frame_00058.jpg,0.40669751167297363,0.2775348722934723,-0.4284941256046295,0.41770344972610474,0.24026606976985931,-0.3727637827396393,0.4270029067993164,0.24256958067417145,-0.37333783507347107,0.4340137541294098,0.2448672503232956,-0.3733433485031128,0.39036107063293457,0.23521941900253296,-0.4177909791469574,0.3785381615161896,0.2337360382080078,-0.41836613416671753,0.3676026165485382,0.23204214870929718,-0.4185968041419983,0.41940465569496155,0.2601565718650818,-0.0834675207734108,0.3299367427825928,0.24705354869365692,-0.28511524200439453,0.4137069582939148,0.3161667585372925,-0.3149567246437073,0.3807556927204132,0.3099362552165985,-0.37720224261283875,0.4632796347141266,0.45821207761764526,0.16322018206119537,0.24080049991607666,0.4309384226799011,-0.33018171787261963,0.6032334566116333,0.6298550963401794,0.016847770661115646,0.26306816935539246,0.7238515615463257,-0.6376687288284302,0.679320752620697,0.6747939586639404,-0.5608721971511841,0.4169142246246338,0.6928688287734985,-0.9980645179748535,0.7100617289543152,0.6719425320625305,-0.6529552936553955,0.4555060863494873,0.6966884732246399,-1.1237701177597046,0.6982038617134094,0.6343240737915039,-0.7065130472183228,0.4838792681694031,0.680281937122345,-1.1127216815948486,0.6759191751480103,0.6505879759788513,-0.5987353920936584,0.4691998064517975,0.6793628334999084,-1.002870798110962,0.4323148727416992,0.8832105398178101,0.17372044920921326,0.2777445912361145,0.9337975978851318,-0.1739729940891266,0.6654902696609497,1.0218466520309448,-0.06890077888965607,0.40810197591781616,1.0779989957809448,-0.4953283369541168,0.5604223012924194,1.3149045705795288,0.048094455152750015,0.40025749802589417,1.5395634174346924,-0.2333163321018219,0.5284105539321899,1.3555179834365845,0.052399564534425735,0.379832923412323,1.6085389852523804,-0.20983485877513885,0.5707554817199707,1.4196560382843018,-0.11574892699718475,0.49130430817604065,1.6645395755767822,-0.4026309847831726
frame_00059.jpg,0.40615954995155334,0.27698126435279846,-0.4336935877799988,0.417042076587677,0.23927412927150726,-0.378447949886322,0.42634209990501404,0.24132969975471497,-0.37901610136032104,0.4332960247993469,0.24349454045295715,-0.37901726365089417,0.38973814249038696,0.2348126620054245,-0.42323774099349976,0.37784314155578613,0.23337379097938538,-0.423811674118042,0.3668097257614136,0.23162013292312622,-0.42404723167419434,0.41888895630836487,0.2589398920536041,-0.09186222404241562,0.329057514667511,0.24644984304904938,-0.2929256558418274,0.4131787419319153,0.3153912425041199,-0.32088300585746765,0.3805089592933655,0.30950725078582764,-0.38294193148612976,0.46296921372413635,0.4582096040248871,0.1529909074306488,0.2409183233976364,0.43117812275886536,-0.33879536390304565,0.6030561923980713,0.6314403414726257,0.005109285935759544,0.2645342946052551,0.7276118397712708,-0.6486307382583618,0.6820851564407349,0.6724048852920532,-0.572966456413269,0.421043336391449,0.6954272985458374,-1.0108329057693481,0.7118138670921326,0.6826804280281067,-0.6650568246841431,0.45957836508750916,0.6977436542510986,-1.1367894411087036,0.7033804059028625,0.6364720463752747,-0.7185911536216736,0.4845886826515198,0.6814581155776978,-1.124468445777893,0.6780405640602112,0.6471037268638611,-0.6108158230781555,0.46930280327796936,0.6807393431663513,-1.015107274055481,0.43219003081321716,0.8833311200141907,0.17607519030570984,0.2784685492515564,0.937000036239624,-0.17632049322128296,0.6621458530426025,1.0326128005981445,-0.06689884513616562,0.408609002828598,1.0904649496078491,-0.5006280541419983,0.5642844438552856,1.3341249227523804,0.051194608211517334,0.3989267945289612,1.5552510023117065,-0.2440856248140335,0.5337516069412231,1.3752423524856567,0.05204162746667862,0.3786207139492035,1.624740481376648,-0.22146956622600555,0.5734997987747192,1.4405375719070435,-0.1279856264591217,0.48917683959007263,1.680014729499817,-0.41389983892440796
frame_00060.jpg,0.40547847747802734,0.27704134583473206,-0.4183711111545563,0.41621899604797363,0.23936471343040466,-0.36105436086654663,0.42543911933898926,0.24148626625537872,-0.3616158366203308,0.4323504567146301,0.24369937181472778,-0.3616211712360382,0.38900500535964966,0.23485133051872253,-0.40521425008773804,0.37701162695884705,0.23343709111213684,-0.4057792127132416,0.36596018075942993,0.23172836005687714,-0.4060130715370178,0.4185114800930023,0.25894010066986084,-0.07383133471012115,0.3288290202617645,0.24648705124855042,-0.27295154333114624,0.4129710793495178,0.31552016735076904,-0.3045158386230469,0.3802710771560669,0.3096626400947571,-0.36590832471847534,0.4632205069065094,0.4597150981426239,0.17961107194423676,0.2386457473039627,0.43239471316337585,-0.28384384512901306,0.6019952297210693,0.6463224291801453,0.05708196759223938,0.21858954429626465,0.7193214297294617,-0.5690528154373169,0.6804733872413635,0.6701309680938721,-0.5021932125091553,0.3827228844165802,0.7212933897972107,-0.9484344720840454,0.7146576642990112,0.6713185906410217,-0.5949550271034241,0.4301123023033142,0.7470210194587708,-1.0641124248504639,0.7010340094566345,0.6336098313331604,-0.6398981809616089,0.4396447539329529,0.7044785618782043,-1.059152364730835,0.6758120656013489,0.6429752707481384,-0.5351728796958923,0.41832461953163147,0.70130455493927,-0.9539240002632141,0.43327656388282776,0.8822705149650574,0.17564921081066132,0.2809571623802185,0.9367204904556274,-0.1758958399295807,0.6822171211242676,1.025697112083435,-0.09610044211149216,0.4044066369533539,1.0910497903823853,-0.49178871512413025,0.5507622361183167,1.2839508056640625,0.020569058135151863,0.3981736898422241,1.5534968376159668,-0.20763909816741943,0.5091880559921265,1.3121198415756226,0.023607350885868073,0.3783913254737854,1.6175880432128906,-0.18092140555381775,0.5514317750930786,1.3860799074172974,-0.16746269166469574,0.4868176579475403,1.67521071434021,-0.3845674395561218
frame_00061.jpg,0.4049132764339447,0.277288019657135,-0.3814862370491028,0.4160141348838806,0.2396865040063858,-0.325268417596817,0.42517581582069397,0.24185124039649963,-0.3257954716682434,0.4321324825286865,0.24409134685993195,-0.32581859827041626,0.38870203495025635,0.23502753674983978,-0.36343592405319214,0.3766877055168152,0.2335864007472992,-0.3640018403530121,0.36568471789360046,0.23187899589538574,-0.36421650648117065,0.41852664947509766,0.2591553032398224,-0.04203609377145767,0.3291536867618561,0.24653194844722748,-0.2153434306383133,0.41272249817848206,0.31578025221824646,-0.27063819766044617,0.3797791004180908,0.30990397930145264,-0.32420605421066284,0.46436643600463867,0.46078550815582275,0.18244679272174835,0.23768575489521027,0.4325176477432251,-0.24362210929393768,0.601669430732727,0.6485402584075928,0.04289184883236885,0.2175818383693695,0.7192180156707764,-0.5519856214523315,0.6839280128479004,0.6679061651229858,-0.5127958059310913,0.38669055700302124,0.7128139734268188,-0.9465996026992798,0.7197663187980652,0.6672599911689758,-0.6049344539642334,0.4359620213508606,0.7334827780723572,-1.0617153644561768,0.7049750685691833,0.6338290572166443,-0.6480339765548706,0.4418671131134033,0.6978591680526733,-1.0551362037658691,0.6781802773475647,0.6413946151733398,-0.5446068048477173,0.42881137132644653,0.6945768594741821,-0.9527314305305481,0.44109469652175903,0.8818848133087158,0.17090637981891632,0.28556543588638306,0.9364997148513794,-0.17117618024349213,0.6803029179573059,1.0271445512771606,-0.1106429472565651,0.40545907616615295,1.0969606637954712,-0.4838273525238037,0.551295280456543,1.2880455255508423,-0.009527076035737991,0.39721956849098206,1.5518324375152588,-0.20957627892494202,0.5121378302574158,1.3132613897323608,-0.008336533792316914,0.3777756094932556,1.6147212982177734,-0.1841374933719635,0.5509722828865051,1.395399570465088,-0.19701945781707764,0.4852023720741272,1.678354263305664,-0.38204389810562134
frame_00062.jpg,0.40468135476112366,0.27747705578804016,-0.33251503109931946,0.4159757196903229,0.23992329835891724,-0.2726787328720093,0.42507630586624146,0.24211379885673523,-0.2731735110282898,0.43203407526016235,0.2443746030330658,-0.2732125520706177,0.3885405659675598,0.2351551055908203,-0.3141403794288635,0.37648889422416687,0.2336946427822113,-0.3146986663341522,0.36547377705574036,0.23199264705181122,-0.31490588188171387,0.4185386598110199,0.2593023478984833,0.020399628207087517,0.3293285667896271,0.24656976759433746,-0.16608606278896332,0.41256529092788696,0.3159707188606262,-0.21893887221813202,0.3795897662639618,0.3100892901420593,-0.2763851284980774,0.4651868939399719,0.4618336260318756,0.23404276371002197,0.23713406920433044,0.4331649839878082,-0.20745091140270233,0.6017937660217285,0.6518270969390869,0.09044087678194046,0.21793289482593536,0.7190420031547546,-0.5316347479820251,0.6870683431625366,0.6655294299125671,-0.47036951780319214,0.3732900023460388,0.7083842754364014,-0.9359596967697144,0.7223147749900818,0.6627627015113831,-0.5618396997451782,0.41917380690574646,0.7275749444961548,-1.051905870437622,0.7052212953567505,0.6283384561538696,-0.6047011613845825,0.43807870149612427,0.6941444277763367,-1.04221773147583,0.6784673929214478,0.632801353931427,-0.5023201704025269,0.42090073227882385,0.6913889646530151,-0.9410653114318848,0.44592389464378357,0.8820542693138123,0.1692410558462143,0.2908015847206116,0.9365807771682739,-0.16954290866851807,0.6865562200546265,1.0246500968933105,-0.16383126378059387,0.40295881032943726,1.1014313697814941,-0.47026532888412476,0.5507245063781738,1.2807749509811401,-0.11814551055431366,0.3955056667327881,1.552155613899231,-0.2104908674955368,0.5121340751647949,1.307892084121704,-0.12251368910074234,0.3768843114376068,1.6139754056930542,-0.186305433511734,0.5461417436599731,1.381535291671753,-0.32521191239356995,0.4768506586551666,1.6822847127914429,-0.3825661540031433
frame_00063.jpg,0.4055740237236023,0.27761974930763245,-0.45801958441734314,0.4162822365760803,0.24031241238117218,-0.4061163067817688,0.42513808608055115,0.24294714629650116,-0.4067210555076599,0.432128369808197,0.24547646939754486,-0.4067201614379883,0.3888585865497589,0.23524656891822815,-0.44107967615127563,0.3768354058265686,0.233712300658226,-0.4415641725063324,0.36564546823501587,0.23194175958633423,-0.44183149933815,0.4186488091945648,0.25964394211769104,-0.14379653334617615,0.3295309543609619,0.24641473591327667,-0.30107608437538147,0.4128177762031555,0.31623169779777527,-0.356166809797287,0.37976595759391785,0.3102504312992096,-0.40515750646591187,0.46256184577941895,0.4601892828941345,0.05147932097315788,0.23709066212177277,0.432837575674057,-0.325569748878479,0.6085749864578247,0.639549195766449,-0.05160864442586899,0.22024020552635193,0.7246829271316528,-0.6632431745529175,0.7354095578193665,0.7148615717887878,-0.4955085217952728,0.3605799078941345,0.6810587644577026,-1.0977871417999268,0.7827308177947998,0.7454751133918762,-0.5832145810127258,0.4139912724494934,0.6801909804344177,-1.225632905960083,0.7680187225341797,0.7180498838424683,-0.6302782297134399,0.4306817054748535,0.6543918251991272,-1.2113773822784424,0.7434890270233154,0.712367057800293,-0.5254310965538025,0.4172087609767914,0.6582615375518799,-1.1026135683059692,0.44521674513816833,0.8864175081253052,0.14385980367660522,0.2862308919429779,0.9346230030059814,-0.14430658519268036,0.6364413499832153,1.0361089706420898,-0.13254323601722717,0.327212393283844,1.1517691612243652,-0.3587159514427185,0.49934467673301697,1.2818819284439087,0.10905860364437103,0.3499741554260254,1.5491052865982056,-0.06425943225622177,0.46414536237716675,1.3114192485809326,0.12360032647848129,0.3419390320777893,1.605714201927185,-0.03702758997678757,0.49675750732421875,1.3853894472122192,-0.029550785198807716,0.423051118850708,1.6815235614776611,-0.219875767827034
frame_00064.jpg,0.40599116683006287,0.27771440148353577,-0.462625652551651,0.4164918065071106,0.24085578322410583,-0.41092485189437866,0.42517319321632385,0.2438429296016693,-0.411530077457428,0.4321882724761963,0.24656525254249573,-0.41152653098106384,0.3890131115913391,0.23532932996749878,-0.4457196593284607,0.3769935965538025,0.2337666004896164,-0.44620639085769653,0.3656941056251526,0.23195524513721466,-0.4464806616306305,0.418834924697876,0.2600935697555542,-0.1497078388929367,0.3297223448753357,0.24635471403598785,-0.306500107049942,0.4129435122013092,0.3164874315261841,-0.3612426519393921,0.37979406118392944,0.31037700176239014,-0.4100560247898102,0.46141308546066284,0.4591601490974426,0.04330849647521973,0.23711907863616943,0.4327435791492462,-0.33152395486831665,0.6117008328437805,0.6323312520980835,-0.06115596368908882,0.2210342139005661,0.7277945876121521,-0.6647016406059265,0.7379013895988464,0.708055317401886,-0.5040391683578491,0.35709148645401,0.6701564788818359,-1.0965389013290405,0.7905575037002563,0.7577654719352722,-0.5819936394691467,0.41218695044517517,0.6665233969688416,-1.2243053913116455,0.7763652801513672,0.731827437877655,-0.6369053721427917,0.4285072386264801,0.6419150829315186,-1.2098158597946167,0.7523475885391235,0.7251498699188232,-0.5364948511123657,0.4158901274204254,0.6467945575714111,-1.1012250185012817,0.4440569281578064,0.8885031342506409,0.13533422350883484,0.28502875566482544,0.93332439661026,-0.1357986032962799,0.6296787858009338,1.038289189338684,-0.11036183685064316,0.3180963099002838,1.1572089195251465,-0.3516550660133362,0.4954528212547302,1.2808247804641724,0.12702351808547974,0.34577399492263794,1.536260724067688,-0.051511574536561966,0.4612559676170349,1.3115814924240112,0.14035557210445404,0.33876582980155945,1.5882587432861328,-0.023322060704231262,0.4923361837863922,1.3863674402236938,-0.01500154472887516,0.4195202887058258,1.6688215732574463,-0.20247666537761688
frame_00065.jpg,0.40726175904273987,0.2778104245662689,-0.5121625661849976,0.4179229736328125,0.2410448044538498,-0.457988440990448,0.4261130690574646,0.2440645396709442,-0.4585689604282379,0.4332168996334076,0.2467997521162033,-0.4585300385951996,0.3903292119503021,0.23538421094417572,-0.49409350752830505,0.37869951128959656,0.23380999267101288,-0.49459558725357056,0.3671188950538635,0.23200149834156036,-0.49485835433006287,0.42038026452064514,0.2601604759693146,-0.17718955874443054,0.33111077547073364,0.24636302888393402,-0.34080857038497925,0.41360169649124146,0.3166242837905884,-0.4017738699913025,0.38035207986831665,0.31047555804252625,-0.4532356858253479,0.46363306045532227,0.4588991701602936,0.032814063131809235,0.24132779240608215,0.4329363703727722,-0.35102570056915283,0.6152051091194153,0.6325475573539734,-0.15039418637752533,0.24412031471729279,0.7252725958824158,-0.6657429337501526,0.6960414052009583,0.6884171366691589,-0.7229276895523071,0.3902204632759094,0.6654739379882812,-1.077166199684143,0.7187119722366333,0.7305547595024109,-0.8199367523193359,0.4410291612148285,0.6554081439971924,-1.2142417430877686,0.693625807762146,0.6834781169891357,-0.8622698783874512,0.4578529894351959,0.635632336139679,-1.196745753288269,0.6824488639831543,0.6813227534294128,-0.7534090280532837,0.4470120370388031,0.6404052972793579,-1.0814268589019775,0.44314271211624146,0.8886337280273438,0.13989928364753723,0.2841457724571228,0.9335463047027588,-0.1403273046016693,0.611705482006073,1.0853712558746338,0.04790893569588661,0.3310784697532654,1.1883512735366821,-0.3674885332584381,0.5112318396568298,1.3697441816329956,0.4437374174594879,0.34542417526245117,1.5804146528244019,-0.08134248107671738,0.49407702684402466,1.4084473848342896,0.47337502241134644,0.3359343409538269,1.6386796236038208,-0.0402277335524559,0.5042403936386108,1.486611247062683,0.3227498233318329,0.41861534118652344,1.7005932331085205,-0.31101444363594055
frame_00066.jpg,0.4073702394962311,0.27837908267974854,-0.48050493001937866,0.4182477593421936,0.24284926056861877,-0.42543619871139526,0.42623424530029297,0.2463189661502838,-0.42599359154701233,0.4334426522254944,0.24939030408859253,-0.42598357796669006,0.39060062170028687,0.23573756217956543,-0.46771058440208435,0.37906593084335327,0.2340177744626999,-0.46826988458633423,0.36753222346305847,0.23207050561904907,-0.4685327410697937,0.4209645390510559,0.2614913582801819,-0.1439036875963211,0.33188143372535706,0.24635463953018188,-0.3371412456035614,0.41363710165023804,0.3176817297935486,-0.36974480748176575,0.3804529309272766,0.31054359674453735,-0.4291881024837494,0.4628751873970032,0.45930296182632446,0.07077962905168533,0.24224233627319336,0.4327591359615326,-0.390537291765213,0.605955958366394,0.6301719546318054,-0.10289684683084488,0.24717316031455994,0.7099985480308533,-0.7607392072677612,0.6955680847167969,0.6761590838432312,-0.6775040626525879,0.41207003593444824,0.6631628274917603,-1.1633094549179077,0.7208104133605957,0.6923638582229614,-0.7694690823554993,0.47203874588012695,0.6619607210159302,-1.3063066005706787,0.6959245204925537,0.6777570843696594,-0.8222673535346985,0.4908124506473541,0.6598647832870483,-1.2785875797271729,0.6825822591781616,0.6763802170753479,-0.7132540941238403,0.4826790690422058,0.6579886078834534,-1.163196325302124,0.4379274249076843,0.8926252722740173,0.15442797541618347,0.2831779718399048,0.9359425902366638,-0.15475156903266907,0.6135985851287842,1.095747709274292,0.03710827976465225,0.33731433749198914,1.1807310581207275,-0.514177143573761,0.5503086447715759,1.4031071662902832,0.3052440285682678,0.3494430184364319,1.5780123472213745,-0.25862523913383484,0.5355768799781799,1.446825385093689,0.3198491930961609,0.3372233211994171,1.6375528573989868,-0.23706260323524475,0.5511987209320068,1.519308090209961,0.1611594408750534,0.4199027121067047,1.6965175867080688,-0.440385103225708
frame_00067.jpg,0.40745776891708374,0.2789042890071869,-0.4830123484134674,0.418451726436615,0.2442573606967926,-0.4268457889556885,0.4263036847114563,0.2480814903974533,-0.427396297454834,0.4335857331752777,0.25139766931533813,-0.42739802598953247,0.3907480835914612,0.2360125333070755,-0.47297972440719604,0.37925347685813904,0.23417851328849792,-0.47355762124061584,0.36777251958847046,0.23212440311908722,-0.47383666038513184,0.4213377833366394,0.2627246081829071,-0.14078550040721893,0.3323250412940979,0.24635814130306244,-0.35041993856430054,0.41364946961402893,0.3187275826931,-0.3704105317592621,0.3805137574672699,0.31063371896743774,-0.43490004539489746,0.4621399939060211,0.45943519473075867,0.0841190367937088,0.2425328940153122,0.4327462613582611,-0.4132777750492096,0.6013156771659851,0.628917396068573,-0.08379098773002625,0.25025779008865356,0.7068548202514648,-0.7831689715385437,0.6953340768814087,0.6695024967193604,-0.6479302048683167,0.4192623496055603,0.6616866588592529,-1.172672986984253,0.7225411534309387,0.678263247013092,-0.7360032200813293,0.476798951625824,0.6648370027542114,-1.3140604496002197,0.6992741823196411,0.6707147359848022,-0.7903953790664673,0.49937787652015686,0.669177770614624,-1.2865469455718994,0.6826823949813843,0.6694722771644592,-0.6841561198234558,0.4915565550327301,0.6652390360832214,-1.1721256971359253,0.430779367685318,0.8947657942771912,0.16535654664039612,0.28125202655792236,0.9382238388061523,-0.16562095284461975,0.609879195690155,1.0939866304397583,0.042060449719429016,0.35334524512290955,1.1803181171417236,-0.546802282333374,0.5630472898483276,1.4050534963607788,0.2692197263240814,0.3524448573589325,1.577863335609436,-0.30475127696990967,0.5477081537246704,1.451331377029419,0.27953383326530457,0.33845052123069763,1.638241171836853,-0.28536927700042725,0.5688012838363647,1.5171825885772705,0.12247633934020996,0.4238770604133606,1.6950513124465942,-0.47347551584243774
frame_00068.jpg,0.4071427285671234,0.27895811200141907,-0.4580371379852295,0.4184930920600891,0.24431172013282776,-0.39951953291893005,0.4263347089290619,0.24810238182544708,-0.4000035226345062,0.4336085319519043,0.2514283061027527,-0.3999705910682678,0.3908311724662781,0.23606988787651062,-0.4483388066291809,0.37934696674346924,0.2342095971107483,-0.448985755443573,0.3678819537162781,0.23210354149341583,-0.449272483587265,0.42142945528030396,0.2627513110637665,-0.10191863775253296,0.33255618810653687,0.2458481341600418,-0.31757956743240356,0.41331911087036133,0.3187922239303589,-0.33982768654823303,0.38044166564941406,0.3106393814086914,-0.4065020978450775,0.45727258920669556,0.45944395661354065,0.1472325474023819,0.24327301979064941,0.4322440028190613,-0.38296788930892944,0.5920109152793884,0.6360809803009033,0.0014499835669994354,0.250067800283432,0.7134057879447937,-0.7046440839767456,0.6951771378517151,0.6760374307632446,-0.5775829553604126,0.4083649218082428,0.661972165107727,-1.0914379358291626,0.7226832509040833,0.6877921223640442,-0.6665785908699036,0.4601060450077057,0.6670855283737183,-1.2243077754974365,0.7064533233642578,0.6691176891326904,-0.7295995354652405,0.46984705328941345,0.6557767987251282,-1.2117583751678467,0.6912215352058411,0.667610228061676,-0.6188429594039917,0.46160978078842163,0.6503748297691345,-1.095476508140564,0.42904114723205566,0.8946830034255981,0.16907691955566406,0.28114432096481323,0.9381257891654968,-0.1693469136953354,0.6148706674575806,1.0738396644592285,-0.09531920403242111,0.3576262891292572,1.1732176542282104,-0.5161747932434082,0.5395070910453796,1.3989959955215454,0.06442251056432724,0.3542022407054901,1.585525393486023,-0.2611589729785919,0.5151979923248291,1.4458431005477905,0.07021532952785492,0.3392048180103302,1.6480580568313599,-0.2393753081560135,0.5236741304397583,1.4982680082321167,-0.11750371754169464,0.42719897627830505,1.7055004835128784,-0.4365735650062561
frame_00069.jpg,0.4068687856197357,0.2790151536464691,-0.43245357275009155,0.4185265004634857,0.24434171617031097,-0.3740171790122986,0.42635852098464966,0.24813303351402283,-0.3745097815990448,0.4336280822753906,0.2514823079109192,-0.37447723746299744,0.39090102910995483,0.23611420392990112,-0.4208151698112488,0.37942108511924744,0.23424507677555084,-0.4214528203010559,0.36796966195106506,0.23211240768432617,-0.4217231869697571,0.42152220010757446,0.2627715766429901,-0.07660416513681412,0.3327515721321106,0.24568012356758118,-0.2829165756702423,0.4130876064300537,0.3188437521457672,-0.3145596385002136,0.38038167357444763,0.3106718957424164,-0.3785805404186249,0.4550160765647888,0.4595091640949249,0.17198902368545532,0.24392001330852509,0.431735098361969,-0.3381349742412567,0.5889405608177185,0.6409407258033752,0.03269479051232338,0.2507181167602539,0.7158877849578857,-0.6426191926002502,0.695068895816803,0.6792401075363159,-0.5386706590652466,0.4033920168876648,0.662052571773529,-1.0219780206680298,0.7228116989135742,0.6901810169219971,-0.6271264553070068,0.4523928761482239,0.6679564714431763,-1.14803147315979,0.7164838910102844,0.6685495972633362,-0.6863816976547241,0.45928993821144104,0.6507583856582642,-1.1368978023529053,0.6949684023857117,0.6664755940437317,-0.5782591104507446,0.45028114318847656,0.6448189616203308,-1.026303768157959,0.42812448740005493,0.8946259021759033,0.17098340392112732,0.28114694356918335,0.9380829334259033,-0.17126725614070892,0.6332173347473145,1.0504847764968872,-0.12737412750720978,0.3624178171157837,1.1693439483642578,-0.5037959218025208,0.5295343399047852,1.3501744270324707,0.021257247775793076,0.35660320520401,1.5825875997543335,-0.2466830015182495,0.49922728538513184,1.3824925422668457,0.027040477842092514,0.33968880772590637,1.6446359157562256,-0.22513680160045624,0.5118508338928223,1.4571137428283691,-0.15889427065849304,0.43470436334609985,1.7029451131820679,-0.41861265897750854
frame_00070.jpg,0.4066123068332672,0.2790565490722656,-0.38906222581863403,0.4185386300086975,0.24432773888111115,-0.33177947998046875,0.4263792037963867,0.24813981354236603,-0.3323114514350891,0.43364471197128296,0.2514978349208832,-0.3323253095149994,0.3909175992012024,0.23603370785713196,-0.3746606111526489,0.37942662835121155,0.23402681946754456,-0.3752900958061218,0.3680260479450226,0.23168087005615234,-0.375544935464859,0.42179936170578003,0.2630106210708618,-0.04332595691084862,0.332822322845459,0.24519212543964386,-0.23582330346107483,0.4129466414451599,0.31888923048973083,-0.2760764956474304,0.3803882598876953,0.3106866478919983,-0.3356592059135437,0.4551437795162201,0.4620818793773651,0.18964353203773499,0.24358181655406952,0.4307827949523926,-0.29961174726486206,0.5889877080917358,0.646561324596405,0.07892011851072311,0.2522030472755432,0.7093781232833862,-0.558936357498169,0.6977745294570923,0.6871005296707153,-0.419766366481781,0.4464995861053467,0.7001162767410278,-0.8346662521362305,0.7257897257804871,0.7146555781364441,-0.4961341321468353,0.5047245621681213,0.7310681939125061,-0.9392220377922058,0.7203529477119446,0.6817710995674133,-0.5467177629470825,0.5281787514686584,0.7159194946289062,-0.9251319766044617,0.6995863914489746,0.6787230372428894,-0.4535675644874573,0.5090620517730713,0.699205219745636,-0.8340498805046082,0.42833441495895386,0.894061803817749,0.17095550894737244,0.28112727403640747,0.9370253086090088,-0.17127975821495056,0.6743730306625366,1.0145692825317383,-0.15264813601970673,0.3966009020805359,1.0917556285858154,-0.49884992837905884,0.5268843770027161,1.2306995391845703,-0.06471799314022064,0.3875458836555481,1.5322279930114746,-0.23834025859832764,0.4898599684238434,1.2487589120864868,-0.06248556450009346,0.3663328289985657,1.594501256942749,-0.2162439525127411,0.5105241537094116,1.3222675323486328,-0.2320897877216339,0.4739467203617096,1.6522560119628906,-0.4051615297794342
frame_00071.jpg,0.4066362977027893,0.2786795496940613,-0.42595362663269043,0.4186495840549469,0.2440577894449234,-0.3684450089931488,0.4266121983528137,0.24799318611621857,-0.36908233165740967,0.4340401589870453,0.25145086646080017,-0.36911696195602417,0.3909372389316559,0.23575085401535034,-0.41269081830978394,0.379461407661438,0.23352307081222534,-0.41327768564224243,0.36809319257736206,0.2310006320476532,-0.41349783539772034,0.4220260977745056,0.2630292773246765,-0.0728493332862854,0.33288177847862244,0.243634432554245,-0.27438241243362427,0.412952184677124,0.31880196928977966,-0.3115779757499695,0.3804091811180115,0.3103598356246948,-0.37335821986198425,0.45353612303733826,0.46190598607063293,0.18072175979614258,0.2434249222278595,0.43072623014450073,-0.3343503773212433,0.5885997414588928,0.6463814377784729,0.08849340677261353,0.26009422540664673,0.70958012342453,-0.5866109132766724,0.7124336361885071,0.7101636528968811,-0.3535101115703583,0.4454113841056824,0.7143541574478149,-0.9031234979629517,0.7512401342391968,0.7472237348556519,-0.41682249307632446,0.49460020661354065,0.7416612505912781,-1.011318325996399,0.742385983467102,0.7072610259056091,-0.47961753606796265,0.5106669068336487,0.7042607665061951,-1.0024728775024414,0.7232324481010437,0.7186182141304016,-0.3905829191207886,0.49462395906448364,0.6938070058822632,-0.9061369895935059,0.4284089505672455,0.8930107951164246,0.17732545733451843,0.2816489338874817,0.9364956021308899,-0.17773005366325378,0.6905232667922974,0.9955806136131287,-0.09782952070236206,0.42389997839927673,1.0343420505523682,-0.4947575628757477,0.5553597807884216,1.2199416160583496,0.015428846701979637,0.4143679738044739,1.4935710430145264,-0.23514318466186523,0.5165597796440125,1.2426596879959106,0.019110724329948425,0.38918745517730713,1.5577222108840942,-0.2116333544254303,0.5557441115379333,1.322759985923767,-0.1445046365261078,0.512577474117279,1.6269524097442627,-0.38483089208602905
frame_00072.jpg,0.40666303038597107,0.27831771969795227,-0.4628137946128845,0.4187585413455963,0.24375173449516296,-0.4058278501033783,0.42679768800735474,0.24778182804584503,-0.40647977590560913,0.4343981146812439,0.25133779644966125,-0.40652233362197876,0.390956848859787,0.23549304902553558,-0.44965457916259766,0.3794914186000824,0.23309007287025452,-0.4502089023590088,0.36814773082733154,0.2304372638463974,-0.4504387378692627,0.4222230017185211,0.26307064294815063,-0.11213602125644684,0.332918256521225,0.24267666041851044,-0.31202369928359985,0.4130634367465973,0.3186790645122528,-0.34922319650650024,0.3804458975791931,0.31014135479927063,-0.41062432527542114,0.4522859454154968,0.46187230944633484,0.13921481370925903,0.2432100474834442,0.4306560456752777,-0.36789438128471375,0.5883872509002686,0.6466459631919861,0.060887694358825684,0.26181691884994507,0.7096920013427734,-0.6435387134552002,0.7164738774299622,0.7189451456069946,-0.3896896243095398,0.4511924386024475,0.7203848361968994,-0.9410622715950012,0.7594013810157776,0.7634719014167786,-0.45701074600219727,0.49830755591392517,0.7488052248954773,-1.0559775829315186,0.749169647693634,0.7302865386009216,-0.5199232697486877,0.5104349255561829,0.7025856375694275,-1.0444951057434082,0.7286205887794495,0.7361775636672974,-0.4270878732204437,0.49469441175460815,0.694647490978241,-0.9437532424926758,0.4284442365169525,0.8928617238998413,0.18028928339481354,0.2828434109687805,0.9363868832588196,-0.1807137280702591,0.6918622255325317,0.9929260611534119,-0.08378942310810089,0.44120463728904724,1.016019582748413,-0.4936341643333435,0.5815855264663696,1.2383804321289062,0.0313900001347065,0.43384164571762085,1.4802048206329346,-0.23351939022541046,0.5459463000297546,1.2661235332489014,0.0340161994099617,0.4083530306816101,1.54521906375885,-0.21063809096813202,0.5920188426971436,1.3476606607437134,-0.13227276504039764,0.5352550745010376,1.619703769683838,-0.3707878589630127
frame_00073.jpg,0.4066823124885559,0.276437908411026,-0.4581774175167084,0.41877251863479614,0.2419416308403015,-0.40006980299949646,0.4268094599246979,0.24579469859600067,-0.40069088339805603,0.4345308244228363,0.24954412877559662,-0.40072354674339294,0.39097434282302856,0.23436464369297028,-0.44621577858924866,0.3795086741447449,0.2317110002040863,-0.44669395685195923,0.36822769045829773,0.2292475402355194,-0.44695958495140076,0.42298728227615356,0.2622494101524353,-0.12167922407388687,0.3336409032344818,0.24128049612045288,-0.30428388714790344,0.4131471514701843,0.31638652086257935,-0.3446587920188904,0.3805627226829529,0.30810460448265076,-0.40563446283340454,0.45233583450317383,0.46149179339408875,0.07878662645816803,0.24514439702033997,0.42736485600471497,-0.3457600772380829,0.5903152227401733,0.6448677778244019,0.006800455506891012,0.2611052393913269,0.7108124494552612,-0.6780716180801392,0.7343047857284546,0.7219474911689758,-0.4126203954219818,0.3754468560218811,0.6865120530128479,-1.1202924251556396,0.7749339938163757,0.7517039775848389,-0.47472429275512695,0.4187626242637634,0.7195127010345459,-1.2534422874450684,0.7702786922454834,0.7382814884185791,-0.5416893362998962,0.4388323426246643,0.6624549031257629,-1.2400290966033936,0.749107301235199,0.7372121810913086,-0.4501764178276062,0.42841339111328125,0.6538575291633606,-1.1276458501815796,0.42878660559654236,0.8921422958374023,0.14923247694969177,0.2833789587020874,0.9281328320503235,-0.14968185126781464,0.6501168012619019,1.036811351776123,-0.06908656656742096,0.3613734841346741,1.1316312551498413,-0.43102869391441345,0.557426393032074,1.2881044149398804,0.1490582525730133,0.36178264021873474,1.555975317955017,-0.19692811369895935,0.528577446937561,1.3216722011566162,0.16147255897521973,0.35188570618629456,1.6190418004989624,-0.17889605462551117,0.5665513277053833,1.4085038900375366,0.014715614728629589,0.4214658737182617,1.6971290111541748,-0.3634095788002014
frame_00074.jpg,0.4066930413246155,0.27521851658821106,-0.47679275274276733,0.4187944829463959,0.24070392549037933,-0.4221270978450775,0.4268248677253723,0.24443325400352478,-0.42274317145347595,0.4346153736114502,0.2482881098985672,-0.42274850606918335,0.39101243019104004,0.23357026278972626,-0.4587326943874359,0.37954285740852356,0.23080167174339294,-0.4592444896697998,0.3682492673397064,0.22846443951129913,-0.4595317840576172,0.42362457513809204,0.2617218792438507,-0.15376517176628113,0.3340497314929962,0.24062420427799225,-0.3138725459575653,0.41316843032836914,0.3148851692676544,-0.372063010931015,0.3806021511554718,0.3068002164363861,-0.4229516088962555,0.4523997902870178,0.461330771446228,0.0490829236805439,0.24650828540325165,0.4256386458873749,-0.34899207949638367,0.5957000851631165,0.644730806350708,-0.018780933693051338,0.26069244742393494,0.712226927280426,-0.7035344839096069,0.7418559789657593,0.7339691519737244,-0.41910257935523987,0.36098483204841614,0.6740991473197937,-1.1535829305648804,0.7780861258506775,0.745662271976471,-0.47891440987586975,0.4042482376098633,0.7062788605690002,-1.2884795665740967,0.7740620374679565,0.7379323840141296,-0.5469352006912231,0.4252283573150635,0.6493849158287048,-1.2752325534820557,0.7515043616294861,0.7471883296966553,-0.4566152095794678,0.4150671064853668,0.6411992907524109,-1.1610019207000732,0.4284844398498535,0.8919341564178467,0.14396019279956818,0.2833758294582367,0.9252272844314575,-0.1443871557712555,0.6319690942764282,1.047751545906067,-0.025106076151132584,0.3480300307273865,1.1471422910690308,-0.4225596487522125,0.5394620895385742,1.2925459146499634,0.2402838170528412,0.346868634223938,1.564923644065857,-0.1782785952091217,0.5117377042770386,1.326093316078186,0.2572312355041504,0.33724772930145264,1.627537488937378,-0.1590818613767624,0.5486596822738647,1.4131362438201904,0.11789669096469879,0.40661853551864624,1.7036970853805542,-0.3524436354637146
frame_00075.jpg,0.4056011140346527,0.2735063433647156,-0.4411541819572449,0.4184761941432953,0.2395184189081192,-0.3857957720756531,0.4267027974128723,0.2434762418270111,-0.3863683342933655,0.4345490038394928,0.2476063221693039,-0.38634443283081055,0.3902058005332947,0.2323438972234726,-0.4159059524536133,0.37853068113327026,0.22952190041542053,-0.41639891266822815,0.3671436905860901,0.22704759240150452,-0.4166368544101715,0.42427292466163635,0.26173508167266846,-0.1147254928946495,0.3332742750644684,0.24046392738819122,-0.25119808316230774,0.41287508606910706,0.3146146833896637,-0.3367127478122711,0.37867578864097595,0.30575549602508545,-0.37964126467704773,0.45566630363464355,0.46130794286727905,0.073096863925457,0.24644486606121063,0.4255519211292267,-0.2747959494590759,0.6068111062049866,0.6417468786239624,-0.07154489308595657,0.26026231050491333,0.7092160582542419,-0.6297136545181274,0.702107310295105,0.671110987663269,-0.590668797492981,0.364394873380661,0.6638310551643372,-1.0956666469573975,0.72874915599823,0.6875540018081665,-0.6806968450546265,0.4085647463798523,0.6943792104721069,-1.2226841449737549,0.7079533338546753,0.6303809285163879,-0.7272936105728149,0.433236300945282,0.6521561741828918,-1.2096856832504272,0.6921929121017456,0.655182957649231,-0.6227136254310608,0.4237735867500305,0.6447278261184692,-1.0999802350997925,0.43471989035606384,0.8917030692100525,0.13497290015220642,0.28776735067367554,0.9257318377494812,-0.13537557423114777,0.6397508382797241,1.0500390529632568,-0.06342698633670807,0.34668147563934326,1.1571345329284668,-0.3994937837123871,0.5440828800201416,1.310662031173706,0.18254809081554413,0.34670349955558777,1.5690820217132568,-0.14459866285324097,0.5160703063011169,1.345800518989563,0.19205626845359802,0.3372421860694885,1.6293277740478516,-0.12375815957784653,0.5480414628982544,1.4306720495224,0.039459001272916794,0.4052758812904358,1.7059504985809326,-0.3178722560405731
frame_00076.jpg,0.39925622940063477,0.272110253572464,-0.679958701133728,0.41401809453964233,0.23797251284122467,-0.6294775605201721,0.4243704378604889,0.24258174002170563,-0.6301249265670776,0.4327186644077301,0.24704144895076752,-0.630115270614624,0.38373732566833496,0.23096515238285065,-0.6502789258956909,0.3730352222919464,0.22831657528877258,-0.650795042514801,0.36063727736473083,0.22585292160511017,-0.6511226892471313,0.4261745810508728,0.2618327736854553,-0.34758490324020386,0.33207470178604126,0.2403830885887146,-0.44321194291114807,0.4092642664909363,0.31359708309173584,-0.5701900720596313,0.37245845794677734,0.304559588432312,-0.6017328500747681,0.4628168046474457,0.46128445863723755,-0.1225733757019043,0.24535806477069855,0.42575743794441223,-0.42526084184646606,0.6081647276878357,0.6286076903343201,-0.2371661365032196,0.2539803981781006,0.6971269249916077,-0.756048321723938,0.7232875823974609,0.6819915771484375,-0.6958273649215698,0.370598703622818,0.665819525718689,-1.2069060802459717,0.7603732943534851,0.7075605988502502,-0.7800580263137817,0.41254115104675293,0.6884472370147705,-1.3484115600585938,0.7546026110649109,0.7075474262237549,-0.8455268144607544,0.4348929822444916,0.6538385152816772,-1.3342489004135132,0.7334195375442505,0.7085151076316833,-0.7329275608062744,0.42711806297302246,0.6472190022468567,-1.213963270187378,0.43524613976478577,0.8915702700614929,0.12888874113559723,0.28451302647590637,0.9246349930763245,-0.1293507218360901,0.6176721453666687,1.0836658477783203,-0.023586487397551537,0.3086976110935211,1.1985337734222412,-0.32409530878067017,0.5203253030776978,1.3529502153396606,0.358447402715683,0.3077597916126251,1.5906753540039062,-0.022616948932409286,0.49555349349975586,1.3898320198059082,0.38547319173812866,0.30150410532951355,1.649506688117981,0.0010616995859891176,0.5097604990005493,1.473431944847107,0.18928490579128265,0.3640903830528259,1.7232327461242676,-0.24544110894203186
frame_00077.jpg,0.3964656591415405,0.27139678597450256,-0.6866000890731812,0.41185665130615234,0.23712709546089172,-0.6354858875274658,0.42319607734680176,0.24210812151432037,-0.6361287236213684,0.43180519342422485,0.24676631391048431,-0.6361204385757446,0.38089442253112793,0.2302071750164032,-0.6572384238243103,0.37058013677597046,0.22765664756298065,-0.6577664613723755,0.35783717036247253,0.22520415484905243,-0.6580932140350342,0.4275508522987366,0.26197361946105957,-0.34959906339645386,0.3314245343208313,0.2403663992881775,-0.44967275857925415,0.4074433445930481,0.31304770708084106,-0.5751975774765015,0.36977872252464294,0.30384474992752075,-0.6079186201095581,0.46646618843078613,0.46122583746910095,-0.12048541009426117,0.24452395737171173,0.4260115325450897,-0.43196362257003784,0.6087273955345154,0.6217454671859741,-0.23795738816261292,0.2511066198348999,0.6927685141563416,-0.7575839757919312,0.7355192303657532,0.7090755701065063,-0.7080755829811096,0.3740106523036957,0.6671568751335144,-1.203891396522522,0.779706597328186,0.7452695965766907,-0.793609619140625,0.4144633412361145,0.6854322552680969,-1.3449631929397583,0.7559331655502319,0.7242285013198853,-0.8590043783187866,0.43766894936561584,0.6547256708145142,-1.3315012454986572,0.7337568402290344,0.7222728133201599,-0.7452576160430908,0.4305211007595062,0.6487962603569031,-1.211006999015808,0.4363294541835785,0.891322910785675,0.1273968368768692,0.2831804156303406,0.9240304827690125,-0.12788726389408112,0.6184245347976685,1.0880999565124512,-0.0322110578417778,0.3088773190975189,1.2018266916275024,-0.3340985178947449,0.5182594060897827,1.3620636463165283,0.32019495964050293,0.3108387589454651,1.5934261083602905,-0.015319156460464,0.49286937713623047,1.4000447988510132,0.3451385498046875,0.3044261932373047,1.65235435962677,0.01066563744097948,0.5062118768692017,1.4808082580566406,0.1466764360666275,0.3687762916088104,1.7242718935012817,-0.22997517883777618
frame_00078.jpg,0.39165621995925903,0.27048322558403015,-0.5969469547271729,0.4076411724090576,0.23522402346134186,-0.5423644781112671,0.42074131965637207,0.24058754742145538,-0.5429704189300537,0.4300432801246643,0.24569034576416016,-0.5429671406745911,0.3761325776576996,0.22908204793930054,-0.5705850124359131,0.36497363448143005,0.22640766203403473,-0.5711190700531006,0.35197776556015015,0.22425751388072968,-0.5714128613471985,0.4284604489803314,0.26198849081993103,-0.2598658800125122,0.32950669527053833,0.239610955119133,-0.3749420940876007,0.40493839979171753,0.3127741515636444,-0.48491936922073364,0.3650749921798706,0.3033488690853119,-0.5274267196655273,0.4670872688293457,0.4583262503147125,-0.03776887431740761,0.2432396411895752,0.42666879296302795,-0.3345673382282257,0.6136623620986938,0.6315566897392273,-0.20361213386058807,0.24642238020896912,0.694212794303894,-0.6271820664405823,0.6522447466850281,0.6702411770820618,-0.7965013980865479,0.39282527565956116,0.6659625172615051,-1.0728121995925903,0.6645857095718384,0.6994181871414185,-0.9082158803939819,0.4539484977722168,0.6721792221069336,-1.216146469116211,0.6344977617263794,0.6493889689445496,-0.9401904344558716,0.4752345085144043,0.644361674785614,-1.1970577239990234,0.6242669820785522,0.646180272102356,-0.8227365612983704,0.45302945375442505,0.645605206489563,-1.0760480165481567,0.4362308084964752,0.8910478949546814,0.13015025854110718,0.2791813611984253,0.9246490597724915,-0.13062728941440582,0.6177475452423096,1.0866211652755737,-0.12352053076028824,0.305281400680542,1.1896004676818848,-0.35889390110969543,0.4952515661716461,1.3333919048309326,0.2573933005332947,0.31363826990127563,1.591910481452942,-0.014566995203495026,0.46298345923423767,1.3707387447357178,0.27127403020858765,0.30707162618637085,1.6465232372283936,0.01638941839337349,0.4880496859550476,1.4347310066223145,0.09705294668674469,0.37357765436172485,1.7228896617889404,-0.21139903366565704
frame_00079.jpg,0.3894640803337097,0.26994091272354126,-0.571724534034729,0.4056117534637451,0.23406289517879486,-0.5161553025245667,0.4193677008152008,0.23961839079856873,-0.5167456865310669,0.4289839267730713,0.24496491253376007,-0.5167398452758789,0.3739817142486572,0.22830656170845032,-0.5443702340126038,0.36246976256370544,0.22554315626621246,-0.5449034571647644,0.34940847754478455,0.22357913851737976,-0.5451928377151489,0.4290623068809509,0.26200729608535767,-0.23179444670677185,0.32835859060287476,0.23905132710933685,-0.332325279712677,0.40353384613990784,0.31264886260032654,-0.45879030227661133,0.36288851499557495,0.30303990840911865,-0.5024349689483643,0.46788710355758667,0.45699766278266907,-0.010400345548987389,0.24222680926322937,0.42720380425453186,-0.30438870191574097,0.6173087358474731,0.6428226232528687,-0.22152797877788544,0.24386194348335266,0.6950494050979614,-0.6106661558151245,0.6266953945159912,0.6510346531867981,-0.8463738560676575,0.399750292301178,0.6657734513282776,-1.0522122383117676,0.6320875883102417,0.6796177625656128,-0.962722659111023,0.4651797413825989,0.6680962443351746,-1.1934221982955933,0.6011310815811157,0.6251232028007507,-0.9871581792831421,0.47896742820739746,0.6425034403800964,-1.1709367036819458,0.5929826498031616,0.6237838268280029,-0.8696519732475281,0.461037814617157,0.6448239684104919,-1.0540440082550049,0.43617430329322815,0.8910191059112549,0.13131724298000336,0.276488333940506,0.9247828125953674,-0.13179665803909302,0.6148105263710022,1.0802346467971802,-0.13222868740558624,0.30170154571533203,1.1923573017120361,-0.35742872953414917,0.4951857030391693,1.332151174545288,0.2525053322315216,0.3132483959197998,1.5874978303909302,-0.02467561699450016,0.4639626443386078,1.36954927444458,0.2523137331008911,0.3067125976085663,1.6434249877929688,0.004028691444545984,0.48805317282676697,1.4347405433654785,0.05947127938270569,0.37461286783218384,1.7178205251693726,-0.22801978886127472
frame_00080.jpg,0.3871278166770935,0.2695087194442749,-0.5657168626785278,0.4033973813056946,0.23326972126960754,-0.5071982741355896,0.4171155095100403,0.23874570429325104,-0.5077805519104004,0.426992803812027,0.2443540245294571,-0.5077797174453735,0.37076595425605774,0.22776204347610474,-0.5372005701065063,0.3575635552406311,0.2248404175043106,-0.5377709865570068,0.34584248065948486,0.22255681455135345,-0.5380798578262329,0.4288204610347748,0.2620012164115906,-0.21171101927757263,0.32643893361091614,0.237486332654953,-0.331290066242218,0.40212321281433105,0.31255826354026794,-0.4482053816318512,0.3596166670322418,0.3025161325931549,-0.4923216700553894,0.45770263671875,0.45657655596733093,0.06612984836101532,0.2400428056716919,0.4275921881198883,-0.31371402740478516,0.5872313976287842,0.6322285532951355,-0.04499144107103348,0.23324251174926758,0.7103564143180847,-0.5812398195266724,0.6468222141265869,0.655497670173645,-0.620876669883728,0.3793037235736847,0.6671333909034729,-0.966174304485321,0.653704047203064,0.6745175123214722,-0.716067910194397,0.4418083727359772,0.6693845987319946,-1.0973316431045532,0.648413360118866,0.6318289637565613,-0.7773905396461487,0.4506978988647461,0.6377227902412415,-1.0867074728012085,0.6061092019081116,0.6342149376869202,-0.6589102745056152,0.4331430494785309,0.6411673426628113,-0.9714165925979614,0.4293745160102844,0.8909632563591003,0.14726851880550385,0.2766260504722595,0.9275171160697937,-0.14764338731765747,0.6198203563690186,1.0786480903625488,-0.047220803797245026,0.36111754179000854,1.1766718626022339,-0.48501044511795044,0.5604849457740784,1.3513720035552979,0.26615428924560547,0.38211506605148315,1.5303504467010498,-0.054580189287662506,0.5376801490783691,1.3923792839050293,0.28236153721809387,0.36837801337242126,1.5773634910583496,-0.013214980252087116,0.5645192265510559,1.465375304222107,0.10855352878570557,0.4665399193763733,1.6500571966171265,-0.24089138209819794
frame_00081.jpg,0.381680965423584,0.268777996301651,-0.5476982593536377,0.3992416262626648,0.23257401585578918,-0.4866972863674164,0.4118441045284271,0.23709961771965027,-0.48720866441726685,0.4235498011112213,0.2432156503200531,-0.48721399903297424,0.36548858880996704,0.22738565504550934,-0.5164750814437866,0.3523576259613037,0.22460846602916718,-0.5171631574630737,0.3423630893230438,0.22225095331668854,-0.5175466537475586,0.4281577169895172,0.26167938113212585,-0.17212380468845367,0.3247634768486023,0.2371842861175537,-0.3035719394683838,0.39969438314437866,0.31127694249153137,-0.4229962229728699,0.356745183467865,0.3020752966403961,-0.46683377027511597,0.4573289752006531,0.45764145255088806,0.10871727764606476,0.23977868258953094,0.42761316895484924,-0.2978738248348236,0.5897988080978394,0.6401367783546448,0.015280326828360558,0.2383078634738922,0.7105958461761475,-0.535690188407898,0.6720243692398071,0.6595142483711243,-0.50299471616745,0.39812785387039185,0.6817941069602966,-0.8590520024299622,0.6955629587173462,0.6696774363517761,-0.5846244096755981,0.45416730642318726,0.6856628060340881,-0.9749981164932251,0.6803978681564331,0.6369734406471252,-0.6379374861717224,0.4586368203163147,0.6636849045753479,-0.9627415537834167,0.6553072333335876,0.6404668688774109,-0.5365596413612366,0.43550533056259155,0.6628228425979614,-0.8619105219841003,0.4259258806705475,0.8908472657203674,0.1506403237581253,0.2766803205013275,0.9298509359359741,-0.15106520056724548,0.621274471282959,1.078059434890747,-0.05008076876401901,0.3585319221019745,1.190186619758606,-0.4557875990867615,0.5682967305183411,1.3765367269515991,0.1607321798801422,0.3497553765773773,1.575149655342102,-0.09407906979322433,0.5448548197746277,1.421440601348877,0.16739389300346375,0.33284690976142883,1.6280975341796875,-0.05960764363408089,0.57106614112854,1.4978878498077393,-0.02906450629234314,0.41538700461387634,1.6987751722335815,-0.2630690634250641
frame_00082.jpg,0.3798392117023468,0.26818451285362244,-0.5589365363121033,0.39758098125457764,0.2320932000875473,-0.4998992383480072,0.4098031520843506,0.23616789281368256,-0.5004419088363647,0.42203885316848755,0.24258925020694733,-0.500442624092102,0.36364540457725525,0.22704316675662994,-0.528923511505127,0.35048121213912964,0.22436819970607758,-0.5296107530593872,0.3410082459449768,0.22198297083377838,-0.5299974679946899,0.42769354581832886,0.261501669883728,-0.18538011610507965,0.32379892468452454,0.23697282373905182,-0.3149458169937134,0.3986329734325409,0.3103742301464081,-0.4364081919193268,0.35566776990890503,0.3016822040081024,-0.4791170656681061,0.4567686915397644,0.4580356478691101,0.08724822849035263,0.23955652117729187,0.4276188015937805,-0.30894792079925537,0.5911285281181335,0.644737958908081,-0.013059045188128948,0.24211236834526062,0.7118977308273315,-0.557345449924469,0.6869267821311951,0.6573024988174438,-0.5127888321876526,0.40612149238586426,0.6866212487220764,-0.8725041151046753,0.7160874605178833,0.6661713719367981,-0.5918797254562378,0.45893406867980957,0.6908954381942749,-0.9868570566177368,0.7073493599891663,0.6396440863609314,-0.6442664861679077,0.4625275731086731,0.67096346616745,-0.977962851524353,0.6807988882064819,0.6424401998519897,-0.5458468198776245,0.4485415816307068,0.6682000756263733,-0.8766180872917175,0.4211544096469879,0.8900079727172852,0.1550302803516388,0.2761160731315613,0.9311941862106323,-0.15546740591526031,0.6256561875343323,1.0601643323898315,-0.016335871070623398,0.359422504901886,1.1832466125488281,-0.4553214907646179,0.5599662065505981,1.3491909503936768,0.18267109990119934,0.34941330552101135,1.5719640254974365,-0.10565365850925446,0.5345338582992554,1.3892920017242432,0.18751069903373718,0.331849068403244,1.6241906881332397,-0.0685640424489975,0.5610101222991943,1.4702529907226562,0.015369050204753876,0.4167572855949402,1.6983492374420166,-0.26407524943351746
frame_00083.jpg,0.3790224492549896,0.2680877149105072,-0.46861329674720764,0.39716169238090515,0.23162823915481567,-0.41080203652381897,0.4095011353492737,0.23549874126911163,-0.41140270233154297,0.4217522144317627,0.2420557290315628,-0.41143983602523804,0.36320364475250244,0.22674092650413513,-0.43607020378112793,0.34998375177383423,0.224106565117836,-0.43668732047080994,0.34058478474617004,0.22165648639202118,-0.4369870722293854,0.42767637968063354,0.2613905072212219,-0.11531965434551239,0.32321131229400635,0.23655463755130768,-0.23152193427085876,0.39797794818878174,0.31029826402664185,-0.35534143447875977,0.35492363572120667,0.30163484811782837,-0.3927392065525055,0.45685791969299316,0.4593859016895294,0.12442618608474731,0.2388312816619873,0.4279666543006897,-0.263776570558548,0.5937546491622925,0.6565242409706116,-0.012143304571509361,0.2449491322040558,0.7105423808097839,-0.5112543702125549,0.6871054768562317,0.6598529815673828,-0.5291551947593689,0.4447632431983948,0.7062498927116394,-0.8133101463317871,0.7165265083312988,0.6681696772575378,-0.6155073046684265,0.5049670338630676,0.7320072650909424,-0.9203251600265503,0.7074681520462036,0.6423581838607788,-0.6564220190048218,0.5025113224983215,0.6998295187950134,-0.9083234071731567,0.684589684009552,0.6424597501754761,-0.5582395792007446,0.491957426071167,0.6770597696304321,-0.8149515390396118,0.42251691222190857,0.8886144161224365,0.15893258154392242,0.2792935371398926,0.9308391213417053,-0.15942439436912537,0.6816456317901611,1.0000708103179932,-0.08038630336523056,0.4123738408088684,1.0464600324630737,-0.4507427215576172,0.5561307668685913,1.2354438304901123,-0.019995883107185364,0.4039921164512634,1.4657330513000488,-0.14564965665340424,0.5312792062759399,1.261457085609436,-0.020725809037685394,0.3815840184688568,1.5215518474578857,-0.11315528303384781,0.5574073195457458,1.3332879543304443,-0.21105928719043732,0.49345889687538147,1.5914828777313232,-0.28455615043640137
frame_00084.jpg,0.37848514318466187,0.26800423860549927,-0.4837779998779297,0.39685922861099243,0.23139072954654694,-0.42607587575912476,0.40931805968284607,0.23513223230838776,-0.4266792833805084,0.4215659201145172,0.24172405898571014,-0.4267120361328125,0.36300307512283325,0.22658085823059082,-0.4526244103908539,0.3497820198535919,0.22392822802066803,-0.4532354474067688,0.34031087160110474,0.22139136493206024,-0.45354074239730835,0.42766761779785156,0.2612421214580536,-0.1284579485654831,0.3227328658103943,0.2358972132205963,-0.250462144613266,0.3975900709629059,0.31018924713134766,-0.3694012761116028,0.354376882314682,0.3016137480735779,-0.40845924615859985,0.45694035291671753,0.46030572056770325,0.11823165416717529,0.23862643539905548,0.42814069986343384,-0.2796189486980438,0.5953860282897949,0.6623690724372864,-0.014102952554821968,0.24911384284496307,0.7104212641716003,-0.5302234888076782,0.6876092553138733,0.6619905233383179,-0.5310314297676086,0.4563528895378113,0.7158110737800598,-0.8324492573738098,0.7170549035072327,0.6720167994499207,-0.6181082725524902,0.5172840356826782,0.7455162405967712,-0.9411118626594543,0.708515465259552,0.6435505747795105,-0.658008337020874,0.5125198364257812,0.709227979183197,-0.9290872812271118,0.6895765066146851,0.6423761248588562,-0.5597904324531555,0.5050011277198792,0.6836487054824829,-0.8340252637863159,0.4233185350894928,0.8871249556541443,0.16428165137767792,0.2834460735321045,0.9304945468902588,-0.16479605436325073,0.6942161917686462,0.9875856041908264,-0.08799715340137482,0.43490809202194214,1.0279079675674438,-0.45853671431541443,0.5664989352226257,1.221731424331665,-0.0072237602435052395,0.4255574345588684,1.4513170719146729,-0.15305396914482117,0.5317560434341431,1.2489880323410034,-0.006352351047098637,0.40227776765823364,1.508236289024353,-0.12101741880178452,0.5753087401390076,1.3190860748291016,-0.20134589076042175,0.5192993879318237,1.579481840133667,-0.2943953573703766
frame_00085.jpg,0.3763915002346039,0.26542985439300537,-0.49161744117736816,0.3948003649711609,0.22961106896400452,-0.43282610177993774,0.4061914086341858,0.23276551067829132,-0.4333931505680084,0.41888076066970825,0.2390817105770111,-0.4334447383880615,0.3610300123691559,0.22489453852176666,-0.4634433686733246,0.34841203689575195,0.22276751697063446,-0.4640514850616455,0.3391469419002533,0.2204306572675705,-0.46433719992637634,0.4271508753299713,0.26015233993530273,-0.1431884765625,0.3223116993904114,0.2357674092054367,-0.26583269238471985,0.3966521918773651,0.30857184529304504,-0.37174859642982483,0.3534966707229614,0.3005127012729645,-0.41707879304885864,0.4587135314941406,0.45978403091430664,0.07327820360660553,0.23882988095283508,0.4281589686870575,-0.28711169958114624,0.5959426164627075,0.6600598692893982,-0.06131324917078018,0.2465800791978836,0.7103388905525208,-0.6460312604904175,0.6955215930938721,0.6721013188362122,-0.5321953892707825,0.4154677987098694,0.6416587233543396,-1.1159440279006958,0.7324405908584595,0.6831055283546448,-0.6270058155059814,0.4671765863895416,0.6680704355239868,-1.2573145627975464,0.7233129739761353,0.663542628288269,-0.6721612215042114,0.49535685777664185,0.6467866897583008,-1.240112543106079,0.6989609599113464,0.6640908718109131,-0.5689118504524231,0.4918797016143799,0.640957772731781,-1.1214078664779663,0.42510563135147095,0.8893532156944275,0.15593881905078888,0.28194543719291687,0.9304982423782349,-0.15639254450798035,0.6828955411911011,0.9922789931297302,-0.0693059116601944,0.4179670810699463,1.0634009838104248,-0.4533781111240387,0.5523860454559326,1.2485686540603638,0.06425969302654266,0.40726131200790405,1.4797003269195557,-0.1759231984615326,0.521030068397522,1.2790873050689697,0.06879343837499619,0.3906516134738922,1.5365782976150513,-0.14990943670272827,0.5488614439964294,1.3505206108093262,-0.11213058233261108,0.49535760283470154,1.607642650604248,-0.3478577136993408
frame_00086.jpg,0.3751235902309418,0.2631760835647583,-0.5072337985038757,0.39425989985466003,0.22658608853816986,-0.4532056450843811,0.4053769111633301,0.22978778183460236,-0.4538114070892334,0.4183553159236908,0.23593100905418396,-0.453815221786499,0.3605358600616455,0.22210140526294708,-0.47307807207107544,0.34806889295578003,0.22066517174243927,-0.47360506653785706,0.33878350257873535,0.21878187358379364,-0.47386330366134644,0.42713937163352966,0.257730096578598,-0.17672103643417358,0.32233670353889465,0.2343081533908844,-0.2722285985946655,0.3959786295890808,0.30634546279907227,-0.39782118797302246,0.35282739996910095,0.29906514286994934,-0.4283158779144287,0.45881742238998413,0.45632603764533997,0.028684714809060097,0.2417525053024292,0.42837539315223694,-0.29338714480400085,0.6008912920951843,0.6519662737846375,-0.19290505349636078,0.246319979429245,0.7109374403953552,-0.6672714948654175,0.6563962697982788,0.6623814105987549,-0.7795417308807373,0.41468238830566406,0.61045241355896,-1.144204020500183,0.676149308681488,0.6820344924926758,-0.884111762046814,0.46954458951950073,0.6205505132675171,-1.289273977279663,0.6495051980018616,0.6472933292388916,-0.9188865423202515,0.4933079779148102,0.5974829792976379,-1.2638343572616577,0.6360837817192078,0.6471063494682312,-0.806625485420227,0.4885989725589752,0.6074127554893494,-1.1469953060150146,0.4254694879055023,0.8936249613761902,0.1467439830303192,0.28145837783813477,0.9320109486579895,-0.14721783995628357,0.6089383363723755,1.0876137018203735,-0.03566177934408188,0.3839835822582245,1.1310534477233887,-0.4612307548522949,0.5199466347694397,1.3964735269546509,0.20961090922355652,0.34957262873649597,1.5551143884658813,-0.17657800018787384,0.4962240755558014,1.4387389421463013,0.2232179194688797,0.33062732219696045,1.617963433265686,-0.15146760642528534,0.5110518336296082,1.5178583860397339,0.03394158557057381,0.42043161392211914,1.6830649375915527,-0.35799092054367065
frame_00087.jpg,0.3743893802165985,0.26231443881988525,-0.5348669290542603,0.39380398392677307,0.22479309141635895,-0.48321929574012756,0.4047365188598633,0.22776462137699127,-0.4838356077671051,0.4178837239742279,0.2334938943386078,-0.483822762966156,0.3601471483707428,0.22093544900417328,-0.4987817406654358,0.3477936387062073,0.21981565654277802,-0.49928027391433716,0.338589072227478,0.21809731423854828,-0.4995570182800293,0.4271370470523834,0.2555597424507141,-0.2089560478925705,0.32234859466552734,0.23375825583934784,-0.2822954058647156,0.3955906629562378,0.30520099401474,-0.4286503791809082,0.35240042209625244,0.2985990643501282,-0.45339566469192505,0.46009165048599243,0.45433855056762695,-0.007153811864554882,0.2434326410293579,0.4284343421459198,-0.2968762516975403,0.6043554544448853,0.6488826274871826,-0.24151885509490967,0.24601343274116516,0.7110373973846436,-0.671466588973999,0.6446274518966675,0.6581308841705322,-0.8302720785140991,0.41308116912841797,0.6042265295982361,-1.1548993587493896,0.6615859866142273,0.6805521249771118,-0.9355534315109253,0.47025805711746216,0.613099217414856,-1.300398349761963,0.6323086023330688,0.6389322876930237,-0.9676602482795715,0.4921606183052063,0.5891767144203186,-1.2730909585952759,0.6202050447463989,0.6392796039581299,-0.8554368019104004,0.48630231618881226,0.6000208258628845,-1.1572473049163818,0.42794269323349,0.8950952887535095,0.13494549691677094,0.2814317047595978,0.932216227054596,-0.13543254137039185,0.5890769958496094,1.1235020160675049,-0.036501895636320114,0.3586694598197937,1.1781319379806519,-0.4479138255119324,0.5089620351791382,1.431020736694336,0.24611084163188934,0.33000731468200684,1.5892356634140015,-0.16698603332042694,0.4879048466682434,1.4738452434539795,0.26340752840042114,0.31311339139938354,1.651868462562561,-0.13961263000965118,0.4977346360683441,1.5523409843444824,0.0710352212190628,0.3963756263256073,1.713597059249878,-0.34948739409446716
frame_00088.jpg,0.37376388907432556,0.2604047656059265,-0.5922065377235413,0.3933606743812561,0.2219811975955963,-0.5391685962677002,0.4041505455970764,0.22520111501216888,-0.5397672057151794,0.4173718988895416,0.2304113358259201,-0.539770245552063,0.36000293493270874,0.21800683438777924,-0.5584346055984497,0.3477855920791626,0.21722671389579773,-0.5589877367019653,0.33861005306243896,0.21605029702186584,-0.5593169927597046,0.42712920904159546,0.2524769902229309,-0.254966676235199,0.32237523794174194,0.23125571012496948,-0.34372833371162415,0.39498865604400635,0.30274486541748047,-0.48203158378601074,0.35204461216926575,0.2961505949497223,-0.5115630030632019,0.4601476788520813,0.45192617177963257,-0.045424021780490875,0.2449062168598175,0.4282262921333313,-0.36313194036483765,0.6032477021217346,0.6374735236167908,-0.3055800497531891,0.2457132339477539,0.6991350054740906,-0.7626715898513794,0.6400552988052368,0.6593186259269714,-0.9226232767105103,0.43783360719680786,0.6163539290428162,-1.2237813472747803,0.6581563949584961,0.6842091083526611,-1.0357799530029297,0.5082762241363525,0.6303675174713135,-1.3733820915222168,0.6284801959991455,0.639215886592865,-1.0683904886245728,0.5294502973556519,0.6054326295852661,-1.3378264904022217,0.6160548329353333,0.6407794952392578,-0.94917231798172,0.5049950480461121,0.6106340885162354,-1.22201669216156,0.42862433195114136,0.8951111435890198,0.13537311553955078,0.28069719672203064,0.9312650561332703,-0.13585764169692993,0.5869631767272949,1.1280560493469238,-0.04733235016465187,0.3518823981285095,1.1791267395019531,-0.4906160235404968,0.5142180919647217,1.453121304512024,0.23422810435295105,0.32385143637657166,1.585569977760315,-0.17730967700481415,0.49086636304855347,1.4975885152816772,0.25115737318992615,0.3080724775791168,1.646604061126709,-0.15046173334121704,0.5053902268409729,1.5785712003707886,0.04790464788675308,0.3856488764286041,1.7088277339935303,-0.3706684112548828
frame_00089.jpg,0.37330228090286255,0.25939884781837463,-0.5999892950057983,0.39306098222732544,0.22053219377994537,-0.5463043451309204,0.40377551317214966,0.2238740175962448,-0.5468990802764893,0.41702693700790405,0.228867769241333,-0.5469032526016235,0.3598380386829376,0.21650578081607819,-0.5672303438186646,0.3477461040019989,0.21584777534008026,-0.5677976608276367,0.33860817551612854,0.21489469707012177,-0.5681333541870117,0.42712315917015076,0.2509799599647522,-0.2597218155860901,0.32241111993789673,0.22983263432979584,-0.35599714517593384,0.3945733606815338,0.3014301359653473,-0.4889259934425354,0.3517330586910248,0.29470840096473694,-0.5206294059753418,0.46015745401382446,0.45067456364631653,-0.04577469825744629,0.2459520548582077,0.42786797881126404,-0.3796529769897461,0.6023039817810059,0.6316497325897217,-0.3038721978664398,0.24562743306159973,0.6932749152183533,-0.7778698205947876,0.6422836780548096,0.6599675416946411,-0.921820342540741,0.44574427604675293,0.6206178069114685,-1.2333735227584839,0.6618118286132812,0.6880320310592651,-1.0344218015670776,0.5181031227111816,0.6375557780265808,-1.3832039833068848,0.6328152418136597,0.6411048173904419,-1.068688154220581,0.538018524646759,0.6130130290985107,-1.347036600112915,0.6198007464408875,0.6410586833953857,-0.9492343068122864,0.5101441144943237,0.6161872148513794,-1.2312548160552979,0.4288477897644043,0.8951272368431091,0.13643844425678253,0.2801053524017334,0.9307116866111755,-0.13691940903663635,0.5878309011459351,1.1296194791793823,-0.04951067268848419,0.35093289613723755,1.1789442300796509,-0.50815349817276,0.5169616937637329,1.4565428495407104,0.2324966937303543,0.32294589281082153,1.584230661392212,-0.18814118206501007,0.49476566910743713,1.5008130073547363,0.24914352595806122,0.30684059858322144,1.6447306871414185,-0.16126112639904022,0.5094623565673828,1.5828814506530762,0.043427370488643646,0.38504281640052795,1.707318902015686,-0.3818182945251465
frame_00090.jpg,0.37296062707901,0.25733259320259094,-0.5979375243186951,0.39271101355552673,0.2179454118013382,-0.543805718421936,0.4035777449607849,0.22112220525741577,-0.5444136261940002,0.4167594015598297,0.225501149892807,-0.5443989634513855,0.3595629334449768,0.2155396044254303,-0.5648348331451416,0.34769976139068604,0.21518376469612122,-0.5653948187828064,0.3386141359806061,0.21447539329528809,-0.5657538175582886,0.4272880554199219,0.24825391173362732,-0.26163285970687866,0.3227648138999939,0.229568749666214,-0.3578166365623474,0.39459189772605896,0.2996450662612915,-0.48947256803512573,0.3518370985984802,0.2929556965827942,-0.5210672616958618,0.46397489309310913,0.4507780969142914,-0.03842190280556679,0.2500104010105133,0.4278593361377716,-0.40153342485427856,0.6025125980377197,0.6258841156959534,-0.23875197768211365,0.2460802048444748,0.6868082284927368,-0.794946551322937,0.7036283016204834,0.7067705988883972,-0.8916236162185669,0.44269537925720215,0.624645471572876,-1.2574371099472046,0.7459150552749634,0.750068724155426,-0.9749046564102173,0.5124833583831787,0.6775012612342834,-1.4112367630004883,0.7162168025970459,0.7265458703041077,-0.9777370691299438,0.5271635055541992,0.6497255563735962,-1.380960464477539,0.6935070157051086,0.72288578748703,-0.8766814470291138,0.5045719742774963,0.6392706632614136,-1.2585558891296387,0.43345800042152405,0.9047629237174988,0.13973858952522278,0.28126028180122375,0.941064178943634,-0.14024773240089417,0.5942098498344421,1.123708724975586,0.04181000962853432,0.3390597403049469,1.1994881629943848,-0.40835604071617126,0.528150737285614,1.4373153448104858,0.40703001618385315,0.317060649394989,1.5961649417877197,-0.1453973650932312,0.5117799639701843,1.4799572229385376,0.4313834309577942,0.30180901288986206,1.657533884048462,-0.12667697668075562,0.5184555053710938,1.5656388998031616,0.2524118423461914,0.3834798336029053,1.7197452783584595,-0.37628471851348877
frame_00091.jpg,0.37315496802330017,0.2548558712005615,-0.4479520320892334,0.39256852865219116,0.21634896099567413,-0.3941444754600525,0.4033454954624176,0.21965764462947845,-0.3947053551673889,0.41647523641586304,0.2239031046628952,-0.3946366012096405,0.35973501205444336,0.2144455909729004,-0.41517195105552673,0.34780263900756836,0.21434195339679718,-0.41575950384140015,0.3386525809764862,0.21391580998897552,-0.41610416769981384,0.4276873469352722,0.24741972982883453,-0.12964670360088348,0.3236127197742462,0.22939462959766388,-0.22595028579235077,0.3946381211280823,0.29754024744033813,-0.34743478894233704,0.35187670588493347,0.29068416357040405,-0.37896811962127686,0.46995997428894043,0.45227375626564026,0.06856559216976166,0.2525348663330078,0.42551442980766296,-0.31093570590019226,0.6129529476165771,0.6266391277313232,-0.10250183194875717,0.2524451017379761,0.6606329083442688,-0.7494630813598633,0.720873236656189,0.7098235487937927,-0.6054620742797852,0.4394382834434509,0.6260408759117126,-1.1887195110321045,0.7707095146179199,0.7438427209854126,-0.6843118667602539,0.506522536277771,0.6949266791343689,-1.330078363418579,0.7504652738571167,0.7326540350914001,-0.7491278052330017,0.5223154425621033,0.6608776450157166,-1.3045121431350708,0.7267688512802124,0.7308140397071838,-0.6405429840087891,0.5061444640159607,0.6468802690505981,-1.1901752948760986,0.4460000991821289,0.9186595678329468,0.14008700847625732,0.28691884875297546,0.9481520056724548,-0.140614315867424,0.6106339693069458,1.1221905946731567,0.006697877310216427,0.34197521209716797,1.1644970178604126,-0.42112842202186584,0.561646044254303,1.4462730884552002,0.34569188952445984,0.33733296394348145,1.5890945196151733,-0.20599839091300964,0.5466817617416382,1.4929776191711426,0.382270485162735,0.3243044316768646,1.6507506370544434,-0.19134166836738586,0.5486255884170532,1.5682202577590942,0.23724129796028137,0.4188361167907715,1.7179566621780396,-0.4230040907859802
frame_00092.jpg,0.37327778339385986,0.2534594237804413,-0.44642290472984314,0.3924317955970764,0.21569733321666718,-0.39219242334365845,0.403268426656723,0.21920505166053772,-0.39273563027381897,0.41637760400772095,0.22351114451885223,-0.392718642950058,0.3598640561103821,0.2139826864004135,-0.413592666387558,0.34786880016326904,0.21394900977611542,-0.41423964500427246,0.3387681543827057,0.2136600911617279,-0.41462764143943787,0.4283905029296875,0.24742749333381653,-0.12106204032897949,0.32475000619888306,0.2292873114347458,-0.21824927628040314,0.3946616053581238,0.2967776954174042,-0.3422836661338806,0.351950466632843,0.28923866152763367,-0.3742695152759552,0.47197118401527405,0.4527703821659088,0.08499009907245636,0.2545056939125061,0.423194020986557,-0.29606297612190247,0.6189800500869751,0.6271553635597229,-0.12483391910791397,0.2581915557384491,0.656983494758606,-0.711104691028595,0.712054431438446,0.7079673409461975,-0.66543048620224,0.43717995285987854,0.6285949945449829,-1.1648153066635132,0.752251386642456,0.7450961470603943,-0.7537795305252075,0.5049039125442505,0.6963955760002136,-1.3053594827651978,0.7315317392349243,0.7173163890838623,-0.8342097997665405,0.5208519697189331,0.6627601981163025,-1.279313564300537,0.7090557217597961,0.7188429236412048,-0.7118035554885864,0.5064631700515747,0.6500008702278137,-1.1661936044692993,0.445803701877594,0.9361669421195984,0.1403742879629135,0.2871329188346863,0.9617229700088501,-0.14089486002922058,0.5812147259712219,1.194832682609558,0.03919556736946106,0.3406994044780731,1.272844672203064,-0.4266324043273926,0.5269123315811157,1.534700632095337,0.34923818707466125,0.3180113136768341,1.6620007753372192,-0.22359690070152283,0.5155676603317261,1.5815520286560059,0.3688287138938904,0.3022279143333435,1.7232317924499512,-0.21061065793037415,0.5060397386550903,1.6643319129943848,0.19493672251701355,0.3816765248775482,1.776552438735962,-0.4369387626647949
frame_00093.jpg,0.37314918637275696,0.2533775269985199,-0.48950061202049255,0.39193183183670044,0.2158038169145584,-0.4344198703765869,0.4029759466648102,0.2193283885717392,-0.43490415811538696,0.41532501578330994,0.22361283004283905,-0.43486911058425903,0.3597162067890167,0.21397174894809723,-0.464272677898407,0.34798288345336914,0.21390123665332794,-0.46502357721328735,0.3388771414756775,0.21364079415798187,-0.465545654296875,0.4283997118473053,0.24754245579242706,-0.15118788182735443,0.32501596212387085,0.22925695776939392,-0.28341805934906006,0.3945659399032593,0.29671353101730347,-0.3799310326576233,0.3519321084022522,0.2891121208667755,-0.42315274477005005,0.47176218032836914,0.45287129282951355,0.0695519968867302,0.25409701466560364,0.4209422171115875,-0.3737967014312744,0.6150023341178894,0.6274101734161377,-0.12978312373161316,0.2595580518245697,0.6566683053970337,-0.7756699323654175,0.7195929884910583,0.7113389372825623,-0.6889297962188721,0.4495869278907776,0.6338308453559875,-1.2130768299102783,0.7637863755226135,0.7477255463600159,-0.7679948806762695,0.5064040422439575,0.6953014731407166,-1.3654361963272095,0.7419937252998352,0.7206801176071167,-0.8615654110908508,0.5301214456558228,0.6821451187133789,-1.33193838596344,0.7187135815620422,0.7197033166885376,-0.7403830289840698,0.5141096115112305,0.6755801439285278,-1.2119449377059937,0.42346757650375366,0.933551013469696,0.14676299691200256,0.2726263105869293,0.9601814150810242,-0.1472955048084259,0.5549024343490601,1.165263295173645,0.053720928728580475,0.3106656074523926,1.2566068172454834,-0.42734798789024353,0.5057567358016968,1.5095916986465454,0.3201831877231598,0.26734891533851624,1.6587085723876953,-0.26903897523880005,0.4939036965370178,1.561453938484192,0.33324751257896423,0.24992652237415314,1.7235890626907349,-0.26052799820899963,0.4877060055732727,1.6410175561904907,0.13964948058128357,0.3229762315750122,1.7752853631973267,-0.5096833109855652
frame_00094.jpg,0.3731243312358856,0.25339221954345703,-0.4965278208255768,0.3916710913181305,0.21593508124351501,-0.44097739458084106,0.40286198258399963,0.21946948766708374,-0.44149771332740784,0.4147803783416748,0.22376997768878937,-0.44147229194641113,0.35966983437538147,0.21402938663959503,-0.46625271439552307,0.3480801284313202,0.21392792463302612,-0.46691951155662537,0.33893463015556335,0.21368339657783508,-0.46735697984695435,0.42841896414756775,0.24762310087680817,-0.1562751829624176,0.32542553544044495,0.22956940531730652,-0.2677951455116272,0.39459162950515747,0.29680028557777405,-0.3869114816188812,0.35196825861930847,0.2891896069049835,-0.4242088794708252,0.4722215533256531,0.45319026708602905,0.06019957736134529,0.2526131272315979,0.4202919602394104,-0.3254074454307556,0.6131476163864136,0.6286168694496155,-0.13057874143123627,0.2577893137931824,0.6576251983642578,-0.7230090498924255,0.7137401700019836,0.7140276432037354,-0.7008606195449829,0.44979310035705566,0.6343984007835388,-1.188907504081726,0.7550264596939087,0.7527008652687073,-0.7896281480789185,0.5045581459999084,0.6942699551582336,-1.3535025119781494,0.7326257824897766,0.7183311581611633,-0.8721329569816589,0.5290693044662476,0.6840158104896545,-1.3161821365356445,0.7099702954292297,0.7225279211997986,-0.749137818813324,0.5153404474258423,0.6779683232307434,-1.1880666017532349,0.4272667467594147,0.930039644241333,0.1378992795944214,0.2731229364871979,0.9595136046409607,-0.13843849301338196,0.5681378245353699,1.1516669988632202,-0.028087863698601723,0.30986934900283813,1.2354447841644287,-0.49697571992874146,0.5468178987503052,1.510318636894226,0.21711614727973938,0.2860478162765503,1.6428396701812744,-0.3007637858390808,0.5389633774757385,1.5640952587127686,0.2260122001171112,0.25746721029281616,1.7070645093917847,-0.28862810134887695,0.5294725298881531,1.6425836086273193,-0.00888202153146267,0.3503330945968628,1.76385498046875,-0.5474733114242554
frame_00095.jpg,0.3722129762172699,0.25347790122032166,-0.3971838653087616,0.3905465006828308,0.21599753201007843,-0.3364536762237549,0.40228256583213806,0.21939711272716522,-0.33695968985557556,0.4137513041496277,0.22345176339149475,-0.336931437253952,0.35875388979911804,0.21407118439674377,-0.3603003919124603,0.34775179624557495,0.21393971145153046,-0.3609386086463928,0.33879655599594116,0.21368980407714844,-0.3612782955169678,0.42840370535850525,0.24685099720954895,-0.04123404622077942,0.32543352246284485,0.22957822680473328,-0.14969395101070404,0.39427393674850464,0.2965656518936157,-0.2859780788421631,0.3517010509967804,0.2892499268054962,-0.32117483019828796,0.4720214307308197,0.4532265365123749,0.164245143532753,0.2523989975452423,0.41878750920295715,-0.2202894240617752,0.6074251532554626,0.6286851167678833,-0.052165109664201736,0.26022079586982727,0.6487060189247131,-0.5563459396362305,0.712181568145752,0.702955424785614,-0.6454974412918091,0.4484826922416687,0.6537448763847351,-1.004834532737732,0.750527560710907,0.7389847040176392,-0.7468125224113464,0.5024734735488892,0.7261517643928528,-1.1521071195602417,0.7309661507606506,0.6981753706932068,-0.8095704913139343,0.5269697904586792,0.7034855484962463,-1.1381385326385498,0.7093867063522339,0.702897310256958,-0.6861064434051514,0.5141637325286865,0.6899394989013672,-1.0104014873504639,0.42907363176345825,0.9281538724899292,0.1423218548297882,0.27461808919906616,0.959172785282135,-0.14284005761146545,0.6518132090568542,1.0636451244354248,-0.11701910197734833,0.3684678375720978,1.072179913520813,-0.5290924906730652,0.5448046922683716,1.3274470567703247,0.05755658075213432,0.3514733910560608,1.5569580793380737,-0.3386842906475067,0.5294005870819092,1.3570408821105957,0.06598430871963501,0.3319080173969269,1.6263492107391357,-0.32263290882110596,0.5286117792129517,1.442301630973816,-0.12476623058319092,0.42054620385169983,1.7063963413238525,-0.5461922883987427
frame_00096.jpg,0.37208622694015503,0.25375884771347046,-0.3758746087551117,0.390253484249115,0.216617614030838,-0.32037633657455444,0.40223804116249084,0.2200838178396225,-0.3209373950958252,0.41351404786109924,0.22403812408447266,-0.32088297605514526,0.35851138830184937,0.21437063813209534,-0.34333229064941406,0.3477800488471985,0.21417567133903503,-0.3439427316188812,0.33885321021080017,0.21388588845729828,-0.34425243735313416,0.42843037843704224,0.2478712946176529,-0.043330442160367966,0.325550377368927,0.2298019528388977,-0.1496412754058838,0.3942874073982239,0.29683446884155273,-0.27124130725860596,0.35172849893569946,0.29024097323417664,-0.30582454800605774,0.47195690870285034,0.45381960272789,0.15510419011116028,0.2522880733013153,0.41854244470596313,-0.23298974335193634,0.5934550762176514,0.6315099000930786,-0.018443074077367783,0.27118179202079773,0.6183902025222778,-0.5894176363945007,0.7271147966384888,0.7094275951385498,-0.5107818245887756,0.44701752066612244,0.654326319694519,-1.0280296802520752,0.7731005549430847,0.7426964044570923,-0.5931075811386108,0.49443548917770386,0.7241160869598389,-1.1719214916229248,0.76202392578125,0.7155700325965881,-0.6634150743484497,0.5197304487228394,0.7091808915138245,-1.1603941917419434,0.7363225221633911,0.7162929177284241,-0.552259087562561,0.5090155005455017,0.6945565342903137,-1.0356742143630981,0.4271698594093323,0.9270060658454895,0.14680413901805878,0.27401742339134216,0.9585418701171875,-0.14731465280056,0.6493045091629028,1.0160266160964966,-0.05212577432394028,0.4008234441280365,0.9608080983161926,-0.48999953269958496,0.5710079669952393,1.2788172960281372,0.1370503455400467,0.3923146426677704,1.4581410884857178,-0.29375848174095154,0.5472959280014038,1.3181487321853638,0.1472638100385666,0.3689384460449219,1.5317367315292358,-0.27751439809799194,0.5762313604354858,1.3693128824234009,-0.04899873584508896,0.48294001817703247,1.599929690361023,-0.5029629468917847
frame_00097.jpg,0.37185537815093994,0.2539665400981903,-0.4063684046268463,0.38980939984321594,0.2171701341867447,-0.34875211119651794,0.4020933508872986,0.2206706404685974,-0.3493286371231079,0.4131045341491699,0.22451159358024597,-0.349271297454834,0.3583044111728668,0.21461184322834015,-0.3714849054813385,0.34780436754226685,0.2143370807170868,-0.3720826208591461,0.3388981819152832,0.21400366723537445,-0.37241172790527344,0.42844444513320923,0.24871225655078888,-0.06335960328578949,0.3256964087486267,0.22996728122234344,-0.16885170340538025,0.39428845047950745,0.29704052209854126,-0.2988133728504181,0.3517342209815979,0.290788859128952,-0.33317646384239197,0.47214722633361816,0.45520344376564026,0.13597095012664795,0.25145652890205383,0.4181312024593353,-0.24611496925354004,0.5913418531417847,0.6321421265602112,-0.054890114814043045,0.2743779420852661,0.6109153032302856,-0.6133104562759399,0.7262997031211853,0.7066248059272766,-0.5869566798210144,0.44602900743484497,0.6548816561698914,-1.047973394393921,0.7769124507904053,0.7422941327095032,-0.678178071975708,0.488506942987442,0.7226046919822693,-1.1805248260498047,0.7555475234985352,0.7150014638900757,-0.7438761591911316,0.5153923034667969,0.7106850743293762,-1.194322109222412,0.734618067741394,0.7170381546020508,-0.6273321509361267,0.5058974027633667,0.6968757510185242,-1.0391075611114502,0.42744749784469604,0.9260150194168091,0.1487903892993927,0.2742995619773865,0.9561384916305542,-0.14927349984645844,0.6440788507461548,1.0307719707489014,-0.018115127459168434,0.4067011773586273,0.9957975149154663,-0.4888981282711029,0.5893077850341797,1.3155869245529175,0.18877820670604706,0.407527357339859,1.4757004976272583,-0.2898632884025574,0.5681498050689697,1.359468698501587,0.1989404410123825,0.3876830041408539,1.5479222536087036,-0.27435341477394104,0.5986893773078918,1.4110184907913208,0.018339207395911217,0.4967655539512634,1.607890009880066,-0.4934944212436676
frame_00098.jpg,0.3723556399345398,0.254398912191391,-0.5992602109909058,0.39015713334083557,0.21732471883296967,-0.5437455773353577,0.40235257148742676,0.22072753310203552,-0.5443556904792786,0.41334766149520874,0.22454245388507843,-0.5443412661552429,0.35896968841552734,0.2151317596435547,-0.5638560652732849,0.34861791133880615,0.2150239497423172,-0.5644845366477966,0.3398030698299408,0.2147144377231598,-0.5649009346961975,0.429067462682724,0.2488718032836914,-0.2465393990278244,0.32692399621009827,0.23106297850608826,-0.33849185705184937,0.39460062980651855,0.29728615283966064,-0.4834122657775879,0.35221216082572937,0.29140976071357727,-0.5141228437423706,0.47335177659988403,0.4571649134159088,-0.03282157704234123,0.24951644241809845,0.41995447874069214,-0.3553430438041687,0.6117972135543823,0.6333593726158142,-0.2685125172138214,0.27249354124069214,0.62996506690979,-0.7599499821662903,0.6545548439025879,0.7061954140663147,-0.8587626218795776,0.45792484283447266,0.6535681486129761,-1.231553554534912,0.6738079190254211,0.7436900734901428,-0.9654960632324219,0.5047887563705444,0.6984338164329529,-1.3867506980895996,0.6424190402030945,0.7121053338050842,-1.0073935985565186,0.53464674949646,0.6855352520942688,-1.3561266660690308,0.631424605846405,0.7143150568008423,-0.8878893852233887,0.5111814737319946,0.683816134929657,-1.230304479598999,0.42645955085754395,0.9258479475975037,0.13572140038013458,0.2738550305366516,0.9558958411216736,-0.1362362802028656,0.5553218722343445,1.2081048488616943,-0.020002456381917,0.34662124514579773,1.2199389934539795,-0.4653841555118561,0.5478331446647644,1.5493659973144531,0.23639383912086487,0.3206220865249634,1.5998176336288452,-0.17227549850940704,0.5503703355789185,1.5997227430343628,0.2485826462507248,0.3057307004928589,1.6597014665603638,-0.151282399892807,0.521635115146637,1.6615889072418213,0.01634720340371132,0.38055258989334106,1.7035185098648071,-0.4076808989048004
frame_00099.jpg,0.37265631556510925,0.2547524869441986,-0.6148536801338196,0.39027827978134155,0.21766318380832672,-0.5593307614326477,0.40247026085853577,0.22096744179725647,-0.5599379539489746,0.4133686125278473,0.22472068667411804,-0.5599209070205688,0.35934558510780334,0.21565958857536316,-0.5801709294319153,0.34911492466926575,0.21560899913311005,-0.5807918310165405,0.3403545320034027,0.21525700390338898,-0.5811895132064819,0.42921915650367737,0.24913634359836578,-0.26304322481155396,0.3276665508747101,0.23187102377414703,-0.3585815727710724,0.39479973912239075,0.29755303263664246,-0.49960073828697205,0.3524976372718811,0.2918882668018341,-0.5313421487808228,0.4736376702785492,0.45784270763397217,-0.05196738988161087,0.2482309639453888,0.4206903278827667,-0.38253143429756165,0.616828978061676,0.6334329843521118,-0.3169010281562805,0.2716982960700989,0.6321885585784912,-0.7924920320510864,0.6548411250114441,0.7023199200630188,-0.9493235349655151,0.4590686857700348,0.6506363749504089,-1.271719217300415,0.6780592799186707,0.7405588030815125,-1.0644140243530273,0.5067551136016846,0.6793487668037415,-1.4317017793655396,0.6458272933959961,0.7062568068504333,-1.1092700958251953,0.5368291139602661,0.6744512915611267,-1.400472640991211,0.6322256326675415,0.701729953289032,-0.9814179539680481,0.5116774439811707,0.6768761277198792,-1.2730543613433838,0.42379146814346313,0.9261876940727234,0.13433068990707397,0.2730198800563812,0.9548316597938538,-0.1348363608121872,0.5413966178894043,1.2175557613372803,-0.009412148036062717,0.3214181959629059,1.2463443279266357,-0.4434783458709717,0.5315572619438171,1.5540188550949097,0.293850839138031,0.2915663421154022,1.627256155014038,-0.15405689179897308,0.5355152487754822,1.6040928363800049,0.30872493982315063,0.276338666677475,1.6860392093658447,-0.13456770777702332,0.5067251920700073,1.6639734506607056,0.06251310557126999,0.35296061635017395,1.7331006526947021,-0.3958999514579773
frame_00100.jpg,0.37268221378326416,0.2547762095928192,-0.665134072303772,0.3902532458305359,0.21775445342063904,-0.608657956123352,0.4024878442287445,0.22101621329784393,-0.6092653274536133,0.41334810853004456,0.22478726506233215,-0.6092411279678345,0.35931292176246643,0.21609419584274292,-0.6299839615821838,0.34913480281829834,0.21612843871116638,-0.6306320428848267,0.34036892652511597,0.21581946313381195,-0.6310870051383972,0.4292871057987213,0.2490045577287674,-0.30686280131340027,0.32786259055137634,0.23318782448768616,-0.40486016869544983,0.39498862624168396,0.2975943982601166,-0.5486024618148804,0.35268083214759827,0.2919725477695465,-0.5807760953903198,0.4735134243965149,0.4581533968448639,-0.04345462843775749,0.24967828392982483,0.4214811325073242,-0.4272844195365906,0.6010333895683289,0.6334932446479797,-0.257031112909317,0.2681156396865845,0.6850261688232422,-0.7752584218978882,0.663589596748352,0.7013213038444519,-0.7824522256851196,0.43232861161231995,0.6593773365020752,-1.240958571434021,0.7242368459701538,0.7405455112457275,-0.8573186993598938,0.48707255721092224,0.6907428503036499,-1.398235559463501,0.7016350030899048,0.705459475517273,-0.9448211789131165,0.5125327706336975,0.6783133745193481,-1.3745014667510986,0.6729974150657654,0.7016614675521851,-0.8288698196411133,0.5006214380264282,0.6772415041923523,-1.2444041967391968,0.42262786626815796,0.924940288066864,0.14261655509471893,0.27371376752853394,0.9534279704093933,-0.14303790032863617,0.5457080006599426,1.195039987564087,0.07797051966190338,0.32639577984809875,1.2465324401855469,-0.49298661947250366,0.5132502317428589,1.5247035026550293,0.4159685969352722,0.3043566346168518,1.6409353017807007,-0.27444326877593994,0.5072727203369141,1.5734943151474,0.4346444606781006,0.2880365252494812,1.7028521299362183,-0.2616659998893738,0.4984843134880066,1.642451524734497,0.22747497260570526,0.3694074749946594,1.755117654800415,-0.5273822546005249
frame_00101.jpg,0.3723828196525574,0.25676771998405457,-0.6484936475753784,0.3900120258331299,0.22082939743995667,-0.5957542061805725,0.4024985432624817,0.22408132255077362,-0.596361517906189,0.41324543952941895,0.22748686373233795,-0.5963805317878723,0.35914987325668335,0.2183225154876709,-0.6098401546478271,0.3491419553756714,0.21807828545570374,-0.6104786992073059,0.3403892517089844,0.21748517453670502,-0.6109071969985962,0.429469496011734,0.25220122933387756,-0.307533860206604,0.32791370153427124,0.2359141707420349,-0.37315380573272705,0.39484769105911255,0.2996990382671356,-0.536513090133667,0.35254207253456116,0.29448938369750977,-0.5592254996299744,0.4748377203941345,0.4600558280944824,-0.09894261509180069,0.2488059252500534,0.43406328558921814,-0.40678733587265015,0.60035240650177,0.6391865611076355,-0.32184675335884094,0.2525618076324463,0.7117207050323486,-0.7529844641685486,0.6595674753189087,0.7064228057861328,-0.8893339037895203,0.42604756355285645,0.6607103943824768,-1.2375662326812744,0.6973979473114014,0.7430247664451599,-0.9946044683456421,0.47165656089782715,0.6926634311676025,-1.392807960510254,0.6731869578361511,0.7076460123062134,-1.0478973388671875,0.49373483657836914,0.6798737645149231,-1.371591329574585,0.6538008451461792,0.7029851675033569,-0.9230558276176453,0.47751855850219727,0.6807439923286438,-1.2435100078582764,0.4313390254974365,0.9183028340339661,0.10716821998357773,0.2757618725299835,0.9506081938743591,-0.1076262965798378,0.5456286668777466,1.219044804573059,-0.09274207055568695,0.3269345164299011,1.26170814037323,-0.48807233572006226,0.5179096460342407,1.5758686065673828,0.17229747772216797,0.30800682306289673,1.6532691717147827,-0.26671403646469116,0.5126025080680847,1.6259456872940063,0.18133100867271423,0.2940632998943329,1.7113838195800781,-0.25729089975357056,0.4988771975040436,1.7009613513946533,-0.09736998379230499,0.362682044506073,1.7721260786056519,-0.5023012161254883
frame_00102.jpg,0.37222757935523987,0.2582278847694397,-0.6587655544281006,0.38990944623947144,0.22288396954536438,-0.6068944931030273,0.4025096893310547,0.22623500227928162,-0.6075127124786377,0.4132401943206787,0.2296687811613083,-0.607534646987915,0.3590530753135681,0.21964608132839203,-0.6192091703414917,0.34915000200271606,0.21920309960842133,-0.6198446750640869,0.34040674567222595,0.21844862401485443,-0.6202712059020996,0.4296146333217621,0.25477930903434753,-0.31989574432373047,0.32796818017959595,0.23747538030147552,-0.3770166337490082,0.3946758508682251,0.30119991302490234,-0.5470337867736816,0.35239243507385254,0.2962595224380493,-0.5675181150436401,0.47551068663597107,0.460645467042923,-0.11434569209814072,0.24852433800697327,0.43977516889572144,-0.3821973204612732,0.5992502570152283,0.6444149017333984,-0.33134153485298157,0.24918487668037415,0.7188237309455872,-0.7397128343582153,0.6615036725997925,0.706052839756012,-0.8944617509841919,0.42701420187950134,0.6609147787094116,-1.2376039028167725,0.69389808177948,0.7429227828979492,-0.9998781085014343,0.4699532091617584,0.6925033330917358,-1.3930327892303467,0.6695524454116821,0.7074228525161743,-1.0505282878875732,0.4916776716709137,0.680639922618866,-1.371726393699646,0.6523085236549377,0.7023599743843079,-0.9267519116401672,0.4800015389919281,0.6803666949272156,-1.2438580989837646,0.43588656187057495,0.9144030213356018,0.09878743439912796,0.2775036692619324,0.9481984376907349,-0.09925345331430435,0.544364333152771,1.227742075920105,-0.09188579767942429,0.321159303188324,1.2563292980194092,-0.4871649146080017,0.5207704305648804,1.5817573070526123,0.19945445656776428,0.306579053401947,1.6481529474258423,-0.23490610718727112,0.5139471292495728,1.63178551197052,0.21113047003746033,0.2959842383861542,1.706209659576416,-0.2198728770017624,0.49860167503356934,1.703498363494873,-0.048369359225034714,0.35505807399749756,1.7662347555160522,-0.488582044839859
frame_00103.jpg,0.37043794989585876,0.2585611045360565,-0.6331420540809631,0.3886047899723053,0.2243887037038803,-0.5848453640937805,0.40193596482276917,0.22777573764324188,-0.5853889584541321,0.4123494029045105,0.23114663362503052,-0.5855128765106201,0.3576436936855316,0.22058311104774475,-0.5888200998306274,0.3480657637119293,0.21975737810134888,-0.5894666314125061,0.33926841616630554,0.21898062527179718,-0.589951753616333,0.42911195755004883,0.25610804557800293,-0.31526532769203186,0.32732197642326355,0.23776094615459442,-0.34121254086494446,0.3933570086956024,0.30173158645629883,-0.5241822600364685,0.3510972857475281,0.29639407992362976,-0.5361171960830688,0.4744952321052551,0.4587392807006836,-0.08853588998317719,0.24757197499275208,0.43928250670433044,-0.3406861126422882,0.5950337648391724,0.6422651410102844,-0.3069790303707123,0.24997162818908691,0.7298091650009155,-0.677914023399353,0.6636528372764587,0.7043726444244385,-0.83387690782547,0.4346272945404053,0.6696908473968506,-1.139587163925171,0.694515585899353,0.7434360980987549,-0.9280737042427063,0.4861083924770355,0.6986751556396484,-1.2900829315185547,0.6722345352172852,0.7069100141525269,-0.9845917820930481,0.5054214000701904,0.6880767345428467,-1.2649993896484375,0.6578007340431213,0.702618420124054,-0.8664873242378235,0.49402111768722534,0.6854228973388672,-1.1425549983978271,0.4375521242618561,0.9142850041389465,0.10635433346033096,0.2780091464519501,0.9479502439498901,-0.10682358592748642,0.5473937392234802,1.233715534210205,-0.05163154751062393,0.317902147769928,1.2829147577285767,-0.5025931596755981,0.5210318565368652,1.5717629194259644,0.3496116101741791,0.309512197971344,1.6668503284454346,-0.258589506149292,0.5146464705467224,1.6186487674713135,0.3742518126964569,0.2961893379688263,1.7233942747116089,-0.24302268028259277,0.4940788149833679,1.6936078071594238,0.15400704741477966,0.36065873503685,1.783152461051941,-0.5077220797538757
frame_00104.jpg,0.3694453537464142,0.25873517990112305,-0.6280196309089661,0.38766103982925415,0.2253747433423996,-0.5755451917648315,0.40146270394325256,0.22870762646198273,-0.5761245489120483,0.4116465449333191,0.23193927109241486,-0.5761518478393555,0.35661643743515015,0.2213628590106964,-0.5909301042556763,0.34724146127700806,0.2202768325805664,-0.5915514230728149,0.3383635878562927,0.219512939453125,-0.5919838547706604,0.4285735487937927,0.2566462457180023,-0.29083842039108276,0.3267252743244171,0.2380998730659485,-0.3641168177127838,0.3927031457424164,0.3020329475402832,-0.5163326859474182,0.3504970967769623,0.2965035140514374,-0.5415289998054504,0.47275376319885254,0.4572124481201172,-0.06347766518592834,0.24684031307697296,0.4390791952610016,-0.3751378059387207,0.5904783010482788,0.6388024091720581,-0.2866054177284241,0.2504296600818634,0.7302541732788086,-0.6820694208145142,0.666008472442627,0.7041467428207397,-0.7689565420150757,0.44029951095581055,0.6743558049201965,-1.1299740076065063,0.7033470869064331,0.7457931041717529,-0.8557008504867554,0.49587029218673706,0.7027918100357056,-1.2781288623809814,0.6931106448173523,0.7075552344322205,-0.9174324870109558,0.516060471534729,0.6919416785240173,-1.254073143005371,0.6670179963111877,0.7040472626686096,-0.8040696382522583,0.5036016702651978,0.6881736516952515,-1.1323643922805786,0.43731898069381714,0.9137861132621765,0.11417073011398315,0.2777249217033386,0.9480777978897095,-0.11457463353872299,0.5518440008163452,1.2162989377975464,0.019704138860106468,0.320872962474823,1.2737064361572266,-0.5218652486801147,0.5212208032608032,1.5688918828964233,0.440396249294281,0.3114352226257324,1.6625975370407104,-0.25919729471206665,0.5142102241516113,1.6099402904510498,0.4689764976501465,0.3022584319114685,1.7198578119277954,-0.2409113347530365,0.4953206181526184,1.689479112625122,0.26953738927841187,0.3609984517097473,1.7810429334640503,-0.49871164560317993
frame_00105.jpg,0.3665817677974701,0.26054733991622925,-0.6220000982284546,0.38571181893348694,0.22700254619121552,-0.5697624683380127,0.39962977170944214,0.22976745665073395,-0.5703558921813965,0.41014233231544495,0.23289304971694946,-0.570388913154602,0.3545721471309662,0.22299714386463165,-0.5838746428489685,0.3451003432273865,0.22152236104011536,-0.584464430809021,0.336049884557724,0.22085356712341309,-0.5848681330680847,0.426807701587677,0.25682151317596436,-0.2868894934654236,0.32471224665641785,0.2390708476305008,-0.35344386100769043,0.39010995626449585,0.303575336933136,-0.5115951299667358,0.3478527367115021,0.29790031909942627,-0.5343167185783386,0.4728173315525055,0.4574103355407715,-0.07601647078990936,0.24328143894672394,0.44046512246131897,-0.37420588731765747,0.5919238328933716,0.6427123546600342,-0.28603267669677734,0.24619384109973907,0.7227271795272827,-0.6836110353469849,0.6667668223381042,0.7115409970283508,-0.8201969265937805,0.4481825828552246,0.6772601008415222,-1.1198374032974243,0.6998239755630493,0.7517826557159424,-0.9213468432426453,0.5018649101257324,0.7119486927986145,-1.262075662612915,0.6817304491996765,0.7154260277748108,-0.9699907302856445,0.5230644345283508,0.6956608295440674,-1.2391297817230225,0.6610130071640015,0.709577739238739,-0.8512982130050659,0.5077882409095764,0.6907348036766052,-1.1222503185272217,0.4372430443763733,0.9090357422828674,0.11022651195526123,0.27512210607528687,0.9437593221664429,-0.1106949895620346,0.5637388229370117,1.1878890991210938,-0.23428502678871155,0.32285112142562866,1.2591339349746704,-0.46214690804481506,0.5184957385063171,1.491585612297058,-0.0016527390107512474,0.31412580609321594,1.6555434465408325,-0.1599813997745514,0.5073912143707275,1.533015489578247,0.008131076581776142,0.30760452151298523,1.7150423526763916,-0.1371547430753708,0.4912473261356354,1.5963022708892822,-0.2519121766090393,0.36359280347824097,1.773337483406067,-0.3958728015422821
frame_00106.jpg,0.36487919092178345,0.26122909784317017,-0.6164166331291199,0.3845388889312744,0.2280440628528595,-0.5605403184890747,0.3986057937145233,0.23066018521785736,-0.5611323118209839,0.4092574715614319,0.23383229970932007,-0.5611542463302612,0.3534042239189148,0.22374920547008514,-0.5821279287338257,0.3439895510673523,0.22201897203922272,-0.5827862024307251,0.33496004343032837,0.22140122950077057,-0.5832091569900513,0.4258801341056824,0.25743570923805237,-0.2870027422904968,0.3237636387348175,0.2399306446313858,-0.3484833240509033,0.3885195851325989,0.3047913908958435,-0.5028282403945923,0.3458479642868042,0.2983757555484772,-0.5308676958084106,0.47299838066101074,0.45789241790771484,-0.10635538399219513,0.2407863885164261,0.4404148459434509,-0.34827083349227905,0.6022253632545471,0.6453129649162292,-0.30974212288856506,0.23923282325267792,0.718683123588562,-0.6998468637466431,0.646442711353302,0.7501680254936218,-0.8116254806518555,0.44358476996421814,0.6762950420379639,-1.1753984689712524,0.6707559823989868,0.8016709089279175,-0.912238597869873,0.500828206539154,0.7117226719856262,-1.3193169832229614,0.6393762826919556,0.7696067690849304,-0.9579991102218628,0.5228530168533325,0.6950666904449463,-1.287259817123413,0.6247128844261169,0.7579972743988037,-0.8471214175224304,0.4991229474544525,0.6901363730430603,-1.175517201423645,0.43727952241897583,0.9047504663467407,0.10345969349145889,0.27349013090133667,0.9379362463951111,-0.10393712669610977,0.5602006316184998,1.179683804512024,-0.1502322554588318,0.32039955258369446,1.237825870513916,-0.5546281933784485,0.5084367990493774,1.4815804958343506,0.1375647634267807,0.31460437178611755,1.6517099142074585,-0.32134944200515747,0.4973808825016022,1.5256578922271729,0.15232586860656738,0.3078303933143616,1.7133853435516357,-0.3049693703651428,0.4793199896812439,1.5864970684051514,-0.08414353430271149,0.3645420968532562,1.7672159671783447,-0.5679841637611389
frame_00107.jpg,0.3638155460357666,0.26169154047966003,-0.6112637519836426,0.3837873339653015,0.22867445647716522,-0.5558241605758667,0.39792555570602417,0.23119784891605377,-0.5564171671867371,0.4086574614048004,0.23440562188625336,-0.5564303398132324,0.3527300953865051,0.22430500388145447,-0.5780367255210876,0.3433725833892822,0.22242997586727142,-0.578722357749939,0.3343718349933624,0.22186365723609924,-0.5791453123092651,0.4254226088523865,0.2579585909843445,-0.29020100831985474,0.32329288125038147,0.2406340092420578,-0.34761929512023926,0.3875274062156677,0.3055979907512665,-0.49957790970802307,0.3447645902633667,0.29872334003448486,-0.5266833901405334,0.4732775092124939,0.45826810598373413,-0.114308200776577,0.23943594098091125,0.44055604934692383,-0.3402639627456665,0.6074725389480591,0.6477672457695007,-0.3166937232017517,0.23679378628730774,0.717520534992218,-0.711135983467102,0.6415919661521912,0.7653573155403137,-0.8083453178405762,0.44109684228897095,0.6754187345504761,-1.1944377422332764,0.6646604537963867,0.8190014362335205,-0.9068294763565063,0.5001380443572998,0.7116125822067261,-1.3396153450012207,0.631482720375061,0.787692129611969,-0.9545251727104187,0.5227639675140381,0.6946775317192078,-1.3069548606872559,0.6175145506858826,0.7754231691360474,-0.8421941995620728,0.4950047433376312,0.6896266341209412,-1.1945455074310303,0.43725472688674927,0.9027433395385742,0.10048384964466095,0.27230125665664673,0.9354804158210754,-0.10097064822912216,0.5580329895019531,1.1742395162582397,-0.1428847312927246,0.3186648488044739,1.2238051891326904,-0.5568625926971436,0.5049437880516052,1.476109266281128,0.144891619682312,0.31480395793914795,1.6456972360610962,-0.3226514160633087,0.4941291809082031,1.5211704969406128,0.15943795442581177,0.30791911482810974,1.7103701829910278,-0.3060470521450043,0.47569674253463745,1.5815240144729614,-0.08036914467811584,0.3655754625797272,1.7623629570007324,-0.5694146156311035
frame_00108.jpg,0.36631760001182556,0.2619991600513458,-0.6744863390922546,0.38510850071907043,0.22877368330955505,-0.6193134784698486,0.3991168737411499,0.23131482303142548,-0.6199113130569458,0.4097665250301361,0.2344738394021988,-0.6199151277542114,0.3528352677822113,0.22443470358848572,-0.6428038477897644,0.3433918356895447,0.2225707471370697,-0.6434307098388672,0.33442774415016174,0.22195284068584442,-0.6438427567481995,0.4254491925239563,0.2579241394996643,-0.31795886158943176,0.3232632577419281,0.2406274378299713,-0.4185085892677307,0.38942673802375793,0.30555519461631775,-0.5552233457565308,0.345425546169281,0.29881641268730164,-0.589489221572876,0.4718282222747803,0.45356953144073486,-0.0990281030535698,0.23951569199562073,0.4385412633419037,-0.4057965874671936,0.5962124466896057,0.6396797299385071,-0.22189483046531677,0.23802587389945984,0.7239530086517334,-0.7108269929885864,0.6863258481025696,0.7506942749023438,-0.7352142930030823,0.44103485345840454,0.6865147352218628,-1.1077278852462769,0.7230196595191956,0.7824490070343018,-0.8254716992378235,0.49968165159225464,0.7163130640983582,-1.2441586256027222,0.7073935270309448,0.7384462952613831,-0.8875615000724792,0.5200620889663696,0.6953014135360718,-1.22482168674469,0.687163233757019,0.7509128451347351,-0.772433340549469,0.4930444359779358,0.6899934411048889,-1.1099425554275513,0.4359568953514099,0.8940032720565796,0.12040430307388306,0.2719818949699402,0.9312818646430969,-0.12086840718984604,0.6056714057922363,1.105228304862976,-0.12929871678352356,0.3196363151073456,1.1823859214782715,-0.5470768809318542,0.553132176399231,1.4161791801452637,0.21458697319030762,0.3256821632385254,1.6045645475387573,-0.21744243800640106,0.5367681384086609,1.4588392972946167,0.23743398487567902,0.3210245966911316,1.6637414693832397,-0.18595333397388458,0.5396977663040161,1.537642002105713,0.019114060327410698,0.3771649897098541,1.7407431602478027,-0.42201924324035645
frame_00109.jpg,0.36832693219184875,0.26253384351730347,-0.7006928324699402,0.3864116966724396,0.22890765964984894,-0.6447954773902893,0.40023550391197205,0.23145927488803864,-0.6454097032546997,0.410919725894928,0.2346537560224533,-0.6453944444656372,0.3528937101364136,0.22470001876354218,-0.6700201034545898,0.34342652559280396,0.22289074957370758,-0.6706293821334839,0.3344776928424835,0.22223657369613647,-0.6710134148597717,0.42546457052230835,0.25790953636169434,-0.334847092628479,0.32317793369293213,0.24095463752746582,-0.4491580128669739,0.3909405469894409,0.30559930205345154,-0.5795995593070984,0.3460577130317688,0.29923519492149353,-0.6167578101158142,0.47001251578330994,0.4520038962364197,-0.08790258318185806,0.2394537627696991,0.4383479356765747,-0.4435025155544281,0.5925348401069641,0.634365439414978,-0.22591552138328552,0.2389088124036789,0.7270143032073975,-0.7249552011489868,0.689723551273346,0.7284368276596069,-0.7656288146972656,0.44102638959884644,0.6880753040313721,-1.1089575290679932,0.7242487668991089,0.7540123462677002,-0.8624041676521301,0.4999730587005615,0.7171805500984192,-1.2470694780349731,0.7099934816360474,0.7165974974632263,-0.9273629188537598,0.5198246836662292,0.6951096653938293,-1.2298991680145264,0.6900521516799927,0.719882071018219,-0.8062208294868469,0.4929019808769226,0.6897551417350769,-1.1115753650665283,0.4334595203399658,0.8907536268234253,0.14061489701271057,0.27049723267555237,0.927539587020874,-0.1410728245973587,0.6342775225639343,1.064709186553955,-0.11643613874912262,0.33816319704055786,1.0914536714553833,-0.579068124294281,0.563970685005188,1.3425772190093994,0.20703665912151337,0.3552018702030182,1.5454208850860596,-0.22508546710014343,0.5423771142959595,1.3805326223373413,0.22899377346038818,0.3490362763404846,1.6095935106277466,-0.19509513676166534,0.5558940172195435,1.452735185623169,0.017032599076628685,0.4177836775779724,1.6872971057891846,-0.4404660761356354
frame_00110.jpg,0.3820652961730957,0.2652355432510376,-0.7590927481651306,0.39456745982170105,0.23050977289676666,-0.7065352201461792,0.40463805198669434,0.23309510946273804,-0.7072116136550903,0.4147356450557709,0.2368474006652832,-0.7071633338928223,0.36399322748184204,0.2252800017595291,-0.7344666719436646,0.3516121506690979,0.22312860190868378,-0.7350114583969116,0.34206056594848633,0.22227567434310913,-0.7353464365005493,0.421955406665802,0.25874239206314087,-0.4034666419029236,0.32402926683425903,0.2406666874885559,-0.5311302542686462,0.39543968439102173,0.3068495988845825,-0.6388140916824341,0.35585761070251465,0.29990488290786743,-0.6798400282859802,0.46206921339035034,0.448180615901947,-0.14037981629371643,0.23987707495689392,0.4376133382320404,-0.48643094301223755,0.5895116329193115,0.6315298676490784,-0.23169472813606262,0.22666971385478973,0.7166541218757629,-0.7839885950088501,0.666155219078064,0.685943603515625,-0.7530627250671387,0.3643587529659271,0.6418840289115906,-1.2253139019012451,0.6933923959732056,0.7077065110206604,-0.8457283973693848,0.4126439690589905,0.6524314284324646,-1.3739628791809082,0.6750714182853699,0.6691334247589111,-0.9045462608337402,0.4313649535179138,0.6077271699905396,-1.3594138622283936,0.6599768400192261,0.6708296537399292,-0.7888973951339722,0.41836604475975037,0.6228769421577454,-1.2322509288787842,0.4256986975669861,0.8816516995429993,0.1417665183544159,0.27028557658195496,0.9142263531684875,-0.14211347699165344,0.6236525177955627,1.0923094749450684,0.04058701545000076,0.32752758264541626,1.1303997039794922,-0.42064380645751953,0.5413450002670288,1.3816611766815186,0.5407810211181641,0.3380291759967804,1.5634897947311401,-0.08205609768629074,0.5163509845733643,1.4203718900680542,0.579503059387207,0.3291209936141968,1.6264187097549438,-0.055505551397800446,0.5526641607284546,1.4975754022598267,0.38904163241386414,0.40789204835891724,1.6978706121444702,-0.32069531083106995
frame_00111.jpg,0.39413216710090637,0.2664131820201874,-0.462365061044693,0.403786838054657,0.23157364130020142,-0.4062788486480713,0.4132402837276459,0.23426929116249084,-0.40687766671180725,0.4222636818885803,0.23819991946220398,-0.40681523084640503,0.37473616003990173,0.22628054022789001,-0.4340457320213318,0.363239049911499,0.22414737939834595,-0.4345591068267822,0.35054811835289,0.2228495478630066,-0.4348466992378235,0.4216457009315491,0.2588759660720825,-0.1190645694732666,0.3250804543495178,0.24068625271320343,-0.24612756073474884,0.40244895219802856,0.3072800636291504,-0.3504737317562103,0.3667653203010559,0.30016547441482544,-0.3912044167518616,0.4623476564884186,0.44828861951828003,0.10134284198284149,0.23992463946342468,0.4375666379928589,-0.23447123169898987,0.5934931039810181,0.6451248526573181,-0.024661120027303696,0.21654900908470154,0.7162877917289734,-0.5985681414604187,0.6657780408859253,0.6599613428115845,-0.543735146522522,0.3271598517894745,0.5505005717277527,-1.1274020671844482,0.6947973966598511,0.6548426151275635,-0.6279236078262329,0.3797941505908966,0.5575567483901978,-1.2766915559768677,0.6750264763832092,0.6256349682807922,-0.6757205128669739,0.40371614694595337,0.5140992403030396,-1.2526029348373413,0.6521514654159546,0.6289223432540894,-0.5737208724021912,0.3920789361000061,0.5216285586357117,-1.1328716278076172,0.430651992559433,0.8831222057342529,0.13969841599464417,0.27788668870925903,0.9158170819282532,-0.14006371796131134,0.6136208772659302,1.1447021961212158,0.0043983315117657185,0.3578300178050995,1.166951060295105,-0.4589066505432129,0.5416663885116577,1.4769209623336792,0.42340317368507385,0.3718145787715912,1.5892047882080078,-0.1403418928384781,0.5198726058006287,1.523215413093567,0.4533906877040863,0.36047518253326416,1.659464716911316,-0.11382609605789185,0.5418828725814819,1.6034256219863892,0.2645431160926819,0.44296884536743164,1.699781060218811,-0.35321927070617676
frame_00112.jpg,0.3980211913585663,0.26705533266067505,-0.4210151731967926,0.40769919753074646,0.2323908805847168,-0.3640285134315491,0.4173298478126526,0.23533882200717926,-0.3646201193332672,0.42596569657325745,0.23950020968914032,-0.3645579218864441,0.3787923753261566,0.22679384052753448,-0.39350613951683044,0.36765825748443604,0.2246103286743164,-0.3940366506576538,0.3540846109390259,0.22298160195350647,-0.3943232297897339,0.4215027391910553,0.2590961456298828,-0.07719118148088455,0.3257402777671814,0.2405313402414322,-0.21133224666118622,0.4054626524448395,0.30750373005867004,-0.30968016386032104,0.3705764710903168,0.3002041280269623,-0.3525322675704956,0.4628404676914215,0.4484988749027252,0.14509150385856628,0.24015823006629944,0.43732503056526184,-0.2153434008359909,0.5936447381973267,0.646264910697937,0.03138589486479759,0.21949827671051025,0.7109149098396301,-0.5692623853683472,0.666138231754303,0.656471312046051,-0.47990864515304565,0.32351070642471313,0.5374998450279236,-1.078324794769287,0.6957080364227295,0.6461507081985474,-0.5617175102233887,0.37547725439071655,0.5462014079093933,-1.2246736288070679,0.6751521825790405,0.6196561455726624,-0.6128750443458557,0.4005390703678131,0.5035841464996338,-1.2021892070770264,0.649222731590271,0.6224817037582397,-0.5116990804672241,0.38926932215690613,0.5097304582595825,-1.0835297107696533,0.4306574761867523,0.8849833011627197,0.1410049945116043,0.2799887955188751,0.9172516465187073,-0.1413574516773224,0.6172152757644653,1.1342320442199707,-0.005045227240771055,0.35977208614349365,1.1647343635559082,-0.4722880721092224,0.5418188571929932,1.4476830959320068,0.40584707260131836,0.373943567276001,1.5859978199005127,-0.16184277832508087,0.51988685131073,1.489631175994873,0.4365604519844055,0.36306658387184143,1.6549612283706665,-0.1345592886209488,0.537915050983429,1.5742939710617065,0.2657299339771271,0.4426190257072449,1.6993906497955322,-0.35945892333984375
frame_00113.jpg,0.40050601959228516,0.26946136355400085,-0.48202958703041077,0.4108579754829407,0.2348204255104065,-0.42154064774513245,0.42105746269226074,0.23855552077293396,-0.422158420085907,0.42884692549705505,0.24280956387519836,-0.42213672399520874,0.3811465799808502,0.2279202938079834,-0.4580881595611572,0.3702968955039978,0.2256985753774643,-0.45862990617752075,0.35633009672164917,0.22355513274669647,-0.4589073061943054,0.4217415750026703,0.26111358404159546,-0.1143074780702591,0.32654425501823425,0.2405371218919754,-0.2740073800086975,0.4077901244163513,0.31028658151626587,-0.36375418305397034,0.3732442259788513,0.3022075295448303,-0.41552725434303284,0.4583110809326172,0.4486309587955475,0.12840229272842407,0.2408372461795807,0.4376107454299927,-0.22550196945667267,0.5624372959136963,0.6426311135292053,-0.025743508711457253,0.2311936318874359,0.7108831405639648,-0.6932475566864014,0.6682373881340027,0.6530962586402893,-0.5930377244949341,0.3264271020889282,0.5634415149688721,-1.1505651473999023,0.6992388963699341,0.6450622081756592,-0.6828572750091553,0.4035363793373108,0.577902615070343,-1.2921521663665771,0.6779277324676514,0.6204143166542053,-0.7365970015525818,0.4134102761745453,0.5038629174232483,-1.2726504802703857,0.6587757468223572,0.6244297623634338,-0.6277812123298645,0.4068794250488281,0.5284205079078674,-1.1562044620513916,0.4287579655647278,0.8864182829856873,0.16556857526302338,0.28006699681282043,0.9194709062576294,-0.1659296303987503,0.6351560354232788,1.050146222114563,-0.07386477291584015,0.40080881118774414,1.0948129892349243,-0.577838659286499,0.5879323482513428,1.3571261167526245,0.14309881627559662,0.4272589683532715,1.5563817024230957,-0.28422898054122925,0.5663759112358093,1.403104305267334,0.15220801532268524,0.4155208170413971,1.629543662071228,-0.2594870924949646,0.5994256138801575,1.4596961736679077,-0.05065428093075752,0.509520411491394,1.6691762208938599,-0.4761279225349426
frame_00114.jpg,0.4005744457244873,0.2708488702774048,-0.4766770899295807,0.41122063994407654,0.23638640344142914,-0.41566094756126404,0.42206206917762756,0.24072745442390442,-0.41627591848373413,0.4298219084739685,0.2452378273010254,-0.41627293825149536,0.38133662939071655,0.2285633236169815,-0.4544578492641449,0.37080860137939453,0.2262924760580063,-0.45500215888023376,0.3569203317165375,0.22378119826316833,-0.4552549719810486,0.42201775312423706,0.26307743787765503,-0.10704411566257477,0.3271344006061554,0.2405131757259369,-0.28107601404190063,0.4082246720790863,0.31176748871803284,-0.3574766516685486,0.37363487482070923,0.30303552746772766,-0.4124112129211426,0.4566555917263031,0.4489928185939789,0.1366392821073532,0.2408985197544098,0.43791598081588745,-0.2765797972679138,0.5640773773193359,0.6412407755851746,-0.01645369455218315,0.2329959124326706,0.7107660174369812,-0.6980319619178772,0.671261727809906,0.6517655849456787,-0.5943354368209839,0.3354956805706024,0.5789849162101746,-1.153173565864563,0.702604353427887,0.6444358229637146,-0.6861779689788818,0.41113895177841187,0.5959008932113647,-1.2936838865280151,0.6794708967208862,0.6192681193351746,-0.7393874526023865,0.4217567443847656,0.5434882044792175,-1.2750095129013062,0.6636563539505005,0.6240215301513672,-0.6298620104789734,0.4126856327056885,0.5571941137313843,-1.1588144302368164,0.4282356798648834,0.8893830180168152,0.1714484989643097,0.280185729265213,0.9208738207817078,-0.1718372404575348,0.6418870687484741,1.0393517017364502,-0.10155059397220612,0.4013058543205261,1.0928175449371338,-0.5838741064071655,0.5964773893356323,1.3519623279571533,0.08539625257253647,0.42630535364151,1.5566658973693848,-0.2989221513271332,0.5744686722755432,1.399032473564148,0.09137874096632004,0.41415315866470337,1.6290881633758545,-0.2756013572216034,0.6101596355438232,1.4544934034347534,-0.12299952656030655,0.5101802945137024,1.6715242862701416,-0.5001834630966187
frame_00115.jpg,0.4362538754940033,0.28904154896736145,-0.47145572304725647,0.4311288297176361,0.2498222291469574,-0.4220176637172699,0.43444138765335083,0.2505348026752472,-0.4226868748664856,0.4381001591682434,0.251492977142334,-0.4227019250392914,0.41455531120300293,0.24618300795555115,-0.4661009907722473,0.4043803811073303,0.2446690946817398,-0.46660661697387695,0.3922662138938904,0.24399180710315704,-0.4668627679347992,0.41919437050819397,0.2637256979942322,-0.1456584632396698,0.347339928150177,0.2563004791736603,-0.35999801754951477,0.431657075881958,0.32486504316329956,-0.36622098088264465,0.410673052072525,0.32608261704444885,-0.42725834250450134,0.45899564027786255,0.4405950903892517,0.07908237725496292,0.24275262653827667,0.4333893656730652,-0.3553467392921448,0.565033495426178,0.6273852586746216,0.012278021313250065,0.23632904887199402,0.7072838544845581,-0.6676251888275146,0.6946854591369629,0.6733612418174744,-0.3729223906993866,0.3296453058719635,0.6913489103317261,-1.0285879373550415,0.7421987056732178,0.7139777541160583,-0.4364611506462097,0.3865683376789093,0.71770179271698,-1.1476161479949951,0.7366660833358765,0.69638592004776,-0.5061265230178833,0.3956444561481476,0.6654967069625854,-1.15016770362854,0.7152201533317566,0.6877064108848572,-0.4108467102050781,0.39824414253234863,0.6769322752952576,-1.0392409563064575,0.44012969732284546,0.8586908578872681,0.16875681281089783,0.29527002573013306,0.8964588642120361,-0.16939036548137665,0.6691909432411194,1.0055519342422485,-0.0008405761909671128,0.39915674924850464,1.0612269639968872,-0.4242636561393738,0.5869642496109009,1.2358169555664062,0.3450474739074707,0.4714120924472809,1.473245620727539,-0.1659780889749527,0.5640410780906677,1.2680871486663818,0.37277132272720337,0.4717943072319031,1.5370782613754272,-0.14367417991161346,0.6029430031776428,1.3292486667633057,0.2560710608959198,0.5503662824630737,1.585262417793274,-0.3265744149684906
frame_00116.jpg,0.44081687927246094,0.3051706552505493,-0.6231741905212402,0.4357304573059082,0.2647639214992523,-0.5853704810142517,0.4384067952632904,0.2634429931640625,-0.5860002636909485,0.4416876435279846,0.2620587646961212,-0.586011528968811,0.42170071601867676,0.2637006640434265,-0.6256228685379028,0.4122280180454254,0.26236751675605774,-0.6262394785881042,0.401141494512558,0.26173681020736694,-0.6265525221824646,0.41767627000808716,0.27440616488456726,-0.3240557909011841,0.3554883301258087,0.2724476158618927,-0.504999041557312,0.43503013253211975,0.33742132782936096,-0.5138000845909119,0.4165826439857483,0.33917102217674255,-0.5707939863204956,0.46518629789352417,0.43782249093055725,-0.10836901515722275,0.2433568686246872,0.4198881983757019,-0.4194110333919525,0.5675079822540283,0.6031655073165894,-0.1495666801929474,0.2081889659166336,0.6301993727684021,-0.5852711200714111,0.6895920038223267,0.6399658918380737,-0.5303892493247986,0.34439677000045776,0.7028945088386536,-0.8599486351013184,0.7330966591835022,0.6881494522094727,-0.6099207997322083,0.38106852769851685,0.7353782057762146,-0.9639941453933716,0.7249172329902649,0.6611568927764893,-0.675644040107727,0.4021205008029938,0.6967341899871826,-0.9737330675125122,0.7087687253952026,0.6535618901252747,-0.5654183030128479,0.39900529384613037,0.6874790787696838,-0.8700646162033081,0.44572725892066956,0.8472827076911926,0.12445791065692902,0.29873037338256836,0.8815180659294128,-0.12482478469610214,0.6535595059394836,1.0354195833206177,-0.025380704551935196,0.3482735753059387,1.0626851320266724,-0.34536927938461304,0.5428275465965271,1.3032962083816528,0.3128683865070343,0.3793694078922272,1.5055640935897827,-0.05102141574025154,0.5138742327690125,1.3386425971984863,0.3383099138736725,0.3855628967285156,1.5633436441421509,-0.027479570358991623,0.5314399003982544,1.4077593088150024,0.1718396246433258,0.4181710183620453,1.622833251953125,-0.2472974956035614
frame_00117.jpg,0.4396568834781647,0.31546762585639954,-0.6198314428329468,0.43602991104125977,0.2732185423374176,-0.5642766356468201,0.4387845993041992,0.271416574716568,-0.5650027990341187,0.44214001297950745,0.26941972970962524,-0.5649706125259399,0.4222668707370758,0.27352914214134216,-0.5857964158058167,0.4126533567905426,0.2725816071033478,-0.5863733887672424,0.40160757303237915,0.27208054065704346,-0.5867171883583069,0.4159190058708191,0.28213274478912354,-0.29257652163505554,0.35768547654151917,0.2815841734409332,-0.43874794244766235,0.4336526393890381,0.3471856713294983,-0.4987548291683197,0.41586631536483765,0.34889259934425354,-0.539523720741272,0.46564024686813354,0.43866628408432007,-0.060173939913511276,0.24364762008190155,0.41972053050994873,-0.4182710647583008,0.5665879845619202,0.6051489114761353,-0.09142091125249863,0.20573794841766357,0.6294384598731995,-0.5411204695701599,0.6833680868148804,0.6387185454368591,-0.5358147025108337,0.3508172035217285,0.7229540944099426,-0.8252301216125488,0.7230884432792664,0.6610113382339478,-0.6196454167366028,0.3844687342643738,0.7541242241859436,-0.9341992139816284,0.7190505862236023,0.6465891599655151,-0.6792346239089966,0.40847697854042053,0.7104827165603638,-0.939335823059082,0.6961369514465332,0.6428567171096802,-0.5706914663314819,0.39119288325309753,0.7021245360374451,-0.8343271017074585,0.43983855843544006,0.850915253162384,0.12420985847711563,0.2981031537055969,0.8827303051948547,-0.12455316632986069,0.5952938795089722,1.0928977727890015,-0.013641337864100933,0.33216845989227295,1.1255269050598145,-0.4108092188835144,0.5306795835494995,1.4311882257461548,0.3169245719909668,0.3286561369895935,1.5251723527908325,-0.13332222402095795,0.5109377503395081,1.4737095832824707,0.33819711208343506,0.32426851987838745,1.5814236402511597,-0.13165369629859924,0.517363429069519,1.555532455444336,0.1487424075603485,0.3713194727897644,1.6314423084259033,-0.3914928734302521
frame_00118.jpg,0.4352082312107086,0.3181077539920807,-0.3602339029312134,0.43380242586135864,0.27871719002723694,-0.305411159992218,0.4376680850982666,0.2781037390232086,-0.30590033531188965,0.441677987575531,0.27705076336860657,-0.30591171979904175,0.41643399000167847,0.2762907147407532,-0.3593783676624298,0.4065297544002533,0.27494752407073975,-0.35990121960639954,0.3958349823951721,0.2738075852394104,-0.3601057529449463,0.4160402715206146,0.28828105330467224,-0.02499624527990818,0.35466456413269043,0.28326329588890076,-0.2750765383243561,0.4315718114376068,0.35126546025276184,-0.2461525946855545,0.40960875153541565,0.352237731218338,-0.3224022686481476,0.46554821729660034,0.44341161847114563,0.18380965292453766,0.24367478489875793,0.4217711091041565,-0.2900242507457733,0.5688067674636841,0.62279212474823,0.06074092537164688,0.22677095234394073,0.6425193548202515,-0.564530611038208,0.6683517694473267,0.6414011716842651,-0.4856478273868561,0.3800031840801239,0.7004368901252747,-0.8790189027786255,0.7136561274528503,0.6448332071304321,-0.5711603164672852,0.4026932716369629,0.7691909074783325,-0.9945982098579407,0.6983181834220886,0.6120054125785828,-0.6194573044776917,0.4215909540653229,0.7232781648635864,-0.9795120358467102,0.6766806840896606,0.6228931546211243,-0.518066942691803,0.4029816687107086,0.7110069990158081,-0.8813688158988953,0.4359501898288727,0.8519619703292847,0.14801783859729767,0.2971157729625702,0.8908640742301941,-0.1483401656150818,0.5928122997283936,1.0532370805740356,-0.07943007349967957,0.33700868487358093,1.1258981227874756,-0.49183326959609985,0.5812416076660156,1.41637122631073,0.08443786203861237,0.34395691752433777,1.531121850013733,-0.2993452548980713,0.5749158263206482,1.4590147733688354,0.08755584061145782,0.3390306532382965,1.5902224779129028,-0.2907434403896332,0.577160120010376,1.5389001369476318,-0.1363895833492279,0.3943907618522644,1.6361877918243408,-0.5392172932624817
frame_00119.jpg,0.43362075090408325,0.3189489543437958,-0.3461022973060608,0.4328884482383728,0.28049391508102417,-0.2912003695964813,0.4372274875640869,0.28034305572509766,-0.2916831970214844,0.44159430265426636,0.27973243594169617,-0.2916909456253052,0.41404905915260315,0.27712133526802063,-0.34702640771865845,0.4040079712867737,0.27566298842430115,-0.34754979610443115,0.3935357928276062,0.2742981016635895,-0.3477475047111511,0.41614770889282227,0.29073745012283325,-0.008032109588384628,0.3529420495033264,0.2837156057357788,-0.26295536756515503,0.4306744933128357,0.3528364896774292,-0.2316991537809372,0.40701332688331604,0.35357189178466797,-0.30987662076950073,0.4652782380580902,0.4461539089679718,0.20415762066841125,0.24368083477020264,0.4231823980808258,-0.2823304533958435,0.5694831609725952,0.6324518918991089,0.07523853331804276,0.23508770763874054,0.6479594707489014,-0.5809211134910583,0.6611015200614929,0.6428385972976685,-0.4838635325431824,0.39033347368240356,0.6913819909095764,-0.9043868184089661,0.7083240747451782,0.6412183046340942,-0.5709449052810669,0.4094923138618469,0.7776133418083191,-1.0227214097976685,0.6893287301063538,0.6107587814331055,-0.6194061040878296,0.4273654520511627,0.730968713760376,-1.0064271688461304,0.6666650176048279,0.6185756325721741,-0.516926109790802,0.4085981845855713,0.7176083922386169,-0.9063994288444519,0.43399709463119507,0.8522627949714661,0.16043654084205627,0.2966081500053406,0.8961159586906433,-0.16074781119823456,0.5964129567146301,1.0370978116989136,-0.08965154737234116,0.340568870306015,1.1257158517837524,-0.5057162046432495,0.5895191431045532,1.4128979444503784,0.0880289226770401,0.3512698709964752,1.5333441495895386,-0.30381646752357483,0.5812686085700989,1.4526615142822266,0.09320737421512604,0.34599849581718445,1.5940601825714111,-0.29234448075294495,0.5880911350250244,1.5276166200637817,-0.12392450869083405,0.40283122658729553,1.636696696281433,-0.5361751317977905
frame_00120.jpg,0.431588351726532,0.3195402920246124,-0.5130652785301208,0.43237772583961487,0.28086450695991516,-0.4483799934387207,0.4374466836452484,0.2807701528072357,-0.4489692747592926,0.4425241947174072,0.280509889125824,-0.44902458786964417,0.4117410182952881,0.27646440267562866,-0.5083706378936768,0.401589959859848,0.2745499610900879,-0.5088950395584106,0.391074538230896,0.27272123098373413,-0.5091921091079712,0.4185658097267151,0.2911487817764282,-0.10151801258325577,0.3520078659057617,0.28150585293769836,-0.38963860273361206,0.4308556616306305,0.35375434160232544,-0.3829219937324524,0.4046800136566162,0.35386666655540466,-0.4658506512641907,0.45844513177871704,0.4554823338985443,0.13236217200756073,0.24142566323280334,0.4265606105327606,-0.4362664818763733,0.569815993309021,0.634753406047821,-9.160683839581907e-05,0.23635339736938477,0.7024449110031128,-0.7401049137115479,0.6600592732429504,0.6428083181381226,-0.6432070136070251,0.4395167827606201,0.6971307992935181,-1.0370030403137207,0.7065831422805786,0.6338990926742554,-0.7419523596763611,0.49807649850845337,0.7563689947128296,-1.1625601053237915,0.6868628859519958,0.6013745069503784,-0.7868740558624268,0.5015720129013062,0.7103179097175598,-1.1378215551376343,0.6645339727401733,0.6092119216918945,-0.6781438589096069,0.4824020266532898,0.7022120356559753,-1.0333621501922607,0.413821280002594,0.8535600900650024,0.201104074716568,0.28418201208114624,0.9111311435699463,-0.20133773982524872,0.6364364624023438,0.9207026362419128,-0.08831892907619476,0.4319315552711487,0.9632418751716614,-0.51622474193573,0.6285619139671326,1.1512845754623413,0.08557570725679398,0.5166738033294678,1.3303133249282837,-0.2386896163225174,0.6081617474555969,1.1910825967788696,0.09128719568252563,0.5071924924850464,1.3881651163101196,-0.2058882713317871,0.6692373156547546,1.2182776927947998,-0.09768681973218918,0.6408137679100037,1.4211808443069458,-0.3919333219528198
frame_00121.jpg,0.4312620759010315,0.31898123025894165,-0.667741596698761,0.43133148550987244,0.2820933163166046,-0.6177096366882324,0.4368129372596741,0.2828185260295868,-0.6182736754417419,0.44224175810813904,0.2834034860134125,-0.6182404160499573,0.4108813405036926,0.27496016025543213,-0.6564440131187439,0.4009931981563568,0.2722466289997101,-0.6570139527320862,0.39040711522102356,0.270233690738678,-0.6573236584663391,0.4219817519187927,0.2932688593864441,-0.3190220892429352,0.3512767553329468,0.2803077697753906,-0.49786263704299927,0.4304432272911072,0.3530901372432709,-0.5474966764450073,0.4028302729129791,0.3509589433670044,-0.6029115915298462,0.458639919757843,0.45967212319374084,-0.07025161385536194,0.2412354201078415,0.42673206329345703,-0.48478707671165466,0.5996056199073792,0.638602077960968,-0.2793637216091156,0.23849456012248993,0.702106237411499,-0.7545437216758728,0.6669324636459351,0.6440755724906921,-0.8901130557060242,0.42855843901634216,0.7006537318229675,-1.0884149074554443,0.7062274217605591,0.6347081065177917,-0.9981927871704102,0.4788629412651062,0.7542558312416077,-1.2219070196151733,0.6860476732254028,0.6102170944213867,-1.042664647102356,0.49610161781311035,0.7008352279663086,-1.2045100927352905,0.6649739146232605,0.6158945560455322,-0.9235495328903198,0.48219162225723267,0.6954842805862427,-1.08985435962677,0.4155678153038025,0.8632882237434387,0.18386511504650116,0.28005969524383545,0.9248809218406677,-0.18410871922969818,0.5984914898872375,0.9891231060028076,-0.0014681208413094282,0.3837948441505432,1.0700478553771973,-0.48388513922691345,0.5501050353050232,1.2289406061172485,0.3040660619735718,0.38780543208122253,1.426005244255066,-0.18399086594581604,0.5315741300582886,1.263684868812561,0.3240160048007965,0.3740399479866028,1.4754527807235718,-0.1569492518901825,0.5489797592163086,1.3258118629455566,0.14697451889514923,0.46739473938941956,1.5372623205184937,-0.3678467869758606
frame_00122.jpg,0.43023043870925903,0.3188275396823883,-0.6253737211227417,0.4306879937648773,0.2821758985519409,-0.5727289915084839,0.436450719833374,0.2830300033092499,-0.5733358263969421,0.442066490650177,0.2837981581687927,-0.5733410120010376,0.4100337028503418,0.27405306696891785,-0.6132532954216003,0.40018415451049805,0.2708743214607239,-0.6137949228286743,0.3896171748638153,0.268665611743927,-0.6141160726547241,0.4228263795375824,0.29339826107025146,-0.27851778268814087,0.3508804440498352,0.2790406048297882,-0.4648658335208893,0.4296208322048187,0.3528628349304199,-0.5083751082420349,0.40232735872268677,0.34966155886650085,-0.5662764310836792,0.4589173197746277,0.4622771143913269,-0.04326824098825455,0.2400691956281662,0.42762038111686707,-0.4670789837837219,0.6013492345809937,0.6387022733688354,-0.21752838790416718,0.24456748366355896,0.7012740969657898,-0.7372730374336243,0.6899396777153015,0.6364918947219849,-0.7812314629554749,0.4298137128353119,0.703076183795929,-1.0677560567855835,0.7218058705329895,0.6390219330787659,-0.8783213496208191,0.48257485032081604,0.7477181553840637,-1.1975860595703125,0.706856369972229,0.6057179570198059,-0.9279182553291321,0.503227949142456,0.69764244556427,-1.1844122409820557,0.684853196144104,0.6055871248245239,-0.8160356283187866,0.4876953065395355,0.6936497092247009,-1.0711538791656494,0.4170912802219391,0.8640029430389404,0.17730098962783813,0.2783801555633545,0.924261212348938,-0.17761464416980743,0.6173417568206787,0.9731218218803406,-0.007073230110108852,0.38282254338264465,1.0102001428604126,-0.5017142295837402,0.5838287472724915,1.1971361637115479,0.28840020298957825,0.43781033158302307,1.3998457193374634,-0.18513233959674835,0.5639097690582275,1.2325047254562378,0.3086280822753906,0.43258151412010193,1.453340768814087,-0.16393183171749115,0.6034125089645386,1.2765843868255615,0.14004439115524292,0.5326268076896667,1.5170236825942993,-0.3827729821205139
frame_00123.jpg,0.4293516278266907,0.3176195025444031,-0.5933386087417603,0.431290864944458,0.280661016702652,-0.5392107367515564,0.4370003640651703,0.2815593481063843,-0.5398123860359192,0.4426937997341156,0.2824353575706482,-0.5398133993148804,0.40942153334617615,0.2734037935733795,-0.5813060998916626,0.3994016945362091,0.2704985439777374,-0.5818361043930054,0.388769268989563,0.2683148682117462,-0.5821250081062317,0.42331933975219727,0.2925422489643097,-0.24780121445655823,0.3504757583141327,0.27847132086753845,-0.43724769353866577,0.42913928627967834,0.3519997298717499,-0.47621750831604004,0.40129128098487854,0.3492099642753601,-0.5363295674324036,0.4580790102481842,0.46423718333244324,-0.020413115620613098,0.2400827407836914,0.4360504746437073,-0.4499758780002594,0.5989488363265991,0.6448686718940735,-0.15863779187202454,0.24406187236309052,0.7006736993789673,-0.7755618095397949,0.6894952058792114,0.7235052585601807,-0.6605108380317688,0.4283967614173889,0.6820582151412964,-1.1415364742279053,0.714480459690094,0.7626581788063049,-0.7480543255805969,0.48815178871154785,0.7209275960922241,-1.2735391855239868,0.6995877027511597,0.7355034351348877,-0.7999287843704224,0.502181887626648,0.6644425988197327,-1.2534571886062622,0.6806755661964417,0.7276197671890259,-0.6942151784896851,0.4850640892982483,0.6626245975494385,-1.1423753499984741,0.4180684983730316,0.8650557398796082,0.17825360596179962,0.2781383991241455,0.9251670241355896,-0.17861315608024597,0.658979058265686,0.9761518239974976,-0.010934380814433098,0.3804461359977722,1.0411927700042725,-0.48661065101623535,0.5851346254348755,1.214769959449768,0.2596101760864258,0.4256989061832428,1.4304872751235962,-0.14045774936676025,0.5636277198791504,1.2509703636169434,0.2807726562023163,0.4200874865055084,1.4863125085830688,-0.10912798345088959,0.606987714767456,1.3051103353500366,0.12646804749965668,0.514348030090332,1.544654130935669,-0.3088010251522064
frame_00124.jpg,0.4288833737373352,0.317414253950119,-0.5524388551712036,0.43169552087783813,0.2797664403915405,-0.4924224019050598,0.43743976950645447,0.28060680627822876,-0.4930709898471832,0.4432186186313629,0.2814948260784149,-0.49308115243911743,0.4089774191379547,0.27301135659217834,-0.5375047922134399,0.39884501695632935,0.2700776755809784,-0.5379963517189026,0.3881550431251526,0.26797738671302795,-0.5382328033447266,0.42380231618881226,0.29194027185440063,-0.19074596464633942,0.35011518001556396,0.2781010568141937,-0.39582082629203796,0.42888250946998596,0.3517860472202301,-0.4347713589668274,0.40058809518814087,0.34748488664627075,-0.4984968602657318,0.457502543926239,0.4655122458934784,0.04004431143403053,0.24011015892028809,0.4400438070297241,-0.43975886702537537,0.5975136756896973,0.6497467756271362,-0.0855853259563446,0.24377486109733582,0.6993733048439026,-0.7590999007225037,0.6863514184951782,0.7379416823387146,-0.6041501760482788,0.42679983377456665,0.6729576587677002,-1.1364878416061401,0.7081300020217896,0.7799257636070251,-0.6930318474769592,0.48778730630874634,0.7072627544403076,-1.268043041229248,0.6929172873497009,0.7523987293243408,-0.7428408861160278,0.5000240206718445,0.6504818797111511,-1.247307538986206,0.6752043962478638,0.7440289258956909,-0.637356162071228,0.4822986125946045,0.6489939093589783,-1.137160062789917,0.41875559091567993,0.866502583026886,0.18014690279960632,0.2779141068458557,0.9247413873672485,-0.1805412620306015,0.6737193465232849,0.9726935625076294,-0.014371435157954693,0.38906577229499817,1.0400738716125488,-0.4760991036891937,0.5849631428718567,1.2099823951721191,0.21597906947135925,0.4377458691596985,1.4183446168899536,-0.13411325216293335,0.5592999458312988,1.2449097633361816,0.23311324417591095,0.4277738034725189,1.4740674495697021,-0.10161812603473663,0.6115879416465759,1.3037314414978027,0.08388176560401917,0.5369518399238586,1.5301952362060547,-0.28813636302948
frame_00125.jpg,0.4283645749092102,0.3165211081504822,-0.4198620915412903,0.4321706295013428,0.2790680527687073,-0.3617388606071472,0.43816763162612915,0.2800711393356323,-0.36233437061309814,0.44421833753585815,0.2810867726802826,-0.36231374740600586,0.40893587470054626,0.27212703227996826,-0.4006168246269226,0.3987387418746948,0.26923269033432007,-0.40106648206710815,0.3880138099193573,0.2671220898628235,-0.40128469467163086,0.4259565770626068,0.2915710210800171,-0.0756659209728241,0.35036927461624146,0.27722010016441345,-0.25250592827796936,0.42864900827407837,0.3509330153465271,-0.30869629979133606,0.4000965654850006,0.3466184437274933,-0.36385464668273926,0.4591768682003021,0.4668402671813965,0.11051473766565323,0.24013271927833557,0.4413076341152191,-0.28763818740844727,0.6136400103569031,0.65207439661026,-0.08615629374980927,0.23924699425697327,0.7045820355415344,-0.6197251081466675,0.6128537654876709,0.7308805584907532,-0.6512438058853149,0.4297493100166321,0.6963673830032349,-0.9665255546569824,0.6141646504402161,0.7776427865028381,-0.7605509161949158,0.49560385942459106,0.7389388680458069,-1.0875219106674194,0.5841655731201172,0.7357867956161499,-0.77574622631073,0.5023449659347534,0.6935802102088928,-1.064571499824524,0.5780303478240967,0.7262594699859619,-0.6706967353820801,0.4822978377342224,0.6817732453346252,-0.964512050151825,0.4250718951225281,0.872651219367981,0.17756882309913635,0.28110581636428833,0.9246485829353333,-0.178071528673172,0.6641417741775513,0.9835402965545654,-0.13713333010673523,0.38664692640304565,0.9859743714332581,-0.5250599384307861,0.5826379060745239,1.2378531694412231,-0.024660835042595863,0.4318382143974304,1.4166167974472046,-0.28931325674057007,0.5519317984580994,1.2758140563964844,-0.022497834637761116,0.4221858084201813,1.4803334474563599,-0.2678990960121155,0.6074299812316895,1.32809317111969,-0.23218877613544464,0.5264593362808228,1.529679775238037,-0.4764077067375183
frame_00126.jpg,0.428072065114975,0.31582391262054443,-0.46026796102523804,0.43280258774757385,0.2785194218158722,-0.4028852581977844,0.43920794129371643,0.2795933187007904,-0.4034644067287445,0.4455254077911377,0.2806788980960846,-0.40342992544174194,0.4088658392429352,0.2718881070613861,-0.4437531530857086,0.39865803718566895,0.2690243721008301,-0.4442518651485443,0.3878704309463501,0.2668391764163971,-0.4444672167301178,0.4294404983520508,0.2912547290325165,-0.10618112981319427,0.35083144903182983,0.2770897448062897,-0.2920840382575989,0.4287784695625305,0.3503299951553345,-0.34376487135887146,0.39977121353149414,0.3462526500225067,-0.4014933109283447,0.45966777205467224,0.46828320622444153,0.10081535577774048,0.24020306766033173,0.4410838782787323,-0.3219700753688812,0.6216216683387756,0.6544238924980164,-0.1269642412662506,0.24406039714813232,0.7099584937095642,-0.647255003452301,0.6281238794326782,0.7208257913589478,-0.7683215141296387,0.42628973722457886,0.7078799605369568,-1.0711640119552612,0.640440046787262,0.75582355260849,-0.8807633519172668,0.4902713894844055,0.7395158410072327,-1.2073118686676025,0.6126515865325928,0.7323227524757385,-0.9066100120544434,0.4974437654018402,0.7004949450492859,-1.1817331314086914,0.6027634739875793,0.7252845764160156,-0.7943883538246155,0.47909894585609436,0.6947895288467407,-1.0708050727844238,0.42698073387145996,0.8770521283149719,0.17640802264213562,0.2790137529373169,0.9243817925453186,-0.1770174503326416,0.6608630418777466,1.0344481468200684,-0.1111113429069519,0.36190348863601685,1.0673959255218506,-0.5008934140205383,0.5543510317802429,1.3193026781082153,0.07471399754285812,0.3923037350177765,1.4896695613861084,-0.23922285437583923,0.5240465402603149,1.3599518537521362,0.08355796337127686,0.38193589448928833,1.555161952972412,-0.21612031757831573,0.5545916557312012,1.4261095523834229,-0.11450155079364777,0.47752779722213745,1.6048846244812012,-0.42129573225975037
frame_00127.jpg,0.42781782150268555,0.31543731689453125,-0.5631389617919922,0.43306177854537964,0.27820253372192383,-0.509662926197052,0.4397304058074951,0.27940356731414795,-0.5102714896202087,0.4462526738643646,0.2805604338645935,-0.5102455019950867,0.4086950719356537,0.2713486850261688,-0.5475984215736389,0.3985053300857544,0.2685079276561737,-0.5481303930282593,0.3876721262931824,0.26629990339279175,-0.5483397245407104,0.431382954120636,0.29104316234588623,-0.2126125991344452,0.3508986234664917,0.27669480443000793,-0.3839178681373596,0.4288056790828705,0.35005488991737366,-0.4446493089199066,0.39951926469802856,0.34567388892173767,-0.49832066893577576,0.46032172441482544,0.4688946604728699,0.002109463792294264,0.2402176409959793,0.44094598293304443,-0.3876003623008728,0.6245526075363159,0.6554678678512573,-0.22680488228797913,0.24573329091072083,0.7123753428459167,-0.7468245625495911,0.6354500651359558,0.7136000394821167,-0.8404439687728882,0.42257195711135864,0.7116209864616394,-1.1599366664886475,0.6520847082138062,0.7471145391464233,-0.9492480158805847,0.48408621549606323,0.7374833822250366,-1.2966783046722412,0.6248036026954651,0.7162501215934753,-0.9823950529098511,0.4947513937950134,0.7025500535964966,-1.2750948667526245,0.6134640574455261,0.7111823558807373,-0.8684438467025757,0.47747093439102173,0.6988793015480042,-1.1616543531417847,0.42700695991516113,0.8798920512199402,0.16081123054027557,0.27489233016967773,0.9242061972618103,-0.16141849756240845,0.6298328042030334,1.0761058330535889,-0.11426903307437897,0.34744793176651,1.1143497228622437,-0.4678458571434021,0.5306860208511353,1.363745093345642,0.06908315420150757,0.3654879629611969,1.5443036556243896,-0.2293485850095749,0.5043628811836243,1.4045321941375732,0.07599234580993652,0.35566720366477966,1.6121058464050293,-0.20705965161323547,0.5213699340820312,1.4711241722106934,-0.12565264105796814,0.4388183057308197,1.6609950065612793,-0.4213167130947113
frame_00128.jpg,0.4278867840766907,0.3151249289512634,-0.678738534450531,0.43358874320983887,0.27799272537231445,-0.6191859245300293,0.4404820501804352,0.2792086899280548,-0.6198362112045288,0.44708094000816345,0.2803943455219269,-0.6198344826698303,0.40893182158470154,0.27123120427131653,-0.666677713394165,0.39850783348083496,0.2682938277721405,-0.6672072410583496,0.38753482699394226,0.2659668028354645,-0.6674679517745972,0.4324877858161926,0.2908810079097748,-0.2907813787460327,0.35092946887016296,0.2761102318763733,-0.5081383585929871,0.42921939492225647,0.3497553765773773,-0.5485827326774597,0.3995102047920227,0.34528306126594543,-0.6155423521995544,0.460376113653183,0.46986520290374756,-0.015013208612799644,0.24025478959083557,0.44428732991218567,-0.5085936784744263,0.6047370433807373,0.6622592210769653,-0.18311567604541779,0.24548427760601044,0.7136383056640625,-0.852859377861023,0.6451437473297119,0.6955455541610718,-0.7714422941207886,0.42138004302978516,0.6797629594802856,-1.2346575260162354,0.6904258728027344,0.6874895095825195,-0.8728540539741516,0.4806923270225525,0.6899969577789307,-1.375946283340454,0.6750722527503967,0.6574803590774536,-0.9179189801216125,0.4943753778934479,0.6425650715827942,-1.3546817302703857,0.6455825567245483,0.6654859781265259,-0.8041760325431824,0.47683772444725037,0.6492698192596436,-1.2365119457244873,0.42389005422592163,0.8806943297386169,0.18061110377311707,0.27445611357688904,0.9294191598892212,-0.18095192313194275,0.6378381848335266,1.0212680101394653,-0.017327705398201942,0.37147268652915955,1.1072946786880493,-0.5024001598358154,0.6141300201416016,1.314670205116272,0.28839099407196045,0.4142775535583496,1.5075514316558838,-0.1356777846813202,0.5916165709495544,1.3638097047805786,0.30777090787887573,0.40452203154563904,1.5622190237045288,-0.09992378205060959,0.6533339023590088,1.4107153415679932,0.12577946484088898,0.5092943906784058,1.6188137531280518,-0.30385300517082214
frame_00129.jpg,0.42779335379600525,0.31492453813552856,-0.6401229500770569,0.43377000093460083,0.27786439657211304,-0.6072258949279785,0.44074350595474243,0.27906540036201477,-0.6077339053153992,0.4473835527896881,0.28025728464126587,-0.607742428779602,0.4089321494102478,0.2708883583545685,-0.6251577138900757,0.3984311521053314,0.2680426239967346,-0.6256332397460938,0.38740307092666626,0.2657555639743805,-0.6259793043136597,0.43315958976745605,0.29079121351242065,-0.21826604008674622,0.35091450810432434,0.2759385406970978,-0.4771243929862976,0.4292573928833008,0.3495473861694336,-0.5332229137420654,0.3993786573410034,0.34508806467056274,-0.5810253620147705,0.46042370796203613,0.4701867699623108,0.08233284205198288,0.24030306935310364,0.44560739398002625,-0.45891815423965454,0.5977875590324402,0.6677175760269165,-0.06802315264940262,0.24500468373298645,0.7189628481864929,-0.7908219695091248,0.6500766277313232,0.6815802454948425,-0.6811255216598511,0.42381078004837036,0.6722322106361389,-1.166733980178833,0.6979131102561951,0.679268479347229,-0.7811189889907837,0.47919946908950806,0.6764666438102722,-1.3024075031280518,0.6870469450950623,0.6473816633224487,-0.832499623298645,0.4934830069541931,0.6295199990272522,-1.2826969623565674,0.6558220386505127,0.6521874666213989,-0.7183517813682556,0.47638386487960815,0.6342032551765442,-1.1685711145401,0.42203283309936523,0.8824790120124817,0.1943635791540146,0.2730855345726013,0.9312389492988586,-0.19472210109233856,0.6544374227523804,1.009344220161438,-0.005109771154820919,0.3728887736797333,1.101601004600525,-0.49929505586624146,0.6015427112579346,1.2665995359420776,0.2667272686958313,0.412710964679718,1.503678560256958,-0.14376872777938843,0.5798653364181519,1.3062134981155396,0.2842813730239868,0.4038570821285248,1.559937834739685,-0.11175574362277985,0.6335769891738892,1.360962986946106,0.11457409709692001,0.508388876914978,1.6152565479278564,-0.31401243805885315
frame_00130.jpg,0.4279654920101166,0.31463199853897095,-0.7887289524078369,0.4345114827156067,0.27769920229911804,-0.7337799072265625,0.4416954517364502,0.2788754105567932,-0.7344158887863159,0.4482952654361725,0.2801254093647003,-0.7343827486038208,0.4089713990688324,0.27033835649490356,-0.782017707824707,0.3984051048755646,0.26767876744270325,-0.7825590968132019,0.38730719685554504,0.26541534066200256,-0.7827907204627991,0.43359264731407166,0.2907301187515259,-0.40097466111183167,0.3508632481098175,0.275814950466156,-0.6332017183303833,0.42941156029701233,0.3494623005390167,-0.6579905152320862,0.39934560656547546,0.345027893781662,-0.727301299571991,0.45995840430259705,0.47008123993873596,-0.11016913503408432,0.24020645022392273,0.44760212302207947,-0.6389895677566528,0.5978890061378479,0.6525788903236389,-0.32221585512161255,0.2488430291414261,0.7179508209228516,-0.9729856252670288,0.6583413481712341,0.6894174218177795,-0.984660804271698,0.4818514287471771,0.6850732564926147,-1.2977778911590576,0.6965734958648682,0.7125893235206604,-1.1028168201446533,0.5389373302459717,0.695357620716095,-1.4444754123687744,0.683285653591156,0.657546877861023,-1.1517932415008545,0.5517851114273071,0.6322205662727356,-1.4204585552215576,0.6555196642875671,0.6721193790435791,-1.021275281906128,0.5307469367980957,0.6372587084770203,-1.2971910238265991,0.4079483449459076,0.9034141302108765,0.19314919412136078,0.264038622379303,0.932158350944519,-0.19351762533187866,0.6517115831375122,1.0708439350128174,0.012089855968952179,0.37288516759872437,1.1098968982696533,-0.5863738656044006,0.6046927571296692,1.400193452835083,0.350392609834671,0.38538435101509094,1.524063229560852,-0.20747408270835876,0.5836491584777832,1.448679804801941,0.3717828392982483,0.37111586332321167,1.5863066911697388,-0.17267128825187683,0.6254778504371643,1.5170091390609741,0.17428043484687805,0.4660836160182953,1.6380552053451538,-0.38542789220809937
frame_00131.jpg,0.4281013011932373,0.310071736574173,-0.724250316619873,0.43446311354637146,0.2743123471736908,-0.6636780500411987,0.4416455328464508,0.27626678347587585,-0.6643577814102173,0.44823163747787476,0.2780976891517639,-0.6643239259719849,0.4089120328426361,0.2667924165725708,-0.7143086194992065,0.3983423411846161,0.2649534344673157,-0.7148429751396179,0.38723689317703247,0.26297855377197266,-0.7151119709014893,0.4334951341152191,0.28851500153541565,-0.3341220021247864,0.3508104085922241,0.27371659874916077,-0.5668392777442932,0.4300927519798279,0.34650325775146484,-0.5944987535476685,0.39928603172302246,0.34150710701942444,-0.6657065153121948,0.4588969647884369,0.4672856032848358,-0.050718408077955246,0.24465902149677277,0.44613388180732727,-0.5741908550262451,0.5914116501808167,0.6315177083015442,-0.12171056121587753,0.2516102194786072,0.7240018844604492,-0.8855512738227844,0.6725844144821167,0.6752451062202454,-0.6305546164512634,0.4074648320674896,0.6667460203170776,-1.244774580001831,0.711136519908905,0.6804479360580444,-0.7073560953140259,0.452947199344635,0.687359631061554,-1.3843824863433838,0.7008746862411499,0.6513872146606445,-0.7763145565986633,0.46948203444480896,0.6337102651596069,-1.372900128364563,0.67328941822052,0.6592829823493958,-0.6710613965988159,0.461808443069458,0.6320751905441284,-1.2495027780532837,0.409924179315567,0.8885512948036194,0.1981067657470703,0.267865389585495,0.9245597720146179,-0.19842779636383057,0.6579705476760864,1.003591537475586,0.07093287259340286,0.347804456949234,0.940169632434845,-0.5562523007392883,0.5997381210327148,1.2012242078781128,0.4224534034729004,0.4255516529083252,1.4220752716064453,-0.17616114020347595,0.5781100988388062,1.235487461090088,0.44866305589675903,0.42061591148376465,1.4814649820327759,-0.13880176842212677,0.6270737648010254,1.2727149724960327,0.3161957263946533,0.5085112452507019,1.535421371459961,-0.3117533326148987
frame_00132.jpg,0.42807039618492126,0.30824610590934753,-0.7049707770347595,0.43442901968955994,0.27293017506599426,-0.6436947584152222,0.4416026473045349,0.2752673029899597,-0.6443694233894348,0.4481721520423889,0.2774348258972168,-0.6443238854408264,0.40880370140075684,0.26504456996917725,-0.6950212121009827,0.39829859137535095,0.2634868621826172,-0.6955475807189941,0.38714608550071716,0.26149263978004456,-0.695818305015564,0.4333977699279785,0.2878299355506897,-0.31391581892967224,0.35060301423072815,0.27229347825050354,-0.5494858026504517,0.4301213324069977,0.34544408321380615,-0.5750991702079773,0.39899441599845886,0.33973732590675354,-0.6473250985145569,0.4580933153629303,0.4658016264438629,-0.0318262055516243,0.24726581573486328,0.4451916813850403,-0.5587978363037109,0.5864549875259399,0.6239072680473328,-0.08481648564338684,0.2523074150085449,0.7242316007614136,-0.8801730871200562,0.6831218004226685,0.671127200126648,-0.6026183366775513,0.3898025155067444,0.6590917706489563,-1.2580435276031494,0.7273939847946167,0.67415851354599,-0.6808263063430786,0.42653709650039673,0.6829437017440796,-1.4025015830993652,0.707503616809845,0.6483312845230103,-0.7510403394699097,0.45134004950523376,0.6351779103279114,-1.3910750150680542,0.681589663028717,0.6529176831245422,-0.6436182260513306,0.44463348388671875,0.6314000487327576,-1.2637938261032104,0.41071027517318726,0.8857907652854919,0.20057165622711182,0.2692703306674957,0.9196828603744507,-0.20085322856903076,0.6474422216415405,1.00705087184906,0.1082834005355835,0.32580289244651794,0.9375225305557251,-0.5890501737594604,0.5975276827812195,1.2388241291046143,0.46303144097328186,0.42254942655563354,1.4356578588485718,-0.2531338036060333,0.5751482248306274,1.2773748636245728,0.4875148832798004,0.4171227514743805,1.4971604347229004,-0.22378718852996826,0.6245548129081726,1.3221800327301025,0.33946919441223145,0.5046915411949158,1.5478702783584595,-0.416630357503891
frame_00133.jpg,0.4280989170074463,0.3045753538608551,-0.6919448375701904,0.43438687920570374,0.26941588521003723,-0.6231609582901001,0.4415745139122009,0.27205488085746765,-0.6237446665763855,0.44812995195388794,0.2745431363582611,-0.6236680746078491,0.4087548851966858,0.26230761408805847,-0.6706326603889465,0.3982561230659485,0.261257529258728,-0.6711806654930115,0.38712307810783386,0.25960832834243774,-0.6714069843292236,0.4328714907169342,0.28566569089889526,-0.30689945816993713,0.3505607545375824,0.2715025544166565,-0.5334977507591248,0.4309317171573639,0.3421432375907898,-0.5508676767349243,0.39899736642837524,0.33898910880088806,-0.6194413304328918,0.45633435249328613,0.46601834893226624,-0.03742514178156853,0.24795687198638916,0.4446386992931366,-0.5645028948783875,0.5844916701316833,0.6260234117507935,-0.05089051276445389,0.2575386166572571,0.7231348752975464,-0.8614462018013,0.7059008479118347,0.698510468006134,-0.42285412549972534,0.44014936685562134,0.7001048922538757,-1.0620090961456299,0.7477062940597534,0.7094294428825378,-0.475527286529541,0.48087868094444275,0.7234893441200256,-1.1708544492721558,0.7393138408660889,0.7002344727516174,-0.5443522334098816,0.49486714601516724,0.6720946431159973,-1.1604559421539307,0.717928946018219,0.7023446559906006,-0.459933340549469,0.48168429732322693,0.667060136795044,-1.0641225576400757,0.4043048024177551,0.88579261302948,0.20002517104148865,0.2692584991455078,0.9220020771026611,-0.20031611621379852,0.6471561789512634,0.9208256006240845,0.06753130257129669,0.3891275227069855,0.9191834330558777,-0.546260416507721,0.5971535444259644,1.1357855796813965,0.34275388717651367,0.47486168146133423,1.3377898931503296,-0.23583443462848663,0.5727325677871704,1.1733545064926147,0.35155314207077026,0.4664914011955261,1.4006680250167847,-0.2070414274930954,0.6338938474655151,1.2114366292953491,0.28578153252601624,0.5853318572044373,1.447952151298523,-0.38994601368904114
frame_00134.jpg,0.4281441271305084,0.3031509816646576,-0.6494196653366089,0.4343692362308502,0.26777201890945435,-0.5914863348007202,0.44154101610183716,0.27046307921409607,-0.5921715497970581,0.448091596364975,0.2730376124382019,-0.5921636819839478,0.4087035655975342,0.2610657811164856,-0.6405693292617798,0.3982047140598297,0.2603287100791931,-0.6410537958145142,0.38708674907684326,0.2588615119457245,-0.6413360834121704,0.43219584226608276,0.2844497561454773,-0.2962537407875061,0.35053011775016785,0.27128803730010986,-0.517532229423523,0.4315815567970276,0.34069135785102844,-0.5338388085365295,0.3989922106266022,0.3387924134731293,-0.604383647441864,0.45569872856140137,0.4660072922706604,-0.02883472479879856,0.24883031845092773,0.443777859210968,-0.5467511415481567,0.58292156457901,0.6278281807899475,-0.034285809844732285,0.26135510206222534,0.7222912311553955,-0.8036662936210632,0.7138561010360718,0.7053192853927612,-0.4061563014984131,0.4543829560279846,0.7132834792137146,-0.9907464981079102,0.7535591125488281,0.7186944484710693,-0.4586370587348938,0.4977569580078125,0.738084077835083,-1.0969456434249878,0.7469360828399658,0.7099172472953796,-0.5263495445251465,0.5098629593849182,0.6882249712944031,-1.087024450302124,0.7267493009567261,0.7124834656715393,-0.44272080063819885,0.4946593642234802,0.6824923753738403,-0.9927204847335815,0.403364896774292,0.8857333064079285,0.19867482781410217,0.26931053400039673,0.9242406487464905,-0.19896599650382996,0.6476585865020752,0.901262104511261,0.06108003109693527,0.4048841893672943,0.9084106683731079,-0.5428008437156677,0.647412121295929,1.1156108379364014,0.3254695534706116,0.50189608335495,1.3072909116744995,-0.22840571403503418,0.6270475387573242,1.1585370302200317,0.33888548612594604,0.4962027072906494,1.3667653799057007,-0.19898511469364166,0.7107016444206238,1.1780240535736084,0.20651964843273163,0.6179961562156677,1.4168826341629028,-0.36961373686790466
frame_00135.jpg,0.42821794748306274,0.2997705638408661,-0.660357654094696,0.4343399405479431,0.2662588059902191,-0.6026595830917358,0.44142571091651917,0.26932600140571594,-0.6033414006233215,0.44796937704086304,0.27225854992866516,-0.6032998561859131,0.4086885452270508,0.25895076990127563,-0.6462093591690063,0.3981774151325226,0.25830328464508057,-0.6467127799987793,0.3870360553264618,0.2571622133255005,-0.6469793319702148,0.43116670846939087,0.28420722484588623,-0.2962873876094818,0.3504258990287781,0.27108779549598694,-0.5119138360023499,0.43155890703201294,0.3380454480648041,-0.5394148230552673,0.3990185856819153,0.33632344007492065,-0.6027513146400452,0.4583730697631836,0.46536582708358765,-0.03914741426706314,0.24921102821826935,0.44369903206825256,-0.491105854511261,0.583683967590332,0.6225986480712891,-0.08996719866991043,0.2597494423389435,0.721673309803009,-0.8019288182258606,0.7052594423294067,0.6805028319358826,-0.4197303354740143,0.3828314244747162,0.6814746260643005,-1.1681580543518066,0.7485904097557068,0.6991967558860779,-0.4798877239227295,0.4179999828338623,0.719792366027832,-1.3099815845489502,0.7381711602210999,0.6874211430549622,-0.6018276810646057,0.45089292526245117,0.6851504445075989,-1.3000208139419556,0.7120696306228638,0.6839644908905029,-0.4697147011756897,0.43289127945899963,0.6791288256645203,-1.17680025100708,0.4264507293701172,0.8856959939002991,0.17498065531253815,0.28824204206466675,0.9225080609321594,-0.1752515733242035,0.625463604927063,1.0986049175262451,0.08641617745161057,0.39470821619033813,1.1042019128799438,-0.5204993486404419,0.6246708035469055,1.4111708402633667,0.4874749779701233,0.41960614919662476,1.512632966041565,-0.20088496804237366,0.6257481575012207,1.4603017568588257,0.5148416757583618,0.4141554832458496,1.5781668424606323,-0.1766204684972763,0.6425591707229614,1.5154896974563599,0.34014174342155457,0.4857009947299957,1.6177624464035034,-0.3788692355155945
frame_00136.jpg,0.42830362915992737,0.2943170368671417,-0.7325391173362732,0.43424224853515625,0.2620972990989685,-0.6776829957962036,0.4411940574645996,0.2654334306716919,-0.6783549785614014,0.4477817416191101,0.26871660351753235,-0.6783221960067749,0.40860238671302795,0.2545113265514374,-0.7202774286270142,0.3978515863418579,0.25414249300956726,-0.7207991480827332,0.3865966200828552,0.2542756497859955,-0.7210559248924255,0.43082594871520996,0.28184762597084045,-0.372979998588562,0.34970590472221375,0.27096638083457947,-0.5696275234222412,0.43169060349464417,0.33331790566444397,-0.61186683177948,0.39954426884651184,0.33375903964042664,-0.6722517013549805,0.45928651094436646,0.46530935168266296,-0.10291828960180283,0.2510254383087158,0.44370535016059875,-0.5772581100463867,0.5960160493850708,0.6251387000083923,-0.20147375762462616,0.25935131311416626,0.723473846912384,-0.9119911193847656,0.7129389047622681,0.7230223417282104,-0.6867517828941345,0.3916361331939697,0.7281454801559448,-1.2919291257858276,0.7555084824562073,0.744540810585022,-0.7723134756088257,0.43360844254493713,0.75478595495224,-1.4361166954040527,0.7420374155044556,0.747878909111023,-0.8495791554450989,0.45442262291908264,0.7097224593162537,-1.423806071281433,0.7206814289093018,0.7303186655044556,-0.7295399308204651,0.43949270248413086,0.7049598693847656,-1.2981841564178467,0.4254530072212219,0.89719158411026,0.1759682148694992,0.28385311365127563,0.9279497265815735,-0.1762354075908661,0.6260170340538025,1.1118769645690918,0.05797065421938896,0.372614324092865,1.1579488515853882,-0.5071080327033997,0.562116801738739,1.4156324863433838,0.3965921103954315,0.3520202338695526,1.5674172639846802,-0.17450585961341858,0.5378050804138184,1.4571852684020996,0.4183998703956604,0.33716437220573425,1.6315677165985107,-0.14734520018100739,0.5650636553764343,1.5382258892059326,0.2533133029937744,0.42337074875831604,1.6897814273834229,-0.3678470551967621
frame_00137.jpg,0.42834749817848206,0.29226842522621155,-0.8082590103149414,0.43419814109802246,0.2603694200515747,-0.7539093494415283,0.4411572813987732,0.2639332413673401,-0.7546020150184631,0.4478026032447815,0.26744991540908813,-0.7545732259750366,0.40844812989234924,0.252027302980423,-0.794651448726654,0.39741870760917664,0.25147902965545654,-0.7951771020889282,0.3860923647880554,0.25208425521850586,-0.7954620122909546,0.4310639500617981,0.2810193598270416,-0.4406316876411438,0.3492087423801422,0.27073830366134644,-0.6274887323379517,0.43186163902282715,0.33151477575302124,-0.6835494637489319,0.3996522128582001,0.332428514957428,-0.741557776927948,0.46246522665023804,0.46534106135368347,-0.16248969733715057,0.25179222226142883,0.4440253973007202,-0.6137831807136536,0.6091042757034302,0.6376011967658997,-0.268566370010376,0.27185434103012085,0.7346835732460022,-0.9247013330459595,0.7127135992050171,0.7419990301132202,-0.7821426391601562,0.3920882046222687,0.7470829486846924,-1.2960193157196045,0.7513635158538818,0.7777096629142761,-0.8735166788101196,0.4426090717315674,0.7709283828735352,-1.4391390085220337,0.7330050468444824,0.7432416677474976,-0.940362811088562,0.46225327253341675,0.7210163474082947,-1.4307531118392944,0.713833212852478,0.7527085542678833,-0.8216599225997925,0.44555824995040894,0.7158811092376709,-1.3034193515777588,0.42567652463912964,0.9016416072845459,0.17545275390148163,0.28297704458236694,0.9296868443489075,-0.17575274407863617,0.6281101107597351,1.115110993385315,0.05277181416749954,0.3655151426792145,1.1661016941070557,-0.5014864206314087,0.5528503060340881,1.4004693031311035,0.4370906352996826,0.353059858083725,1.5710632801055908,-0.1455848067998886,0.5264245867729187,1.439673900604248,0.46489065885543823,0.34030386805534363,1.6335539817810059,-0.11520639806985855,0.5551685690879822,1.5175055265426636,0.2817152738571167,0.42355918884277344,1.6934547424316406,-0.34356826543807983
frame_00138.jpg,0.42835861444473267,0.2842745780944824,-0.553668200969696,0.4336286187171936,0.2511994242668152,-0.48905816674232483,0.44039401412010193,0.2540144622325897,-0.48965781927108765,0.4471791386604309,0.2564316689968109,-0.48963743448257446,0.4076632559299469,0.24408072233200073,-0.5414673686027527,0.3965107798576355,0.24391326308250427,-0.5419944524765015,0.38514241576194763,0.24470636248588562,-0.5422309041023254,0.43020859360694885,0.271885484457016,-0.16706505417823792,0.34864455461502075,0.2653260827064514,-0.40425610542297363,0.43195587396621704,0.32234182953834534,-0.4283750057220459,0.3996862471103668,0.3239488899707794,-0.5012218356132507,0.46145638823509216,0.4630028307437897,0.0962633565068245,0.25185588002204895,0.4404643476009369,-0.44602876901626587,0.5982382297515869,0.6361520290374756,-0.016614098101854324,0.2716943621635437,0.7330756783485413,-0.771285355091095,0.7121396064758301,0.708550751209259,-0.5794985890388489,0.39890164136886597,0.7216271162033081,-1.120903730392456,0.7336268424987793,0.7438177466392517,-0.6674823760986328,0.4479425847530365,0.7536622881889343,-1.257890224456787,0.7279719710350037,0.6881027221679688,-0.7310527563095093,0.4646974205970764,0.6967031359672546,-1.2422736883163452,0.7091070413589478,0.6865403652191162,-0.6199492812156677,0.4508010745048523,0.7121257185935974,-1.1244533061981201,0.42650604248046875,0.8976269960403442,0.18336530029773712,0.2842335104942322,0.9305951595306396,-0.1836036741733551,0.6500818729400635,1.094657063484192,0.05638729780912399,0.3846803307533264,1.1243112087249756,-0.5193378925323486,0.6122438907623291,1.364420771598816,0.4031263291835785,0.4032714366912842,1.5380817651748657,-0.17346128821372986,0.5897959470748901,1.4049053192138672,0.41808342933654785,0.39224404096603394,1.6004453897476196,-0.1429392248392105,0.6370924711227417,1.471238374710083,0.26134711503982544,0.4836157262325287,1.6635740995407104,-0.3472197651863098
frame_00139.jpg,0.42835575342178345,0.280647337436676,-0.5218697190284729,0.4331739842891693,0.24728268384933472,-0.4572998583316803,0.43984276056289673,0.24989280104637146,-0.4578869342803955,0.446723073720932,0.25198689103126526,-0.45786866545677185,0.4069898724555969,0.24037113785743713,-0.5096666216850281,0.39576318860054016,0.24024206399917603,-0.5101898312568665,0.3843599259853363,0.24098896980285645,-0.510424017906189,0.42972368001937866,0.26787081360816956,-0.13730794191360474,0.3482361435890198,0.26234981417655945,-0.37445899844169617,0.43200212717056274,0.3181629180908203,-0.3975856900215149,0.39968234300613403,0.3198360204696655,-0.4703802466392517,0.46098631620407104,0.4623531997203827,0.12280341237783432,0.25191715359687805,0.4383794069290161,-0.4192539155483246,0.5948862433433533,0.6360291838645935,0.004864624701440334,0.27100855112075806,0.7320584654808044,-0.7473103404045105,0.7101083993911743,0.6961212158203125,-0.559173583984375,0.4020598828792572,0.7081509828567505,-1.098206877708435,0.7278679609298706,0.7296169400215149,-0.6469780802726746,0.45165425539016724,0.7427685260772705,-1.234279990196228,0.7252208590507507,0.671739935874939,-0.7088679075241089,0.46676141023635864,0.6836708188056946,-1.2180805206298828,0.7068677544593811,0.6685928702354431,-0.5989762544631958,0.45332202315330505,0.7098267674446106,-1.1014701128005981,0.42665156722068787,0.8955297470092773,0.1867031753063202,0.2842821180820465,0.9312609434127808,-0.18693113327026367,0.6539024710655212,1.0834290981292725,0.05664833262562752,0.3867699205875397,1.1099474430084229,-0.5343416333198547,0.6178089380264282,1.3520293235778809,0.3610492944717407,0.40675967931747437,1.5237973928451538,-0.21411022543907166,0.5954426527023315,1.3953148126602173,0.3734176754951477,0.39508387446403503,1.586089015007019,-0.18593841791152954,0.6423191428184509,1.4566899538040161,0.230542853474617,0.4868529736995697,1.6422598361968994,-0.3700912296772003
frame_00140.jpg,0.4284728467464447,0.2747482359409332,-0.6664006114006042,0.43276309967041016,0.24096257984638214,-0.6092506647109985,0.43929916620254517,0.24311719834804535,-0.609937846660614,0.4461747109889984,0.24486537277698517,-0.6099096536636353,0.40677738189697266,0.23619337379932404,-0.6583338975906372,0.3956308662891388,0.23646733164787292,-0.6588234901428223,0.38411465287208557,0.2373993694782257,-0.6591067910194397,0.4290887713432312,0.26234617829322815,-0.3119622766971588,0.3479410707950592,0.2607577443122864,-0.5330631136894226,0.432588666677475,0.3129351735115051,-0.5499573349952698,0.3998665511608124,0.3148956298828125,-0.6178716421127319,0.46375614404678345,0.4582788050174713,-0.05684521049261093,0.25259020924568176,0.4386734366416931,-0.5695947408676147,0.5947393178939819,0.6360810995101929,-0.16427339613437653,0.2654987573623657,0.7313081622123718,-0.9827713966369629,0.710445761680603,0.707066535949707,-0.6664689183235168,0.40557724237442017,0.6772880554199219,-1.4118118286132812,0.7485233545303345,0.7475147843360901,-0.7456764578819275,0.45208850502967834,0.699515163898468,-1.5654590129852295,0.7388763427734375,0.7215712070465088,-0.8178995251655579,0.4705241322517395,0.6728902459144592,-1.5368918180465698,0.718119204044342,0.7165330648422241,-0.7080656290054321,0.46321192383766174,0.6903442144393921,-1.413037657737732,0.44408291578292847,0.8917761445045471,0.1852414906024933,0.2893947958946228,0.9308006167411804,-0.18545857071876526,0.6449683904647827,1.095536470413208,0.06999608129262924,0.38615882396698,1.1323492527008057,-0.5347262620925903,0.6023703813552856,1.3934334516525269,0.43858855962753296,0.40392225980758667,1.537063717842102,-0.22032706439495087,0.5852647423744202,1.4369648694992065,0.462683767080307,0.3936760127544403,1.6025092601776123,-0.19464871287345886,0.6106857061386108,1.510321855545044,0.3024330139160156,0.4805313050746918,1.6474896669387817,-0.4000144600868225
frame_00141.jpg,0.42919740080833435,0.2716001570224762,-0.6055054664611816,0.43274766206741333,0.2376958727836609,-0.5527845025062561,0.43919453024864197,0.23957058787345886,-0.5533955693244934,0.4460013806819916,0.2410935014486313,-0.5533705949783325,0.4069576859474182,0.234286367893219,-0.608134388923645,0.3959531784057617,0.23483385145664215,-0.6086851358413696,0.3843095898628235,0.23611076176166534,-0.6089608073234558,0.42710989713668823,0.25882983207702637,-0.281360000371933,0.34776896238327026,0.25999271869659424,-0.5205177664756775,0.43335527181625366,0.3107784390449524,-0.4961493909358978,0.40121880173683167,0.312283992767334,-0.5719496607780457,0.46412140130996704,0.4545685946941376,-0.04606719687581062,0.25274577736854553,0.4386664628982544,-0.5680162310600281,0.5906656980514526,0.6343153119087219,-0.175192728638649,0.25565803050994873,0.7297691702842712,-0.9351791143417358,0.6843220591545105,0.6936987042427063,-0.7509636878967285,0.4192031919956207,0.668393075466156,-1.2992327213287354,0.7310728430747986,0.7441730499267578,-0.8466625213623047,0.4785171449184418,0.6957871913909912,-1.443763256072998,0.7157148122787476,0.7194259166717529,-0.9085454940795898,0.498368501663208,0.6731318831443787,-1.418039083480835,0.6967407464981079,0.7150450944900513,-0.7915467023849487,0.481884241104126,0.6830587387084961,-1.2991325855255127,0.4423440396785736,0.8920018672943115,0.18723630905151367,0.28688761591911316,0.9338392019271851,-0.18741077184677124,0.6307546496391296,1.0990262031555176,0.0644347220659256,0.42026108503341675,1.118878960609436,-0.5340415239334106,0.5964483022689819,1.4302858114242554,0.31918051838874817,0.4072902798652649,1.533801794052124,-0.2443273365497589,0.5840526223182678,1.4801783561706543,0.33091315627098083,0.39342600107192993,1.6049295663833618,-0.220840722322464,0.6013479232788086,1.539543867111206,0.16402088105678558,0.4881367087364197,1.6388356685638428,-0.4101688861846924
frame_00142.jpg,0.4297775626182556,0.27066871523857117,-0.5556873679161072,0.4327269196510315,0.23659747838974,-0.5016459822654724,0.43913334608078003,0.2383805215358734,-0.502231240272522,0.44588008522987366,0.23981432616710663,-0.5022079348564148,0.4071311950683594,0.23364666104316711,-0.5589648485183716,0.39620649814605713,0.23427793383598328,-0.5595396757125854,0.38452258706092834,0.2356840819120407,-0.5598064661026001,0.4258654713630676,0.2575181722640991,-0.22332417964935303,0.34769755601882935,0.25951966643333435,-0.4832908511161804,0.43407121300697327,0.3100113868713379,-0.4442611336708069,0.40221652388572693,0.3113228678703308,-0.5226211547851562,0.4642276167869568,0.45201191306114197,0.02414458803832531,0.2533069849014282,0.43804892897605896,-0.5529508590698242,0.5874933004379272,0.6331077218055725,-0.17432089149951935,0.2509918510913849,0.729657769203186,-0.913741409778595,0.6799477338790894,0.6899686455726624,-0.7295303344726562,0.42837023735046387,0.6648432612419128,-1.2734177112579346,0.7260422110557556,0.7418158054351807,-0.824803352355957,0.48996782302856445,0.6962905526161194,-1.4181444644927979,0.7131372690200806,0.7101226449012756,-0.8865236043930054,0.5093678832054138,0.6735889315605164,-1.3899608850479126,0.6860882043838501,0.7013177275657654,-0.7703152894973755,0.4967588484287262,0.6805853247642517,-1.2719084024429321,0.4402807354927063,0.8929265141487122,0.192244753241539,0.28516101837158203,0.936970055103302,-0.19240297377109528,0.6317116618156433,1.1040908098220825,0.06144557520747185,0.41210824251174927,1.1209629774093628,-0.5407748222351074,0.5930272936820984,1.4386571645736694,0.2840920090675354,0.4011073708534241,1.556838870048523,-0.29483485221862793,0.580304741859436,1.488284945487976,0.29270604252815247,0.38271185755729675,1.6326806545257568,-0.2756285071372986,0.5971550941467285,1.5498312711715698,0.1250225007534027,0.4827035963535309,1.6596369743347168,-0.46797847747802734
frame_00143.jpg,0.42994919419288635,0.2705257534980774,-0.3770783841609955,0.43228679895401,0.23482438921928406,-0.3186705410480499,0.4382513463497162,0.23582564294338226,-0.3191729187965393,0.44455909729003906,0.23659083247184753,-0.31912750005722046,0.40712326765060425,0.23283261060714722,-0.37954145669937134,0.3962007164955139,0.23348188400268555,-0.3801381587982178,0.3845391571521759,0.23499132692813873,-0.3803648054599762,0.42279958724975586,0.25528615713119507,-0.03725380823016167,0.34704288840293884,0.2589855194091797,-0.31108638644218445,0.43411192297935486,0.30956095457077026,-0.26565319299697876,0.4027302861213684,0.3114236295223236,-0.348748117685318,0.46610599756240845,0.450931578874588,0.1896464079618454,0.2532726526260376,0.43523091077804565,-0.4331497550010681,0.5901287198066711,0.6276357173919678,-0.04063863679766655,0.2663084864616394,0.6927993297576904,-0.8839415311813354,0.6762748956680298,0.6831696629524231,-0.7101446986198425,0.44434618949890137,0.6514425873756409,-1.2584234476089478,0.7241932153701782,0.7104130983352661,-0.7983267903327942,0.4966541826725006,0.6855633854866028,-1.4080713987350464,0.7035447359085083,0.6970981359481812,-0.8606882095336914,0.5200780630111694,0.6732685565948486,-1.3751499652862549,0.6795594692230225,0.6918821930885315,-0.749608039855957,0.5053523182868958,0.6758902668952942,-1.2565228939056396,0.44072866439819336,0.911243736743927,0.19600307941436768,0.28593918681144714,0.9486938118934631,-0.1962219774723053,0.6160388588905334,1.144026517868042,0.03524978086352348,0.4021511673927307,1.1792465448379517,-0.5666088461875916,0.5964467525482178,1.530575156211853,0.22152702510356903,0.37310460209846497,1.6146754026412964,-0.33491405844688416,0.5868001580238342,1.590726613998413,0.225505992770195,0.3533901274204254,1.689832329750061,-0.31903666257858276,0.6014552116394043,1.6408336162567139,0.031556736677885056,0.45317092537879944,1.7099552154541016,-0.5317109823226929
frame_00144.jpg,0.430711567401886,0.2701287567615509,-0.38262030482292175,0.4321533143520355,0.23285575211048126,-0.32458019256591797,0.4379204213619232,0.23307260870933533,-0.3250778317451477,0.444021075963974,0.23322758078575134,-0.3250506520271301,0.4073915481567383,0.23199398815631866,-0.38424158096313477,0.39647138118743896,0.23271428048610687,-0.38482803106307983,0.3849894404411316,0.23438771069049835,-0.38506758213043213,0.41962283849716187,0.2531299591064453,-0.046178095042705536,0.34686708450317383,0.25876954197883606,-0.3140905499458313,0.43503060936927795,0.30889779329299927,-0.2728500962257385,0.40452998876571655,0.3112340271472931,-0.35439178347587585,0.4684932231903076,0.4494163691997528,0.17447775602340698,0.2532442510128021,0.43281829357147217,-0.43151456117630005,0.5955244898796082,0.6248061656951904,-0.054811764508485794,0.26955652236938477,0.6778306365013123,-0.8805940747261047,0.6762076616287231,0.6812060475349426,-0.7244886755943298,0.45115894079208374,0.6485266089439392,-1.266637921333313,0.7164915800094604,0.7137123346328735,-0.8286922574043274,0.5045498609542847,0.685235321521759,-1.4209873676300049,0.6918250322341919,0.6959744691848755,-0.8844464421272278,0.525682270526886,0.6733114123344421,-1.3841676712036133,0.674443781375885,0.6890923976898193,-0.7643555402755737,0.5098012089729309,0.6712717413902283,-1.2630397081375122,0.45019522309303284,0.9145997762680054,0.19722911715507507,0.2894262373447418,0.9517185091972351,-0.19746097922325134,0.6177986860275269,1.129712462425232,-0.0016028055688366294,0.4015907645225525,1.1574569940567017,-0.6092513799667358,0.6179215908050537,1.5168119668960571,0.19904933869838715,0.37371590733528137,1.5979931354522705,-0.3756865859031677,0.609024167060852,1.5755610466003418,0.20449790358543396,0.3570323884487152,1.6727701425552368,-0.3597174286842346,0.6265803575515747,1.6281394958496094,0.004831605590879917,0.4544273018836975,1.6939654350280762,-0.5791233777999878
frame_00145.jpg,0.43150344491004944,0.2679462730884552,-0.3245335519313812,0.4321820139884949,0.23026567697525024,-0.2670275568962097,0.4379362463951111,0.23005084693431854,-0.2675575613975525,0.4440181851387024,0.22989867627620697,-0.267532080411911,0.40766745805740356,0.2301667481660843,-0.32247787714004517,0.39667922258377075,0.23092307150363922,-0.3230147063732147,0.38524705171585083,0.23244847357273102,-0.3232133388519287,0.41969889402389526,0.24990971386432648,0.0054855989292263985,0.3469131588935852,0.25739696621894836,-0.24320372939109802,0.435947984457016,0.30710408091545105,-0.2184261530637741,0.40604186058044434,0.30899474024772644,-0.29414039850234985,0.4651247560977936,0.4486296772956848,0.22628450393676758,0.2557881474494934,0.42794618010520935,-0.3612576723098755,0.5956699848175049,0.6259124279022217,0.07155375927686691,0.26893287897109985,0.6645301580429077,-0.7476435899734497,0.6989130973815918,0.701705276966095,-0.47850775718688965,0.45078811049461365,0.6498218178749084,-1.0920029878616333,0.7390929460525513,0.7377089858055115,-0.5631526708602905,0.5107320547103882,0.6952484250068665,-1.224590539932251,0.7161387801170349,0.7002788186073303,-0.6270769834518433,0.5337239503860474,0.6765820980072021,-1.1952623128890991,0.7031537294387817,0.7084783911705017,-0.5199337601661682,0.5137630701065063,0.6712214350700378,-1.0882961750030518,0.44753414392471313,0.9126577973365784,0.1977664828300476,0.28956425189971924,0.9508737921714783,-0.19802553951740265,0.6697326302528381,1.0555298328399658,-0.047398217022418976,0.4183034896850586,1.0061665773391724,-0.5911102890968323,0.6157245635986328,1.3963137865066528,0.0070241885259747505,0.414013147354126,1.4975312948226929,-0.3660729229450226,0.6044988632202148,1.445021152496338,0.0006955080898478627,0.3955533504486084,1.5854038000106812,-0.35107165575027466,0.6263670921325684,1.5027903318405151,-0.18380559980869293,0.5015274882316589,1.5980886220932007,-0.539181113243103
frame_00146.jpg,0.43442240357398987,0.26526033878326416,-0.3256458640098572,0.4327508807182312,0.22777920961380005,-0.2701471745967865,0.4382357597351074,0.22715763747692108,-0.27066096663475037,0.4442121088504791,0.22663603723049164,-0.2706686556339264,0.4099735617637634,0.22855263948440552,-0.3302396237850189,0.3992384076118469,0.229590505361557,-0.3307952284812927,0.3878774046897888,0.23134145140647888,-0.33102947473526,0.4197099804878235,0.24826721847057343,-0.012019451707601547,0.34956738352775574,0.2571715712547302,-0.2807324528694153,0.438987672328949,0.3039036989212036,-0.22440211474895477,0.4118373394012451,0.3054194748401642,-0.3063890039920807,0.4650406241416931,0.4485788941383362,0.20056240260601044,0.25752899050712585,0.4238813519477844,-0.3986964225769043,0.5956245064735413,0.6261976957321167,0.10085755586624146,0.2683025598526001,0.6536150574684143,-0.7879776358604431,0.7089215517044067,0.7333224415779114,-0.3749391436576843,0.4481636881828308,0.6534804105758667,-1.1444947719573975,0.7626720070838928,0.7670263648033142,-0.44291210174560547,0.5062862038612366,0.7128870487213135,-1.2823470830917358,0.7476241588592529,0.7628780007362366,-0.5193604230880737,0.5282691717147827,0.6976227164268494,-1.2522411346435547,0.7245157361030579,0.7506896257400513,-0.41898638010025024,0.5116570591926575,0.6855587363243103,-1.1418135166168213,0.4465397000312805,0.9138194918632507,0.19744010269641876,0.28772252798080444,0.9503525495529175,-0.19770412147045135,0.6502610445022583,1.1003766059875488,-0.041040606796741486,0.406578004360199,1.1300400495529175,-0.565171480178833,0.5816184282302856,1.4670668840408325,0.0776975080370903,0.38780704140663147,1.574273943901062,-0.3320881724357605,0.565226674079895,1.5158178806304932,0.0769926905632019,0.36911824345588684,1.651544451713562,-0.31421834230422974,0.5750200152397156,1.5899513959884644,-0.10728542506694794,0.4665853977203369,1.6736334562301636,-0.5083672404289246
frame_00147.jpg,0.4357154965400696,0.26380741596221924,-0.3282153308391571,0.43304643034935,0.22656352818012238,-0.2722054123878479,0.4383905529975891,0.22580252587795258,-0.27271002531051636,0.4443191885948181,0.2252034842967987,-0.27269724011421204,0.41123881936073303,0.22764047980308533,-0.33204418420791626,0.40060296654701233,0.22882848978042603,-0.33260372281074524,0.38922157883644104,0.2307521253824234,-0.3328351378440857,0.41972750425338745,0.24759215116500854,-0.012620260939002037,0.3508906960487366,0.25711944699287415,-0.2814452052116394,0.44056272506713867,0.302170068025589,-0.22633902728557587,0.4144083857536316,0.30363404750823975,-0.30815988779067993,0.4647100567817688,0.4486142098903656,0.2022480070590973,0.2582920491695404,0.4221048951148987,-0.39480718970298767,0.5949341058731079,0.630182683467865,0.11274334043264389,0.2679918706417084,0.6529878973960876,-0.7682520151138306,0.7078374028205872,0.7428416013717651,-0.3597245514392853,0.4465961456298828,0.6559969782829285,-1.1068209409713745,0.7578288316726685,0.7741614580154419,-0.4268653392791748,0.5036270022392273,0.7258957624435425,-1.2410762310028076,0.7484803199768066,0.7746270895004272,-0.5030372738838196,0.5254877209663391,0.7049319744110107,-1.2092558145523071,0.724014937877655,0.7584159970283508,-0.4033886790275574,0.5103747844696045,0.6912251710891724,-1.1028730869293213,0.4430580735206604,0.914269745349884,0.19684985280036926,0.28345370292663574,0.9501530528068542,-0.1970941126346588,0.6288285851478577,1.1157339811325073,-0.034965090453624725,0.3835342526435852,1.148958683013916,-0.5554607510566711,0.5593141317367554,1.483434796333313,0.09199510514736176,0.3600635826587677,1.5928266048431396,-0.3248520493507385,0.5411098003387451,1.5313550233840942,0.0921449065208435,0.341701477766037,1.668448567390442,-0.30761897563934326,0.5473722815513611,1.6097453832626343,-0.08710117638111115,0.43299540877342224,1.695533275604248,-0.4998239576816559
frame_00148.jpg,0.4400026798248291,0.2622598111629486,-0.2537531554698944,0.4346919059753418,0.22434940934181213,-0.20239520072937012,0.43944764137268066,0.22367316484451294,-0.20291706919670105,0.4450356066226959,0.22288423776626587,-0.20295774936676025,0.41601404547691345,0.22535698115825653,-0.2554808259010315,0.40527042746543884,0.22554491460323334,-0.25602567195892334,0.39417144656181335,0.226815328001976,-0.2563166320323944,0.41961199045181274,0.24570195376873016,0.021979304030537605,0.35403457283973694,0.2532443106174469,-0.21650440990924835,0.44355425238609314,0.29992881417274475,-0.16605325043201447,0.4197548031806946,0.2995351552963257,-0.23896518349647522,0.4669339656829834,0.45008912682533264,0.19087496399879456,0.2595928907394409,0.42154887318611145,-0.310067355632782,0.5954533219337463,0.6313068270683289,0.1345916986465454,0.2621070444583893,0.6593607068061829,-0.6624835729598999,0.7214531898498535,0.7371145486831665,-0.26386696100234985,0.41052699089050293,0.6493139266967773,-1.0302751064300537,0.7747284173965454,0.7702252864837646,-0.3167361617088318,0.4573085308074951,0.7091289162635803,-1.1591764688491821,0.7703307867050171,0.7599223256111145,-0.39526310563087463,0.4836711287498474,0.6929840445518494,-1.1367671489715576,0.7441712617874146,0.7504203915596008,-0.30579644441604614,0.47220975160598755,0.6764421463012695,-1.0317875146865845,0.4545815587043762,0.913501501083374,0.15895119309425354,0.30152398347854614,0.9458873271942139,-0.1591036319732666,0.607725977897644,1.1790375709533691,-0.0494837649166584,0.3683324456214905,1.2131292819976807,-0.5692887306213379,0.5666517019271851,1.578351616859436,0.07532323151826859,0.36930108070373535,1.6228636503219604,-0.36906805634498596,0.5443555116653442,1.6376320123672485,0.07356615364551544,0.3672592043876648,1.6920064687728882,-0.3558807373046875,0.561686098575592,1.6938824653625488,-0.11475791037082672,0.4448114335536957,1.7153364419937134,-0.5493577718734741
frame_00149.jpg,0.44276612997055054,0.26042330265045166,-0.2623255252838135,0.43649324774742126,0.2219616323709488,-0.20722822844982147,0.441007524728775,0.22119483351707458,-0.20772747695446014,0.4464302957057953,0.22017353773117065,-0.20778723061084747,0.41878581047058105,0.22317232191562653,-0.2611156105995178,0.4079735279083252,0.22313539683818817,-0.26168352365493774,0.39708730578422546,0.22426456212997437,-0.26198866963386536,0.4196612238883972,0.24350351095199585,0.03186756744980812,0.3565836548805237,0.25107327103614807,-0.2090708315372467,0.44656604528427124,0.2975293695926666,-0.16931739449501038,0.42286381125450134,0.29657217860221863,-0.24292728304862976,0.46912050247192383,0.45036226511001587,0.19854533672332764,0.2634608745574951,0.4190728962421417,-0.312613308429718,0.5971928834915161,0.6320460438728333,0.1019723042845726,0.256865918636322,0.6485987305641174,-0.7070310115814209,0.7228578925132751,0.7321939468383789,-0.3510987460613251,0.40333813428878784,0.6458988785743713,-1.0914976596832275,0.7772959470748901,0.7653229236602783,-0.4149283766746521,0.4491361975669861,0.7073130011558533,-1.225388765335083,0.7667135000228882,0.7507857084274292,-0.4905950427055359,0.4762480854988098,0.6922104358673096,-1.2012147903442383,0.7411502599716187,0.7428151965141296,-0.3936218023300171,0.4658854007720947,0.6738967299461365,-1.09128999710083,0.46183523535728455,0.91298907995224,0.1550707072019577,0.30340510606765747,0.9419676065444946,-0.1552712619304657,0.6090441346168518,1.1889837980270386,-0.08182534575462341,0.36529165506362915,1.263845443725586,-0.5673799514770508,0.5706533789634705,1.582229495048523,0.05016953498125076,0.37356898188591003,1.6610355377197266,-0.3799079656600952,0.5458236336708069,1.6392855644226074,0.048519864678382874,0.3684815764427185,1.7294806241989136,-0.37145036458969116,0.5688198804855347,1.7070316076278687,-0.140768364071846,0.43774914741516113,1.7551556825637817,-0.5832740068435669
frame_00150.jpg,0.446183979511261,0.2588713467121124,-0.32354864478111267,0.4376862049102783,0.21990203857421875,-0.26889514923095703,0.4416500926017761,0.218795508146286,-0.2694246172904968,0.44674262404441833,0.21722117066383362,-0.2694353461265564,0.4223150610923767,0.2219521403312683,-0.3182508945465088,0.4115346372127533,0.2219085395336151,-0.31884026527404785,0.40100932121276855,0.223208487033844,-0.3191155791282654,0.4182339608669281,0.24252982437610626,-0.013567550107836723,0.35820838809013367,0.25087082386016846,-0.2541141211986542,0.44946885108947754,0.29576757550239563,-0.2240770310163498,0.42752736806869507,0.2954275906085968,-0.28999075293540955,0.4690256714820862,0.4501042366027832,0.17966613173484802,0.2633206844329834,0.41915053129196167,-0.3595881760120392,0.5972016453742981,0.625420331954956,0.07241038978099823,0.2609459459781647,0.684657633304596,-0.7213740348815918,0.7166407108306885,0.7286457419395447,-0.41312456130981445,0.4168422222137451,0.6791418790817261,-1.0896708965301514,0.7683614492416382,0.7624334692955017,-0.48601216077804565,0.4737989902496338,0.7226508855819702,-1.2209382057189941,0.7647058963775635,0.7472599744796753,-0.5564149618148804,0.48018139600753784,0.7042018175125122,-1.1933038234710693,0.7398677468299866,0.7478405833244324,-0.4544675350189209,0.4719322621822357,0.6896007061004639,-1.0871779918670654,0.4589684009552002,0.9103536605834961,0.1567811667919159,0.30158698558807373,0.9418601393699646,-0.15702775120735168,0.6103531122207642,1.1702488660812378,-0.08023418486118317,0.3538817763328552,1.2677311897277832,-0.565315842628479,0.5722656846046448,1.5397485494613647,0.16096360981464386,0.35021543502807617,1.6588408946990967,-0.3588678240776062,0.5504277944564819,1.5936949253082275,0.1692129373550415,0.3433787524700165,1.7240192890167236,-0.34823763370513916,0.5648590326309204,1.6586323976516724,-0.01928800903260708,0.4007340371608734,1.756710171699524,-0.5745230913162231
frame_00151.jpg,0.44876527786254883,0.2562461793422699,-0.3362804055213928,0.4382845461368561,0.2175406813621521,-0.2737940549850464,0.4417577385902405,0.21579770743846893,-0.2743244171142578,0.44673067331314087,0.2134595364332199,-0.2744815945625305,0.42409878969192505,0.22042153775691986,-0.3582748770713806,0.4136348366737366,0.22058549523353577,-0.35881513357162476,0.4031372666358948,0.22213344275951385,-0.35907065868377686,0.4156653881072998,0.24130095541477203,-0.022434953600168228,0.35917991399765015,0.25065433979034424,-0.34883737564086914,0.45094290375709534,0.2938176691532135,-0.22960665822029114,0.43011727929115295,0.2937111258506775,-0.3386663794517517,0.46886783838272095,0.4501771628856659,0.17200815677642822,0.26312166452407837,0.4209781885147095,-0.45090609788894653,0.5857285261154175,0.6248614192008972,0.06642662733793259,0.25858888030052185,0.6973673701286316,-0.8172459602355957,0.7013845443725586,0.7174206972122192,-0.4968850612640381,0.4175996780395508,0.678531289100647,-1.151100993156433,0.7452161312103271,0.7524077296257019,-0.576536238193512,0.4740777015686035,0.7204227447509766,-1.2923858165740967,0.743129312992096,0.7352856993675232,-0.6517040133476257,0.48418623208999634,0.7022781372070312,-1.2603330612182617,0.7121351361274719,0.72658771276474,-0.5419270396232605,0.47344642877578735,0.6873385310173035,-1.1469600200653076,0.4584501385688782,0.9106147289276123,0.1827983856201172,0.3005741834640503,0.944031834602356,-0.18284189701080322,0.6160818934440613,1.1593879461288452,0.028395066037774086,0.35666781663894653,1.2481416463851929,-0.6164541244506836,0.5867217183113098,1.5333720445632935,0.3204682469367981,0.3412454426288605,1.6542954444885254,-0.38231146335601807,0.5712050795555115,1.5791188478469849,0.335346519947052,0.33061695098876953,1.7213222980499268,-0.3666008412837982,0.5806137323379517,1.6488673686981201,0.17000897228717804,0.39301759004592896,1.754177212715149,-0.5800489187240601
frame_00152.jpg,0.45002737641334534,0.2538565993309021,-0.35212355852127075,0.43856281042099,0.21599343419075012,-0.29268598556518555,0.4417809844017029,0.21399220824241638,-0.2932277023792267,0.4466707110404968,0.21139174699783325,-0.2933104336261749,0.42481303215026855,0.2192346602678299,-0.36547738313674927,0.414519727230072,0.2195913940668106,-0.3660222291946411,0.40402573347091675,0.22130155563354492,-0.3662795126438141,0.41441455483436584,0.24037805199623108,-0.03415460139513016,0.35990050435066223,0.2503175735473633,-0.3571320176124573,0.45181840658187866,0.29206883907318115,-0.24702338874340057,0.43126019835472107,0.29227912425994873,-0.34149226546287537,0.4688044488430023,0.450583279132843,0.1688004434108734,0.26308220624923706,0.4220784902572632,-0.46278005838394165,0.5822228789329529,0.6275739669799805,0.09234066307544708,0.2573467195034027,0.7023108005523682,-0.8268163800239563,0.7043895125389099,0.7169370651245117,-0.39833033084869385,0.41829490661621094,0.6765486598014832,-1.1527478694915771,0.7616168260574341,0.7533915042877197,-0.4651660919189453,0.4742456376552582,0.7197903990745544,-1.2916339635849,0.749770998954773,0.7385472059249878,-0.5462021827697754,0.48567265272140503,0.7009592652320862,-1.2601851224899292,0.7222034335136414,0.7289725542068481,-0.4444096088409424,0.474842369556427,0.6870691180229187,-1.14858078956604,0.4568905234336853,0.9106420278549194,0.19543401896953583,0.3001541197299957,0.9445819854736328,-0.19541016221046448,0.6549738049507141,1.0942809581756592,0.024754520505666733,0.3695051372051239,1.183410882949829,-0.6086605787277222,0.6000002026557922,1.3896604776382446,0.23003089427947998,0.36715996265411377,1.6182529926300049,-0.3715762495994568,0.5809648036956787,1.430993914604187,0.229940727353096,0.3547656834125519,1.687362551689148,-0.35332614183425903,0.5940550565719604,1.4849936962127686,0.08167900145053864,0.4328537881374359,1.7287354469299316,-0.557845950126648
frame_00153.jpg,0.44949135184288025,0.24799363315105438,-0.29564985632896423,0.4385366439819336,0.20848102867603302,-0.2349766045808792,0.4417734742164612,0.2063625305891037,-0.23539836704730988,0.4466293454170227,0.2045077681541443,-0.23541012406349182,0.4243869185447693,0.21087248623371124,-0.2864624857902527,0.4140394628047943,0.21152199804782867,-0.2869570851325989,0.4034844934940338,0.21352757513523102,-0.2872069478034973,0.4144786298274994,0.23253752291202545,0.030780727043747902,0.35984018445014954,0.2454724758863449,-0.19486549496650696,0.45192089676856995,0.28637808561325073,-0.19293539226055145,0.4308680593967438,0.2865115702152252,-0.26295503973960876,0.47130298614501953,0.4498496353626251,0.17634718120098114,0.263071745634079,0.41692715883255005,-0.26343634724617004,0.5921381711959839,0.6502317786216736,-0.04989141970872879,0.24422383308410645,0.6730376482009888,-0.6744516491889954,0.6108090281486511,0.6841781735420227,-0.6660822629928589,0.4185101091861725,0.6673233509063721,-1.083667516708374,0.6155134439468384,0.7091101408004761,-0.7664254307746887,0.4691668152809143,0.6901062726974487,-1.2160731554031372,0.5929661989212036,0.6641281247138977,-0.7915754914283752,0.4815186560153961,0.6696059703826904,-1.1779409646987915,0.586721658706665,0.6606099009513855,-0.6897240877151489,0.47214803099632263,0.6668669581413269,-1.0777884721755981,0.4562501013278961,0.8946052193641663,0.15557964146137238,0.29966607689857483,0.92779541015625,-0.15592841804027557,0.6366044878959656,1.1165316104888916,-0.2540825307369232,0.35560575127601624,1.2363711595535278,-0.5111054182052612,0.5617297887802124,1.4155181646347046,-0.09349896013736725,0.35803931951522827,1.6348196268081665,-0.3095320761203766,0.5429875254631042,1.451810598373413,-0.08951323479413986,0.34883999824523926,1.6974619626998901,-0.2973049283027649,0.5512471795082092,1.5197434425354004,-0.296454519033432,0.41397619247436523,1.7487866878509521,-0.5402297377586365
frame_00154.jpg,0.4491036832332611,0.24515782296657562,-0.313346803188324,0.4385136663913727,0.20516441762447357,-0.2526479661464691,0.44176778197288513,0.20298486948013306,-0.25311940908432007,0.44662079215049744,0.2013145238161087,-0.2531451880931854,0.42407336831092834,0.20741131901741028,-0.30842500925064087,0.4136947691440582,0.2081982046365738,-0.3089696764945984,0.4031131863594055,0.21022658050060272,-0.30919310450553894,0.41461172699928284,0.22919178009033203,0.02038932777941227,0.3597484529018402,0.2430451661348343,-0.2279098778963089,0.4519217908382416,0.2839752733707428,-0.20747706294059753,0.4307500422000885,0.28407785296440125,-0.2833535373210907,0.47120633721351624,0.4473833441734314,0.19320406019687653,0.2631463408470154,0.413493275642395,-0.30975309014320374,0.5917672514915466,0.6489775776863098,-0.004457570146769285,0.2437840700149536,0.6601510643959045,-0.7005642652511597,0.6407872438430786,0.6786353588104248,-0.6027795076370239,0.41889137029647827,0.6636058688163757,-1.0699310302734375,0.6680402755737305,0.712416410446167,-0.6799436807632446,0.46939802169799805,0.6835459470748901,-1.1971571445465088,0.6510676145553589,0.6791568994522095,-0.7598711848258972,0.4806338846683502,0.6590060591697693,-1.1642471551895142,0.6357583999633789,0.6748091578483582,-0.646173357963562,0.4720330238342285,0.6583384275436401,-1.0654959678649902,0.456004798412323,0.8883937001228333,0.15964804589748383,0.2970741391181946,0.9212585091590881,-0.15995965898036957,0.6360610723495483,1.1169586181640625,-0.15982279181480408,0.35178542137145996,1.245750904083252,-0.5167621374130249,0.5412925481796265,1.4251266717910767,0.004164104349911213,0.3472054600715637,1.6561930179595947,-0.31291550397872925,0.5185747742652893,1.46549654006958,0.008346633985638618,0.33646219968795776,1.7212427854537964,-0.29959601163864136,0.5260411500930786,1.5342180728912354,-0.17644865810871124,0.40296539664268494,1.7718201875686646,-0.5338505506515503
frame_00155.jpg,0.4289761185646057,0.24511177837848663,-0.5117127299308777,0.4310576319694519,0.20644138753414154,-0.4529896676540375,0.4378550946712494,0.20410147309303284,-0.4535239636898041,0.4433248043060303,0.2015506476163864,-0.4535457193851471,0.40648841857910156,0.20750471949577332,-0.49541372060775757,0.39511799812316895,0.20761077105998993,-0.4959912896156311,0.3833156228065491,0.2087658941745758,-0.4962732791900635,0.4168984889984131,0.22986076772212982,-0.15100012719631195,0.345983624458313,0.23644031584262848,-0.3390003442764282,0.4357777237892151,0.28461357951164246,-0.39308154582977295,0.4017723500728607,0.28328630328178406,-0.4525958001613617,0.4711031913757324,0.4447390139102936,0.08640790730714798,0.2624717056751251,0.41403356194496155,-0.35012292861938477,0.593863844871521,0.6213958859443665,-0.09336830675601959,0.24063332378864288,0.6969897747039795,-0.7173316478729248,0.6472881436347961,0.6770966649055481,-0.7000228762626648,0.4123956263065338,0.683256208896637,-1.0837961435317993,0.67286616563797,0.7138805985450745,-0.8000859022140503,0.4612078070640564,0.7476980686187744,-1.2171577215194702,0.6624631881713867,0.6820613145828247,-0.859637439250946,0.47882264852523804,0.6980981230735779,-1.1889351606369019,0.6380460262298584,0.679282546043396,-0.7388108968734741,0.4668426513671875,0.6941870450973511,-1.082987666130066,0.4484935402870178,0.8898299932479858,0.1624682992696762,0.28954845666885376,0.9237120151519775,-0.16273604333400726,0.6210560202598572,1.1476107835769653,-0.040101904422044754,0.35253506898880005,1.2923513650894165,-0.5192552804946899,0.5500620603561401,1.501326322555542,0.22883252799510956,0.32415255904197693,1.6846224069595337,-0.23322534561157227,0.5302144289016724,1.5499035120010376,0.24129748344421387,0.30705752968788147,1.7460347414016724,-0.21056914329528809,0.5386937856674194,1.6309634447097778,0.025903653353452682,0.3883657157421112,1.7961992025375366,-0.44750601053237915
frame_00156.jpg,0.3993835151195526,0.2454744279384613,-0.6455620527267456,0.4162733554840088,0.2068025767803192,-0.584078848361969,0.42791610956192017,0.20749717950820923,-0.5846541523933411,0.4382564127445221,0.21042369306087494,-0.5846739411354065,0.38239985704421997,0.2081172615289688,-0.6158918142318726,0.3696868419647217,0.2081873118877411,-0.6166002154350281,0.3595661222934723,0.20915405452251434,-0.6170094013214111,0.4280335307121277,0.23650440573692322,-0.2548249661922455,0.3375275731086731,0.23400142788887024,-0.40080198645591736,0.41744479537010193,0.2847073972225189,-0.5167086720466614,0.3750839829444885,0.28359949588775635,-0.5638810396194458,0.4716380536556244,0.4441962242126465,0.010134682059288025,0.25916290283203125,0.4162366986274719,-0.35829827189445496,0.5857216119766235,0.6200316548347473,-0.06746062636375427,0.2327658236026764,0.6957578063011169,-0.5587733387947083,0.6527571082115173,0.6765797734260559,-0.6748062372207642,0.3330656886100769,0.8835219144821167,-0.841820240020752,0.6940504312515259,0.6847254037857056,-0.7542498111724854,0.33447393774986267,0.9414922595024109,-0.9529263377189636,0.6836987137794495,0.6532644033432007,-0.8500227928161621,0.3586106598377228,0.9329904913902283,-0.9700753092765808,0.6412302255630493,0.6567793488502502,-0.706468939781189,0.35652464628219604,0.902698278427124,-0.8565462827682495,0.4449630677700043,0.8886210918426514,0.14625577628612518,0.2880977690219879,0.9206170439720154,-0.1468130350112915,0.564785361289978,1.2103254795074463,0.03237459436058998,0.33127790689468384,1.2707152366638184,-0.43186694383621216,0.5362704992294312,1.5467090606689453,0.3022269606590271,0.30141907930374146,1.671528935432434,-0.13022729754447937,0.5257948637008667,1.5934544801712036,0.31261518597602844,0.2903164327144623,1.7350208759307861,-0.11076110601425171,0.5199590921401978,1.664460301399231,0.051910024136304855,0.34516286849975586,1.778454303741455,-0.3778349459171295
frame_00157.jpg,0.39225783944129944,0.24582234025001526,-0.6655689477920532,0.4109179973602295,0.2075193077325821,-0.6060903072357178,0.4235195517539978,0.2102867066860199,-0.6066897511482239,0.4354860186576843,0.21604563295841217,-0.6067162752151489,0.37597018480300903,0.2085893601179123,-0.633731484413147,0.3633001148700714,0.2086406648159027,-0.6344308257102966,0.3536219000816345,0.20951387286186218,-0.634830117225647,0.43249139189720154,0.24079367518424988,-0.2817031741142273,0.3346242308616638,0.23310963809490204,-0.4094601571559906,0.4118894040584564,0.2848052382469177,-0.5385187268257141,0.36913299560546875,0.2838943898677826,-0.5802198648452759,0.4720582365989685,0.4439055323600769,-0.023690270259976387,0.2575964331626892,0.41776198148727417,-0.35304194688796997,0.5815231800079346,0.6170011758804321,-0.09189669042825699,0.22439166903495789,0.7005714774131775,-0.5227254629135132,0.6561657786369324,0.6762351989746094,-0.6111538410186768,0.33171817660331726,0.8628352880477905,-0.8151471018791199,0.707943320274353,0.6772943735122681,-0.695271372795105,0.3512364625930786,0.919067919254303,-0.928187370300293,0.6902230978012085,0.6449359059333801,-0.7673501968383789,0.36121752858161926,0.8954108357429504,-0.945206344127655,0.6418948769569397,0.6510180234909058,-0.6474929451942444,0.3586171269416809,0.8863990306854248,-0.8303347826004028,0.4372970461845398,0.8879501819610596,0.13469021022319794,0.2852310538291931,0.9181572794914246,-0.1352986842393875,0.5525112748146057,1.2232502698898315,0.05525827407836914,0.3195025324821472,1.2642972469329834,-0.3981209099292755,0.530340313911438,1.5524299144744873,0.3445482850074768,0.2895206809043884,1.6646314859390259,-0.097470223903656,0.5229685306549072,1.5975861549377441,0.35720181465148926,0.27976900339126587,1.7236545085906982,-0.07806320488452911,0.5103696584701538,1.6684857606887817,0.09242167323827744,0.3318665623664856,1.7706668376922607,-0.349252313375473
frame_00158.jpg,0.3982618749141693,0.28323736786842346,-0.5864664316177368,0.4112345278263092,0.25575631856918335,-0.5351589918136597,0.4268215596675873,0.26240473985671997,-0.5357486009597778,0.43848562240600586,0.26802605390548706,-0.5357323884963989,0.38164639472961426,0.23602965474128723,-0.5554460287094116,0.3684060573577881,0.2295120656490326,-0.5560582280158997,0.35849905014038086,0.22460131347179413,-0.556408703327179,0.44015446305274963,0.2794967293739319,-0.24046830832958221,0.3428598940372467,0.23324260115623474,-0.3324502408504486,0.4097462296485901,0.32812461256980896,-0.4694341719150543,0.3708258271217346,0.3054535686969757,-0.5043104887008667,0.47424325346946716,0.4431251287460327,-0.026499871164560318,0.25628677010536194,0.4174959063529968,-0.24604661762714386,0.5820999145507812,0.6076437830924988,-0.19329334795475006,0.21143467724323273,0.6823889017105103,-0.5004170536994934,0.6610474586486816,0.6773186326026917,-0.7815840840339661,0.33655256032943726,0.7257020473480225,-0.9304202795028687,0.7060016989707947,0.6870463490486145,-0.8966560363769531,0.3793986439704895,0.7257625460624695,-1.0595757961273193,0.683292806148529,0.6543573141098022,-0.9537469744682312,0.39527103304862976,0.6892642378807068,-1.054817795753479,0.6492854356765747,0.6569293141365051,-0.8172385096549988,0.38589850068092346,0.6942263245582581,-0.9398120641708374,0.4402628540992737,0.8846128582954407,0.10922225564718246,0.28659459948539734,0.9147279262542725,-0.10975216329097748,0.567926824092865,1.206014633178711,0.023969758301973343,0.31726640462875366,1.2578402757644653,-0.39800089597702026,0.536873996257782,1.5525723695755005,0.3498658835887909,0.3035787343978882,1.6572312116622925,-0.14094196259975433,0.5247653126716614,1.6002169847488403,0.3684394657611847,0.29443782567977905,1.7115010023117065,-0.12422625720500946,0.5173185467720032,1.6783111095428467,0.12144555896520615,0.3504277467727661,1.766802191734314,-0.38870030641555786
frame_00159.jpg,0.40015774965286255,0.2930867075920105,-0.6145640015602112,0.411660760641098,0.26702043414115906,-0.5655215978622437,0.4288545548915863,0.2739125192165375,-0.5661183595657349,0.44030553102493286,0.2791186273097992,-0.5660926699638367,0.38535839319229126,0.2441885620355606,-0.5793833136558533,0.3722010850906372,0.23649144172668457,-0.5799803733825684,0.362080842256546,0.23038801550865173,-0.5803343057632446,0.4432201385498047,0.2893586754798889,-0.2706739008426666,0.3473375737667084,0.23345455527305603,-0.33485379815101624,0.4088016152381897,0.33927828073501587,-0.49694642424583435,0.3709530234336853,0.31303688883781433,-0.5209507346153259,0.47577133774757385,0.4428187608718872,-0.05360664054751396,0.25548094511032104,0.41745755076408386,-0.262992799282074,0.5836910009384155,0.6051203608512878,-0.23006220161914825,0.20450210571289062,0.6681128740310669,-0.5253536701202393,0.664363443851471,0.6780481338500977,-0.82777339220047,0.33855587244033813,0.6945197582244873,-0.965068519115448,0.7082887291908264,0.6926764249801636,-0.9462882280349731,0.38632315397262573,0.7058423757553101,-1.0884900093078613,0.6800832748413086,0.6701502203941345,-1.0046467781066895,0.4086191654205322,0.6688816547393799,-1.0580239295959473,0.6573524475097656,0.664768397808075,-0.8645346760749817,0.3941992521286011,0.6703888177871704,-0.9704234004020691,0.44663524627685547,0.881312370300293,0.1042989119887352,0.2889842987060547,0.9135404229164124,-0.10480155795812607,0.5758060216903687,1.1983741521835327,0.022730818018317223,0.32205265760421753,1.2557045221328735,-0.40423092246055603,0.5396884083747864,1.5531182289123535,0.3386561870574951,0.31097570061683655,1.6478543281555176,-0.1354334056377411,0.5339753031730652,1.602164387702942,0.35763904452323914,0.29920873045921326,1.7011164426803589,-0.11776486784219742,0.5233448147773743,1.6793683767318726,0.10318378359079361,0.36058279871940613,1.7571661472320557,-0.3904476463794708
frame_00160.jpg,0.420828640460968,0.3201827108860016,-0.6299307346343994,0.4251036047935486,0.2828497886657715,-0.5889198780059814,0.4357410967350006,0.28449299931526184,-0.5895529389381409,0.4440997242927551,0.28565219044685364,-0.5895662903785706,0.40272513031959534,0.272797167301178,-0.6307398080825806,0.3910213112831116,0.2679844796657562,-0.6312973499298096,0.38101309537887573,0.2635098993778229,-0.6315761208534241,0.4427207112312317,0.2925712466239929,-0.3181329667568207,0.35130614042282104,0.26384595036506653,-0.5099582672119141,0.4199253022670746,0.3553737699985504,-0.51600182056427,0.39172643423080444,0.3468228280544281,-0.5749378800392151,0.4744633138179779,0.43953737616539,-0.09032268077135086,0.25507691502571106,0.4220258891582489,-0.4556242823600769,0.5833727717399597,0.5937925577163696,-0.2069062888622284,0.2468562126159668,0.6889936923980713,-0.6861929893493652,0.6724806427955627,0.6600030660629272,-0.7335282564163208,0.40130192041397095,0.6929489374160767,-0.9753820300102234,0.7158849835395813,0.6780623197555542,-0.8280156850814819,0.45210057497024536,0.7198846936225891,-1.0931905508041382,0.6913219094276428,0.6537113785743713,-0.8873156309127808,0.4627864360809326,0.6851974129676819,-1.07988703250885,0.6699556708335876,0.6512502431869507,-0.7695706486701965,0.4485596716403961,0.6820586323738098,-0.9807630777359009,0.42987877130508423,0.8781893253326416,0.11285138130187988,0.28546586632728577,0.9132874011993408,-0.11347316205501556,0.5789575576782227,1.1766281127929688,0.06458038836717606,0.32583749294281006,1.2117890119552612,-0.42281708121299744,0.5862486362457275,1.534253716468811,0.33439213037490845,0.3119584321975708,1.614777684211731,-0.14116805791854858,0.5858129858970642,1.58405601978302,0.34727543592453003,0.30115723609924316,1.6720362901687622,-0.13756237924098969,0.5769280791282654,1.657555341720581,0.14333471655845642,0.37156444787979126,1.726302981376648,-0.4051499366760254
frame_00161.jpg,0.42822107672691345,0.3075743019580841,-0.5780801177024841,0.4295760691165924,0.2726062536239624,-0.5250004529953003,0.43838009238243103,0.2752588093280792,-0.5256081819534302,0.445692241191864,0.2777489721775055,-0.5256611108779907,0.4059365689754486,0.26283517479896545,-0.6003714203834534,0.39407986402511597,0.25922322273254395,-0.6006180644035339,0.38373881578445435,0.25626692175865173,-0.6004787683486938,0.44148388504981995,0.2906932532787323,-0.22349706292152405,0.35129326581954956,0.26252037286758423,-0.43634647130966187,0.42806553840637207,0.3452385663986206,-0.452833890914917,0.39981815218925476,0.3387829661369324,-0.5510447025299072,0.47606509923934937,0.43975093960762024,-0.07298696041107178,0.2516367435455322,0.43514007329940796,-0.4191671907901764,0.5873149633407593,0.6096293926239014,-0.16606031358242035,0.24631693959236145,0.710220992565155,-0.6722574234008789,0.6725980043411255,0.6633930206298828,-0.7533831000328064,0.3750405013561249,0.8110988140106201,-0.9816403388977051,0.7114325761795044,0.683903694152832,-0.8601654767990112,0.395416796207428,0.8593973517417908,-1.1050317287445068,0.6914733052253723,0.6454439759254456,-0.9121206998825073,0.4224367141723633,0.820425808429718,-1.0806548595428467,0.6704196333885193,0.6465675234794617,-0.7894406318664551,0.41605624556541443,0.8042140603065491,-0.9827539324760437,0.4307384490966797,0.885563313961029,0.11430434882640839,0.2850584387779236,0.9213563203811646,-0.11489725112915039,0.589337944984436,1.1741044521331787,-0.051571063697338104,0.3267325460910797,1.2194240093231201,-0.43491625785827637,0.5820670127868652,1.5382401943206787,0.17483432590961456,0.3156633973121643,1.640933632850647,-0.1628722995519638,0.5820433497428894,1.5886787176132202,0.18269170820713043,0.30481237173080444,1.704397439956665,-0.14933082461357117,0.5705664753913879,1.6699919700622559,-0.058076441287994385,0.37242865562438965,1.7581866979599,-0.4295434355735779
frame_00162.jpg,0.4314199388027191,0.3012235760688782,-0.5263608694076538,0.43198928236961365,0.2666107714176178,-0.47055214643478394,0.439888060092926,0.269519180059433,-0.4711446166038513,0.44665807485580444,0.27254626154899597,-0.4711913466453552,0.40766340494155884,0.2577924430370331,-0.5325782299041748,0.3957582116127014,0.2548961043357849,-0.5329337120056152,0.38521140813827515,0.25271546840667725,-0.5329307317733765,0.44048643112182617,0.2890738546848297,-0.1707964390516281,0.3512703478336334,0.2616821527481079,-0.41300201416015625,0.4319915175437927,0.3398452699184418,-0.4043515622615814,0.4035215973854065,0.3352248966693878,-0.48775583505630493,0.47709140181541443,0.43994179368019104,-0.03261132538318634,0.24985916912555695,0.4413771331310272,-0.3854093551635742,0.5890268683433533,0.6165125966072083,-0.16693314909934998,0.24637743830680847,0.7140564322471619,-0.6694625020027161,0.6727486848831177,0.6655581593513489,-0.7837731242179871,0.3724483549594879,0.8037212491035461,-1.0269057750701904,0.7128177881240845,0.6779515743255615,-0.8953312635421753,0.3919612169265747,0.8484969735145569,-1.156028389930725,0.6920400857925415,0.6402243375778198,-0.9452919960021973,0.4210524559020996,0.8076714873313904,-1.14900541305542,0.6708840131759644,0.6430976390838623,-0.8197534680366516,0.41457128524780273,0.7933595180511475,-1.0359749794006348,0.4309096932411194,0.8912619352340698,0.11898680031299591,0.2848860025405884,0.9259772896766663,-0.11957217752933502,0.5902281403541565,1.1749207973480225,-0.07075869292020798,0.32817578315734863,1.2297358512878418,-0.4410613477230072,0.5789740681648254,1.5474399328231812,0.15411821007728577,0.31731703877449036,1.6524882316589355,-0.18114587664604187,0.5760846734046936,1.598565697669983,0.161385178565979,0.30560269951820374,1.7169721126556396,-0.17374640703201294,0.5665429830551147,1.6806986331939697,-0.08374686539173126,0.3734620213508606,1.7688809633255005,-0.4579877257347107
frame_00163.jpg,0.4011356234550476,0.2952598035335541,-0.5905920267105103,0.41563844680786133,0.25498074293136597,-0.5302928686141968,0.4284264147281647,0.25905564427375793,-0.5308378338813782,0.4394668638706207,0.26413604617118835,-0.5308670997619629,0.3785463869571686,0.2494097501039505,-0.5649083852767944,0.3675479292869568,0.24837994575500488,-0.5655491948127747,0.3584698736667633,0.24780656397342682,-0.5659085512161255,0.43928518891334534,0.28379884362220764,-0.20469658076763153,0.33787813782691956,0.2604304552078247,-0.38878870010375977,0.41889962553977966,0.3330164849758148,-0.4625624716281891,0.37755444645881653,0.329189658164978,-0.5124577283859253,0.472560316324234,0.44747018814086914,0.023376548662781715,0.24973967671394348,0.44076666235923767,-0.3670312762260437,0.5908113718032837,0.6389420628547668,-0.06905969977378845,0.2453964203596115,0.7279936671257019,-0.593077540397644,0.6816334128379822,0.6903790235519409,-0.5915788412094116,0.412667453289032,0.786540150642395,-0.8882251977920532,0.7133389711380005,0.7180561423301697,-0.6760708689689636,0.45943933725357056,0.8299891352653503,-1.002596139907837,0.6973986625671387,0.6788670420646667,-0.7314398288726807,0.47056254744529724,0.7583053708076477,-0.9898346066474915,0.6779506206512451,0.674816906452179,-0.6260343790054321,0.4548393189907074,0.7516577839851379,-0.8902714848518372,0.42417845129966736,0.8925769329071045,0.13139283657073975,0.27601444721221924,0.9298129677772522,-0.13205267488956451,0.590304970741272,1.1454908847808838,-0.08248748630285263,0.3291094899177551,1.251632809638977,-0.4903929829597473,0.544464647769928,1.545218825340271,0.09974540770053864,0.2936120331287384,1.6506245136260986,-0.18791045248508453,0.5247199535369873,1.5939332246780396,0.10509616136550903,0.2761082053184509,1.714874029159546,-0.16897496581077576,0.5324700474739075,1.6777526140213013,-0.1183374673128128,0.3443687856197357,1.7674885988235474,-0.38700076937675476
frame_00164.jpg,0.3928676247596741,0.2924773395061493,-0.6753144264221191,0.40973973274230957,0.24983260035514832,-0.614113450050354,0.42349696159362793,0.25448834896087646,-0.61469966173172,0.4356762766838074,0.26062461733818054,-0.6146861910820007,0.37092089653015137,0.24529418349266052,-0.6423180103302002,0.3599115312099457,0.24526260793209076,-0.642945408821106,0.35118839144706726,0.24579566717147827,-0.6433297395706177,0.4385131895542145,0.28169387578964233,-0.27931734919548035,0.33359289169311523,0.26007959246635437,-0.4128500819206238,0.41331344842910767,0.32953986525535583,-0.544284462928772,0.37021082639694214,0.32680732011795044,-0.5857815742492676,0.47194162011146545,0.4524291157722473,-0.00022420154709834605,0.24924138188362122,0.4401191771030426,-0.3829178512096405,0.5931019186973572,0.6551410555839539,-0.11015863716602325,0.24740128219127655,0.7488200068473816,-0.5991150140762329,0.6804402470588684,0.7001210451126099,-0.6419188380241394,0.41716089844703674,0.7631538510322571,-0.9310823678970337,0.7088581323623657,0.7252441644668579,-0.7306197881698608,0.4699111878871918,0.8021332621574402,-1.0527913570404053,0.6973258256912231,0.6797199249267578,-0.7766224145889282,0.48143404722213745,0.7309920787811279,-1.0423431396484375,0.6759148240089417,0.6799166202545166,-0.672559916973114,0.46540340781211853,0.7278999090194702,-0.9353824853897095,0.4261852204799652,0.8909197449684143,0.13824473321437836,0.275466650724411,0.9297529458999634,-0.1389198899269104,0.6209459900856018,1.097464919090271,-0.11345867067575455,0.33751800656318665,1.1991195678710938,-0.4968484938144684,0.5660448670387268,1.480814814567566,0.12855176627635956,0.3237842917442322,1.620192050933838,-0.1722743809223175,0.5412164926528931,1.5332890748977661,0.13957665860652924,0.311795175075531,1.685294270515442,-0.14512507617473602,0.5623697638511658,1.6157593727111816,-0.0965571254491806,0.3813241124153137,1.7437498569488525,-0.38019537925720215
frame_00165.jpg,0.3807255029678345,0.2854064106941223,-0.5536981821060181,0.3984073996543884,0.24280840158462524,-0.4949929118156433,0.4122835099697113,0.24727702140808105,-0.49553918838500977,0.42386651039123535,0.253923237323761,-0.49553102254867554,0.3629792332649231,0.2401486039161682,-0.5012666583061218,0.35332751274108887,0.24131640791893005,-0.5018975138664246,0.34383806586265564,0.24309846758842468,-0.5022687911987305,0.4373236298561096,0.2793979346752167,-0.1824665367603302,0.3290395736694336,0.2592643201351166,-0.2317139208316803,0.4038417935371399,0.32611069083213806,-0.43305665254592896,0.36092767119407654,0.32147300243377686,-0.4467528462409973,0.4764893054962158,0.45285138487815857,0.014206761494278908,0.24604432284832,0.4399779438972473,-0.1586247980594635,0.593932032585144,0.6530459523200989,-0.12318094074726105,0.20736217498779297,0.7457677721977234,-0.3630693554878235,0.6704472303390503,0.7041425704956055,-0.6689704656600952,0.31731438636779785,0.8375271558761597,-0.7483367323875427,0.6948846578598022,0.7309924364089966,-0.7770058512687683,0.3402441442012787,0.88691645860672,-0.8651602864265442,0.6753251552581787,0.6797367334365845,-0.815902590751648,0.37165969610214233,0.8409813046455383,-0.8769536018371582,0.646794855594635,0.6805890202522278,-0.6955576539039612,0.3659115135669708,0.824832558631897,-0.7638511657714844,0.4338715672492981,0.8909289240837097,0.0921393632888794,0.2757565975189209,0.928905725479126,-0.09278889745473862,0.5776219964027405,1.1824082136154175,-0.1547812521457672,0.32015758752822876,1.2522861957550049,-0.38197794556617737,0.5278308391571045,1.5421768426895142,0.026784470304846764,0.31174954771995544,1.6455247402191162,-0.08141118288040161,0.5155782699584961,1.590744137763977,0.02951662614941597,0.3053111135959625,1.701595425605774,-0.05976308509707451,0.4927339553833008,1.676435112953186,-0.2655848264694214,0.3544796109199524,1.7797602415084839,-0.325674444437027
frame_00166.jpg,0.3739597201347351,0.2779628038406372,-0.57027268409729,0.39183130860328674,0.23742158710956573,-0.5167629718780518,0.4054604172706604,0.24123260378837585,-0.5173593759536743,0.4163661599159241,0.2476338893175125,-0.5173460245132446,0.35904625058174133,0.23619376122951508,-0.5105858445167542,0.3497416079044342,0.23804426193237305,-0.5112190246582031,0.33998411893844604,0.24044817686080933,-0.5116369724273682,0.4350840449333191,0.27559134364128113,-0.22569899260997772,0.32724183797836304,0.2582933306694031,-0.2757418751716614,0.3982887864112854,0.3209173083305359,-0.45686689019203186,0.35596388578414917,0.3147622346878052,-0.45031285285949707,0.478504478931427,0.4527938961982727,-0.035255469381809235,0.24567267298698425,0.44091546535491943,-0.21046939492225647,0.5938943028450012,0.6501538157463074,-0.14926661550998688,0.20579460263252258,0.7401455044746399,-0.4205970764160156,0.6578210592269897,0.7272463440895081,-0.6461426615715027,0.33448922634124756,0.8109554648399353,-0.7975890040397644,0.6853558421134949,0.7762196063995361,-0.7468568682670593,0.36505839228630066,0.8556743264198303,-0.9152175784111023,0.6622580289840698,0.7425609827041626,-0.7934354543685913,0.3921913504600525,0.8125344514846802,-0.9222675561904907,0.6417629718780518,0.7338728308677673,-0.6743478178977966,0.3834192156791687,0.8006507754325867,-0.8108919858932495,0.43821167945861816,0.8878421783447266,0.08793194591999054,0.2761031985282898,0.9227184653282166,-0.08854620158672333,0.5740264058113098,1.1791560649871826,-0.13810962438583374,0.3138318657875061,1.242603063583374,-0.3479368984699249,0.5067418813705444,1.503759741783142,0.08661693334579468,0.3128332197666168,1.64042329788208,-0.053115397691726685,0.4915575087070465,1.5475331544876099,0.09462939202785492,0.30591556429862976,1.6954567432403564,-0.03131705895066261,0.4753309190273285,1.6233726739883423,-0.17646817862987518,0.3579077422618866,1.7766335010528564,-0.29831767082214355
frame_00167.jpg,0.37129396200180054,0.2735467255115509,-0.5695302486419678,0.3891768753528595,0.2342793047428131,-0.5153042078018188,0.4027155041694641,0.2377496063709259,-0.515896201133728,0.4133008122444153,0.2439061552286148,-0.5158869028091431,0.3574657440185547,0.23363223671913147,-0.5154246091842651,0.34832286834716797,0.2357962280511856,-0.516046404838562,0.33854639530181885,0.23854514956474304,-0.5164347887039185,0.43391746282577515,0.27354881167411804,-0.22575995326042175,0.32661837339401245,0.2577582001686096,-0.2700488269329071,0.39593505859375,0.3175288140773773,-0.45500922203063965,0.35399848222732544,0.3106555640697479,-0.4599439203739166,0.4797321856021881,0.4526601731777191,-0.0314699187874794,0.24554836750030518,0.44179990887641907,-0.20483753085136414,0.5939381718635559,0.648533284664154,-0.1467544287443161,0.20609600841999054,0.737451434135437,-0.413046658039093,0.6530253887176514,0.7351849675178528,-0.628643810749054,0.342533677816391,0.7992618680000305,-0.7921983003616333,0.6807191967964172,0.7874611020088196,-0.7268412709236145,0.3756636083126068,0.8417214751243591,-0.9102195501327515,0.6572384238243103,0.7559796571731567,-0.775652289390564,0.40172243118286133,0.7994824051856995,-0.9158477783203125,0.6391811370849609,0.7461992502212524,-0.6575886011123657,0.39189863204956055,0.7889599204063416,-0.8049477338790894,0.4399450421333313,0.8873347640037537,0.08674285560846329,0.2764787971973419,0.9194743633270264,-0.08733898401260376,0.5712755918502808,1.176401138305664,-0.13301360607147217,0.31113988161087036,1.242074728012085,-0.34776023030281067,0.5016294717788696,1.503658652305603,0.09987332671880722,0.31239116191864014,1.6398282051086426,-0.055468618869781494,0.48580336570739746,1.5482029914855957,0.10907477140426636,0.30632999539375305,1.6942198276519775,-0.03363839536905289,0.47314757108688354,1.6245837211608887,-0.16205964982509613,0.35777536034584045,1.7734686136245728,-0.298611581325531
frame_00168.jpg,0.36686620116233826,0.2711869478225708,-0.5454890727996826,0.3866927921772003,0.23356851935386658,-0.4921955466270447,0.399441123008728,0.2370462864637375,-0.49273937940597534,0.41033539175987244,0.24274034798145294,-0.4927416443824768,0.35471150279045105,0.23258763551712036,-0.4957443177700043,0.3452117145061493,0.23456671833992004,-0.4963570535182953,0.33610299229621887,0.2365095019340515,-0.496764600276947,0.4289461672306061,0.27057358622550964,-0.20888158679008484,0.32448798418045044,0.25396159291267395,-0.2415582835674286,0.39031046628952026,0.31495147943496704,-0.4347757399082184,0.3498910367488861,0.3077166974544525,-0.44374245405197144,0.48183855414390564,0.45473939180374146,-0.02258746139705181,0.24501118063926697,0.4420353174209595,-0.19717615842819214,0.605995774269104,0.6490262746810913,-0.2039436399936676,0.20725591480731964,0.7358835339546204,-0.4481483995914459,0.6631438136100769,0.7074092030525208,-0.7807877659797668,0.3519763648509979,0.686336874961853,-1.037501573562622,0.694044828414917,0.7384949326515198,-0.890518069267273,0.40814486145973206,0.6960527896881104,-1.1875078678131104,0.6702510714530945,0.6702112555503845,-0.9369891881942749,0.4298693537712097,0.6696364879608154,-1.1656193733215332,0.644585132598877,0.6726288199424744,-0.8112289309501648,0.42159780859947205,0.6728602647781372,-1.0434162616729736,0.4621802866458893,0.8928999304771423,0.08347935974597931,0.30143222212791443,0.9207672476768494,-0.08401055634021759,0.5690455436706543,1.2170480489730835,-0.12141633033752441,0.3374941945075989,1.2472268342971802,-0.4619240164756775,0.529351532459259,1.599450945854187,0.15593376755714417,0.36315590143203735,1.644397497177124,-0.19012507796287537,0.5302602052688599,1.6608890295028687,0.16569647192955017,0.36408403515815735,1.7047505378723145,-0.1733217090368271,0.49075835943222046,1.71439528465271,-0.1561846137046814,0.3997107148170471,1.7704938650131226,-0.46085113286972046
frame_00169.jpg,0.36427041888237,0.26903295516967773,-0.45784974098205566,0.38507014513015747,0.23241537809371948,-0.4089724123477936,0.3970525860786438,0.23572546243667603,-0.4094981253147125,0.40834689140319824,0.24064239859580994,-0.40950751304626465,0.3531357944011688,0.23135533928871155,-0.41221609711647034,0.3437495231628418,0.23296087980270386,-0.41281503438949585,0.3351375460624695,0.2342035472393036,-0.41322213411331177,0.4254359304904938,0.2667135000228882,-0.15371328592300415,0.3237755000591278,0.25176194310188293,-0.1712428480386734,0.3871239721775055,0.3114660978317261,-0.35919249057769775,0.3472049832344055,0.3046342134475708,-0.36744922399520874,0.48304757475852966,0.45470568537712097,-0.01645209826529026,0.24505195021629333,0.441751092672348,-0.1472802609205246,0.608609139919281,0.6525994539260864,-0.25071582198143005,0.20846684277057648,0.7289620637893677,-0.48689237236976624,0.6346647143363953,0.7060597538948059,-0.8278230428695679,0.35331106185913086,0.6654741168022156,-1.0493395328521729,0.6524639129638672,0.738108217716217,-0.940869152545929,0.41171199083328247,0.6866662502288818,-1.199955940246582,0.6163566708564758,0.6642906665802002,-0.9732726812362671,0.4365804195404053,0.6544957756996155,-1.1773115396499634,0.5886522531509399,0.6685308218002319,-0.8519630432128906,0.42356234788894653,0.6609473824501038,-1.0555037260055542,0.4680686891078949,0.8949233293533325,0.06938653439283371,0.3043413758277893,0.9208955764770508,-0.0698840469121933,0.554553747177124,1.2487908601760864,-0.11388464272022247,0.34161049127578735,1.2647705078125,-0.4553700089454651,0.526814341545105,1.6238434314727783,0.09206906706094742,0.3679129481315613,1.6475743055343628,-0.21127274632453918,0.5285061001777649,1.683539867401123,0.09189431369304657,0.369546115398407,1.7078264951705933,-0.19694863259792328,0.4883544445037842,1.7409669160842896,-0.18502332270145416,0.40271085500717163,1.7690740823745728,-0.44885119795799255
frame_00170.jpg,0.35649657249450684,0.26423272490501404,-0.47657424211502075,0.3806430995464325,0.22793884575366974,-0.42930635809898376,0.3919638395309448,0.23056837916374207,-0.4298626482486725,0.4038453996181488,0.23449434340000153,-0.4298837184906006,0.34843987226486206,0.22720839083194733,-0.4338470995426178,0.3397449851036072,0.22811126708984375,-0.43444520235061646,0.33192968368530273,0.22836320102214813,-0.4348474442958832,0.42151564359664917,0.26055869460105896,-0.1613864302635193,0.3232586979866028,0.24610672891139984,-0.1987377256155014,0.38145777583122253,0.3052690625190735,-0.37868234515190125,0.3392828702926636,0.29872485995292664,-0.38915151357650757,0.4829981327056885,0.4534372091293335,-0.03181811794638634,0.24505846202373505,0.44073009490966797,-0.17848771810531616,0.60896235704422,0.6389179825782776,-0.26175597310066223,0.2095496952533722,0.7240234613418579,-0.49295440316200256,0.680237889289856,0.6987031698226929,-0.8256165385246277,0.35717278718948364,0.6812806725502014,-1.0322678089141846,0.742815375328064,0.7373017072677612,-0.9386852383613586,0.4093572497367859,0.6881754994392395,-1.173059344291687,0.7071778178215027,0.6991586089134216,-0.9927558898925781,0.4384143352508545,0.6636678576469421,-1.1628053188323975,0.6714404225349426,0.6960328221321106,-0.8598157167434692,0.4280705451965332,0.6654726266860962,-1.0425403118133545,0.4666781425476074,0.8968199491500854,0.06736337393522263,0.3022010326385498,0.9210166335105896,-0.0678711012005806,0.553485631942749,1.2290602922439575,-0.22890610992908478,0.34107303619384766,1.2703533172607422,-0.4138626456260681,0.5283808708190918,1.6227595806121826,-0.18440356850624084,0.35921767354011536,1.651235580444336,-0.18606053292751312,0.529549241065979,1.6849539279937744,-0.19882461428642273,0.3580089807510376,1.7097958326339722,-0.176833838224411,0.49284735321998596,1.7441717386245728,-0.518783450126648,0.3984493315219879,1.7698676586151123,-0.42979225516319275
frame_00171.jpg,0.35359472036361694,0.2641436755657196,-0.6235567927360535,0.37893086671829224,0.2273464798927307,-0.5776208639144897,0.3902868926525116,0.23011082410812378,-0.578233540058136,0.40205293893814087,0.2342139184474945,-0.5782139301300049,0.34700480103492737,0.2262665182352066,-0.5843839049339294,0.3385480046272278,0.22674991190433502,-0.5849992632865906,0.3309202790260315,0.22664712369441986,-0.5854328870773315,0.4188574254512787,0.25990355014801025,-0.3071364462375641,0.32307809591293335,0.2438986599445343,-0.3416067957878113,0.3776894211769104,0.30516090989112854,-0.5181158781051636,0.3365194797515869,0.2986140549182892,-0.5315937399864197,0.4827550947666168,0.455158531665802,-0.08530382812023163,0.24504446983337402,0.4409610629081726,-0.30569255352020264,0.6084418296813965,0.6403743028640747,-0.23580090701580048,0.21793174743652344,0.7159773707389832,-0.5954670310020447,0.6791442632675171,0.6988232135772705,-0.7895112633705139,0.3739875257015228,0.6949913501739502,-1.0421602725982666,0.7320495843887329,0.7526956796646118,-0.8751574754714966,0.4249332547187805,0.7075533270835876,-1.1774200201034546,0.703432023525238,0.7152140736579895,-0.9466739892959595,0.4540003836154938,0.6829435229301453,-1.166763424873352,0.6758302450180054,0.7176655530929565,-0.8258056640625,0.4423944354057312,0.6796764731407166,-1.0499370098114014,0.4598207473754883,0.8969050049781799,0.0773027241230011,0.29396238923072815,0.9211036562919617,-0.07802221179008484,0.5485831499099731,1.1566156148910522,-0.17059814929962158,0.31509047746658325,1.236355185508728,-0.3817142844200134,0.5186296105384827,1.537949800491333,-0.07277291268110275,0.33504483103752136,1.633791208267212,-0.11310841143131256,0.5134118795394897,1.5991994142532349,-0.06446430832147598,0.33126068115234375,1.6933375597000122,-0.09557449817657471,0.4890343248844147,1.6489920616149902,-0.3052968382835388,0.3910572826862335,1.7507792711257935,-0.3798820674419403
frame_00172.jpg,0.35254424810409546,0.2638591527938843,-0.6557627320289612,0.37819916009902954,0.22676435112953186,-0.6072758436203003,0.3896375596523285,0.22962050139904022,-0.6078770160675049,0.4013892114162445,0.23386543989181519,-0.6078601479530334,0.3464120328426361,0.22542114555835724,-0.6193221211433411,0.3381373882293701,0.22560694813728333,-0.6199588179588318,0.3305874466896057,0.22527894377708435,-0.620391845703125,0.4177185595035553,0.2593778669834137,-0.32532674074172974,0.32326820492744446,0.24208159744739532,-0.38235002756118774,0.3766537606716156,0.30487361550331116,-0.5448492765426636,0.3356095254421234,0.2980908453464508,-0.5653127431869507,0.4812386929988861,0.4562956988811493,-0.08134230971336365,0.2445652037858963,0.4408321678638458,-0.35220056772232056,0.6055896878242493,0.6408652067184448,-0.2254476100206375,0.22106018662452698,0.7097623944282532,-0.6373181343078613,0.6747046709060669,0.6988095641136169,-0.7669161558151245,0.39421868324279785,0.6996023654937744,-1.054973840713501,0.7280070781707764,0.7547168731689453,-0.8619476556777954,0.4339902997016907,0.7113608717918396,-1.1909141540527344,0.7002917528152466,0.7221686244010925,-0.9221135973930359,0.46184152364730835,0.6903395056724548,-1.1775240898132324,0.6734912395477295,0.7198173999786377,-0.8007692098617554,0.448737233877182,0.6840174198150635,-1.0606476068496704,0.44064098596572876,0.8984336256980896,0.1012144684791565,0.2774593234062195,0.9218370914459229,-0.10189905017614365,0.5337041616439819,1.1604465246200562,-0.10210789740085602,0.295844703912735,1.2368018627166748,-0.38403090834617615,0.5029985308647156,1.5381033420562744,0.0930522158741951,0.2944756746292114,1.6293119192123413,-0.11475574970245361,0.49479183554649353,1.597739815711975,0.09927160292863846,0.2857837975025177,1.687621831893921,-0.09375761449337006,0.47815290093421936,1.6509348154067993,-0.1905393749475479,0.35251057147979736,1.739836573600769,-0.3722449839115143
frame_00173.jpg,0.3509019613265991,0.2634124755859375,-0.6997509598731995,0.3769901692867279,0.22627976536750793,-0.6556687355041504,0.38844189047813416,0.22912119328975677,-0.656300961971283,0.4004002511501312,0.23335514962673187,-0.6563034653663635,0.34515899419784546,0.22511956095695496,-0.661461591720581,0.3369944393634796,0.22526513040065765,-0.662101686000824,0.329733669757843,0.2248951643705368,-0.6625436544418335,0.4173790514469147,0.25869232416152954,-0.3891880512237549,0.3233858048915863,0.24171556532382965,-0.41715049743652344,0.3757423758506775,0.30458685755729675,-0.5946348905563354,0.33388614654541016,0.2978227436542511,-0.6064635515213013,0.4810095429420471,0.45734813809394836,-0.15690168738365173,0.24459294974803925,0.44220104813575745,-0.3946470618247986,0.6103959679603577,0.6418082118034363,-0.35037651658058167,0.23090174794197083,0.721094012260437,-0.7786826491355896,0.6991022825241089,0.7108632922172546,-0.8983784914016724,0.4150398373603821,0.6732750535011292,-1.313206434249878,0.7598710060119629,0.7548510432243347,-1.0013681650161743,0.46561264991760254,0.6794742345809937,-1.4740254878997803,0.7334303855895996,0.7313915491104126,-1.064251184463501,0.4842394292354584,0.6556492447853088,-1.4515540599822998,0.7013460993766785,0.7294634580612183,-0.9349538683891296,0.47182756662368774,0.6677343249320984,-1.31968092918396,0.43037837743759155,0.9119781255722046,0.10152776539325714,0.2692287564277649,0.927941620349884,-0.10217905044555664,0.5225497484207153,1.2342089414596558,-0.061200667172670364,0.29230043292045593,1.2834320068359375,-0.422644704580307,0.49059757590293884,1.6313806772232056,0.1766292005777359,0.28533002734184265,1.6557776927947998,-0.12043587863445282,0.48129981756210327,1.6935105323791504,0.18211033940315247,0.27691635489463806,1.7139087915420532,-0.09858910739421844,0.4670158922672272,1.7509151697158813,-0.11177430301904678,0.33625081181526184,1.7604928016662598,-0.37063905596733093
frame_00174.jpg,0.3516079783439636,0.2625114619731903,-0.7044209241867065,0.3768898844718933,0.2253408282995224,-0.6533941030502319,0.388184517621994,0.22776064276695251,-0.6540300250053406,0.4002534747123718,0.23130419850349426,-0.6540213823318481,0.34496670961380005,0.22474122047424316,-0.664174497127533,0.33677974343299866,0.22494854032993317,-0.6647710800170898,0.3296431005001068,0.2246565818786621,-0.665210485458374,0.4168674945831299,0.25576022267341614,-0.3716471791267395,0.32353466749191284,0.2414861023426056,-0.42156165838241577,0.3766687512397766,0.3033181130886078,-0.5955084562301636,0.33473238348960876,0.2969817519187927,-0.6137444376945496,0.4809880256652832,0.45809322595596313,-0.13629551231861115,0.24465346336364746,0.442143976688385,-0.4140455722808838,0.6110888719558716,0.6408536434173584,-0.3063417673110962,0.2307489812374115,0.712260365486145,-0.8155868649482727,0.7186413407325745,0.7166885733604431,-0.8395211100578308,0.4136439263820648,0.6629416942596436,-1.3507612943649292,0.7781790494918823,0.7567436695098877,-0.9389210939407349,0.4669512212276459,0.6690269708633423,-1.5150120258331299,0.7583189606666565,0.7393864989280701,-1.0073890686035156,0.485399067401886,0.6466553807258606,-1.4900295734405518,0.728546142578125,0.7354961633682251,-0.8785236477851868,0.47286996245384216,0.6537492275238037,-1.3566194772720337,0.43193015456199646,0.9117547273635864,0.10935048013925552,0.2701236307621002,0.9307893514633179,-0.10993167012929916,0.5424791574478149,1.2301191091537476,-0.04870619624853134,0.30709511041641235,1.2717033624649048,-0.4291500449180603,0.5251879692077637,1.6132692098617554,0.21964092552661896,0.32665735483169556,1.6487610340118408,-0.1238606721162796,0.5175153017044067,1.6746808290481567,0.22825434803962708,0.32206910848617554,1.709962010383606,-0.10272586345672607,0.5043957233428955,1.7345850467681885,-0.05952145904302597,0.38240620493888855,1.7486748695373535,-0.3788904547691345
frame_00175.jpg,0.3487345576286316,0.26019588112831116,-0.6877425909042358,0.37436455488204956,0.22370438277721405,-0.6346757411956787,0.3860372304916382,0.22613182663917542,-0.6352771520614624,0.39793625473976135,0.22923994064331055,-0.6352604627609253,0.3425012230873108,0.2232751101255417,-0.6497770547866821,0.33463266491889954,0.22359177470207214,-0.6503869891166687,0.32787877321243286,0.22322216629981995,-0.650790810585022,0.4152465760707855,0.2539810240268707,-0.3394058346748352,0.3226841986179352,0.24073012173175812,-0.40787458419799805,0.37370961904525757,0.300699919462204,-0.5718714594841003,0.3325558304786682,0.2935345470905304,-0.5962291955947876,0.4755505919456482,0.45841866731643677,-0.11392800509929657,0.24255041778087616,0.44115397334098816,-0.38054829835891724,0.5846144556999207,0.6450694799423218,-0.2159889042377472,0.2223893105983734,0.7096908092498779,-0.7112632989883423,0.7000712156295776,0.6981487274169922,-0.7739214301109314,0.3824421763420105,0.7064861059188843,-1.0869193077087402,0.7634412050247192,0.6961416006088257,-0.872448742389679,0.44751977920532227,0.6805639266967773,-1.2304911613464355,0.7540743350982666,0.6630666851997375,-0.9429305195808411,0.45852524042129517,0.6786831617355347,-1.2167418003082275,0.7223392724990845,0.6686868667602539,-0.8141313791275024,0.4390315115451813,0.6819942593574524,-1.0927765369415283,0.4276483952999115,0.9085551500320435,0.12603484094142914,0.27140557765960693,0.9283605813980103,-0.12649138271808624,0.5599732398986816,1.1776745319366455,0.02679039165377617,0.3101004958152771,1.2282441854476929,-0.4240264296531677,0.5484939813613892,1.5186715126037598,0.41365161538124084,0.3266388475894928,1.6258618831634521,-0.0993020087480545,0.5423740744590759,1.5697816610336304,0.438014417886734,0.3219244182109833,1.686435580253601,-0.0749734565615654,0.5320239663124084,1.6309937238693237,0.20199434459209442,0.38313737511634827,1.7329798936843872,-0.338856041431427
frame_00176.jpg,0.3500107526779175,0.25796225666999817,-0.6259650588035583,0.3746963143348694,0.22222121059894562,-0.5690232515335083,0.3858209550380707,0.2243039309978485,-0.5695908069610596,0.39737385511398315,0.22669586539268494,-0.5695630311965942,0.34303849935531616,0.22225461900234222,-0.5800555944442749,0.3350187838077545,0.22276800870895386,-0.5806767344474792,0.3281328082084656,0.22255198657512665,-0.5811349153518677,0.41316214203834534,0.25115811824798584,-0.2788465619087219,0.3222528100013733,0.24043875932693481,-0.33140087127685547,0.3745947778224945,0.29761162400245667,-0.5150328874588013,0.33340010046958923,0.29102808237075806,-0.5338871479034424,0.4754919409751892,0.46077239513397217,-0.06156610697507858,0.24199965596199036,0.44083401560783386,-0.3184700310230255,0.5864628553390503,0.6450086832046509,-0.21444103121757507,0.21788616478443146,0.7027958035469055,-0.6545192003250122,0.6995246410369873,0.6873676180839539,-0.7686923742294312,0.3623090386390686,0.7043123245239258,-1.1170114278793335,0.7457085847854614,0.6967135071754456,-0.8685532808303833,0.42185431718826294,0.6966381669044495,-1.2718724012374878,0.7472020387649536,0.6573429107666016,-0.9342100024223328,0.442330926656723,0.678477942943573,-1.2553229331970215,0.7121099233627319,0.6562765836715698,-0.8072174787521362,0.4225102961063385,0.6795759201049805,-1.1245441436767578,0.4460531771183014,0.8985546827316284,0.12365664541721344,0.2882586419582367,0.9235207438468933,-0.12407288700342178,0.5791057348251343,1.1653188467025757,-0.00996800884604454,0.33043333888053894,1.2199724912643433,-0.43679410219192505,0.5452126264572144,1.4922599792480469,0.3513065576553345,0.35474297404289246,1.6262989044189453,-0.15754547715187073,0.5384940505027771,1.5409736633300781,0.3727130591869354,0.35406455397605896,1.687133550643921,-0.13983124494552612,0.5262482762336731,1.6074275970458984,0.12234377861022949,0.40344351530075073,1.7349966764450073,-0.42905354499816895
frame_00177.jpg,0.35053813457489014,0.2571757435798645,-0.4633069634437561,0.37500396370887756,0.22137032449245453,-0.41013845801353455,0.38585561513900757,0.2232523411512375,-0.4106317460536957,0.397384911775589,0.2253703624010086,-0.4106057584285736,0.34339362382888794,0.2216057926416397,-0.4180014133453369,0.3352568447589874,0.22218941152095795,-0.41859063506126404,0.32825881242752075,0.2220444679260254,-0.41899213194847107,0.41244903206825256,0.2497112900018692,-0.13959290087223053,0.3220970034599304,0.24013608694076538,-0.17605827748775482,0.374980628490448,0.2966923117637634,-0.3595733642578125,0.3335909843444824,0.2901841700077057,-0.37379083037376404,0.4765665531158447,0.4622699022293091,0.055276017636060715,0.24173584580421448,0.4402588903903961,-0.17975853383541107,0.5913751721382141,0.6471499800682068,-0.14891426265239716,0.20845568180084229,0.7009984254837036,-0.5242159962654114,0.6973518133163452,0.6877616047859192,-0.7194178104400635,0.3555348813533783,0.7007279992103577,-1.0558074712753296,0.7369745373725891,0.7037371397018433,-0.8253141641616821,0.4134156107902527,0.7044098973274231,-1.2087441682815552,0.7347686886787415,0.6586357355117798,-0.8779124021530151,0.43819350004196167,0.679762065410614,-1.1873496770858765,0.7060190439224243,0.6637374758720398,-0.753677487373352,0.4193284511566162,0.6777136325836182,-1.062134861946106,0.4595765471458435,0.8971160054206848,0.11304020881652832,0.29766136407852173,0.9235751628875732,-0.11347447335720062,0.6171607971191406,1.155547857284546,-0.17933204770088196,0.33623212575912476,1.2271673679351807,-0.4164845943450928,0.5498811602592468,1.4905531406402588,0.1252634972333908,0.36529669165611267,1.6267987489700317,-0.09534323960542679,0.5382143259048462,1.5380184650421143,0.14363184571266174,0.36433833837509155,1.6873756647109985,-0.07048117369413376,0.5239210724830627,1.6124546527862549,-0.10872288048267365,0.418912798166275,1.742889642715454,-0.3363387882709503
frame_00178.jpg,0.3510146737098694,0.25738540291786194,-0.5641125440597534,0.37539488077163696,0.22204668819904327,-0.5296136736869812,0.3863305449485779,0.22411544620990753,-0.530202329158783,0.39771467447280884,0.2268284261226654,-0.5301669836044312,0.34349220991134644,0.2217385172843933,-0.5209144353866577,0.33551326394081116,0.22222264111042023,-0.5215402245521545,0.32856711745262146,0.2220606654882431,-0.5219748616218567,0.41260313987731934,0.2514570653438568,-0.2968446910381317,0.32213908433914185,0.24017176032066345,-0.2714025378227234,0.37540069222450256,0.2968046963214874,-0.47522586584091187,0.3341209888458252,0.2902858853340149,-0.46840715408325195,0.4765864312648773,0.4621473252773285,-0.13469640910625458,0.24195042252540588,0.44034165143966675,-0.2280951291322708,0.590552568435669,0.6608615517616272,-0.33754950761795044,0.20952825248241425,0.698998212814331,-0.5405514240264893,0.5755154490470886,0.7299073338508606,-0.8308051824569702,0.3469942510128021,0.6819287538528442,-1.1378653049468994,0.5763996839523315,0.7720758318901062,-0.9374977946281433,0.39962905645370483,0.6975055932998657,-1.2940526008605957,0.5457359552383423,0.7244824767112732,-0.9650975465774536,0.42587780952453613,0.6700502634048462,-1.2743651866912842,0.5418495535850525,0.7158805131912231,-0.8503296971321106,0.4088112711906433,0.6664705276489258,-1.1454660892486572,0.45789605379104614,0.8962438702583313,0.08348648250102997,0.2964473366737366,0.9238512516021729,-0.08386878669261932,0.5669177174568176,1.2346900701522827,-0.04655276611447334,0.33576831221580505,1.2523454427719116,-0.37448787689208984,0.5081508159637451,1.5730195045471191,0.33874839544296265,0.34427714347839355,1.6336699724197388,-0.07975292950868607,0.49909695982933044,1.619163155555725,0.361819863319397,0.3425394892692566,1.6928352117538452,-0.058537889271974564,0.47715944051742554,1.7033134698867798,0.12100197374820709,0.3808763325214386,1.7498447895050049,-0.32154256105422974
frame_00179.jpg,0.35123947262763977,0.2574395537376404,-0.5711432099342346,0.3756922781467438,0.22237777709960938,-0.5299728512763977,0.3866633176803589,0.2245064675807953,-0.5305455923080444,0.3979624807834625,0.22748585045337677,-0.5305243730545044,0.3436504900455475,0.22175611555576324,-0.5298182368278503,0.33577340841293335,0.22222264111042023,-0.5304385423660278,0.3288307785987854,0.22204865515232086,-0.5308610796928406,0.41267815232276917,0.2523185908794403,-0.2937851548194885,0.3221399784088135,0.24017097055912018,-0.2864152193069458,0.37551742792129517,0.2969535291194916,-0.476271390914917,0.3344717025756836,0.29043012857437134,-0.4785822331905365,0.47655171155929565,0.4620876908302307,-0.12675538659095764,0.2419726550579071,0.4403327703475952,-0.24299415946006775,0.5901137590408325,0.669977605342865,-0.3337908983230591,0.21055194735527039,0.6973074078559875,-0.5689232349395752,0.5518051385879517,0.7409660816192627,-0.8373008966445923,0.3433491289615631,0.6743010878562927,-1.1288306713104248,0.5482985973358154,0.7864352464675903,-0.9448391199111938,0.39450955390930176,0.6956604719161987,-1.282088041305542,0.5160912275314331,0.738358736038208,-0.9704385995864868,0.42158716917037964,0.6665549874305725,-1.2631953954696655,0.5141121745109558,0.7285430431365967,-0.8559814691543579,0.40540462732315063,0.6619802713394165,-1.1361830234527588,0.45680397748947144,0.8957048654556274,0.07696802169084549,0.2956370413303375,0.9239309430122375,-0.07736538350582123,0.5553627014160156,1.2501660585403442,-0.022469298914074898,0.33528652787208557,1.2623560428619385,-0.36088356375694275,0.4962465167045593,1.5865422487258911,0.35434022545814514,0.3340930640697479,1.6400058269500732,-0.08054913580417633,0.48670417070388794,1.6326013803482056,0.376822829246521,0.33201345801353455,1.6990268230438232,-0.06100322678685188,0.4647740423679352,1.7153851985931396,0.1358034908771515,0.366327702999115,1.7561994791030884,-0.3249794840812683
frame_00180.jpg,0.35182422399520874,0.25988051295280457,-0.5855587720870972,0.3760456442832947,0.2248401939868927,-0.5399850606918335,0.3870161175727844,0.22787877917289734,-0.5405900478363037,0.3982706665992737,0.23195575177669525,-0.5406202077865601,0.3440617024898529,0.22301988303661346,-0.5420376062393188,0.33606335520744324,0.22300128638744354,-0.5426579713821411,0.32903045415878296,0.22245322167873383,-0.5431165099143982,0.412834107875824,0.2563765347003937,-0.2906414866447449,0.3221820294857025,0.24032849073410034,-0.30042824149131775,0.37544432282447815,0.301287978887558,-0.4893874228000641,0.3340429365634918,0.291867733001709,-0.4964752197265625,0.47471851110458374,0.4619976580142975,-0.1086883544921875,0.2420259714126587,0.4401358664035797,-0.2940581738948822,0.5903679728507996,0.636318027973175,-0.3199634552001953,0.2134406864643097,0.6837495565414429,-0.7121050357818604,0.7091200351715088,0.7358587980270386,-0.8526881337165833,0.34249192476272583,0.6573030352592468,-1.2947025299072266,0.7578645944595337,0.7793013453483582,-0.9533390998840332,0.3901996314525604,0.6753860116004944,-1.459735631942749,0.7429026365280151,0.7457873821258545,-1.0202815532684326,0.4220775067806244,0.6594104766845703,-1.44326913356781,0.717298150062561,0.735531210899353,-0.8912490010261536,0.40910863876342773,0.6593636274337769,-1.3057681322097778,0.43757110834121704,0.901354968547821,0.08108480274677277,0.27705222368240356,0.9241401553153992,-0.08150173723697662,0.49981579184532166,1.2445183992385864,-0.028768733143806458,0.2961929738521576,1.2774791717529297,-0.4121858477592468,0.45536261796951294,1.6147924661636353,0.18582463264465332,0.2813352644443512,1.6550772190093994,-0.2358008176088333,0.44821232557296753,1.6711554527282715,0.18389379978179932,0.2776835560798645,1.7151069641113281,-0.22937452793121338,0.42202821373939514,1.7350131273269653,-0.09239716827869415,0.3118893504142761,1.7669254541397095,-0.5045934915542603
frame_00181.jpg,0.3513745665550232,0.26378995180130005,-0.6893550157546997,0.3759217858314514,0.2287677675485611,-0.6465819478034973,0.3867473006248474,0.2325206696987152,-0.6472326517105103,0.3980967402458191,0.23726770281791687,-0.6471817493438721,0.344329297542572,0.2254951298236847,-0.6436620354652405,0.3363034427165985,0.22490566968917847,-0.6442481875419617,0.3292049765586853,0.22385531663894653,-0.6446596384048462,0.4127374589443207,0.2601892650127411,-0.39537614583969116,0.32220813632011414,0.24070069193840027,-0.3860182762145996,0.3736875355243683,0.305118203163147,-0.592050313949585,0.33294373750686646,0.2941490113735199,-0.5932316780090332,0.47474831342697144,0.4627744257450104,-0.2057153284549713,0.2426394522190094,0.4397655725479126,-0.34558361768722534,0.5936126708984375,0.6377741098403931,-0.4450657367706299,0.22875800728797913,0.6858577132225037,-0.6936901807785034,0.6936760544776917,0.6986045837402344,-1.0147324800491333,0.3505443036556244,0.6635301113128662,-1.262763261795044,0.7345150709152222,0.718604326248169,-1.1309794187545776,0.3981309235095978,0.6825648546218872,-1.4281126260757446,0.7150853276252747,0.697079062461853,-1.184231162071228,0.42379242181777954,0.6621416807174683,-1.4192368984222412,0.693822979927063,0.6926813125610352,-1.0488110780715942,0.4112338125705719,0.6622103452682495,-1.2767990827560425,0.437502384185791,0.8994753956794739,0.08193612843751907,0.27713361382484436,0.9171428084373474,-0.08236227184534073,0.5428065061569214,1.1303508281707764,0.011375699192285538,0.2914091944694519,1.1706995964050293,-0.3854779601097107,0.4801119267940521,1.3992125988006592,0.47579771280288696,0.286278635263443,1.564771294593811,-0.11395518481731415,0.46646565198898315,1.4382060766220093,0.5093399286270142,0.284675657749176,1.6201002597808838,-0.0950932726264,0.4634373188018799,1.507521390914917,0.286271870136261,0.3370673954486847,1.696046233177185,-0.3817128837108612
frame_00182.jpg,0.35132917761802673,0.2652783989906311,-0.6895673871040344,0.3759682774543762,0.2301350235939026,-0.6458603143692017,0.38671040534973145,0.23403911292552948,-0.6465084552764893,0.39809679985046387,0.23893381655216217,-0.6464568972587585,0.3445834517478943,0.2264271229505539,-0.6442259550094604,0.33651071786880493,0.2255852073431015,-0.6448050737380981,0.32935577630996704,0.22433798015117645,-0.6452044248580933,0.412639319896698,0.26137131452560425,-0.39276382327079773,0.3222302794456482,0.24078711867332458,-0.38905471563339233,0.3731357157230377,0.30617350339889526,-0.5915928483009338,0.3325352966785431,0.294952929019928,-0.594434380531311,0.4747377336025238,0.46299946308135986,-0.2056158483028412,0.24315857887268066,0.4393351376056671,-0.3491525948047638,0.5945231914520264,0.6393415927886963,-0.4486019015312195,0.23543350398540497,0.68720942735672,-0.6879476308822632,0.6869348287582397,0.686972439289093,-1.022238850593567,0.3559323251247406,0.6667743921279907,-1.2543264627456665,0.7259058356285095,0.7036823630332947,-1.1391972303390503,0.4039996564388275,0.6859724521636963,-1.4194400310516357,0.7047533988952637,0.6830429434776306,-1.191114902496338,0.42458978295326233,0.6633273363113403,-1.4108798503875732,0.6832761168479919,0.6800383925437927,-1.0559077262878418,0.41258788108825684,0.6634700894355774,-1.2685762643814087,0.437371164560318,0.8976609110832214,0.0830550342798233,0.27721819281578064,0.9141318202018738,-0.08348740637302399,0.5627210736274719,1.1085013151168823,0.01933760568499565,0.2913897931575775,1.1518133878707886,-0.38227221369743347,0.49949949979782104,1.3815640211105347,0.5007971525192261,0.28767675161361694,1.543073296546936,-0.09364953637123108,0.4839189946651459,1.4206206798553467,0.536141574382782,0.2931438982486725,1.5977332592010498,-0.072745181620121,0.4866817891597748,1.493327260017395,0.3194904923439026,0.3542291522026062,1.674214482307434,-0.351573646068573
frame_00183.jpg,0.35026636719703674,0.26574990153312683,-0.6697132587432861,0.37571951746940613,0.23049518465995789,-0.6216678023338318,0.38640084862709045,0.23453909158706665,-0.6223021745681763,0.39789119362831116,0.23946933448314667,-0.6222837567329407,0.3441298305988312,0.22656048834323883,-0.6285653710365295,0.33603933453559875,0.22565430402755737,-0.6291316747665405,0.32886216044425964,0.22442491352558136,-0.6295434832572937,0.412416934967041,0.2615050673484802,-0.3616352677345276,0.3218573033809662,0.24094150960445404,-0.3596544563770294,0.37195923924446106,0.306925892829895,-0.5704421997070312,0.3310701847076416,0.2953113317489624,-0.5933198928833008,0.47470808029174805,0.46299126744270325,-0.1755029857158661,0.24318380653858185,0.4388645887374878,-0.29780638217926025,0.606371283531189,0.6373864412307739,-0.4009637236595154,0.23482218384742737,0.6960673928260803,-0.606977641582489,0.6845718622207642,0.6707547307014465,-1.0208837985992432,0.34746843576431274,0.6758304834365845,-1.1623623371124268,0.7213798761367798,0.6932541728019714,-1.1475578546524048,0.3915993571281433,0.6904894113540649,-1.3237318992614746,0.6994014382362366,0.6531155109405518,-1.197945237159729,0.41900068521499634,0.6637066602706909,-1.3233952522277832,0.680357038974762,0.6537129282951355,-1.0552480220794678,0.4108397960662842,0.6640450954437256,-1.1790685653686523,0.4376726746559143,0.8985263705253601,0.0807599276304245,0.2779063880443573,0.9144354462623596,-0.08121530711650848,0.542981743812561,1.1911849975585938,-0.007043843623250723,0.29294097423553467,1.2077298164367676,-0.3654490113258362,0.49886593222618103,1.5766674280166626,0.21733181178569794,0.3069503605365753,1.6022379398345947,-0.05266779661178589,0.4870930314064026,1.6383908987045288,0.22104771435260773,0.308756560087204,1.6597932577133179,-0.031088780611753464,0.47476324439048767,1.6893270015716553,-0.08775119483470917,0.37120407819747925,1.7185882329940796,-0.30991941690444946
frame_00184.jpg,0.3496806025505066,0.26597192883491516,-0.6708191633224487,0.37546664476394653,0.2306671440601349,-0.6264110803604126,0.386065810918808,0.23475080728530884,-0.6270254254341125,0.3976095914840698,0.23966366052627563,-0.6269534826278687,0.34384283423423767,0.2266414910554886,-0.6276429891586304,0.3357318341732025,0.22570186853408813,-0.6282199025154114,0.3285524249076843,0.22448894381523132,-0.6285963654518127,0.4121965765953064,0.26151102781295776,-0.3660690188407898,0.3215962052345276,0.24103650450706482,-0.36414480209350586,0.3711850345134735,0.3073353171348572,-0.569254457950592,0.3303917348384857,0.29554516077041626,-0.5786391496658325,0.47474542260169983,0.4636945426464081,-0.1693773865699768,0.24318723380565643,0.4385829269886017,-0.3087729811668396,0.6126039028167725,0.6376335024833679,-0.4334489405155182,0.2342861145734787,0.7021281123161316,-0.6146155595779419,0.6824473142623901,0.6646323800086975,-1.0740749835968018,0.3482312560081482,0.6780191659927368,-1.1633042097091675,0.7198017835617065,0.6933766603469849,-1.207258939743042,0.39369040727615356,0.6912698149681091,-1.3245716094970703,0.6961298584938049,0.64847332239151,-1.258509874343872,0.4178362488746643,0.6647751927375793,-1.324375033378601,0.6772817969322205,0.6502019762992859,-1.1096898317337036,0.4104645252227783,0.6646312475204468,-1.1796847581863403,0.4356285035610199,0.9003871083259583,0.08158396929502487,0.27699512243270874,0.915265679359436,-0.08203636109828949,0.5367600917816162,1.1836389303207397,-0.006231134291738272,0.28540217876434326,1.2067018747329712,-0.3329111635684967,0.48859328031539917,1.5629124641418457,0.2814095616340637,0.3080768287181854,1.6038572788238525,-0.03336068615317345,0.47654885053634644,1.6212736368179321,0.29161590337753296,0.3081558048725128,1.661821722984314,-0.013156438246369362,0.46257105469703674,1.6774245500564575,-0.06688874959945679,0.370838463306427,1.7184621095657349,-0.29918766021728516
frame_00185.jpg,0.3462572395801544,0.26584669947624207,-0.5735369920730591,0.3713458776473999,0.23020529747009277,-0.5263786315917969,0.3832467794418335,0.23428423702716827,-0.5269821882247925,0.3939898908138275,0.23928317427635193,-0.5269655585289001,0.3401917517185211,0.22640013694763184,-0.5290356874465942,0.33250993490219116,0.22547170519828796,-0.5296477675437927,0.3252546191215515,0.22435657680034637,-0.5300198793411255,0.40889662504196167,0.2606789469718933,-0.26371121406555176,0.3192490339279175,0.24104401469230652,-0.2750959098339081,0.3675728440284729,0.3069130480289459,-0.47201815247535706,0.3277559280395508,0.29556766152381897,-0.48021116852760315,0.4746008515357971,0.46209341287612915,-0.06968849897384644,0.24259385466575623,0.43782365322113037,-0.23415708541870117,0.6115784049034119,0.637823224067688,-0.2617169916629791,0.23171813786029816,0.6988351345062256,-0.46366509795188904,0.698985755443573,0.6671351194381714,-0.8113753199577332,0.34187477827072144,0.7647903561592102,-0.9114987254142761,0.7439539432525635,0.6977048516273499,-0.9192597270011902,0.36695045232772827,0.7994528412818909,-1.043886661529541,0.7191089987754822,0.655015766620636,-0.9731834530830383,0.40511804819107056,0.7607628107070923,-1.0559779405593872,0.6987243890762329,0.6575748324394226,-0.8456746339797974,0.4011083245277405,0.753078281879425,-0.9295921325683594,0.4363044202327728,0.8956097960472107,0.08335049450397491,0.27744239568710327,0.9152733683586121,-0.08390618115663528,0.5885123014450073,1.1553759574890137,-0.055693041533231735,0.30773136019706726,1.198769211769104,-0.3489975333213806,0.49112969636917114,1.4027597904205322,0.2017636001110077,0.34157058596611023,1.6075321435928345,-0.1101095899939537,0.47755926847457886,1.4364997148513794,0.2150207757949829,0.341936320066452,1.6658648252487183,-0.09599702060222626,0.4639829695224762,1.502244472503662,-0.04015613719820976,0.40333637595176697,1.7453787326812744,-0.3655558228492737
frame_00186.jpg,0.3430309593677521,0.2640053629875183,-0.6344590783119202,0.3668302893638611,0.22714969515800476,-0.592200517654419,0.3798474669456482,0.23074929416179657,-0.5928734540939331,0.3898908793926239,0.2352997213602066,-0.5928328633308411,0.3374361991882324,0.2243717759847641,-0.5955623388290405,0.3301832377910614,0.2235322743654251,-0.5961527228355408,0.32333600521087646,0.22271421551704407,-0.5965210199356079,0.405527263879776,0.25716060400009155,-0.34479957818984985,0.31806087493896484,0.2400117814540863,-0.3623117506504059,0.3634862005710602,0.30476436018943787,-0.5376502275466919,0.3253874182701111,0.294280469417572,-0.5470798015594482,0.4694764018058777,0.4533679783344269,-0.14479544758796692,0.2425844967365265,0.42799633741378784,-0.3178682029247284,0.5995489358901978,0.6383231282234192,-0.28692853450775146,0.2238524854183197,0.6495422720909119,-0.4991742670536041,0.6977083683013916,0.7159258723258972,-0.7671151757240295,0.3513055443763733,0.7151678800582886,-1.012837529182434,0.7382849454879761,0.7619231939315796,-0.8642266392707825,0.3748762607574463,0.7704872488975525,-1.1527553796768188,0.7172797918319702,0.7284345626831055,-0.9256404042243958,0.40795430541038513,0.7446972727775574,-1.1520905494689941,0.6908348202705383,0.7277302145957947,-0.8018602132797241,0.4042513370513916,0.7356690168380737,-1.026444435119629,0.4338160455226898,0.8918285369873047,0.08845894783735275,0.2765045762062073,0.9121443033218384,-0.0889439657330513,0.5680347681045532,1.1580450534820557,0.038629017770290375,0.30708223581314087,1.1672486066818237,-0.3473829925060272,0.48915499448776245,1.4382861852645874,0.49944883584976196,0.30996495485305786,1.5678240060806274,-0.06614851951599121,0.47538548707962036,1.4774447679519653,0.5325110554695129,0.3041324019432068,1.6250989437103271,-0.04705863445997238,0.46645063161849976,1.5470930337905884,0.2971002757549286,0.36456137895584106,1.6943632364273071,-0.3315214514732361
frame_00187.jpg,0.34199947118759155,0.26310965418815613,-0.6576579809188843,0.3660476803779602,0.22580894827842712,-0.6126980781555176,0.3791661560535431,0.22946056723594666,-0.6133661270141602,0.3892516493797302,0.23395180702209473,-0.6133322715759277,0.3363606333732605,0.2228914350271225,-0.6152053475379944,0.3290317952632904,0.22199676930904388,-0.6158172488212585,0.3221045136451721,0.22125092148780823,-0.616163432598114,0.40420645475387573,0.25605812668800354,-0.3523215353488922,0.3164104223251343,0.23925139009952545,-0.3657318651676178,0.3617960512638092,0.3040563762187958,-0.5558517575263977,0.32401221990585327,0.2939262092113495,-0.5639739632606506,0.46835604310035706,0.4515727460384369,-0.15165306627750397,0.2407805174589157,0.4267042577266693,-0.2982579171657562,0.5987503528594971,0.6454231142997742,-0.27080848813056946,0.2034446746110916,0.6378652453422546,-0.4511609971523285,0.673711895942688,0.7302639484405518,-0.7386273741722107,0.2911399006843567,0.7642942667007446,-0.838158905506134,0.7100503444671631,0.7735514044761658,-0.8415025472640991,0.30607083439826965,0.8165013790130615,-0.9562323689460754,0.6890454888343811,0.745232343673706,-0.8977759480476379,0.33574971556663513,0.7917510271072388,-0.9830043911933899,0.6685243844985962,0.7394605278968811,-0.7715959548950195,0.33353158831596375,0.7769066691398621,-0.8604797124862671,0.43327945470809937,0.8861475586891174,0.08727303892374039,0.27548325061798096,0.9084352850914001,-0.08781634271144867,0.5938095450401306,1.117965579032898,-0.08268865197896957,0.30687347054481506,1.1362513303756714,-0.2770729660987854,0.49103108048439026,1.3664755821228027,0.38165873289108276,0.30711236596107483,1.5441818237304688,0.0318826287984848,0.4715564250946045,1.3972910642623901,0.44260579347610474,0.3019670844078064,1.601555585861206,0.05367152765393257,0.4767310619354248,1.4748775959014893,0.2897714674472809,0.3572404384613037,1.6775423288345337,-0.22797784209251404
frame_00188.jpg,0.33598655462265015,0.26165860891342163,-0.6205514073371887,0.3609572947025299,0.22380636632442474,-0.5712679028511047,0.3749566972255707,0.2272728830575943,-0.5718550086021423,0.38521531224250793,0.2320595383644104,-0.5718269348144531,0.33169448375701904,0.22080177068710327,-0.573876678943634,0.3246755003929138,0.21975578367710114,-0.5744971036911011,0.316969096660614,0.2193426936864853,-0.5748583674430847,0.4037959575653076,0.2557123899459839,-0.29123204946517944,0.3139423727989197,0.23769061267375946,-0.3047248125076294,0.3584579825401306,0.3029908537864685,-0.5105826258659363,0.3201020359992981,0.2934476435184479,-0.5186324119567871,0.4707820415496826,0.45162785053253174,-0.06316376477479935,0.2405989170074463,0.42715319991111755,-0.2601962387561798,0.614481508731842,0.6545953154563904,-0.2627297043800354,0.2098540961742401,0.6620752215385437,-0.5156933069229126,0.6737464666366577,0.7036772966384888,-0.77187180519104,0.33997684717178345,0.7518576979637146,-0.971502423286438,0.7101273536682129,0.7461917996406555,-0.9082081913948059,0.3536975383758545,0.7880169153213501,-1.106364130973816,0.688997745513916,0.6875465512275696,-0.9380757212638855,0.40126314759254456,0.7597792148590088,-1.1176154613494873,0.6692078709602356,0.6877483129501343,-0.7937354445457458,0.3952246904373169,0.7525399923324585,-0.9891616702079773,0.4463387429714203,0.8865438103675842,0.09539611637592316,0.281497061252594,0.9171271920204163,-0.09593793004751205,0.5994895696640015,1.1959691047668457,-0.10151363909244537,0.3359714150428772,1.2432910203933716,-0.4438745379447937,0.531438410282135,1.5495158433914185,0.2160038948059082,0.33264151215553284,1.6349378824234009,-0.11031839996576309,0.517305314540863,1.5988965034484863,0.23447835445404053,0.32380160689353943,1.6933798789978027,-0.08509859442710876,0.5061793327331543,1.677757740020752,-0.04261249303817749,0.3897000849246979,1.751079797744751,-0.3632998764514923
frame_00189.jpg,0.3340475559234619,0.2610442042350769,-0.5030714273452759,0.35935723781585693,0.22276289761066437,-0.4490194320678711,0.3736567199230194,0.22633054852485657,-0.4496002197265625,0.38388606905937195,0.23136405646800995,-0.44962644577026367,0.3300597071647644,0.21949611604213715,-0.455981969833374,0.3230445086956024,0.21830566227436066,-0.4566206932067871,0.3151665925979614,0.21802891790866852,-0.4570014476776123,0.4036245346069336,0.25569474697113037,-0.1653430163860321,0.31243935227394104,0.23680774867534637,-0.19609548151493073,0.35737594962120056,0.3025602102279663,-0.39369043707847595,0.31841811537742615,0.2932659387588501,-0.4064562916755676,0.4709855616092682,0.45083606243133545,0.058687228709459305,0.24046459794044495,0.42786604166030884,-0.1858852505683899,0.6133700609207153,0.6529146432876587,-0.10027991235256195,0.2159615010023117,0.6805572509765625,-0.43887096643447876,0.6742159128189087,0.6933708190917969,-0.6357361078262329,0.351198673248291,0.7636991739273071,-0.8793526887893677,0.7080409526824951,0.7379441857337952,-0.7415110468864441,0.3737017512321472,0.7995383739471436,-1.0092593431472778,0.690187931060791,0.6761575937271118,-0.7856928110122681,0.4104248881340027,0.7567223310470581,-1.0122957229614258,0.6718137264251709,0.6761242747306824,-0.6656188368797302,0.40208667516708374,0.7481403946876526,-0.8926328420639038,0.45352745056152344,0.8863418698310852,0.11166520416736603,0.2870323061943054,0.9189968705177307,-0.11223141849040985,0.6788845658302307,1.101375937461853,-0.19848349690437317,0.3693847060203552,1.1888372898101807,-0.42059335112571716,0.5295731425285339,1.3473374843597412,-0.015824826434254646,0.3699927031993866,1.6295030117034912,-0.12467930465936661,0.5106186270713806,1.3774173259735107,-0.008374456316232681,0.3619850277900696,1.6925301551818848,-0.10062567889690399,0.5079637765884399,1.4487566947937012,-0.25519198179244995,0.42473945021629333,1.7476788759231567,-0.35931870341300964
frame_00190.jpg,0.33384525775909424,0.2255576252937317,-0.5084728598594666,0.35795238614082336,0.19734814763069153,-0.4579917788505554,0.37218183279037476,0.1987430602312088,-0.45857882499694824,0.38197359442710876,0.20167134702205658,-0.458648681640625,0.3295600116252899,0.19521501660346985,-0.4602440297603607,0.32223808765411377,0.1948380321264267,-0.460883766412735,0.3143172264099121,0.19493529200553894,-0.4613354802131653,0.4026915431022644,0.23011678457260132,-0.19688263535499573,0.311066597700119,0.21593444049358368,-0.20529203116893768,0.3564613163471222,0.2686688005924225,-0.4084416925907135,0.31845659017562866,0.2601396441459656,-0.41479140520095825,0.47103947401046753,0.44253745675086975,-0.014772595837712288,0.24014970660209656,0.4280448257923126,-0.18997004628181458,0.6128798723220825,0.636346161365509,-0.1874205470085144,0.2168409377336502,0.6815540194511414,-0.4934273362159729,0.6744965314865112,0.6875060200691223,-0.8451544642448425,0.33937162160873413,0.7940658926963806,-1.0196400880813599,0.7087359428405762,0.726206362247467,-0.9739980697631836,0.35223889350891113,0.8362895250320435,-1.1797173023223877,0.6897781491279602,0.6744585037231445,-1.0266836881637573,0.3981117606163025,0.800628662109375,-1.187328815460205,0.667396068572998,0.6727526187896729,-0.8812508583068848,0.3954467177391052,0.7883912920951843,-1.0415732860565186,0.46587562561035156,0.8918254971504211,0.08091530203819275,0.2958119213581085,0.9259518980979919,-0.08137860149145126,0.6304988265037537,1.2522094249725342,-0.18612436950206757,0.35530775785446167,1.284962773323059,-0.4137338697910309,0.531035840511322,1.624505639076233,-0.009704439900815487,0.3679812550544739,1.6608045101165771,-0.03466840833425522,0.5198110938072205,1.6797211170196533,-0.010288500227034092,0.3553769290447235,1.7151551246643066,-0.008107074536383152,0.5046272277832031,1.747631311416626,-0.32214245200157166,0.38753923773765564,1.7847974300384521,-0.25989943742752075
frame_00191.jpg,0.33435243368148804,0.20921950042247772,-0.5258299708366394,0.3580891788005829,0.18396364152431488,-0.47875842452049255,0.37206217646598816,0.18544602394104004,-0.4793613851070404,0.38201066851615906,0.18781235814094543,-0.47942066192626953,0.3297369182109833,0.18255308270454407,-0.4816829264163971,0.3220904469490051,0.1828090399503708,-0.48226800560951233,0.31407850980758667,0.1832832247018814,-0.4826817512512207,0.40268391370773315,0.21815761923789978,-0.22857220470905304,0.3105139136314392,0.20667746663093567,-0.24094919860363007,0.35689839720726013,0.2529308497905731,-0.43046149611473083,0.3188488185405731,0.24425998330116272,-0.4380826950073242,0.47111207246780396,0.4404325485229492,-0.03369295969605446,0.23851260542869568,0.428251177072525,-0.20977726578712463,0.6188930869102478,0.6489018201828003,-0.27225854992866516,0.2131592482328415,0.6989043951034546,-0.5034310221672058,0.5950822830200195,0.677796483039856,-0.8659838438034058,0.3421253561973572,0.7761089205741882,-0.9750925898551941,0.5896688103675842,0.7085195779800415,-0.9857431650161743,0.36052703857421875,0.8181105852127075,-1.11325204372406,0.5581661462783813,0.6541385650634766,-1.0200388431549072,0.4046328663825989,0.7949904203414917,-1.0991952419281006,0.554581344127655,0.6527947783470154,-0.8876913785934448,0.39928603172302246,0.7836756110191345,-0.9831059575080872,0.46528592705726624,0.9035096764564514,0.0797932893037796,0.29570549726486206,0.9331215023994446,-0.08028198778629303,0.5963504910469055,1.266143798828125,-0.20073409378528595,0.3448830544948578,1.3001981973648071,-0.3850574195384979,0.5159434080123901,1.6089627742767334,0.0637371689081192,0.32380571961402893,1.6716126203536987,-0.028407316654920578,0.5066949129104614,1.6581037044525146,0.07581494748592377,0.3145647346973419,1.7273356914520264,-0.002604372100904584,0.4838871955871582,1.728014349937439,-0.20431318879127502,0.34902432560920715,1.791982650756836,-0.25670793652534485
frame_00192.jpg,0.3346458077430725,0.20397137105464935,-0.5084407925605774,0.35815638303756714,0.17984381318092346,-0.4631175100803375,0.371955931186676,0.18163321912288666,-0.46372756361961365,0.3821839690208435,0.18414658308029175,-0.463803231716156,0.32994750142097473,0.17821629345417023,-0.4646621644496918,0.32218360900878906,0.1782890111207962,-0.46522635221481323,0.31415480375289917,0.1786888688802719,-0.4656516909599304,0.40279680490493774,0.21525512635707855,-0.22461442649364471,0.3105935752391815,0.20258119702339172,-0.23113469779491425,0.3572344481945038,0.24775943160057068,-0.41713279485702515,0.3190006911754608,0.2385144978761673,-0.422962486743927,0.4711218476295471,0.4405878782272339,-0.04755334556102753,0.23793116211891174,0.4283115565776825,-0.20295898616313934,0.6187859773635864,0.6538130640983582,-0.28360119462013245,0.2126806080341339,0.7004187107086182,-0.5137811899185181,0.5822705030441284,0.6758079528808594,-0.8572443127632141,0.3689373731613159,0.6953896880149841,-0.9873626828193665,0.5769903063774109,0.7063643336296082,-0.9695135951042175,0.4119887948036194,0.7323291301727295,-1.1248996257781982,0.5454399585723877,0.6527925729751587,-0.9784329533576965,0.4336380958557129,0.6969810724258423,-1.1015461683273315,0.5419738292694092,0.6510166525840759,-0.8667478561401367,0.42964211106300354,0.6916045546531677,-0.9918736219406128,0.4607039988040924,0.9082780480384827,0.07690102607011795,0.29391545057296753,0.9351775050163269,-0.07739804685115814,0.5743311047554016,1.269558310508728,-0.16988171637058258,0.3432937264442444,1.3052566051483154,-0.3722490668296814,0.5111564993858337,1.6098101139068604,0.06675933301448822,0.3193681836128235,1.6795893907546997,-0.04204854369163513,0.5041244626045227,1.6598602533340454,0.07578940689563751,0.31174764037132263,1.7367724180221558,-0.01803721860051155,0.4791947901248932,1.7276573181152344,-0.19292762875556946,0.34930169582366943,1.798889398574829,-0.26985806226730347
frame_00193.jpg,0.33637726306915283,0.202187642455101,-0.5406101942062378,0.35863977670669556,0.17830368876457214,-0.48841291666030884,0.37205713987350464,0.18048180639743805,-0.488941490650177,0.38271790742874146,0.18334023654460907,-0.4890918731689453,0.33041924238204956,0.17702245712280273,-0.49767598509788513,0.3226420283317566,0.17720894515514374,-0.4984789490699768,0.31447312235832214,0.1773703396320343,-0.4989872872829437,0.40335527062416077,0.21414346992969513,-0.23594284057617188,0.3104378581047058,0.20174077153205872,-0.24184028804302216,0.3599485158920288,0.24835196137428284,-0.427842378616333,0.3201373517513275,0.23711226880550385,-0.4452817440032959,0.4711708426475525,0.4410112500190735,-0.054262883961200714,0.23789921402931213,0.42838940024375916,-0.21075229346752167,0.5914042592048645,0.6492297649383545,-0.2789855897426605,0.21358683705329895,0.7087430357933044,-0.3893873393535614,0.6095348000526428,0.6738013625144958,-0.8734380006790161,0.29972997307777405,0.8779231905937195,-0.7347411513328552,0.6364901065826416,0.7076731324195862,-0.9940743446350098,0.31029218435287476,0.944016695022583,-0.849112331867218,0.6322287321090698,0.6555120348930359,-1.0417873859405518,0.32905471324920654,0.9251573085784912,-0.8849746584892273,0.6140467524528503,0.6549112200737,-0.9046821594238281,0.3297089636325836,0.9005813598632812,-0.7601824998855591,0.45384255051612854,0.9154455661773682,0.07330644875764847,0.28515955805778503,0.9384632110595703,-0.07380644977092743,0.5394075512886047,1.2760651111602783,-0.15387895703315735,0.3189457058906555,1.3022446632385254,-0.30935704708099365,0.48632535338401794,1.6454671621322632,0.09326715767383575,0.2986838221549988,1.6730831861495972,0.05984910577535629,0.4778946042060852,1.6973004341125488,0.09934519231319427,0.2943112850189209,1.7273002862930298,0.08542893081903458,0.45006847381591797,1.7665743827819824,-0.21883776783943176,0.32525256276130676,1.7946302890777588,-0.1888142079114914
frame_00194.jpg,0.33704450726509094,0.20091143250465393,-0.5479627251625061,0.35872581601142883,0.17682425677776337,-0.4974609911441803,0.37225043773651123,0.17906545102596283,-0.49801358580589294,0.38276660442352295,0.18201707303524017,-0.49810105562210083,0.3306270241737366,0.17575876414775848,-0.5047805905342102,0.322862446308136,0.17585928738117218,-0.5055109262466431,0.31459322571754456,0.17595012485980988,-0.5059816837310791,0.4042011797428131,0.2133815735578537,-0.22513119876384735,0.3104843497276306,0.2006371170282364,-0.25132039189338684,0.36137059330940247,0.24761024117469788,-0.44013991951942444,0.32058319449424744,0.2355354279279709,-0.4540070593357086,0.4717310070991516,0.4414231479167938,-0.03015989437699318,0.23741033673286438,0.42847558856010437,-0.2129703015089035,0.5828495025634766,0.6451318264007568,-0.2586347460746765,0.20849230885505676,0.7074043154716492,-0.3881058990955353,0.6216321587562561,0.6736903786659241,-0.8889638781547546,0.2938522398471832,0.8592061400413513,-0.7497852444648743,0.6563241481781006,0.7084313631057739,-1.0170472860336304,0.3071579933166504,0.9174310564994812,-0.8717249035835266,0.6598231196403503,0.6579533219337463,-1.072509527206421,0.3336452543735504,0.8921384215354919,-0.8995708227157593,0.6285172700881958,0.6570471525192261,-0.9265996813774109,0.3319518566131592,0.8720759153366089,-0.7720410823822021,0.45129337906837463,0.9145980477333069,0.07469205558300018,0.27766847610473633,0.9382877349853516,-0.0752393901348114,0.5459887981414795,1.2567709684371948,-0.20832136273384094,0.2976781725883484,1.2909622192382812,-0.31094035506248474,0.4784542918205261,1.6174595355987549,0.03914685919880867,0.2801446318626404,1.668089509010315,0.025243546813726425,0.4621369242668152,1.6703513860702515,0.04781587794423103,0.2767275273799896,1.722427487373352,0.04825989156961441,0.44272488355636597,1.7296301126480103,-0.25767308473587036,0.30825483798980713,1.7922369241714478,-0.22726793587207794
frame_00195.jpg,0.3414001166820526,0.2005857676267624,-0.4693392813205719,0.36226382851600647,0.17662902176380157,-0.40940937399864197,0.37419384717941284,0.17876029014587402,-0.40998682379722595,0.38565248250961304,0.18212345242500305,-0.4100283086299896,0.333391398191452,0.17637258768081665,-0.42979174852371216,0.32532793283462524,0.1769064962863922,-0.4304242730140686,0.3168465197086334,0.17720961570739746,-0.430877685546875,0.40657615661621094,0.2142922431230545,-0.1166970357298851,0.31074339151382446,0.2012200504541397,-0.2088058441877365,0.3649240732192993,0.24635852873325348,-0.3579905927181244,0.32450002431869507,0.23587645590305328,-0.3886628746986389,0.4686313271522522,0.44217342138290405,0.10355675220489502,0.2399609088897705,0.42743974924087524,-0.22717395424842834,0.5750199556350708,0.6512887477874756,-0.11111430078744888,0.24070128798484802,0.7013012170791626,-0.7058723568916321,0.658233106136322,0.6689537167549133,-0.7119686603546143,0.365798681974411,0.5645775198936462,-1.3011969327926636,0.701704204082489,0.6804952621459961,-0.8070217967033386,0.40529265999794006,0.5396454334259033,-1.4714685678482056,0.6850477457046509,0.6487781405448914,-0.8641504049301147,0.4065561294555664,0.5124795436859131,-1.4307477474212646,0.657966673374176,0.6488662958145142,-0.7483968734741211,0.3971216082572937,0.5208914279937744,-1.302791714668274,0.43084612488746643,0.9194269776344299,0.11629150807857513,0.26770225167274475,0.9394184350967407,-0.1167898029088974,0.5232305526733398,1.2539172172546387,-0.027892813086509705,0.28930535912513733,1.2995734214782715,-0.3643859922885895,0.46501851081848145,1.6014177799224854,0.28179046511650085,0.2811540961265564,1.6767913103103638,-0.08015907555818558,0.4518038332462311,1.6541764736175537,0.2972823977470398,0.27572375535964966,1.73469078540802,-0.06141189858317375,0.4396222233772278,1.7223477363586426,0.048453252762556076,0.3198423981666565,1.7941535711288452,-0.3335298001766205
frame_00196.jpg,0.350584477186203,0.20270337164402008,-0.5018326044082642,0.36867156624794006,0.1785798817873001,-0.4467758536338806,0.3803643584251404,0.18081103265285492,-0.44737011194229126,0.392322838306427,0.18439017236232758,-0.44739803671836853,0.33848243951797485,0.17823705077171326,-0.45647579431533813,0.3295324146747589,0.1786922812461853,-0.4570755362510681,0.3204425573348999,0.1787339150905609,-0.45746439695358276,0.4098888039588928,0.2156619131565094,-0.16248515248298645,0.3119299113750458,0.20151862502098083,-0.26351821422576904,0.3743167817592621,0.24803677201271057,-0.3933921158313751,0.3328983187675476,0.23857831954956055,-0.4102610647678375,0.46046462655067444,0.43892163038253784,0.09240680932998657,0.24401669204235077,0.4274040460586548,-0.2924689054489136,0.5620242357254028,0.6414669752120972,0.049225881695747375,0.2524876296520233,0.7107106447219849,-0.6389222145080566,0.6632882356643677,0.6592340469360352,-0.38830164074897766,0.373098760843277,0.6165924668312073,-1.1153734922409058,0.7129877209663391,0.6669139862060547,-0.44829612970352173,0.40568819642066956,0.5776251554489136,-1.2640794515609741,0.6976937055587769,0.6440047025680542,-0.5192589163780212,0.4072808623313904,0.535422146320343,-1.2581617832183838,0.678047239780426,0.6474090218544006,-0.425570011138916,0.39675143361091614,0.5502302050590515,-1.1259268522262573,0.4312620759010315,0.9106906652450562,0.15014049410820007,0.2853431701660156,0.9390436410903931,-0.15054503083229065,0.5393322706222534,1.2496650218963623,0.20253387093544006,0.3501916229724884,1.2924381494522095,-0.3908415734767914,0.5151265263557434,1.5994548797607422,0.6018527746200562,0.33990687131881714,1.6743115186691284,-0.08782322704792023,0.5069416165351868,1.6510380506515503,0.6271331906318665,0.32476454973220825,1.7366520166397095,-0.06494996696710587,0.4983566403388977,1.7154061794281006,0.4272838532924652,0.40392881631851196,1.7918881177902222,-0.3212343156337738
frame_00197.jpg,0.3546789288520813,0.2041199952363968,-0.5077389478683472,0.3718050718307495,0.17983712255954742,-0.4530816972255707,0.38339298963546753,0.18209153413772583,-0.45371395349502563,0.3955032527446747,0.18580563366413116,-0.4537507891654968,0.3412173390388489,0.17947158217430115,-0.47010111808776855,0.33193156123161316,0.17987172305583954,-0.4707316756248474,0.3225875496864319,0.17971539497375488,-0.4711659848690033,0.4117618203163147,0.21646340191364288,-0.16984546184539795,0.3127594590187073,0.20207913219928741,-0.27434366941452026,0.37844520807266235,0.24908395111560822,-0.3982955813407898,0.33693045377731323,0.2402849942445755,-0.42452898621559143,0.4568009376525879,0.43691813945770264,0.08874714374542236,0.24670834839344025,0.4273746907711029,-0.29731425642967224,0.5580053329467773,0.6367626190185547,0.07187055796384811,0.2562311291694641,0.7151052951812744,-0.6204556226730347,0.6691321134567261,0.6564814448356628,-0.33079013228416443,0.37537774443626404,0.6259638071060181,-1.0708448886871338,0.7172404527664185,0.6631552577018738,-0.38570863008499146,0.40637606382369995,0.581162691116333,-1.2191331386566162,0.7088197469711304,0.6446793079376221,-0.45591670274734497,0.4081425070762634,0.5371572375297546,-1.2438089847564697,0.6839975118637085,0.6474723815917969,-0.36693233251571655,0.39656975865364075,0.5538250207901001,-1.0847680568695068,0.4326387941837311,0.9064291715621948,0.15145868062973022,0.2946707308292389,0.93873131275177,-0.15185528993606567,0.540458083152771,1.2442125082015991,0.20282158255577087,0.3567720055580139,1.288027286529541,-0.38542261719703674,0.52242112159729,1.5909398794174194,0.591347336769104,0.3426319658756256,1.6752464771270752,-0.0836016982793808,0.5137852430343628,1.641926884651184,0.6157734990119934,0.32792213559150696,1.738420844078064,-0.06289270520210266,0.5068668127059937,1.7089289426803589,0.4198787808418274,0.4014306962490082,1.7893351316452026,-0.2765819728374481
frame_00198.jpg,0.36111414432525635,0.22980305552482605,-0.514252781867981,0.38015902042388916,0.19898901879787445,-0.45775938034057617,0.3929522633552551,0.2031760811805725,-0.45845741033554077,0.40398702025413513,0.20818910002708435,-0.45847076177597046,0.34737613797187805,0.193613663315773,-0.47083592414855957,0.3379784822463989,0.1928708404302597,-0.4714558720588684,0.3292856812477112,0.19186408817768097,-0.4718150198459625,0.4179615080356598,0.23309428989887238,-0.17501889169216156,0.3173753321170807,0.20657798647880554,-0.27762046456336975,0.38469481468200684,0.2746043801307678,-0.4065585136413574,0.3428254723548889,0.2621235251426697,-0.428730309009552,0.464264452457428,0.4442461133003235,0.08128338307142258,0.24651792645454407,0.4283082187175751,-0.2858946621417999,0.5828350186347961,0.6396803259849548,-0.11188346147537231,0.2515462338924408,0.7142936587333679,-0.6026018857955933,0.6768208742141724,0.6593782901763916,-0.6762900352478027,0.42991894483566284,0.6279404163360596,-1.0588551759719849,0.716986358165741,0.6664361357688904,-0.7733182907104492,0.4895986020565033,0.6467496156692505,-1.1945440769195557,0.702656626701355,0.6453351974487305,-0.8180134892463684,0.5121093988418579,0.6290308833122253,-1.1717758178710938,0.6817342638969421,0.6480720639228821,-0.706436276435852,0.4880831837654114,0.6226876974105835,-1.0537292957305908,0.43821755051612854,0.9060367345809937,0.14485053718090057,0.29410919547080994,0.9384331107139587,-0.1453133523464203,0.551188588142395,1.2428027391433716,-0.06302543729543686,0.35602325201034546,1.3037998676300049,-0.44997209310531616,0.5215759873390198,1.6042158603668213,0.19998666644096375,0.3260212540626526,1.6852679252624512,-0.15703889727592468,0.511931836605072,1.6552367210388184,0.21238930523395538,0.3132548928260803,1.7445203065872192,-0.13489514589309692,0.49995002150535583,1.733144760131836,-0.027100984007120132,0.3746865391731262,1.8004971742630005,-0.3726390600204468
frame_00199.jpg,0.3629879355430603,0.2398490011692047,-0.518970787525177,0.3831457197666168,0.2074778527021408,-0.4630904793739319,0.3964223861694336,0.21220356225967407,-0.4637870192527771,0.4070196747779846,0.21766042709350586,-0.4637943208217621,0.3499499261379242,0.20057491958141327,-0.47519755363464355,0.340663880109787,0.1993989199399948,-0.4758278727531433,0.3322983682155609,0.1980883926153183,-0.47622591257095337,0.42060285806655884,0.24152536690235138,-0.1824568510055542,0.3199120759963989,0.20953983068466187,-0.2768898606300354,0.38644149899482727,0.2847815454006195,-0.41163039207458496,0.34451478719711304,0.2710452079772949,-0.43350544571876526,0.46817007660865784,0.44851163029670715,0.077055923640728,0.24636712670326233,0.4290972054004669,-0.2799314558506012,0.5929645299911499,0.6418272852897644,-0.16928714513778687,0.24890227615833282,0.713366687297821,-0.5948930978775024,0.6797791719436646,0.6617506742477417,-0.746152400970459,0.4364051818847656,0.6347686052322388,-1.0539227724075317,0.7170207500457764,0.6675195693969727,-0.8482305407524109,0.4853917956352234,0.6860851645469666,-1.1930863857269287,0.7001456618309021,0.6459357738494873,-0.8945171236991882,0.5223075151443481,0.6666882038116455,-1.1556956768035889,0.6806033253669739,0.6487274169921875,-0.7771686315536499,0.49812230467796326,0.655320405960083,-1.0469145774841309,0.4402987062931061,0.9057689309120178,0.14181792736053467,0.29335150122642517,0.9383537173271179,-0.14220848679542542,0.5515671372413635,1.243318796157837,-0.08020131289958954,0.3453940749168396,1.3091188669204712,-0.4474477767944336,0.5200248956680298,1.609657645225525,0.18565204739570618,0.3153612017631531,1.6894770860671997,-0.165841743350029,0.5104178190231323,1.6609101295471191,0.19781850278377533,0.30518844723701477,1.7476718425750732,-0.1451239138841629,0.49666017293930054,1.7404314279556274,-0.04834527149796486,0.35825201869010925,1.8045634031295776,-0.3902072310447693
frame_00200.jpg,0.3668387234210968,0.2703048586845398,-0.5531357526779175,0.38531455397605896,0.2369619756937027,-0.5003511905670166,0.39795663952827454,0.2399289906024933,-0.5010376572608948,0.4084536135196686,0.24289365112781525,-0.5010533332824707,0.3536388874053955,0.23015758395195007,-0.5047813057899475,0.3442315459251404,0.22789734601974487,-0.5054044723510742,0.33594411611557007,0.2257099747657776,-0.5058828592300415,0.4232054650783539,0.25683829188346863,-0.2099737823009491,0.3259395956993103,0.23243875801563263,-0.2656826376914978,0.38805291056632996,0.30873361229896545,-0.44118157029151917,0.3470366597175598,0.3014003038406372,-0.45226964354515076,0.4738604426383972,0.4495185315608978,0.01570887863636017,0.24987737834453583,0.433602511882782,-0.21616323292255402,0.6021590828895569,0.6357408761978149,-0.1432366669178009,0.24889664351940155,0.7127238512039185,-0.5483832359313965,0.6898821592330933,0.7028639912605286,-0.6052480936050415,0.3895791471004486,0.6478602886199951,-1.0759793519973755,0.746444582939148,0.7333173751831055,-0.6919742822647095,0.4394661486148834,0.6901613473892212,-1.2258824110031128,0.7280106544494629,0.7251926064491272,-0.7598945498466492,0.4604926109313965,0.6648544073104858,-1.2187974452972412,0.710635781288147,0.7429648041725159,-0.6415467858314514,0.446977436542511,0.6576539278030396,-1.0876647233963013,0.4600691795349121,0.9051241278648376,0.09857449680566788,0.3078233301639557,0.9380295872688293,-0.09908458590507507,0.5508289337158203,1.2474077939987183,-0.048690374940633774,0.345777690410614,1.2956527471542358,-0.44310277700424194,0.5268020629882812,1.619842529296875,0.21189303696155548,0.332134485244751,1.6696419715881348,-0.14272759854793549,0.5216584801673889,1.6738629341125488,0.2213231325149536,0.327168345451355,1.726302981376648,-0.12473322451114655,0.5015525817871094,1.7477244138717651,-0.05337460711598396,0.37104910612106323,1.7849000692367554,-0.391388475894928
frame_00201.jpg,0.36605310440063477,0.2844315469264984,-0.6901236772537231,0.38541945815086365,0.24890971183776855,-0.6451988220214844,0.3986422121524811,0.25025245547294617,-0.6458413004875183,0.40911850333213806,0.2518506348133087,-0.6458245515823364,0.3534198999404907,0.2451423555612564,-0.6477408409118652,0.3442519009113312,0.24272698163986206,-0.648375391960144,0.33606502413749695,0.2399805337190628,-0.6488088369369507,0.42546525597572327,0.2622596025466919,-0.3636629283428192,0.3265592157840729,0.24363785982131958,-0.38125136494636536,0.388091504573822,0.3208428919315338,-0.5778644680976868,0.3467806577682495,0.31765228509902954,-0.5864917039871216,0.47764310240745544,0.45237699151039124,-0.14138270914554596,0.25068169832229614,0.4356861710548401,-0.3095214366912842,0.610755205154419,0.6362811326980591,-0.3196352422237396,0.25048986077308655,0.715261697769165,-0.5937415361404419,0.6757668852806091,0.7134585976600647,-0.8535210490226746,0.4198698401451111,0.6489524245262146,-1.0703279972076416,0.6997057199478149,0.764805257320404,-0.9633979797363281,0.4573642611503601,0.7125484347343445,-1.217100739479065,0.6690521240234375,0.7363332509994507,-1.0119495391845703,0.4849799573421478,0.6984272599220276,-1.208536148071289,0.655717134475708,0.7336974740028381,-0.8831990361213684,0.4725372791290283,0.6924803853034973,-1.0806338787078857,0.459026038646698,0.9049734473228455,0.09200491011142731,0.3035144805908203,0.9378699064254761,-0.09247110038995743,0.5385926365852356,1.2583247423171997,0.004410742316395044,0.335407555103302,1.2938703298568726,-0.43332481384277344,0.5176444053649902,1.6283115148544312,0.3076118528842926,0.3170486092567444,1.6695189476013184,-0.12988941371440887,0.517437756061554,1.6798962354660034,0.3209584951400757,0.3111267685890198,1.7253222465515137,-0.10946812480688095,0.4815002381801605,1.7584232091903687,0.02836454287171364,0.35645240545272827,1.786205530166626,-0.37733525037765503
frame_00202.jpg,0.36539849638938904,0.2879559397697449,-0.6861173510551453,0.3853989541530609,0.2525191009044647,-0.6417120695114136,0.3989059329032898,0.2538118362426758,-0.6423493027687073,0.409321129322052,0.25557801127433777,-0.6423488855361938,0.35345226526260376,0.2491486817598343,-0.6438846588134766,0.3444521129131317,0.2467881292104721,-0.6445273160934448,0.33647632598876953,0.24415116012096405,-0.6450003385543823,0.4263882637023926,0.2656122148036957,-0.36395514011383057,0.32767999172210693,0.24804075062274933,-0.37625738978385925,0.38765308260917664,0.32471850514411926,-0.5751603841781616,0.3463640809059143,0.32109031081199646,-0.5828501582145691,0.4796196520328522,0.4540640413761139,-0.14875200390815735,0.2513662576675415,0.4365312457084656,-0.3105367124080658,0.6168373227119446,0.6372601389884949,-0.32637959718704224,0.25130850076675415,0.7148688435554504,-0.6094599962234497,0.6516586542129517,0.7199632525444031,-0.8448058366775513,0.42486295104026794,0.6508811116218567,-1.0885370969772339,0.6581793427467346,0.7769969701766968,-0.9521538019180298,0.47334426641464233,0.7130680680274963,-1.236695408821106,0.6272152662277222,0.7413797974586487,-0.9956080317497253,0.49757710099220276,0.6967827677726746,-1.2238030433654785,0.6171797513961792,0.7324188351631165,-0.8718290328979492,0.47245001792907715,0.6934119462966919,-1.0969877243041992,0.4574851989746094,0.9047533273696899,0.08017400652170181,0.3011714816093445,0.9377049207687378,-0.08061288297176361,0.5321865677833557,1.265474557876587,0.002796911634504795,0.3348022401332855,1.2941489219665527,-0.426744282245636,0.5150485038757324,1.6395570039749146,0.24390104413032532,0.31841033697128296,1.6694271564483643,-0.11342571675777435,0.5156127214431763,1.6919845342636108,0.25068211555480957,0.31387782096862793,1.7243934869766235,-0.09129372239112854,0.476533979177475,1.7708572149276733,-0.05112713575363159,0.3566906154155731,1.7874523401260376,-0.36611783504486084
frame_00203.jpg,0.36481958627700806,0.2834402620792389,-0.6412447690963745,0.3848930895328522,0.2483767569065094,-0.5936152935028076,0.3982897698879242,0.25011107325553894,-0.594241738319397,0.4087880551815033,0.25226983428001404,-0.5942519307136536,0.35307180881500244,0.24402303993701935,-0.6008027195930481,0.34409675002098083,0.24208204448223114,-0.6014379262924194,0.3360988199710846,0.23970572650432587,-0.6018823385238647,0.42620086669921875,0.2634839415550232,-0.34279435873031616,0.3273693919181824,0.24615855515003204,-0.3484276235103607,0.38710159063339233,0.31989243626594543,-0.5327779650688171,0.3459380865097046,0.31528139114379883,-0.5448316931724548,0.47698110342025757,0.44772255420684814,-0.055757664144039154,0.25120776891708374,0.43648234009742737,-0.3250214457511902,0.6051450371742249,0.613422691822052,-0.2688283324241638,0.25276634097099304,0.7154890298843384,-0.7182660102844238,0.6531410217285156,0.6871219277381897,-0.8683558702468872,0.4607783854007721,0.6346436142921448,-1.2337454557418823,0.6704225540161133,0.7320535778999329,-0.979466438293457,0.5038914084434509,0.6510874629020691,-1.396202564239502,0.6470151543617249,0.7388949990272522,-1.031906247138977,0.5307323336601257,0.6152705550193787,-1.361712098121643,0.6301056742668152,0.7264029383659363,-0.902468204498291,0.5063697099685669,0.6330589652061462,-1.2342129945755005,0.45332497358322144,0.902942955493927,0.10839450359344482,0.30079925060272217,0.9373692870140076,-0.10884033143520355,0.5573264360427856,1.211039662361145,-0.03886503726243973,0.3342995047569275,1.2940469980239868,-0.5093966722488403,0.5371628999710083,1.5881770849227905,0.2918758690357208,0.3119465708732605,1.6702053546905518,-0.2130362093448639,0.5323735475540161,1.6379157304763794,0.31110888719558716,0.3057246208190918,1.7250524759292603,-0.19222870469093323,0.505156397819519,1.7300223112106323,0.05214037746191025,0.3501930832862854,1.7889353036880493,-0.4641798436641693
frame_00204.jpg,0.3643476366996765,0.28077003359794617,-0.6296322345733643,0.38452690839767456,0.24645259976387024,-0.59174644947052,0.39786624908447266,0.24854421615600586,-0.5922725200653076,0.40840601921081543,0.2509195804595947,-0.5923165678977966,0.3527809977531433,0.240909144282341,-0.5861488580703735,0.3438429534435272,0.23909291625022888,-0.5867900252342224,0.33583733439445496,0.2368040233850479,-0.5872476696968079,0.4253763258457184,0.26239481568336487,-0.2722916901111603,0.3271109461784363,0.2448144108057022,-0.33729326725006104,0.38670971989631653,0.31709951162338257,-0.5191775560379028,0.3456040620803833,0.3115841746330261,-0.5320852994918823,0.4744499623775482,0.44296354055404663,0.002292426535859704,0.25107964873313904,0.43644946813583374,-0.33142587542533875,0.5903688073158264,0.6049554944038391,-0.21289317309856415,0.25465184450149536,0.7152193784713745,-0.7291229367256165,0.6540285348892212,0.6691955924034119,-0.8191198110580444,0.47043293714523315,0.6289544701576233,-1.2267751693725586,0.6755062341690063,0.7083461880683899,-0.9248215556144714,0.5157670974731445,0.6363385915756226,-1.387160301208496,0.6581437587738037,0.7228254675865173,-0.9797694087028503,0.539777398109436,0.5969712734222412,-1.352063775062561,0.6374469995498657,0.7105380296707153,-0.8536363840103149,0.5131117105484009,0.6177358031272888,-1.2264171838760376,0.4529961049556732,0.901389479637146,0.12425003945827484,0.29942330718040466,0.9372959136962891,-0.12469526380300522,0.5713909864425659,1.189737319946289,-0.0395500473678112,0.334514319896698,1.293628215789795,-0.5164741277694702,0.5558406710624695,1.572546362876892,0.2946993410587311,0.3129770755767822,1.6702762842178345,-0.24461963772773743,0.5505756139755249,1.6231240034103394,0.3127170503139496,0.3065974712371826,1.7252227067947388,-0.22660019993782043,0.5277081727981567,1.7141284942626953,0.05976938083767891,0.35095545649528503,1.7888832092285156,-0.49613142013549805
frame_00205.jpg,0.36427125334739685,0.27743613719940186,-0.6201231479644775,0.3843139708042145,0.2436927706003189,-0.5801020264625549,0.3974902927875519,0.24583803117275238,-0.5806495547294617,0.4081210494041443,0.248386412858963,-0.5807002782821655,0.35238271951675415,0.2386198341846466,-0.581701397895813,0.34327206015586853,0.2368958294391632,-0.5823786854743958,0.33519893884658813,0.23479250073432922,-0.5828447937965393,0.4221004545688629,0.2612415552139282,-0.26415014266967773,0.3257971405982971,0.2437116950750351,-0.3100898861885071,0.3863982856273651,0.31459710001945496,-0.5128377676010132,0.34536314010620117,0.3086504340171814,-0.5309016108512878,0.47418108582496643,0.4423273503780365,-0.011590411886572838,0.2518509328365326,0.43632587790489197,-0.2799507677555084,0.5949887037277222,0.6026281118392944,-0.2761269211769104,0.2605387568473816,0.7150100469589233,-0.6397237181663513,0.6756240725517273,0.6595755815505981,-0.9236842393875122,0.4516517221927643,0.6442244052886963,-1.224173665046692,0.7109860181808472,0.6953346133232117,-1.0493080615997314,0.4957292973995209,0.6663636565208435,-1.335709571838379,0.682916522026062,0.702625036239624,-1.104066252708435,0.51848304271698,0.6452516913414001,-1.2995799779891968,0.6542555689811707,0.6849612593650818,-0.9605786204338074,0.499488890171051,0.6416385173797607,-1.2027018070220947,0.4541972577571869,0.9013407826423645,0.10828334093093872,0.30650895833969116,0.9382365942001343,-0.10858713090419769,0.5648744106292725,1.2184489965438843,0.05369830131530762,0.34129706025123596,1.2934672832489014,-0.42820706963539124,0.5488864183425903,1.600970983505249,0.43477973341941833,0.3368533253669739,1.6693646907806396,-0.09176541864871979,0.5449389219284058,1.6535651683807373,0.45503607392311096,0.33527544140815735,1.723520278930664,-0.0684444010257721,0.5201303958892822,1.7331156730651855,0.18610933423042297,0.37021225690841675,1.7882012128829956,-0.33806246519088745
frame_00206.jpg,0.36107486486434937,0.2749364674091339,-0.5460677146911621,0.3820027709007263,0.23932141065597534,-0.49512338638305664,0.3931691646575928,0.24112778902053833,-0.49567094445228577,0.40474915504455566,0.24366246163845062,-0.4957052767276764,0.3501814603805542,0.2362394630908966,-0.4981690049171448,0.3412802815437317,0.2348683923482895,-0.49882206320762634,0.33361250162124634,0.23343320190906525,-0.49926167726516724,0.41814059019088745,0.2595307230949402,-0.21133533120155334,0.32526668906211853,0.24358895421028137,-0.2331458032131195,0.3833630681037903,0.3123387098312378,-0.4404776990413666,0.34213119745254517,0.30676624178886414,-0.4503598213195801,0.474473237991333,0.4421599209308624,-0.014583459123969078,0.2519280016422272,0.4357651472091675,-0.22079896926879883,0.5969991683959961,0.6016229391098022,-0.29323115944862366,0.25598201155662537,0.6903470754623413,-0.6215885877609253,0.686682939529419,0.6553743481636047,-0.9228832125663757,0.40532994270324707,0.6496694684028625,-1.2036592960357666,0.7330918312072754,0.6762722730636597,-1.0428603887557983,0.4521946310997009,0.6707043051719666,-1.367067575454712,0.7095043659210205,0.6862589716911316,-1.1007773876190186,0.4738469123840332,0.646946132183075,-1.3489010334014893,0.6788594722747803,0.6768186092376709,-0.9608441591262817,0.46232113242149353,0.6450222730636597,-1.210845708847046,0.45892849564552307,0.9008738994598389,0.08821261674165726,0.31044647097587585,0.9357401132583618,-0.08862616121768951,0.5641992688179016,1.2321851253509521,0.043678268790245056,0.3445011377334595,1.2830710411071777,-0.4313477873802185,0.5459692478179932,1.6123826503753662,0.3693642020225525,0.34593531489372253,1.6614166498184204,-0.14947819709777832,0.54238361120224,1.66713285446167,0.38632047176361084,0.34637975692749023,1.7178031206130981,-0.1342390477657318,0.5173481106758118,1.7390555143356323,0.12319733202457428,0.3757651448249817,1.7762492895126343,-0.41246992349624634
frame_00207.jpg,0.3595188856124878,0.2737082839012146,-0.4944562315940857,0.38095712661743164,0.2365078628063202,-0.4439312517642975,0.39139559864997864,0.23818334937095642,-0.4444720149040222,0.4034413695335388,0.2407776564359665,-0.44448122382164,0.3489227890968323,0.2343524545431137,-0.4455581307411194,0.34000417590141296,0.23310725390911102,-0.4461701512336731,0.3325084447860718,0.23205479979515076,-0.4465542435646057,0.41656142473220825,0.25842157006263733,-0.1739426553249359,0.3246944546699524,0.2433346062898636,-0.18163985013961792,0.38219746947288513,0.31127312779426575,-0.39095109701156616,0.3402191996574402,0.30575379729270935,-0.3968987762928009,0.475586473941803,0.43788382411003113,-0.0014793929876759648,0.25177428126335144,0.4350804090499878,-0.16308461129665375,0.604846179485321,0.6039355993270874,-0.27239999175071716,0.2522163987159729,0.6901615262031555,-0.5505889058113098,0.6922236680984497,0.6527226567268372,-0.8777395486831665,0.38364243507385254,0.653793215751648,-1.1726274490356445,0.7385261058807373,0.6802939176559448,-0.9938738942146301,0.4303676187992096,0.6723713278770447,-1.3276863098144531,0.7167148590087891,0.6793845891952515,-1.047583818435669,0.4559440612792969,0.6480408310890198,-1.3095782995224,0.6873408555984497,0.6726307272911072,-0.9132051467895508,0.44470706582069397,0.6471300721168518,-1.177790880203247,0.4672629237174988,0.891029417514801,0.07407251745462418,0.3114240765571594,0.9271775484085083,-0.07457749545574188,0.586091935634613,1.2045989036560059,-0.1834210604429245,0.34412330389022827,1.2701704502105713,-0.4218544363975525,0.5455721616744995,1.5699183940887451,0.1279115080833435,0.3420329988002777,1.6526449918746948,-0.1480412483215332,0.5394359230995178,1.617870807647705,0.14370191097259521,0.34062010049819946,1.708441138267517,-0.1332170069217682,0.5166373252868652,1.7078489065170288,-0.1140575185418129,0.3751397132873535,1.7743371725082397,-0.4093678593635559
frame_00208.jpg,0.35680776834487915,0.2686755955219269,-0.5208689570426941,0.37965184450149536,0.23181168735027313,-0.47269558906555176,0.3894786238670349,0.23414961993694305,-0.4732651710510254,0.4020051062107086,0.23742862045764923,-0.47328242659568787,0.34730038046836853,0.22866122424602509,-0.46737775206565857,0.3379189074039459,0.22805920243263245,-0.4679441452026367,0.33026736974716187,0.2273952215909958,-0.4684349596500397,0.4148484170436859,0.2577642500400543,-0.18399913609027863,0.32225215435028076,0.24183697998523712,-0.2114185094833374,0.3796458840370178,0.3087347149848938,-0.41643381118774414,0.3365617096424103,0.30194154381752014,-0.4194021224975586,0.4733579754829407,0.43813055753707886,0.05889231711626053,0.25075918436050415,0.4330889880657196,-0.2541249692440033,0.5948273539543152,0.6053622961044312,-0.16154222190380096,0.25831395387649536,0.6987070441246033,-0.6270491480827332,0.6913381218910217,0.6541712284088135,-0.8186251521110535,0.4202602803707123,0.6648722290992737,-1.1571091413497925,0.7345129251480103,0.6625580191612244,-0.9339314699172974,0.4682045578956604,0.6831519603729248,-1.3125554323196411,0.7116042971611023,0.661364734172821,-0.9952641725540161,0.4920255243778229,0.649025022983551,-1.2965348958969116,0.6843733191490173,0.6643069386482239,-0.8590215444564819,0.48028406500816345,0.6484638452529907,-1.1647676229476929,0.44903427362442017,0.8913136124610901,0.1231953352689743,0.29926568269729614,0.9274237155914307,-0.1237020343542099,0.5828715562820435,1.1999952793121338,-0.14515253901481628,0.34375858306884766,1.2749561071395874,-0.45928439497947693,0.5220929384231567,1.5591248273849487,0.20279252529144287,0.32268109917640686,1.6540471315383911,-0.164409339427948,0.5076079368591309,1.6068224906921387,0.2180996686220169,0.3121437430381775,1.7102618217468262,-0.14443613588809967,0.49745050072669983,1.6898692846298218,-0.04671570286154747,0.36168986558914185,1.7745881080627441,-0.4043354094028473
frame_00209.jpg,0.3550882637500763,0.2656416893005371,-0.5130088329315186,0.378768652677536,0.2291843742132187,-0.4576141834259033,0.3882834017276764,0.23162944614887238,-0.45814552903175354,0.40097594261169434,0.23509447276592255,-0.4581584930419922,0.3460313081741333,0.22591568529605865,-0.4725008010864258,0.3363046944141388,0.22559216618537903,-0.4731188714504242,0.3285519778728485,0.22506707906723022,-0.4734998643398285,0.41369789838790894,0.25713667273521423,-0.15557143092155457,0.3204246461391449,0.24154311418533325,-0.23242707550525665,0.37833693623542786,0.30659425258636475,-0.39720162749290466,0.33464428782463074,0.2998148202896118,-0.42236971855163574,0.4704367220401764,0.4371344745159149,0.09130717068910599,0.25052720308303833,0.43245819211006165,-0.255275696516037,0.585966944694519,0.6067830324172974,-0.12518171966075897,0.25987979769706726,0.7041822075843811,-0.6161091923713684,0.6905420422554016,0.6535829305648804,-0.7770448327064514,0.4272693693637848,0.6771280765533447,-1.0735458135604858,0.7319930195808411,0.6679739356040955,-0.8913248181343079,0.48395079374313354,0.704062283039093,-1.2197362184524536,0.7094387412071228,0.6578572392463684,-0.9506450891494751,0.5037959814071655,0.6575947999954224,-1.201582431793213,0.6834033727645874,0.6570574641227722,-0.8168826103210449,0.4897461533546448,0.6546487212181091,-1.0782142877578735,0.44791722297668457,0.8902222514152527,0.13507521152496338,0.29727882146835327,0.9274414777755737,-0.13559205830097198,0.6005828380584717,1.1544055938720703,-0.1378459632396698,0.35945701599121094,1.2672086954116821,-0.5005325675010681,0.5282611846923828,1.5303469896316528,0.08578121662139893,0.3234124779701233,1.6500908136367798,-0.19030742347240448,0.5084545016288757,1.5770323276519775,0.0931105837225914,0.312341570854187,1.704837679862976,-0.16585050523281097,0.5049718022346497,1.6729580163955688,-0.15475472807884216,0.36644408106803894,1.7732294797897339,-0.40407609939575195
frame_00210.jpg,0.35202962160110474,0.26183024048805237,-0.5263038277626038,0.3761608600616455,0.22346773743629456,-0.4719800353050232,0.38625839352607727,0.22564533352851868,-0.4725258946418762,0.39896121621131897,0.2283487617969513,-0.47253984212875366,0.3428451120853424,0.22129230201244354,-0.4850095212459564,0.33351072669029236,0.22134612500667572,-0.48564425110816956,0.32633623480796814,0.22114886343479156,-0.48602551221847534,0.4128815531730652,0.2499416470527649,-0.1752498894929886,0.31899094581604004,0.23947302997112274,-0.23510661721229553,0.376007616519928,0.3011307418346405,-0.4113914966583252,0.33229872584342957,0.29566019773483276,-0.4329850673675537,0.4713139533996582,0.437247633934021,0.05858642980456352,0.2442968636751175,0.4310603737831116,-0.2016301155090332,0.584136426448822,0.6316248178482056,-0.14870479702949524,0.2230663001537323,0.6970098614692688,-0.4565029740333557,0.6698461174964905,0.6561748385429382,-0.7437160015106201,0.36650222539901733,0.7621402740478516,-0.8949211239814758,0.6991490721702576,0.6729003190994263,-0.8567790985107422,0.3980741798877716,0.8030515909194946,-1.0255306959152222,0.6880176067352295,0.6491088271141052,-0.9055066108703613,0.4314153790473938,0.7554758787155151,-1.0262887477874756,0.6577402353286743,0.651517927646637,-0.7765766382217407,0.42321547865867615,0.7424045205116272,-0.9066357612609863,0.453167587518692,0.8771875500679016,0.11665954440832138,0.2968211770057678,0.9131993055343628,-0.11733563989400864,0.6068962216377258,1.1638984680175781,-0.23395732045173645,0.3575969338417053,1.256658911705017,-0.4095097482204437,0.5225642919540405,1.5105007886886597,-0.039889223873615265,0.3276383578777313,1.65073561668396,-0.11003412306308746,0.5003436207771301,1.5551749467849731,-0.03524577617645264,0.3191066384315491,1.7056676149368286,-0.08874444663524628,0.49639612436294556,1.6394661664962769,-0.31827816367149353,0.36638447642326355,1.7743827104568481,-0.35033828020095825
frame_00211.jpg,0.351973295211792,0.2507116198539734,-0.6126493215560913,0.37604063749313354,0.21537306904792786,-0.563665509223938,0.38629186153411865,0.21834197640419006,-0.5642963647842407,0.39896756410598755,0.22168682515621185,-0.5643215179443359,0.3427914083003998,0.21177510917186737,-0.5664092898368835,0.3333648443222046,0.21227861940860748,-0.5670804977416992,0.3259735703468323,0.2125505656003952,-0.567541241645813,0.4128967821598053,0.24617227911949158,-0.2850499749183655,0.31818416714668274,0.22979667782783508,-0.2987290918827057,0.37548965215682983,0.2934494614601135,-0.5041203498840332,0.33215123414993286,0.283078134059906,-0.5122720003128052,0.4714873731136322,0.43989238142967224,-0.08534681051969528,0.24259896576404572,0.43089208006858826,-0.20269179344177246,0.5932304263114929,0.6372976303100586,-0.28814318776130676,0.21532157063484192,0.6917178630828857,-0.5070509314537048,0.6666744351387024,0.6754048466682434,-0.8586856722831726,0.3447369933128357,0.7727136611938477,-0.9974225163459778,0.6925932765007019,0.7020085453987122,-0.9792224168777466,0.3659127950668335,0.8088968396186829,-1.142486810684204,0.6674321889877319,0.661159098148346,-1.0278894901275635,0.4068605899810791,0.7659260630607605,-1.1286647319793701,0.6491504311561584,0.658723771572113,-0.8907753825187683,0.4024597108364105,0.7558066844940186,-1.0068979263305664,0.4556245803833008,0.8798221349716187,0.07852810621261597,0.2967700660228729,0.9141184091567993,-0.07912962883710861,0.5577589869499207,1.230686068534851,-0.17459417879581451,0.33579349517822266,1.2571271657943726,-0.3747847080230713,0.5082134008407593,1.588442325592041,-0.016624609008431435,0.3235601782798767,1.6455351114273071,-0.06603832542896271,0.4963656961917877,1.6420776844024658,-0.019692888483405113,0.317463755607605,1.699358344078064,-0.04559973627328873,0.4779640734195709,1.7054075002670288,-0.3457333445549011,0.36169546842575073,1.7671294212341309,-0.32463932037353516
frame_00212.jpg,0.35195761919021606,0.24558855593204498,-0.6236344575881958,0.3759632706642151,0.211506649851799,-0.573695182800293,0.3863162100315094,0.21476887166500092,-0.5743125677108765,0.3989729881286621,0.21836446225643158,-0.5743423700332642,0.34276312589645386,0.20726491510868073,-0.5779320001602173,0.33327651023864746,0.20786496996879578,-0.5786060094833374,0.3257365822792053,0.20824165642261505,-0.5790590643882751,0.4129127562046051,0.24379417300224304,-0.29226556420326233,0.31764984130859375,0.2248985469341278,-0.312359094619751,0.3752043843269348,0.289387583732605,-0.5140394568443298,0.3320959806442261,0.27737662196159363,-0.5240362882614136,0.4715307652950287,0.4416603744029999,-0.08728520572185516,0.24135355651378632,0.43059369921684265,-0.22321584820747375,0.5962427258491516,0.6394844055175781,-0.2914045453071594,0.21345701813697815,0.6896507143974304,-0.5197960138320923,0.6675475239753723,0.6799787878990173,-0.8745468854904175,0.33855658769607544,0.7822610139846802,-1.0156720876693726,0.6953033804893494,0.7075758576393127,-0.9949765205383301,0.3575308918952942,0.8191490769386292,-1.161805510520935,0.6694332957267761,0.6637553572654724,-1.0472042560577393,0.3992305397987366,0.7785069942474365,-1.160361886024475,0.651432454586029,0.6600582003593445,-0.9087297320365906,0.39579299092292786,0.7683508396148682,-1.0299217700958252,0.4562866687774658,0.881155788898468,0.07553070038557053,0.29596447944641113,0.9153133630752563,-0.07612714916467667,0.5554491877555847,1.2323148250579834,-0.1976039558649063,0.3295367956161499,1.258040189743042,-0.36759626865386963,0.5067681074142456,1.5881060361862183,-0.023735249415040016,0.32094594836235046,1.6455168724060059,-0.056840233504772186,0.4961265027523041,1.6405563354492188,-0.023787375539541245,0.315982848405838,1.699403166770935,-0.036529459059238434,0.47719135880470276,1.706628680229187,-0.3412371873855591,0.3583844304084778,1.7672115564346313,-0.31778281927108765
frame_00213.jpg,0.3525039851665497,0.24308237433433533,-0.6127983927726746,0.376067191362381,0.21001634001731873,-0.56399005651474,0.3867759704589844,0.21347768604755402,-0.5645936727523804,0.3991296887397766,0.21723832190036774,-0.5645663738250732,0.3431701958179474,0.20468150079250336,-0.5653523206710815,0.3335334062576294,0.20505696535110474,-0.5658931136131287,0.32574936747550964,0.2053539901971817,-0.5662325620651245,0.4130271077156067,0.2425088882446289,-0.2735360264778137,0.31701916456222534,0.22262810170650482,-0.3070065379142761,0.37533196806907654,0.2877809703350067,-0.5059551000595093,0.33247339725494385,0.27612316608428955,-0.5217215418815613,0.4714420735836029,0.44263821840286255,-0.07554540783166885,0.2413153201341629,0.43055251240730286,-0.2599189579486847,0.5976320505142212,0.6427169442176819,-0.357186496257782,0.2180453985929489,0.6831625699996948,-0.6419442296028137,0.6507412195205688,0.690169095993042,-0.9992738962173462,0.40188392996788025,0.7052424550056458,-1.138389229774475,0.6763879656791687,0.7137365341186523,-1.127996802330017,0.45120254158973694,0.7441133260726929,-1.286454677581787,0.6545727849006653,0.6942256093025208,-1.1660972833633423,0.4935193657875061,0.7032696008682251,-1.2633877992630005,0.6388051509857178,0.6849383115768433,-1.0292747020721436,0.4796012043952942,0.7013565301895142,-1.1429389715194702,0.4543049931526184,0.8822252750396729,0.07934486865997314,0.28794312477111816,0.913473904132843,-0.07990750670433044,0.5391242504119873,1.1644566059112549,-0.24134047329425812,0.2994219660758972,1.2164814472198486,-0.408113956451416,0.48834967613220215,1.5258439779281616,-0.05631149932742119,0.32031339406967163,1.6351699829101562,-0.15686503052711487,0.4772973954677582,1.5806727409362793,-0.05445622280240059,0.31600984930992126,1.6926037073135376,-0.14198018610477448,0.46188050508499146,1.6352193355560303,-0.3667377531528473,0.36883148550987244,1.760162115097046,-0.4463042616844177
frame_00214.jpg,0.35327234864234924,0.24219638109207153,-0.6036303639411926,0.37615710496902466,0.20942005515098572,-0.5525436401367188,0.3872148096561432,0.21290256083011627,-0.553128719329834,0.3992387056350708,0.21663451194763184,-0.5531109571456909,0.3435209393501282,0.20376890897750854,-0.5574503540992737,0.3338061571121216,0.2040630429983139,-0.558016300201416,0.3257691264152527,0.20428863167762756,-0.5583650469779968,0.41313257813453674,0.24139128625392914,-0.2646791934967041,0.31652146577835083,0.22175271809101105,-0.3008117079734802,0.3756648302078247,0.28691402077674866,-0.493590772151947,0.33347877860069275,0.27593907713890076,-0.5106195211410522,0.47144198417663574,0.4426502287387848,-0.07206746935844421,0.2416422814130783,0.43151989579200745,-0.2505599558353424,0.6001134514808655,0.6462619304656982,-0.30871811509132385,0.2223568856716156,0.684966504573822,-0.5484185218811035,0.6364453434944153,0.6950244903564453,-0.923749566078186,0.4005313813686371,0.712157130241394,-0.9931924939155579,0.6699449419975281,0.7338008880615234,-1.04546320438385,0.44957512617111206,0.775614857673645,-1.127936840057373,0.6405835151672363,0.7047008275985718,-1.0678815841674805,0.4842202663421631,0.7286673784255981,-1.1210174560546875,0.6292814612388611,0.6896689534187317,-0.9418565034866333,0.4713320732116699,0.7201060056686401,-1.0024453401565552,0.45195937156677246,0.8836498260498047,0.0728885680437088,0.28467676043510437,0.9138674139976501,-0.07343825697898865,0.5172744989395142,1.2029446363449097,-0.20714159309864044,0.2946673631668091,1.235219955444336,-0.38215523958206177,0.4814888536930084,1.579166293144226,-0.07389869540929794,0.3057464063167572,1.63563871383667,-0.09618248045444489,0.4746769368648529,1.635107159614563,-0.0785713642835617,0.30372685194015503,1.689631700515747,-0.0767626017332077,0.44929495453834534,1.693400502204895,-0.4004688262939453,0.3459366261959076,1.7594810724258423,-0.35195815563201904
frame_00215.jpg,0.3538669943809509,0.24248822033405304,-0.49639829993247986,0.3764398694038391,0.20972925424575806,-0.4400382936000824,0.3883213400840759,0.21315407752990723,-0.44059768319129944,0.39990881085395813,0.2168472707271576,-0.44058212637901306,0.34375080466270447,0.20417580008506775,-0.4530239999294281,0.3340699374675751,0.204425647854805,-0.4536246657371521,0.32586073875427246,0.20457856357097626,-0.45398688316345215,0.41487306356430054,0.2414834052324295,-0.14336875081062317,0.316602885723114,0.22191326320171356,-0.20628622174263,0.37636950612068176,0.286866158246994,-0.38238832354545593,0.33431315422058105,0.276154100894928,-0.4051815867424011,0.4708293378353119,0.44125357270240784,0.06569166481494904,0.24512851238250732,0.43069809675216675,-0.18996836245059967,0.5970397591590881,0.6404160261154175,-0.06360404938459396,0.25101351737976074,0.6920982599258423,-0.5137935876846313,0.6668168902397156,0.7013453841209412,-0.5530756711959839,0.4023277163505554,0.7127639651298523,-0.9893710017204285,0.6980481743812561,0.7385788559913635,-0.6420129537582397,0.44640111923217773,0.7705257534980774,-1.1302039623260498,0.6784284114837646,0.7080866694450378,-0.6999187469482422,0.483445942401886,0.7257091999053955,-1.1227577924728394,0.6636083722114563,0.6982590556144714,-0.5864374041557312,0.4686717092990875,0.7181087136268616,-0.9997761845588684,0.45950260758399963,0.8812596797943115,0.09080752730369568,0.29240724444389343,0.9121144413948059,-0.09137210994958878,0.5920875072479248,1.1187688112258911,-0.11426828056573868,0.3293856680393219,1.1545053720474243,-0.4485797882080078,0.5892714262008667,1.4961017370224,0.07864752411842346,0.3578830361366272,1.6052906513214111,-0.2213253229856491,0.58321213722229,1.5508856773376465,0.081929050385952,0.3573753237724304,1.669567346572876,-0.20732994377613068,0.5725120306015015,1.620112657546997,-0.1918342560529709,0.40811672806739807,1.732631802558899,-0.48339301347732544
frame_00216.jpg,0.3541261553764343,0.24545806646347046,-0.5065157413482666,0.3765479028224945,0.21198312938213348,-0.45021405816078186,0.3889608383178711,0.21492592990398407,-0.4507531523704529,0.4003906846046448,0.218873992562294,-0.45073479413986206,0.34398648142814636,0.20741353929042816,-0.4658288359642029,0.33426496386528015,0.20667894184589386,-0.46644526720046997,0.3259797692298889,0.20653119683265686,-0.46684345602989197,0.41658395528793335,0.24373044073581696,-0.15177252888679504,0.31693235039711,0.22434242069721222,-0.2245575189590454,0.37671342492103577,0.28859663009643555,-0.3910978436470032,0.3346227705478668,0.2794884741306305,-0.41658878326416016,0.47083988785743713,0.44159790873527527,0.08114252984523773,0.24509327113628387,0.4289652109146118,-0.20218968391418457,0.5981967449188232,0.6407784223556519,-0.08774033933877945,0.2502743899822235,0.6969155669212341,-0.5478483438491821,0.6697801351547241,0.6990015506744385,-0.6578594446182251,0.4018191695213318,0.7097581624984741,-1.0282434225082397,0.7016679048538208,0.7353562712669373,-0.7595283389091492,0.4516931176185608,0.7444400787353516,-1.1794893741607666,0.6869933605194092,0.7074135541915894,-0.8158147931098938,0.47912150621414185,0.718492329120636,-1.1489558219909668,0.6668300032615662,0.6934446692466736,-0.6928483247756958,0.46845245361328125,0.711157500743866,-1.0285545587539673,0.45917749404907227,0.8816958665847778,0.1162017211318016,0.2924118638038635,0.9127609133720398,-0.11672388017177582,0.6176618337631226,1.1291910409927368,-0.05405033379793167,0.33639785647392273,1.1893575191497803,-0.44293147325515747,0.6218492984771729,1.505344033241272,0.19600185751914978,0.365055650472641,1.6128253936767578,-0.18455085158348083,0.6156073808670044,1.5605964660644531,0.2049565315246582,0.36315029859542847,1.6744015216827393,-0.1677982062101364,0.6125187277793884,1.6296528577804565,-0.0726170614361763,0.4225432872772217,1.7380772829055786,-0.44045066833496094
frame_00217.jpg,0.35429590940475464,0.2473817765712738,-0.5136319398880005,0.37662267684936523,0.21345385909080505,-0.45762938261032104,0.3893754482269287,0.21608838438987732,-0.45816856622695923,0.4007222056388855,0.22018781304359436,-0.4581523537635803,0.3441469371318817,0.20950719714164734,-0.47353464365005493,0.3344050943851471,0.20822957158088684,-0.4741590917110443,0.32607725262641907,0.20789389312267303,-0.4745718538761139,0.4176895022392273,0.24516227841377258,-0.1600184291601181,0.31723615527153015,0.22604793310165405,-0.23365166783332825,0.376932293176651,0.28980109095573425,-0.3983692526817322,0.33485302329063416,0.2816731035709381,-0.4240277409553528,0.47084546089172363,0.4420933723449707,0.0768711119890213,0.2450869381427765,0.42802631855010986,-0.2108982354402542,0.5986896753311157,0.6408059000968933,-0.08327831327915192,0.24986839294433594,0.7003844380378723,-0.5658373832702637,0.6790315508842468,0.6974359154701233,-0.642272412776947,0.4015459418296814,0.7100067734718323,-1.0420596599578857,0.7071346044540405,0.734295666217804,-0.7406083345413208,0.4544927179813385,0.7346120476722717,-1.1943074464797974,0.6926255822181702,0.7062709927558899,-0.7988455891609192,0.4764716625213623,0.7147908806800842,-1.1576597690582275,0.6702181100845337,0.6921678185462952,-0.6778400540351868,0.4670146405696869,0.7073633074760437,-1.0396229028701782,0.45909032225608826,0.8819856643676758,0.12389489263296127,0.29237380623817444,0.9132011532783508,-0.12440665066242218,0.6226164102554321,1.1274795532226562,-0.03931831568479538,0.34081608057022095,1.200698733329773,-0.43885621428489685,0.6233434677124023,1.4969359636306763,0.22221426665782928,0.3684556484222412,1.6160564422607422,-0.16969400644302368,0.6167090535163879,1.5517312288284302,0.23267123103141785,0.3659464120864868,1.6765024662017822,-0.15176720917224884,0.614111602306366,1.6196194887161255,-0.03772750869393349,0.427997887134552,1.7397128343582153,-0.4254283010959625
frame_00218.jpg,0.3542548418045044,0.25317609310150146,-0.5945731997489929,0.3766250014305115,0.21784773468971252,-0.5469303727149963,0.38936540484428406,0.2213580459356308,-0.5475572347640991,0.4007199704647064,0.22694040834903717,-0.5474947690963745,0.34429389238357544,0.21311037242412567,-0.5486835241317749,0.33455073833465576,0.21120616793632507,-0.5492624640464783,0.32623130083084106,0.2101784199476242,-0.5496163964271545,0.41769886016845703,0.2518064081668854,-0.2729576826095581,0.3179394602775574,0.22814930975437164,-0.2840946316719055,0.37639591097831726,0.295319139957428,-0.4878276288509369,0.33486002683639526,0.2862328886985779,-0.49509572982788086,0.4711766839027405,0.44310835003852844,-0.07734546810388565,0.24522586166858673,0.42894330620765686,-0.2380756437778473,0.6054028272628784,0.6436386108398438,-0.2991131842136383,0.2551635503768921,0.6999396085739136,-0.5975204706192017,0.679097592830658,0.6965758204460144,-0.8635953068733215,0.401233434677124,0.6892822980880737,-1.158976674079895,0.7079483866691589,0.7391247153282166,-0.9785478711128235,0.44671860337257385,0.7095884680747986,-1.319047451019287,0.6924647688865662,0.7072736024856567,-1.026649832725525,0.46478715538978577,0.69452965259552,-1.3071037530899048,0.6692395806312561,0.6986458897590637,-0.8953704833984375,0.46148666739463806,0.6879088282585144,-1.1708791255950928,0.4587194323539734,0.881022572517395,0.10074053704738617,0.29118677973747253,0.9086143374443054,-0.10123840719461441,0.6139004230499268,1.123876929283142,-0.05289750546216965,0.3267739713191986,1.160531997680664,-0.3524738550186157,0.5627239942550659,1.432497501373291,0.2901652157306671,0.3654031455516815,1.5905578136444092,-0.07385392487049103,0.5471006035804749,1.4760459661483765,0.3107333779335022,0.35991352796554565,1.6512523889541626,-0.05558173730969429,0.5467417240142822,1.5440083742141724,0.042815688997507095,0.4156327247619629,1.723212480545044,-0.3537927269935608
frame_00219.jpg,0.3542643189430237,0.2563379108905792,-0.5434246063232422,0.376628577709198,0.22060039639472961,-0.49395424127578735,0.3893659710884094,0.22448323667049408,-0.49457138776779175,0.40072011947631836,0.23050835728645325,-0.49447959661483765,0.34457603096961975,0.21574732661247253,-0.49347585439682007,0.3349144160747528,0.21370504796504974,-0.4940204620361328,0.32658061385154724,0.21217356622219086,-0.49436959624290466,0.41772347688674927,0.25491660833358765,-0.23594555258750916,0.3186200261116028,0.22982104122638702,-0.23347993195056915,0.3762694001197815,0.2981967031955719,-0.44407978653907776,0.33500924706459045,0.28876060247421265,-0.4477776885032654,0.4717072546482086,0.44410833716392517,-0.047990281134843826,0.24532444775104523,0.42926913499832153,-0.20844261348247528,0.6083476543426514,0.6447887420654297,-0.28318968415260315,0.2573818266391754,0.6979407668113708,-0.5940005779266357,0.6799581050872803,0.6954726576805115,-0.8539945483207703,0.39993152022361755,0.6771152019500732,-1.144510269165039,0.7101167440414429,0.7375701069831848,-0.9676915407180786,0.4387194514274597,0.6980233788490295,-1.3049519062042236,0.6939345002174377,0.7054866552352905,-1.0157721042633057,0.4564264714717865,0.6834778189659119,-1.29447603225708,0.6694087982177734,0.6973769664764404,-0.8860301971435547,0.4540178179740906,0.6781324148178101,-1.1576106548309326,0.45838290452957153,0.8812535405158997,0.0913858413696289,0.291195809841156,0.9031617045402527,-0.09186740219593048,0.603565514087677,1.1142351627349854,-0.035600677132606506,0.3220847249031067,1.1255614757537842,-0.40912652015686035,0.5531948804855347,1.4344310760498047,0.2775285840034485,0.3596031665802002,1.5707391500473022,-0.2021877020597458,0.5404213666915894,1.4813405275344849,0.293666809797287,0.3564569354057312,1.6341322660446167,-0.19012363255023956,0.532688558101654,1.5468732118606567,0.03234885632991791,0.4106742739677429,1.7036107778549194,-0.48186787962913513
frame_00220.jpg,0.3543207049369812,0.257441908121109,-0.49339166283607483,0.37662097811698914,0.22180920839309692,-0.4410759508609772,0.3893126845359802,0.22580192983150482,-0.4416325092315674,0.40068116784095764,0.23178105056285858,-0.4415566325187683,0.34458860754966736,0.2168467938899994,-0.445504754781723,0.33492371439933777,0.21478711068630219,-0.4460826814174652,0.3265734910964966,0.21322686970233917,-0.44644731283187866,0.41690507531166077,0.2552703022956848,-0.1725386381149292,0.3181695342063904,0.2307678610086441,-0.1940719336271286,0.3762762248516083,0.29932287335395813,-0.390939861536026,0.3351379632949829,0.2899705171585083,-0.40133365988731384,0.47137197852134705,0.44363194704055786,-0.02810654602944851,0.24641183018684387,0.4292372763156891,-0.1757650524377823,0.5891075134277344,0.6324822902679443,-0.26705554127693176,0.2563566565513611,0.6883298754692078,-0.5293234586715698,0.6464926600456238,0.6949020624160767,-0.861270546913147,0.40034717321395874,0.6600755453109741,-1.0386130809783936,0.6767460107803345,0.7316316366195679,-0.9789009094238281,0.4391539692878723,0.6729463338851929,-1.1876568794250488,0.6556914448738098,0.7038743495941162,-1.0243685245513916,0.4600291848182678,0.6602521538734436,-1.1753273010253906,0.6419229507446289,0.6993656754493713,-0.8929061889648438,0.4532129168510437,0.6611772775650024,-1.0488168001174927,0.45772629976272583,0.8826491236686707,0.07996764779090881,0.291628360748291,0.9012355208396912,-0.08045928180217743,0.5327507257461548,1.1135929822921753,-0.14786465466022491,0.306344211101532,1.0932247638702393,-0.48792752623558044,0.510863721370697,1.4572430849075317,0.04859761521220207,0.35267359018325806,1.5512765645980835,-0.30386894941329956,0.5070415735244751,1.5014069080352783,0.05237240716814995,0.35542362928390503,1.616617202758789,-0.2941860854625702,0.4797867238521576,1.5758520364761353,-0.22943484783172607,0.4010472893714905,1.6787773370742798,-0.576056718826294
frame_00221.jpg,0.3543734550476074,0.257071852684021,-0.43157315254211426,0.37658417224884033,0.2217743843793869,-0.3783884644508362,0.3891267478466034,0.22560428082942963,-0.3789180815219879,0.4005347192287445,0.23141081631183624,-0.37887445092201233,0.34460529685020447,0.21684440970420837,-0.3851220905780792,0.33494073152542114,0.21482940018177032,-0.3856942653656006,0.3265840411186218,0.21336381137371063,-0.386128306388855,0.4159802496433258,0.25519660115242004,-0.11478649079799652,0.31807759404182434,0.23107489943504333,-0.14583393931388855,0.3762137293815613,0.2984603941440582,-0.33123716711997986,0.3351523280143738,0.2898778021335602,-0.3442712128162384,0.47194963693618774,0.4438479244709015,0.023015884682536125,0.24853594601154327,0.4285089075565338,-0.13151217997074127,0.6093723773956299,0.6324895024299622,-0.25222283601760864,0.2552659213542938,0.6830297112464905,-0.512751042842865,0.5951930284500122,0.694815993309021,-0.8370418548583984,0.4023502469062805,0.6544353365898132,-1.0466434955596924,0.6090556979179382,0.7456449270248413,-0.9510619044303894,0.45008689165115356,0.6703858971595764,-1.1978449821472168,0.5745775699615479,0.7084039449691772,-1.0225863456726074,0.47051626443862915,0.6551439166069031,-1.1801135540008545,0.570068359375,0.7019720673561096,-0.8740864992141724,0.46151167154312134,0.6541672945022583,-1.054286241531372,0.4593459665775299,0.8901051878929138,0.06346064805984497,0.30060458183288574,0.9044963121414185,-0.06396333873271942,0.5040844678878784,1.1688003540039062,-0.1444787085056305,0.30929335951805115,1.1467636823654175,-0.4313715398311615,0.5101818442344666,1.5748023986816406,-0.00565451942384243,0.35372060537338257,1.5539082288742065,-0.23945252597332,0.5112694501876831,1.6389610767364502,-0.014852556400001049,0.3590334951877594,1.620650053024292,-0.2289031445980072,0.4820151925086975,1.6846048831939697,-0.3194964528083801,0.3970520496368408,1.6931416988372803,-0.5065101385116577
frame_00222.jpg,0.3543853163719177,0.2568904161453247,-0.4700642228126526,0.3765616714954376,0.22174637019634247,-0.4168928563594818,0.3889434039592743,0.22556200623512268,-0.4174415171146393,0.40042224526405334,0.23135526478290558,-0.4174121022224426,0.3446207642555237,0.21683503687381744,-0.42481130361557007,0.3349553048610687,0.21484069526195526,-0.42539969086647034,0.32659152150154114,0.21340061724185944,-0.4258108139038086,0.41486310958862305,0.2550700902938843,-0.14385712146759033,0.3179476857185364,0.23110075294971466,-0.17997395992279053,0.3760519325733185,0.2979695498943329,-0.36532896757125854,0.3350810408592224,0.2896157205104828,-0.37974902987480164,0.47193974256515503,0.4435534179210663,0.020979924127459526,0.24895289540290833,0.4275394380092621,-0.1673227846622467,0.6075395345687866,0.6325846910476685,-0.29234176874160767,0.25492385029792786,0.6771672964096069,-0.6042550802230835,0.6137028336524963,0.6945796608924866,-0.9461970329284668,0.40428367257118225,0.6529579758644104,-1.1653292179107666,0.6383892893791199,0.7443079352378845,-1.0725979804992676,0.45501819252967834,0.6739922165870667,-1.329545021057129,0.6008732914924622,0.7066400647163391,-1.1160128116607666,0.4758429527282715,0.6546812057495117,-1.3052482604980469,0.5967494249343872,0.7000343203544617,-0.9779653549194336,0.46579957008361816,0.6520633697509766,-1.1717212200164795,0.4584026336669922,0.8898324966430664,0.06416955590248108,0.30020448565483093,0.905565619468689,-0.06470001488924026,0.544632077217102,1.1342747211456299,-0.17948876321315765,0.3086559474468231,1.185139536857605,-0.41645464301109314,0.5344147086143494,1.522689700126648,0.045769333839416504,0.3475251793861389,1.558456540107727,-0.16881847381591797,0.5300856828689575,1.5823992490768433,0.04968273639678955,0.3543088734149933,1.6250284910202026,-0.1539037823677063,0.5143511891365051,1.6428546905517578,-0.2364441454410553,0.38670602440834045,1.6995071172714233,-0.43220585584640503
frame_00223.jpg,0.35439321398735046,0.25666651129722595,-0.5453455448150635,0.3765316307544708,0.22163540124893188,-0.4948493540287018,0.3888391852378845,0.2254420816898346,-0.4954395294189453,0.4003836214542389,0.2313113808631897,-0.4954569935798645,0.3446310758590698,0.21661065518856049,-0.5011018514633179,0.33493372797966003,0.21467523276805878,-0.5016809701919556,0.326524555683136,0.2133321911096573,-0.5020750761032104,0.41452550888061523,0.2549673020839691,-0.21473507583141327,0.3176037669181824,0.23105120658874512,-0.24169611930847168,0.37598568201065063,0.29788514971733093,-0.4354175925254822,0.3350412845611572,0.28956839442253113,-0.4473630487918854,0.473122775554657,0.44232961535453796,-0.019806670024991035,0.24958741664886475,0.4280312955379486,-0.20210206508636475,0.614344596862793,0.6314958930015564,-0.2817651331424713,0.2559886872768402,0.698893129825592,-0.5959406495094299,0.6189568042755127,0.70427405834198,-0.8971570134162903,0.40402254462242126,0.6731943488121033,-1.136626958847046,0.6325774192810059,0.750589907169342,-1.0178935527801514,0.4469371438026428,0.6796022057533264,-1.2925316095352173,0.5991472005844116,0.7079768776893616,-1.0567595958709717,0.4682963490486145,0.6585410833358765,-1.2736656665802002,0.5924354791641235,0.7006197571754456,-0.9257985949516296,0.4613723158836365,0.656536877155304,-1.1444103717803955,0.46009165048599243,0.8898727297782898,0.0669056624174118,0.30181413888931274,0.9158174395561218,-0.0674934834241867,0.5850298404693604,1.1463940143585205,-0.2676296830177307,0.3183371126651764,1.256140112876892,-0.368919312953949,0.5389823317527771,1.5310845375061035,-0.05008081719279289,0.34437623620033264,1.6204453706741333,-0.06584274023771286,0.5302277207374573,1.5862919092178345,-0.04394061490893364,0.34595203399658203,1.6768519878387451,-0.044991664588451385,0.5194758772850037,1.6625957489013672,-0.3399960994720459,0.38495999574661255,1.7481199502944946,-0.32216256856918335
frame_00224.jpg,0.3543834090232849,0.2564902901649475,-0.6145531535148621,0.3764989674091339,0.22158049046993256,-0.5647138357162476,0.3887006640434265,0.22537876665592194,-0.5653198957443237,0.40032243728637695,0.23124204576015472,-0.5653185844421387,0.3446260988712311,0.2165227234363556,-0.5724844336509705,0.33487874269485474,0.21463121473789215,-0.5730558037757874,0.3264467120170593,0.21332651376724243,-0.573437511920929,0.41415682435035706,0.25484946370124817,-0.2825832962989807,0.3173069357872009,0.23105379939079285,-0.3171539604663849,0.3759079575538635,0.29782524704933167,-0.5035538673400879,0.3349633812904358,0.28953155875205994,-0.5176378488540649,0.47351494431495667,0.44027653336524963,-0.06617521494626999,0.2504035234451294,0.4283705949783325,-0.28215697407722473,0.616963267326355,0.6331037282943726,-0.2974943220615387,0.25791433453559875,0.7088544368743896,-0.6469515562057495,0.6237786412239075,0.7060907483100891,-0.8988324999809265,0.40390267968177795,0.6857782602310181,-1.1757744550704956,0.6374183893203735,0.7513267397880554,-1.0180639028549194,0.4427977204322815,0.6870518922805786,-1.32985520362854,0.6047543883323669,0.707709550857544,-1.0564988851547241,0.4643581807613373,0.6611891388893127,-1.3141472339630127,0.596828043460846,0.7002197504043579,-0.9270612597465515,0.458819717168808,0.659146249294281,-1.1844401359558105,0.4605106711387634,0.8893899917602539,0.08493924140930176,0.30352896451950073,0.9197219610214233,-0.08550819754600525,0.6134206056594849,1.1248586177825928,-0.2516961395740509,0.3272777795791626,1.2557041645050049,-0.3543379306793213,0.5528087615966797,1.4850735664367676,-0.003523922758176923,0.3443092703819275,1.6262876987457275,-0.02503744140267372,0.536284327507019,1.5348516702651978,0.005878643598407507,0.3442152142524719,1.6803956031799316,-0.001209633657708764,0.5386413335800171,1.618312954902649,-0.28217586874961853,0.387259304523468,1.75503408908844,-0.2804199755191803
frame_00225.jpg,0.35416698455810547,0.25615212321281433,-0.5841434001922607,0.3763365149497986,0.22138148546218872,-0.5345727801322937,0.38807550072669983,0.2250804752111435,-0.535172700881958,0.4000142514705658,0.23082081973552704,-0.5351374745368958,0.3444458544254303,0.21619948744773865,-0.5410836935043335,0.33463478088378906,0.21446914970874786,-0.5416628122329712,0.3262367844581604,0.21323806047439575,-0.5420563817024231,0.4140494763851166,0.25471583008766174,-0.26736384630203247,0.31694769859313965,0.23107758164405823,-0.2914789021015167,0.37569019198417664,0.2977600693702698,-0.476721853017807,0.33442434668540955,0.2894781827926636,-0.48948127031326294,0.47348928451538086,0.44055983424186707,-0.008126194588840008,0.24881133437156677,0.42871472239494324,-0.2615419328212738,0.615353524684906,0.6249921321868896,-0.17737026512622833,0.24521653354167938,0.7077151536941528,-0.5508750677108765,0.7059240937232971,0.7023178935050964,-0.7516810297966003,0.3928017020225525,0.7361961603164673,-0.9869775772094727,0.7485793828964233,0.7297938466072083,-0.8595382571220398,0.43008899688720703,0.7645546197891235,-1.1229032278060913,0.7312679290771484,0.7095815539360046,-0.925188422203064,0.46081361174583435,0.713586151599884,-1.1215136051177979,0.7122117280960083,0.7107343077659607,-0.7918568849563599,0.4461117684841156,0.6951099038124084,-0.9985429048538208,0.45987921953201294,0.8896008729934692,0.0968811959028244,0.3015579879283905,0.924267590045929,-0.09752952307462692,0.6325927376747131,1.091054916381836,-0.2600536644458771,0.33006948232650757,1.2481573820114136,-0.36090293526649475,0.567093014717102,1.458533763885498,-0.073539137840271,0.33567893505096436,1.6317732334136963,-0.04946237429976463,0.5468169450759888,1.508225917816162,-0.0698084682226181,0.3318004906177521,1.6856365203857422,-0.027042677626013756,0.5518630743026733,1.5949606895446777,-0.3580014109611511,0.37970805168151855,1.7661937475204468,-0.2965400815010071
frame_00226.jpg,0.3536617159843445,0.2560979723930359,-0.6020606756210327,0.3760548532009125,0.22110526263713837,-0.5552452802658081,0.38724184036254883,0.2245168834924698,-0.5558546185493469,0.3995034098625183,0.2294861376285553,-0.5558212995529175,0.34366074204444885,0.2159440666437149,-0.5568555593490601,0.33359652757644653,0.21439124643802643,-0.5574342012405396,0.3253980875015259,0.21315345168113708,-0.5578469038009644,0.4125135540962219,0.25277507305145264,-0.2867438793182373,0.3147796392440796,0.23102469742298126,-0.29391568899154663,0.3751368522644043,0.29749318957328796,-0.4959067702293396,0.3330646753311157,0.2894297242164612,-0.5021799802780151,0.47461360692977905,0.4404880106449127,-0.09815359115600586,0.24641039967536926,0.4299972951412201,-0.25928133726119995,0.6252670288085938,0.6358259916305542,-0.34052568674087524,0.2347244918346405,0.7071338295936584,-0.553973913192749,0.6071762442588806,0.7164765000343323,-0.9215688705444336,0.35718896985054016,0.7285296320915222,-1.0395586490631104,0.6072653532028198,0.7559651136398315,-1.0468026399612427,0.4083656370639801,0.7516539692878723,-1.1824429035186768,0.5735782384872437,0.7157069444656372,-1.0736072063446045,0.42804765701293945,0.7087058424949646,-1.1815491914749146,0.569183886051178,0.7118585109710693,-0.9437026977539062,0.43005695939064026,0.6937860250473022,-1.0528919696807861,0.459783136844635,0.8922707438468933,0.07526205480098724,0.29852548241615295,0.9292604327201843,-0.07583136856555939,0.5903892517089844,1.1651886701583862,-0.24475416541099548,0.310962975025177,1.2553589344024658,-0.29343897104263306,0.5262894630432129,1.528254747390747,-0.05175129324197769,0.3323681056499481,1.628456473350525,0.07596869021654129,0.5108500123023987,1.582166075706482,-0.047826431691646576,0.3301072418689728,1.6780529022216797,0.10425174236297607,0.5066978335380554,1.6507680416107178,-0.35513240098953247,0.37985649704933167,1.7551019191741943,-0.16450253129005432
frame_00227.jpg,0.3532268702983856,0.2560383081436157,-0.6142021417617798,0.37583041191101074,0.22091756761074066,-0.5669604539871216,0.38662463426589966,0.2241530567407608,-0.5675723552703857,0.3990980088710785,0.22866688668727875,-0.567538857460022,0.3431240916252136,0.21573768556118011,-0.5687638521194458,0.3329809010028839,0.21432121098041534,-0.5693384408950806,0.3248909115791321,0.21308450400829315,-0.5697489976882935,0.41151055693626404,0.251713365316391,-0.29509174823760986,0.31366580724716187,0.2309962958097458,-0.3031845688819885,0.37459784746170044,0.2973206341266632,-0.5072999596595764,0.3321376144886017,0.289407879114151,-0.5136180520057678,0.4753749370574951,0.4402158856391907,-0.11075733602046967,0.24495868384838104,0.4309884011745453,-0.2542881965637207,0.6275006532669067,0.6397559642791748,-0.3683297038078308,0.23275676369667053,0.7075159549713135,-0.5882301330566406,0.5939335227012634,0.7206926345825195,-0.9683545827865601,0.36074739694595337,0.7231130003929138,-1.1371949911117554,0.5949573516845703,0.7637156844139099,-1.0965532064437866,0.4101691246032715,0.7490307092666626,-1.290874719619751,0.5590369701385498,0.7184597253799438,-1.1226941347122192,0.4242618680000305,0.7056826949119568,-1.2776875495910645,0.554143488407135,0.7124330997467041,-0.9907538294792175,0.43115511536598206,0.6934760212898254,-1.1469242572784424,0.4597875475883484,0.8935468792915344,0.07331202924251556,0.2972395718097687,0.9309505224227905,-0.07387407124042511,0.5830963850021362,1.1686795949935913,-0.24550707638263702,0.3055954575538635,1.256145715713501,-0.2913719117641449,0.5212907791137695,1.5323392152786255,-0.02913152612745762,0.330848753452301,1.6276001930236816,0.09007950872182846,0.5066647529602051,1.5864931344985962,-0.023129062727093697,0.32920485734939575,1.6771548986434937,0.11936189234256744,0.5017093420028687,1.6541810035705566,-0.3311319351196289,0.3801467716693878,1.7544902563095093,-0.155576691031456
frame_00228.jpg,0.35276103019714355,0.2559499144554138,-0.5679225921630859,0.3756158947944641,0.2208818942308426,-0.5163630843162537,0.38602524995803833,0.2241031378507614,-0.5168617963790894,0.39863675832748413,0.22860409319400787,-0.5169006586074829,0.3428075313568115,0.21571198105812073,-0.5236524939537048,0.3326873779296875,0.2143140286207199,-0.5243211984634399,0.3246753513813019,0.2130724936723709,-0.5247609615325928,0.41144052147865295,0.251647025346756,-0.22017423808574677,0.3136274218559265,0.23098477721214294,-0.2519257366657257,0.37396347522735596,0.2972584068775177,-0.45070964097976685,0.3316027820110321,0.2893518805503845,-0.4637814462184906,0.47590795159339905,0.44044971466064453,0.018628772348165512,0.24259749054908752,0.42884308099746704,-0.20333974063396454,0.6128588914871216,0.6347140669822693,-0.15170195698738098,0.22658538818359375,0.7070772051811218,-0.4686611592769623,0.6723267436027527,0.6832313537597656,-0.7436113953590393,0.36540499329566956,0.7243044376373291,-0.9357703924179077,0.7007642984390259,0.7305094599723816,-0.857526957988739,0.411630779504776,0.7548122406005859,-1.0736407041549683,0.6792774796485901,0.6816118359565735,-0.911791980266571,0.4301218092441559,0.708278238773346,-1.0669304132461548,0.6672260165214539,0.6809305548667908,-0.7786716222763062,0.42974528670310974,0.700528085231781,-0.9449262619018555,0.4595528244972229,0.8934895396232605,0.07858903706073761,0.29628387093544006,0.9313189387321472,-0.07918473333120346,0.6198831796646118,1.1421903371810913,-0.3159274756908417,0.316447377204895,1.2719389200210571,-0.31460312008857727,0.5713045597076416,1.529638648033142,-0.13258254528045654,0.33230897784233093,1.6482442617416382,0.02264242433011532,0.5564194917678833,1.5845506191253662,-0.13001854717731476,0.3306305706501007,1.7015982866287231,0.0487125962972641,0.5497245788574219,1.656663417816162,-0.44168171286582947,0.37985625863075256,1.7719379663467407,-0.22399358451366425
frame_00229.jpg,0.35252442955970764,0.2558963894844055,-0.5561031699180603,0.3754914700984955,0.22086143493652344,-0.5035797357559204,0.38572511076927185,0.22407175600528717,-0.5040644407272339,0.3984116315841675,0.22856174409389496,-0.5041131973266602,0.3426308035850525,0.2156139761209488,-0.5124028921127319,0.33253031969070435,0.21425525844097137,-0.5130837559700012,0.32454127073287964,0.21301665902137756,-0.51352459192276,0.4113793969154358,0.2516097128391266,-0.2048022300004959,0.3135823905467987,0.23093192279338837,-0.24219384789466858,0.3735887408256531,0.2972240746021271,-0.4376353323459625,0.3313157260417938,0.28931379318237305,-0.45250725746154785,0.4761729836463928,0.440644234418869,0.03544740378856659,0.2415490448474884,0.4275725781917572,-0.1962752491235733,0.6056870818138123,0.6319305896759033,-0.13611263036727905,0.22613033652305603,0.7070674896240234,-0.4612136483192444,0.6873749494552612,0.6722488403320312,-0.7311532497406006,0.36829110980033875,0.7241824269294739,-0.9225414395332336,0.71830153465271,0.7202854156494141,-0.8448538780212402,0.4137175679206848,0.7558536529541016,-1.0599967241287231,0.6977663040161133,0.6713830232620239,-0.8996649980545044,0.4332042634487152,0.7084046602249146,-1.0526869297027588,0.6848738193511963,0.6717198491096497,-0.766586422920227,0.43033137917518616,0.702323853969574,-0.9312846064567566,0.4591670632362366,0.8934627771377563,0.0827481597661972,0.2955087721347809,0.9318673014640808,-0.083354152739048,0.627991259098053,1.131237268447876,-0.3255320191383362,0.3213634788990021,1.2774887084960938,-0.3244265913963318,0.5819927453994751,1.5284485816955566,-0.14169763028621674,0.3331456184387207,1.6547023057937622,0.004678656347095966,0.5672868490219116,1.5842781066894531,-0.13891500234603882,0.3314059376716614,1.7092727422714233,0.030731201171875,0.5599327683448792,1.659175157546997,-0.44745808839797974,0.3796110153198242,1.776692271232605,-0.2396625280380249
frame_00230.jpg,0.3525204360485077,0.25583088397979736,-0.5305463075637817,0.37545573711395264,0.2208307534456253,-0.47164255380630493,0.3856180012226105,0.22402100265026093,-0.4721404016017914,0.3983202874660492,0.2284933477640152,-0.4721282124519348,0.3426191508769989,0.21558114886283875,-0.48631182312965393,0.3325202167034149,0.21421509981155396,-0.4869987964630127,0.3245251476764679,0.21299222111701965,-0.4874259829521179,0.41109028458595276,0.25155895948410034,-0.16181227564811707,0.31350797414779663,0.23093342781066895,-0.2275812327861786,0.3735024631023407,0.2971743047237396,-0.41044026613235474,0.33131295442581177,0.2892739176750183,-0.4335644245147705,0.47524294257164,0.44196557998657227,0.07550658285617828,0.24022150039672852,0.42709317803382874,-0.18840274214744568,0.5947780609130859,0.6319586038589478,-0.05048176646232605,0.20996145904064178,0.6886752247810364,-0.3941490948200226,0.694882333278656,0.6755164861679077,-0.5933620929718018,0.3331805169582367,0.7735834121704102,-0.7984683513641357,0.7278465032577515,0.7210401296615601,-0.6942991018295288,0.35854220390319824,0.8153983950614929,-0.925984263420105,0.7090834975242615,0.6749606728553772,-0.7575209736824036,0.38006412982940674,0.7696042656898499,-0.936438262462616,0.6914668679237366,0.6741907000541687,-0.6317471265792847,0.38455671072006226,0.7617721557617188,-0.8133600354194641,0.4591240882873535,0.8876374959945679,0.09644553810358047,0.29505929350852966,0.9290536642074585,-0.09713155031204224,0.6286561489105225,1.0960716009140015,-0.24632570147514343,0.32869917154312134,1.2439913749694824,-0.32561713457107544,0.5755135416984558,1.4724589586257935,-0.06964204460382462,0.3437192440032959,1.6270229816436768,0.002376829506829381,0.5658337473869324,1.5231040716171265,-0.06408549845218658,0.34205111861228943,1.6782619953155518,0.027497705072164536,0.5532905459403992,1.6085069179534912,-0.3375627398490906,0.39325839281082153,1.7616835832595825,-0.23885340988636017
frame_00231.jpg,0.35251548886299133,0.2570559084415436,-0.6038500070571899,0.37543821334838867,0.2211870402097702,-0.5510181784629822,0.38561350107192993,0.22454781830310822,-0.5515985488891602,0.39831551909446716,0.22940658032894135,-0.5515617728233337,0.342669278383255,0.2156928926706314,-0.5648874640464783,0.33256468176841736,0.2142556607723236,-0.5654841661453247,0.3245432376861572,0.21304620802402496,-0.5658655166625977,0.411405086517334,0.25217968225479126,-0.2659912705421448,0.313579261302948,0.23110799491405487,-0.32970482110977173,0.373441219329834,0.29883792996406555,-0.4928211569786072,0.3313197195529938,0.29045623540878296,-0.5152887105941772,0.4729804992675781,0.44644787907600403,-0.05138509348034859,0.2402787208557129,0.42808598279953003,-0.33464354276657104,0.5919190049171448,0.6494768857955933,-0.2875056266784668,0.23004738986492157,0.6820324063301086,-0.6719809770584106,0.6213559508323669,0.7143797278404236,-0.8794865608215332,0.44289326667785645,0.6841517686843872,-1.0883138179779053,0.6341022849082947,0.7586475014686584,-0.9987437129020691,0.508468508720398,0.7215701341629028,-1.2339318990707397,0.6049009561538696,0.7133453488349915,-1.0306377410888672,0.5302375555038452,0.6759020686149597,-1.2015514373779297,0.5949555039405823,0.7051699757575989,-0.9056644439697266,0.512643039226532,0.6761481761932373,-1.0864927768707275,0.4441092610359192,0.8886966109275818,0.11527727544307709,0.2821701467037201,0.9291260242462158,-0.1158730611205101,0.6230448484420776,1.0879164934158325,-0.1495102047920227,0.32264599204063416,1.1941319704055786,-0.3184289038181305,0.5493775606155396,1.41062331199646,0.1961224377155304,0.3230206370353699,1.6040221452713013,0.014597250148653984,0.5270110964775085,1.4547258615493774,0.21863135695457458,0.3161717355251312,1.6626240015029907,0.04049094021320343,0.539528489112854,1.530684232711792,-0.03671089559793472,0.3823351263999939,1.7357929944992065,-0.23477105796337128
frame_00232.jpg,0.3524884581565857,0.25783196091651917,-0.647905707359314,0.375362753868103,0.2215529978275299,-0.5949041247367859,0.3855981230735779,0.22502963244915009,-0.5955010652542114,0.39831072092056274,0.2301902323961258,-0.5955145955085754,0.342717707157135,0.21589337289333344,-0.6105454564094543,0.3326191306114197,0.2143496572971344,-0.6111989617347717,0.3245621919631958,0.21316614747047424,-0.6116519570350647,0.4116773009300232,0.2526792883872986,-0.302158385515213,0.31366097927093506,0.23127581179141998,-0.3749113082885742,0.37340256571769714,0.2996751070022583,-0.5335373878479004,0.3313675820827484,0.2912513315677643,-0.5586499571800232,0.4704974591732025,0.4482043385505676,-0.08526004105806351,0.240334153175354,0.42853423953056335,-0.3762221038341522,0.5895079970359802,0.6444445252418518,-0.3450898230075836,0.23676171898841858,0.6801136136054993,-0.7748399972915649,0.6092099547386169,0.7117640972137451,-0.9621885418891907,0.46668368577957153,0.6568494439125061,-1.2499804496765137,0.6242246627807617,0.761726975440979,-1.0807979106903076,0.5322660803794861,0.6867566704750061,-1.4094973802566528,0.5910115838050842,0.7182134985923767,-1.1155779361724854,0.5576663017272949,0.6450175046920776,-1.3687976598739624,0.5819424986839294,0.7093240022659302,-0.9888572692871094,0.5390716791152954,0.6475585699081421,-1.24668288230896,0.4298008382320404,0.9023057818412781,0.11308417469263077,0.27299314737319946,0.9295292496681213,-0.11366327852010727,0.5073063969612122,1.214246153831482,0.010915188118815422,0.2925703823566437,1.2623573541641235,-0.3361903131008148,0.47417664527893066,1.5596696138381958,0.30393531918525696,0.26720309257507324,1.6320093870162964,-0.05770473927259445,0.4671227037906647,1.6096851825714111,0.31665703654289246,0.2579045295715332,1.6899220943450928,-0.03914970904588699,0.4482981562614441,1.6773940324783325,0.047664426267147064,0.30975836515426636,1.7433770895004272,-0.3125762939453125
frame_00233.jpg,0.3525221645832062,0.25780901312828064,-0.6208712458610535,0.37533795833587646,0.22155307233333588,-0.5681982040405273,0.38585782051086426,0.22500652074813843,-0.5687764286994934,0.39835768938064575,0.23015455901622772,-0.5687781572341919,0.3428424894809723,0.2159631997346878,-0.5807045698165894,0.3328459560871124,0.2143796980381012,-0.5813344717025757,0.3247092366218567,0.2132536619901657,-0.5817589163780212,0.412220299243927,0.2527628540992737,-0.2819114029407501,0.3142141103744507,0.23135484755039215,-0.3379262089729309,0.37345457077026367,0.29974982142448425,-0.5083595514297485,0.3316430449485779,0.2912338674068451,-0.528963565826416,0.47022563219070435,0.4471622109413147,-0.08020792156457901,0.24036791920661926,0.42806753516197205,-0.33052271604537964,0.5943220853805542,0.6382162570953369,-0.33653879165649414,0.23779194056987762,0.6746727824211121,-0.7056449055671692,0.6446744203567505,0.7100313901901245,-0.9441498517990112,0.44130420684814453,0.6578171253204346,-1.201185941696167,0.6727802157402039,0.7605087757110596,-1.0611011981964111,0.4966132640838623,0.6933128833770752,-1.353820562362671,0.6386570930480957,0.7163628339767456,-1.10419762134552,0.5206016898155212,0.6546122431755066,-1.3273735046386719,0.6226983666419983,0.7081596851348877,-0.9748210906982422,0.5075100064277649,0.6562567353248596,-1.2042409181594849,0.43618860840797424,0.890904426574707,0.11204110085964203,0.2741042673587799,0.9259085059165955,-0.11262402683496475,0.5693804025650024,1.1544705629348755,-0.044493667781353,0.3005962371826172,1.2442759275436401,-0.3742716610431671,0.4882604479789734,1.4784742593765259,0.15896597504615784,0.28032729029655457,1.627454161643982,-0.0891282707452774,0.47485479712486267,1.5248161554336548,0.1694132536649704,0.2732935845851898,1.6858766078948975,-0.06886598467826843,0.46451860666275024,1.5975009202957153,-0.10200067609548569,0.3210887610912323,1.74336576461792,-0.33489853143692017
frame_00234.jpg,0.35260629653930664,0.2577893137931824,-0.6132243871688843,0.3753283619880676,0.22155092656612396,-0.5606733560562134,0.38618093729019165,0.2249869406223297,-0.5612465143203735,0.39842337369918823,0.23012609779834747,-0.5612407922744751,0.3429865837097168,0.21603502333164215,-0.5732879638671875,0.33308151364326477,0.21441073715686798,-0.5738863348960876,0.32485026121139526,0.2133314460515976,-0.5742800235748291,0.41256341338157654,0.25281640887260437,-0.2756645679473877,0.3145410418510437,0.23140600323677063,-0.33342352509498596,0.3735385537147522,0.2998093068599701,-0.5020771026611328,0.33200380206108093,0.29121509194374084,-0.5227164626121521,0.46971553564071655,0.4461033046245575,-0.07457427680492401,0.24042311310768127,0.42780381441116333,-0.3297339081764221,0.5966410040855408,0.6341678500175476,-0.32811760902404785,0.23744961619377136,0.6728905439376831,-0.7098259925842285,0.6561864614486694,0.7089175581932068,-0.9393315315246582,0.4319266676902771,0.6570560336112976,-1.2083019018173218,0.6856272220611572,0.7588304877281189,-1.0560499429702759,0.48355722427368164,0.6940683722496033,-1.3615518808364868,0.6527169942855835,0.7152576446533203,-1.1009019613265991,0.5076286196708679,0.6618242263793945,-1.335662603378296,0.6360370516777039,0.7073590159416199,-0.9709712862968445,0.4960755407810211,0.6614159345626831,-1.2115483283996582,0.4379368722438812,0.8882888555526733,0.1099943295121193,0.275724321603775,0.9243152737617493,-0.1105726808309555,0.592260479927063,1.113572597503662,-0.09135372936725616,0.3029805123806,1.2211273908615112,-0.40122976899147034,0.491066038608551,1.4382985830307007,0.1318213790655136,0.2930479943752289,1.622196912765503,-0.10996644198894501,0.4837419092655182,1.484596848487854,0.1446152627468109,0.2875995934009552,1.6819981336593628,-0.0890393778681755,0.47870826721191406,1.5579332113265991,-0.11653079837560654,0.3362565040588379,1.7435659170150757,-0.35458138585090637
frame_00235.jpg,0.3533838987350464,0.2580442726612091,-0.6075612902641296,0.37532976269721985,0.22180742025375366,-0.5551502704620361,0.3865085542201996,0.2252148687839508,-0.5557137727737427,0.39845380187034607,0.23030206561088562,-0.5557044148445129,0.3430050313472748,0.21634888648986816,-0.5673969984054565,0.33308640122413635,0.21466712653636932,-0.5679691433906555,0.3248388171195984,0.2136760652065277,-0.5683922171592712,0.4111689627170563,0.2528296113014221,-0.26687097549438477,0.3134065568447113,0.23189331591129303,-0.32047533988952637,0.37387844920158386,0.3005014657974243,-0.4996080994606018,0.3329339623451233,0.29165446758270264,-0.5196352601051331,0.467153936624527,0.44703933596611023,-0.057383425533771515,0.23811595141887665,0.42856329679489136,-0.22262346744537354,0.5811923146247864,0.634408175945282,-0.20357556641101837,0.20975223183631897,0.6632421016693115,-0.3604881167411804,0.663875937461853,0.7044766545295715,-0.7567115426063538,0.274995356798172,0.8017054796218872,-0.7082585692405701,0.7093055248260498,0.7001092433929443,-0.8634387850761414,0.2835676074028015,0.850671648979187,-0.8157309293746948,0.6893125772476196,0.6733264923095703,-0.9224261045455933,0.30866125226020813,0.8289387226104736,-0.8513200879096985,0.6641595363616943,0.6817020177841187,-0.793074905872345,0.3096310496330261,0.8142433166503906,-0.7330344915390015,0.42831459641456604,0.8883669376373291,0.09610407054424286,0.2730497121810913,0.9195066094398499,-0.09681190550327301,0.5320664644241333,1.1898906230926514,-0.0714334174990654,0.304675430059433,1.2226098775863647,-0.27879032492637634,0.46245908737182617,1.4949856996536255,0.14135949313640594,0.28867393732070923,1.622399926185608,-0.012966521084308624,0.45067691802978516,1.5345486402511597,0.1482105255126953,0.27979952096939087,1.6819440126419067,0.0019670454785227776,0.43798547983169556,1.5954570770263672,-0.12927798926830292,0.3342646658420563,1.743721842765808,-0.2732853591442108
frame_00236.jpg,0.3616487383842468,0.25804603099823,-0.6854515671730042,0.3813667893409729,0.22196555137634277,-0.627670407295227,0.3931325674057007,0.2254721224308014,-0.6282686591148376,0.4054170250892639,0.23090775310993195,-0.6282883882522583,0.34727317094802856,0.2163745015859604,-0.6582959294319153,0.3375943601131439,0.21466733515262604,-0.658864438533783,0.32903867959976196,0.21345318853855133,-0.6591759920120239,0.4141622483730316,0.2535668909549713,-0.3058718740940094,0.31425660848617554,0.23114733397960663,-0.4442148804664612,0.3805464208126068,0.3012275993824005,-0.5589271783828735,0.33684420585632324,0.29207438230514526,-0.6029986143112183,0.4637989401817322,0.44700661301612854,-0.055254317820072174,0.2331010103225708,0.42830976843833923,-0.4336630403995514,0.5834714770317078,0.6323487162590027,-0.21753600239753723,0.21317200362682343,0.6898607611656189,-0.8064680099487305,0.6665998697280884,0.6826856136322021,-0.899788498878479,0.3727281093597412,0.6938154697418213,-1.2672414779663086,0.709220290184021,0.6767252683639526,-1.0211594104766846,0.3792627453804016,0.7594554424285889,-1.4229816198349,0.6831307411193848,0.6554332971572876,-1.0794384479522705,0.39244142174720764,0.7081161737442017,-1.4028477668762207,0.6583472490310669,0.6642457246780396,-0.9402510523796082,0.3753446042537689,0.7114719748497009,-1.272241473197937,0.40682315826416016,0.9031535983085632,0.14210471510887146,0.25835680961608887,0.9247099757194519,-0.1426037847995758,0.547669529914856,1.136353850364685,-0.15810832381248474,0.30988600850105286,1.2049697637557983,-0.46120700240135193,0.4850875437259674,1.5050463676452637,0.0885978415608406,0.2898005247116089,1.6152299642562866,-0.08243142068386078,0.47274917364120483,1.5568798780441284,0.09726399183273315,0.27666860818862915,1.6798186302185059,-0.05408639833331108,0.4527533948421478,1.629618525505066,-0.17683055996894836,0.33992916345596313,1.7244542837142944,-0.31416353583335876
frame_00237.jpg,0.3657669723033905,0.25802943110466003,-0.6851438283920288,0.38453254103660583,0.22197040915489197,-0.6229104995727539,0.3962145149707794,0.22546623647212982,-0.6234815120697021,0.40889912843704224,0.23093774914741516,-0.6234784126281738,0.3504050374031067,0.21639706194400787,-0.6570524573326111,0.3404218852519989,0.21469013392925262,-0.6576772928237915,0.3320270776748657,0.213422492146492,-0.6579790711402893,0.41628503799438477,0.2538059949874878,-0.291329562664032,0.3149682283401489,0.2311350554227829,-0.43925005197525024,0.38464444875717163,0.30137524008750916,-0.5521671175956726,0.33997517824172974,0.29251033067703247,-0.6015457510948181,0.4632081091403961,0.44795477390289307,-0.004113758914172649,0.23136989772319794,0.42767637968063354,-0.4137025475502014,0.58449786901474,0.6329220533370972,-0.1465217024087906,0.20251472294330597,0.71292644739151,-0.7500796914100647,0.6723876595497131,0.6747902631759644,-0.7758283019065857,0.321784108877182,0.856899082660675,-0.9815869331359863,0.7133654952049255,0.6755448579788208,-0.8890131115913391,0.34399840235710144,0.920025110244751,-1.1091845035552979,0.6887034177780151,0.6469310522079468,-0.9507849812507629,0.3666725754737854,0.8786452412605286,-1.1268467903137207,0.667267382144928,0.6546194553375244,-0.816792368888855,0.3572121262550354,0.8594428300857544,-0.9969892501831055,0.40359950065612793,0.903752326965332,0.16451768577098846,0.25400081276893616,0.9272864460945129,-0.1650332510471344,0.6013656854629517,1.1155427694320679,-0.12887535989284515,0.3356427252292633,1.1660627126693726,-0.5397036671638489,0.49546122550964355,1.465959906578064,0.11815066635608673,0.29232126474380493,1.6106430292129517,-0.20464050769805908,0.4786662459373474,1.5102484226226807,0.12848594784736633,0.2827233672142029,1.6784032583236694,-0.17915567755699158,0.4566945433616638,1.5960907936096191,-0.12987402081489563,0.3467450439929962,1.726552963256836,-0.4398830533027649
frame_00238.jpg,0.3798666000366211,0.26254159212112427,-0.6825006008148193,0.39521166682243347,0.22823810577392578,-0.6097413301467896,0.40746641159057617,0.2332313358783722,-0.6102792024612427,0.4175311028957367,0.23845405876636505,-0.6101619005203247,0.36295193433761597,0.21849296987056732,-0.6278114914894104,0.3520135283470154,0.21573275327682495,-0.6284221410751343,0.33983343839645386,0.2135881781578064,-0.6287635564804077,0.4174463152885437,0.2568856477737427,-0.2514699697494507,0.31800803542137146,0.23023098707199097,-0.41697049140930176,0.39058446884155273,0.30481311678886414,-0.5255252718925476,0.34981587529182434,0.2936254143714905,-0.5736937522888184,0.4578784108161926,0.4479621648788452,0.052695970982313156,0.2306741178035736,0.42194074392318726,-0.4180530905723572,0.5651256442070007,0.6331298351287842,-0.11291708052158356,0.20711319148540497,0.7017281651496887,-0.779102623462677,0.6709187030792236,0.6707836985588074,-0.7504304647445679,0.32441797852516174,0.6935970187187195,-1.204657793045044,0.7136181592941284,0.6540712118148804,-0.8567013740539551,0.36604946851730347,0.6891124844551086,-1.358046293258667,0.6916941404342651,0.6324909925460815,-0.9184285998344421,0.3845922350883484,0.6349125504493713,-1.3301047086715698,0.6707712411880493,0.6458555459976196,-0.7909986972808838,0.35841643810272217,0.6419988870620728,-1.2049829959869385,0.3959144949913025,0.9132904410362244,0.1790079027414322,0.25197309255599976,0.9301185011863708,-0.17940954864025116,0.5673218965530396,1.1362508535385132,0.05096226930618286,0.33548104763031006,1.1804240942001343,-0.5398378372192383,0.5010634064674377,1.5157928466796875,0.3701586127281189,0.2952284514904022,1.6145943403244019,-0.23641717433929443,0.4829288125038147,1.571000337600708,0.38603776693344116,0.2852340340614319,1.688607931137085,-0.21421794593334198,0.4627169966697693,1.6375867128372192,0.14817167818546295,0.3578459620475769,1.7224156856536865,-0.47649937868118286
frame_00239.jpg,0.38331764936447144,0.265464723110199,-0.6020400524139404,0.39914798736572266,0.23151902854442596,-0.542807936668396,0.4113372266292572,0.23705193400382996,-0.5433977842330933,0.4206346869468689,0.24226880073547363,-0.5433385968208313,0.36750078201293945,0.21955397725105286,-0.5732949376106262,0.3561721742153168,0.2160988599061966,-0.5738868713378906,0.34309807419776917,0.21358896791934967,-0.574184775352478,0.4179368019104004,0.2586919367313385,-0.22208023071289062,0.3199012875556946,0.22786924242973328,-0.40290069580078125,0.39175841212272644,0.3065453767776489,-0.4715283513069153,0.35261377692222595,0.29401248693466187,-0.5218545794487,0.45619550347328186,0.44793277978897095,0.043713267892599106,0.23036089539527893,0.4173566401004791,-0.4033401608467102,0.5694820284843445,0.6333926320075989,-0.14293277263641357,0.20641915500164032,0.6899229884147644,-0.7221637964248657,0.6709551811218262,0.6523465514183044,-0.767485499382019,0.3439265489578247,0.6562395691871643,-1.1721880435943604,0.7135275602340698,0.6343296766281128,-0.874618411064148,0.3838495910167694,0.6514297127723694,-1.319464087486267,0.690106987953186,0.6164587140083313,-0.9285556674003601,0.4058043360710144,0.6004568934440613,-1.2976629734039307,0.6703987121582031,0.629509687423706,-0.8040999174118042,0.3894195556640625,0.6075183153152466,-1.1759182214736938,0.4001074433326721,0.9119452238082886,0.16534212231636047,0.25403931736946106,0.929343581199646,-0.16579444706439972,0.5518239736557007,1.1321488618850708,0.023590242490172386,0.3307667672634125,1.1756744384765625,-0.5215293169021606,0.49895304441452026,1.5072835683822632,0.2985334098339081,0.3008405566215515,1.6169899702072144,-0.2860579490661621,0.48250144720077515,1.564445972442627,0.31029823422431946,0.2870476245880127,1.691556692123413,-0.27157676219940186,0.47329363226890564,1.6232349872589111,0.0637144148349762,0.37675362825393677,1.7242145538330078,-0.550345778465271
frame_00240.jpg,0.44020503759384155,0.3067060708999634,-0.5324164628982544,0.43970805406570435,0.26666200160980225,-0.49154990911483765,0.4411272406578064,0.26624223589897156,-0.4921790659427643,0.44287291169166565,0.2655613422393799,-0.4922047257423401,0.42714038491249084,0.2607607841491699,-0.5535502433776855,0.41915565729141235,0.2556646764278412,-0.5540685057640076,0.41058897972106934,0.2501669228076935,-0.5543402433395386,0.4094103276729584,0.2600053548812866,-0.22873587906360626,0.35825151205062866,0.2443699985742569,-0.5166491866111755,0.4220498502254486,0.3410547971725464,-0.42552822828292847,0.4099827706813812,0.3370549976825714,-0.5116826891899109,0.45270076394081116,0.4474729597568512,0.03813667967915535,0.22183895111083984,0.417263925075531,-0.5395806431770325,0.5702722668647766,0.644848644733429,-0.14071834087371826,0.16623738408088684,0.6879667043685913,-0.8468327522277832,0.6638211011886597,0.6766061186790466,-0.7298295497894287,0.33433789014816284,0.6679460406303406,-1.174527883529663,0.7082988023757935,0.6704165935516357,-0.834161639213562,0.3916091322898865,0.6766765117645264,-1.3133398294448853,0.6889404654502869,0.6680766344070435,-0.8893788456916809,0.41343384981155396,0.634283721446991,-1.2926156520843506,0.657696545124054,0.6679984927177429,-0.7679296135902405,0.3938010632991791,0.6356949210166931,-1.1749097108840942,0.3964323401451111,0.9109892249107361,0.19419384002685547,0.2500450909137726,0.9350112676620483,-0.1943441778421402,0.6226937174797058,1.0701768398284912,0.10071776807308197,0.3766087293624878,1.0210703611373901,-0.6065393090248108,0.5967937707901001,1.382347583770752,0.5161075592041016,0.3798069953918457,1.4793704748153687,-0.23793375492095947,0.5779322385787964,1.4319108724594116,0.5460063219070435,0.36464017629623413,1.5539156198501587,-0.2080508917570114,0.6161538362503052,1.4681451320648193,0.36978334188461304,0.4617660939693451,1.5767046213150024,-0.47041305899620056
frame_00241.jpg,0.44144874811172485,0.32173600792884827,-0.35840538144111633,0.4366789758205414,0.28064531087875366,-0.32569849491119385,0.436713844537735,0.2779479920864105,-0.32637912034988403,0.43795472383499146,0.27503806352615356,-0.32650458812713623,0.4280472695827484,0.28083446621894836,-0.3902254104614258,0.42125120759010315,0.27842050790786743,-0.3907015919685364,0.41456326842308044,0.2755090892314911,-0.3909757733345032,0.40373221039772034,0.2700202763080597,-0.12193944305181503,0.3684113025665283,0.2720460891723633,-0.4850882887840271,0.4237678647041321,0.35386326909065247,-0.26883628964424133,0.41621947288513184,0.35459744930267334,-0.35784000158309937,0.45159754157066345,0.4474702775478363,0.0950697809457779,0.22206103801727295,0.41283118724823,-0.45253700017929077,0.5696002840995789,0.6443683505058289,0.012112761847674847,0.1880287379026413,0.6806546449661255,-0.6403404474258423,0.6644724607467651,0.6748824715614319,-0.5121574997901917,0.33797121047973633,0.6742376685142517,-0.8095874786376953,0.7068876028060913,0.6750199198722839,-0.5956576466560364,0.39198756217956543,0.6872798800468445,-0.9033405184745789,0.6922877430915833,0.6289191842079163,-0.6448271870613098,0.4182581305503845,0.6421602368354797,-0.8958819508552551,0.6633239388465881,0.636297345161438,-0.5456386208534241,0.3969952464103699,0.6459189057350159,-0.8098143339157104,0.39350035786628723,0.8895846605300903,0.1851195991039276,0.2586488127708435,0.9311488270759583,-0.18537504971027374,0.623564600944519,0.9399435520172119,0.02873336151242256,0.425356924533844,0.9565182328224182,-0.5028544068336487,0.6684831380844116,1.2144639492034912,0.2562296986579895,0.5080105066299438,1.3309595584869385,-0.10419678688049316,0.658145010471344,1.2659839391708374,0.27071183919906616,0.5002639889717102,1.3907010555267334,-0.06787513196468353,0.7278882265090942,1.2675096988677979,0.16114570200443268,0.6164358258247375,1.4031987190246582,-0.226511150598526
frame_00242.jpg,0.44332194328308105,0.3239971995353699,-0.3243531584739685,0.4374605715274811,0.2827819287776947,-0.29247140884399414,0.43659812211990356,0.2795928120613098,-0.29314950108528137,0.4367849826812744,0.2762225270271301,-0.293301522731781,0.4298251271247864,0.2841077744960785,-0.3563389182090759,0.4231569170951843,0.28210970759391785,-0.3567987382411957,0.4167041778564453,0.2795660197734833,-0.35708022117614746,0.4024317264556885,0.27181103825569153,-0.0978814885020256,0.37193137407302856,0.27713215351104736,-0.4510919451713562,0.42515116930007935,0.356501042842865,-0.23857168853282928,0.41731706261634827,0.3578275740146637,-0.32669639587402344,0.4493113160133362,0.4461236596107483,0.10637231916189194,0.22140541672706604,0.4106449782848358,-0.42698732018470764,0.560737133026123,0.6441027522087097,0.03809471055865288,0.18996013700962067,0.6801272034645081,-0.635826587677002,0.6643885374069214,0.6730682849884033,-0.44542908668518066,0.34211939573287964,0.6763418912887573,-0.8433666229248047,0.7054701447486877,0.6778857111930847,-0.5229249596595764,0.39260953664779663,0.689567506313324,-0.9424340128898621,0.692996084690094,0.6161664128303528,-0.5736888647079468,0.4217073321342468,0.6651332378387451,-0.9339390993118286,0.6657124757766724,0.6258191466331482,-0.478712797164917,0.40082916617393494,0.6474550366401672,-0.8445011377334595,0.38737496733665466,0.8800908923149109,0.18303552269935608,0.2623283565044403,0.9310746788978577,-0.1833035945892334,0.6206607818603516,0.8821760416030884,0.014270643703639507,0.4511139392852783,0.9175344109535217,-0.49525102972984314,0.7051758170127869,1.1424518823623657,0.1388615071773529,0.5466841459274292,1.2693508863449097,-0.11014135181903839,0.7009037137031555,1.1985868215560913,0.14592739939689636,0.5402600169181824,1.3277764320373535,-0.07491479068994522,0.7777981162071228,1.171154260635376,0.007308035157620907,0.6562179327011108,1.3264857530593872,-0.23219585418701172
frame_00243.jpg,0.45337551832199097,0.3183279037475586,-0.4343867301940918,0.4425257742404938,0.2768964469432831,-0.3824586570262909,0.43965452909469604,0.2747552990913391,-0.38290295004844666,0.4376504421234131,0.2725667357444763,-0.3827384114265442,0.4379637837409973,0.27712923288345337,-0.4299526810646057,0.43170565366744995,0.27526378631591797,-0.42991676926612854,0.42579445242881775,0.2729562222957611,-0.42998209595680237,0.3995775878429413,0.2711678147315979,-0.21308526396751404,0.37988772988319397,0.27354562282562256,-0.5710577368736267,0.43121129274368286,0.35467851161956787,-0.31161850690841675,0.42659682035446167,0.35568341612815857,-0.4364614486694336,0.4396643042564392,0.44656553864479065,0.007516026496887207,0.21068915724754333,0.4119141399860382,-0.608145534992218,0.5626522302627563,0.6510512828826904,-0.03291317820549011,0.20509390532970428,0.683142364025116,-0.8636897206306458,0.6702900528907776,0.6743012070655823,-0.4750464856624603,0.37384191155433655,0.6484137773513794,-0.9706906080245972,0.7050179243087769,0.6844061613082886,-0.5450752973556519,0.42927709221839905,0.6452471613883972,-0.9618147015571594,0.6982053518295288,0.6242552995681763,-0.5985540151596069,0.4334496557712555,0.5971347093582153,-0.960797131061554,0.6706141233444214,0.6323229074478149,-0.5086373090744019,0.4086732864379883,0.5990985631942749,-0.9616988301277161,0.37896087765693665,0.8850501775741577,0.1971500664949417,0.2575303316116333,0.9501817226409912,-0.19741038978099823,0.625569224357605,0.8764167428016663,0.05518435686826706,0.44196709990501404,0.9283176064491272,-0.4940558075904846,0.6893044710159302,1.1606662273406982,0.2362615317106247,0.4934195578098297,1.3088891506195068,-0.021053384989500046,0.6783393621444702,1.2246098518371582,0.24307703971862793,0.4820323884487152,1.3743153810501099,0.023869534954428673,0.7682270407676697,1.1897600889205933,0.09511306136846542,0.5859787464141846,1.372378945350647,-0.10933803021907806
frame_00244.jpg,0.454695463180542,0.3133920431137085,-0.3844197690486908,0.4428882598876953,0.27279436588287354,-0.34939756989479065,0.43949824571609497,0.27145901322364807,-0.3500896692276001,0.43691331148147583,0.2705056965351105,-0.3502506911754608,0.43934959173202515,0.27218690514564514,-0.4158109128475189,0.43328166007995605,0.2702499330043793,-0.41618260741233826,0.4275140166282654,0.2679153084754944,-0.4164053797721863,0.3967936635017395,0.2691783308982849,-0.16217483580112457,0.38158899545669556,0.26991695165634155,-0.49243468046188354,0.4326785206794739,0.3512486219406128,-0.29486292600631714,0.4290248453617096,0.35138019919395447,-0.3943498134613037,0.4396299421787262,0.44860318303108215,0.04965907707810402,0.21003536880016327,0.4122960865497589,-0.5193394422531128,0.5644536018371582,0.6645382046699524,-0.011643958278000355,0.23004743456840515,0.6831613183021545,-0.7159100770950317,0.6699222326278687,0.6777231097221375,-0.5085719227790833,0.4061149060726166,0.6367369890213013,-0.7641812562942505,0.6953350305557251,0.6964192986488342,-0.5867066383361816,0.46315622329711914,0.6324312090873718,-0.8435952067375183,0.6936420202255249,0.6267338395118713,-0.6314296722412109,0.45617586374282837,0.5813789367675781,-0.8370034098625183,0.6693553328514099,0.635786771774292,-0.5399300456047058,0.4325297474861145,0.5846049189567566,-0.7633660435676575,0.3788354992866516,0.8869083523750305,0.1961485594511032,0.2559261918067932,0.9525747895240784,-0.1964501589536667,0.6340323686599731,0.9157122373580933,0.025082606822252274,0.42742452025413513,0.9834368228912354,-0.5191254019737244,0.6867349147796631,1.1861053705215454,0.26446598768234253,0.46694356203079224,1.357708215713501,-0.037221189588308334,0.672953724861145,1.2436431646347046,0.2790064215660095,0.45504483580589294,1.415360927581787,0.01034602802246809,0.7628075480461121,1.224519968032837,0.12167662382125854,0.5578168034553528,1.4383224248886108,-0.12997770309448242
frame_00245.jpg,0.44665199518203735,0.30123037099838257,-0.4341922700405121,0.4393412470817566,0.261165976524353,-0.3944348692893982,0.43756985664367676,0.2595631778240204,-0.3950997292995453,0.43608784675598145,0.25781095027923584,-0.39521846175193787,0.4319019317626953,0.259112149477005,-0.44181281328201294,0.42500656843185425,0.2555607855319977,-0.44228219985961914,0.4182571470737457,0.25145384669303894,-0.4425598680973053,0.3921578824520111,0.24830852448940277,-0.16805945336818695,0.3752913177013397,0.24631419777870178,-0.4839631915092468,0.42856359481811523,0.3382027745246887,-0.33669671416282654,0.42074304819107056,0.3371497094631195,-0.4078664183616638,0.43276748061180115,0.44201597571372986,0.06396116316318512,0.1898685246706009,0.4115237593650818,-0.5090746879577637,0.565542459487915,0.6628004312515259,-0.04560735076665878,0.19298294186592102,0.7366212010383606,-0.7766194343566895,0.6679182648658752,0.6777082085609436,-0.6236384510993958,0.3817583918571472,0.6408552527427673,-1.042312502861023,0.6910320520401001,0.6983475089073181,-0.7334335446357727,0.45808905363082886,0.6415087580680847,-1.1661250591278076,0.6883567571640015,0.6290337443351746,-0.7809166312217712,0.4510291516780853,0.6047675013542175,-1.1492812633514404,0.6650964021682739,0.6345348358154297,-0.6618648767471313,0.42488670349121094,0.6054229736328125,-1.040452480316162,0.3826013207435608,0.8877401947975159,0.1968626081943512,0.24805375933647156,0.9506893157958984,-0.19709528982639313,0.6361503601074219,0.9516822099685669,-0.16110141575336456,0.4495619833469391,0.9651604294776917,-0.6520661115646362,0.6573736667633057,1.2930184602737427,0.057290028780698776,0.4960494935512543,1.3953511714935303,-0.19890567660331726,0.6433274149894714,1.3497382402420044,0.0680529773235321,0.48107585310935974,1.4558014869689941,-0.1540503352880478,0.7062023282051086,1.3975895643234253,-0.13617926836013794,0.6019247770309448,1.4821385145187378,-0.32432955503463745
frame_00246.jpg,0.44127488136291504,0.25932031869888306,-0.42565813660621643,0.43912872672080994,0.20664550364017487,-0.3790537118911743,0.43731608986854553,0.20328734815120697,-0.3796355128288269,0.43559932708740234,0.1998496800661087,-0.37972888350486755,0.42952436208724976,0.20762549340724945,-0.4443872570991516,0.4215988218784332,0.20587605237960815,-0.4448956549167633,0.41588908433914185,0.2034490704536438,-0.4451635479927063,0.38095009326934814,0.206370010972023,-0.11737649142742157,0.35042890906333923,0.2120574414730072,-0.4511502683162689,0.4261442720890045,0.29499033093452454,-0.31637269258499146,0.4151036739349365,0.29376065731048584,-0.40655502676963806,0.43380746245384216,0.418777197599411,0.12177427858114243,0.17900128662586212,0.3951442539691925,-0.48826685547828674,0.5791181325912476,0.6296225190162659,-0.01664431020617485,0.18530035018920898,0.733485996723175,-0.7615779042243958,0.6706169247627258,0.6747863292694092,-0.6244500875473022,0.4063669741153717,0.6471078395843506,-1.0267962217330933,0.6968070864677429,0.6824725866317749,-0.744623064994812,0.4972143769264221,0.6463404297828674,-1.1586130857467651,0.6879760026931763,0.6306369304656982,-0.7910230755805969,0.5047174692153931,0.6130295395851135,-1.1217879056930542,0.6634573936462402,0.6352322697639465,-0.6636807322502136,0.4759557247161865,0.6116993427276611,-1.0158902406692505,0.3847164511680603,0.8883292078971863,0.19225212931632996,0.23523764312267303,0.9439818263053894,-0.19254359602928162,0.6029596924781799,1.115249752998352,-0.12157288938760757,0.3979327976703644,1.1175532341003418,-0.5849201679229736,0.5742673873901367,1.5748809576034546,0.05691559240221977,0.39737939834594727,1.5913665294647217,-0.17659901082515717,0.5568749308586121,1.6389867067337036,0.054296959191560745,0.3800031244754791,1.6639018058776855,-0.1389327198266983,0.5767913460731506,1.7087913751602173,-0.210557222366333,0.4868464469909668,1.7004343271255493,-0.3445233106613159
frame_00247.jpg,0.43886294960975647,0.24584534764289856,-0.41583576798439026,0.43754178285598755,0.19509407877922058,-0.3693782389163971,0.43680238723754883,0.19223657250404358,-0.36994609236717224,0.4351348280906677,0.18928954005241394,-0.3700738251209259,0.4283629059791565,0.19461852312088013,-0.43647870421409607,0.4209485948085785,0.19262059032917023,-0.436988890171051,0.414500892162323,0.18982599675655365,-0.43726927042007446,0.3775389492511749,0.19637201726436615,-0.11337451636791229,0.33828771114349365,0.1980608105659485,-0.42805343866348267,0.4248172342777252,0.28407037258148193,-0.3083799481391907,0.4123116135597229,0.28132155537605286,-0.3993508219718933,0.4347274899482727,0.41359296441078186,0.10803715139627457,0.17578235268592834,0.39231064915657043,-0.47346216440200806,0.5894191265106201,0.6185863614082336,-0.03837456554174423,0.18743014335632324,0.7435982823371887,-0.7487560510635376,0.6756381988525391,0.656714141368866,-0.6612116694450378,0.43017953634262085,0.6514900326728821,-1.02418851852417,0.7089170813560486,0.6758301854133606,-0.7777172327041626,0.5137234926223755,0.681199848651886,-1.1527185440063477,0.6874866485595703,0.6291521787643433,-0.82159423828125,0.5129148364067078,0.6260285973548889,-1.1206817626953125,0.6631709337234497,0.6312938928604126,-0.697137176990509,0.4907333254814148,0.6231014728546143,-1.0156677961349487,0.38583093881607056,0.8909045457839966,0.18606923520565033,0.23082800209522247,0.9444800615310669,-0.18626739084720612,0.5857460498809814,1.2120819091796875,-0.10891970247030258,0.363981693983078,1.2807304859161377,-0.5757569670677185,0.5585172176361084,1.6643496751785278,0.03721838817000389,0.34887635707855225,1.6954020261764526,-0.12354425340890884,0.545086681842804,1.726894497871399,0.034990422427654266,0.33432239294052124,1.7609450817108154,-0.08499260246753693,0.5490831136703491,1.80194890499115,-0.24299323558807373,0.42248231172561646,1.7988499402999878,-0.3177228271961212
frame_00248.jpg,0.4384429454803467,0.2375570386648178,-0.7219422459602356,0.4345942437648773,0.18270991742610931,-0.6841222643852234,0.434231698513031,0.18107588589191437,-0.6848469972610474,0.4336366653442383,0.179340198636055,-0.6850143671035767,0.42764273285865784,0.1807842254638672,-0.7437708973884583,0.42057090997695923,0.17811040580272675,-0.7442796230316162,0.413851797580719,0.17465516924858093,-0.7445632219314575,0.3688167929649353,0.18244677782058716,-0.4352348744869232,0.3346959948539734,0.18193767964839935,-0.704199492931366,0.4223100543022156,0.279273122549057,-0.6159574389457703,0.41119450330734253,0.2745523154735565,-0.697791337966919,0.4307509958744049,0.3984009325504303,-0.21210920810699463,0.16128814220428467,0.3888072073459625,-0.6724979281425476,0.5933562517166138,0.6209266781806946,-0.2840006947517395,0.16424410045146942,0.7358251810073853,-1.0007381439208984,0.7229702472686768,0.7046407461166382,-0.746182918548584,0.4291495680809021,0.6589813232421875,-1.3417316675186157,0.7768892049789429,0.7638357281684875,-0.8324629068374634,0.5074728727340698,0.6810644865036011,-1.4772148132324219,0.7623937726020813,0.712077260017395,-0.8968043327331543,0.4938111901283264,0.6166998744010925,-1.4526840448379517,0.7334862351417542,0.732661247253418,-0.7841531038284302,0.4798429608345032,0.6210041642189026,-1.3407602310180664,0.3821054697036743,0.8855277299880981,0.16424909234046936,0.21201035380363464,0.9394829273223877,-0.16443806886672974,0.5768678188323975,1.1917548179626465,-0.02205142378807068,0.34232860803604126,1.2069156169891357,-0.5692312121391296,0.5315531492233276,1.55145263671875,0.4254833161830902,0.33032453060150146,1.658191442489624,-0.12240010499954224,0.5183216333389282,1.601992130279541,0.4567524492740631,0.31822505593299866,1.7312709093093872,-0.08288035541772842,0.513243556022644,1.6721142530441284,0.2535375654697418,0.3943096995353699,1.7694910764694214,-0.31215187907218933
frame_00249.jpg,0.4376385807991028,0.23204919695854187,-0.6140207052230835,0.43223685026168823,0.18137970566749573,-0.5731983184814453,0.4331810474395752,0.1807575225830078,-0.5738641023635864,0.43356260657310486,0.18011678755283356,-0.5739968419075012,0.4233360290527344,0.17744681239128113,-0.6298183798789978,0.41594940423965454,0.1747477650642395,-0.6303420066833496,0.40839871764183044,0.17185886204242706,-0.6306381821632385,0.3715853691101074,0.1828136146068573,-0.32296398282051086,0.3333955407142639,0.1788829267024994,-0.5781352519989014,0.42150020599365234,0.27538082003593445,-0.508455753326416,0.41000252962112427,0.27027902007102966,-0.5863191485404968,0.429644912481308,0.3979717195034027,-0.10609666258096695,0.16248929500579834,0.38410577178001404,-0.5703603029251099,0.5930269956588745,0.6225442886352539,-0.1938292682170868,0.15646739304065704,0.734495997428894,-0.8713445663452148,0.7433010339736938,0.7410153746604919,-0.6690337061882019,0.38150984048843384,0.6577093601226807,-1.2143652439117432,0.7954531908035278,0.7848126292228699,-0.7421532869338989,0.45304054021835327,0.6704616546630859,-1.3417956829071045,0.785526692867279,0.7437906265258789,-0.8111904263496399,0.4534914493560791,0.6089046597480774,-1.3202191591262817,0.7515621781349182,0.753397524356842,-0.7078642249107361,0.44578346610069275,0.6108797192573547,-1.214336633682251,0.38327252864837646,0.8874464631080627,0.14618059992790222,0.207607701420784,0.9385496377944946,-0.14647036790847778,0.5560578107833862,1.2511075735092163,-0.0404704213142395,0.30822065472602844,1.2826762199401855,-0.5276550650596619,0.5037175416946411,1.6786644458770752,0.24332325160503387,0.29622992873191833,1.7087236642837524,-0.08623296767473221,0.4885086119174957,1.7390353679656982,0.25000154972076416,0.2853286564350128,1.778302788734436,-0.0481814369559288,0.48202672600746155,1.8166148662567139,-0.02778848633170128,0.35428741574287415,1.816758394241333,-0.27601367235183716
frame_00250.jpg,0.43503469228744507,0.1991433948278427,-0.6086747646331787,0.4223802089691162,0.15133871138095856,-0.5722149014472961,0.4223114550113678,0.1501494199037552,-0.5728572607040405,0.42237526178359985,0.148869127035141,-0.5727283954620361,0.4143741726875305,0.14905792474746704,-0.5936626195907593,0.4067573547363281,0.14732077717781067,-0.5941606163978577,0.3984971046447754,0.14584001898765564,-0.5944063067436218,0.3581099510192871,0.15979081392288208,-0.2998087704181671,0.32920074462890625,0.1604718714952469,-0.563016414642334,0.41840916872024536,0.24482539296150208,-0.506334662437439,0.4095970094203949,0.24169614911079407,-0.5490590929985046,0.41798463463783264,0.38558655977249146,-0.08320352435112,0.1575968861579895,0.36825254559516907,-0.5771723389625549,0.5631312131881714,0.5906092524528503,-0.153087317943573,0.14550086855888367,0.7250776886940002,-0.8889878392219543,0.698626697063446,0.6721899509429932,-0.6954777836799622,0.323269248008728,0.6371601223945618,-1.2610056400299072,0.7927266359329224,0.6610119342803955,-0.7915463447570801,0.39077407121658325,0.6458994746208191,-1.4056905508041382,0.7717735171318054,0.6237212419509888,-0.8644238710403442,0.4145917296409607,0.5938873887062073,-1.3883854150772095,0.7225826978683472,0.6359912753105164,-0.7398255467414856,0.3986937999725342,0.6029793620109558,-1.2632782459259033,0.38337770104408264,0.8869306445121765,0.1679568588733673,0.21061937510967255,0.9335802793502808,-0.16804836690425873,0.5338829755783081,1.2186191082000732,-0.02213158644735813,0.3146823048591614,1.2608007192611694,-0.6431978940963745,0.5121147036552429,1.6580272912979126,0.2271636724472046,0.32345959544181824,1.7035372257232666,-0.2739921808242798,0.5029312372207642,1.7222998142242432,0.2348877638578415,0.31132739782333374,1.775243878364563,-0.24541190266609192,0.5022792220115662,1.7839221954345703,-0.036795444786548615,0.3964356482028961,1.800642490386963,-0.5073931813240051
frame_00251.jpg,0.4308975636959076,0.151300847530365,-0.42182034254074097,0.41752514243125916,0.10249336808919907,-0.38151639699935913,0.41994112730026245,0.10441895574331284,-0.3821069002151489,0.4219757914543152,0.10623835027217865,-0.38224536180496216,0.40211015939712524,0.09712488949298859,-0.4381703734397888,0.3918880522251129,0.09593012928962708,-0.4387737214565277,0.37967488169670105,0.0947338417172432,-0.4391555190086365,0.3597029447555542,0.12074855715036392,-0.14667370915412903,0.31263458728790283,0.1146421954035759,-0.4217234253883362,0.41583251953125,0.20408305525779724,-0.323257714509964,0.4033374786376953,0.2004716992378235,-0.40285706520080566,0.420538991689682,0.36415040493011475,0.03708498179912567,0.1517449915409088,0.3493119478225708,-0.43584996461868286,0.5657390356063843,0.590869128704071,-0.026841294020414352,0.14955182373523712,0.7342408895492554,-0.6279242634773254,0.7017398476600647,0.6708565950393677,-0.5245398879051208,0.3359786868095398,0.6987232565879822,-0.8838496208190918,0.7691742181777954,0.6709935069084167,-0.6113089323043823,0.39286690950393677,0.7168369293212891,-0.9986394047737122,0.7503393888473511,0.6268949508666992,-0.6718099117279053,0.4038012623786926,0.6433935165405273,-0.9998303651809692,0.7139955163002014,0.641883134841919,-0.5628125071525574,0.38800862431526184,0.6375200152397156,-0.8906955718994141,0.3981342911720276,0.8792257308959961,0.159855917096138,0.2169150412082672,0.9327008128166199,-0.15987588465213776,0.5374202132225037,1.2896987199783325,0.12919601798057556,0.31604820489883423,1.332901120185852,-0.5086237192153931,0.5091343522071838,1.7179855108261108,0.42157405614852905,0.31459566950798035,1.740649700164795,-0.001250416855327785,0.4989551901817322,1.7815128564834595,0.43541622161865234,0.304485023021698,1.8013349771499634,0.04504434019327164,0.49438029527664185,1.8373074531555176,0.19799324870109558,0.37742629647254944,1.8468568325042725,-0.1583714485168457
frame_00252.jpg,0.43020176887512207,0.14867132902145386,-0.4450693130493164,0.4156261384487152,0.09923992305994034,-0.40422970056533813,0.4180988371372223,0.10040223598480225,-0.4048566222190857,0.42054954171180725,0.1013135015964508,-0.40500035881996155,0.3985773026943207,0.09568008780479431,-0.4649391174316406,0.3874114155769348,0.09543979167938232,-0.4655284285545349,0.3756850063800812,0.09565728157758713,-0.46591344475746155,0.3600861430168152,0.11499807238578796,-0.16528448462486267,0.3126720190048218,0.1158686950802803,-0.4421219825744629,0.4156295657157898,0.20030371844768524,-0.34352678060531616,0.40219464898109436,0.19780410826206207,-0.42742425203323364,0.4217025637626648,0.3568994104862213,0.03128214180469513,0.150964617729187,0.34895744919776917,-0.44060128927230835,0.5673126578330994,0.5960012078285217,-0.05054417997598648,0.1570897400379181,0.753582775592804,-0.6446996927261353,0.7038259506225586,0.6659311056137085,-0.547795832157135,0.3053478002548218,0.7049327492713928,-0.9359505772590637,0.7580162882804871,0.6772964596748352,-0.6131428480148315,0.3706923723220825,0.7222306728363037,-1.0586155652999878,0.7405031323432922,0.6332836747169495,-0.6945222616195679,0.3916599154472351,0.655634880065918,-1.0582631826400757,0.7095945477485657,0.6410725116729736,-0.5763928890228271,0.37800630927085876,0.649323582649231,-0.9431503415107727,0.4077601432800293,0.8787880539894104,0.15080758929252625,0.2175033837556839,0.930487334728241,-0.15078242123126984,0.5291824340820312,1.327163577079773,0.18356946110725403,0.3035720884799957,1.3476608991622925,-0.46982938051223755,0.5093206167221069,1.7365853786468506,0.5518858432769775,0.30496329069137573,1.7584853172302246,0.006527009420096874,0.5027097463607788,1.798471450805664,0.5729992389678955,0.29841384291648865,1.8204742670059204,0.0481363981962204,0.49091917276382446,1.8497670888900757,0.3316676616668701,0.3641633689403534,1.86380136013031,-0.18095675110816956
frame_00253.jpg,0.42936253547668457,0.138320654630661,-0.441481351852417,0.4130522608757019,0.08767592161893845,-0.40308016538619995,0.4155433773994446,0.08923972398042679,-0.4037490487098694,0.4182090163230896,0.09061190485954285,-0.4039433002471924,0.395179808139801,0.08295635879039764,-0.4674956202507019,0.38338130712509155,0.08204244822263718,-0.4680997431278229,0.37188059091567993,0.08171173185110092,-0.46848320960998535,0.35564571619033813,0.10204147547483444,-0.16990932822227478,0.3104814887046814,0.10431811213493347,-0.45185932517051697,0.414276123046875,0.18893378973007202,-0.34074142575263977,0.3999544382095337,0.18754182755947113,-0.4285001754760742,0.4229729175567627,0.3544195592403412,0.027450356632471085,0.1502198874950409,0.33860915899276733,-0.4467468857765198,0.5626057386398315,0.5943886637687683,-0.06075006723403931,0.1477508246898651,0.7483396530151367,-0.6750451922416687,0.6953566074371338,0.6434433460235596,-0.5811326503753662,0.3177226185798645,0.6876516342163086,-0.9736109972000122,0.7524555921554565,0.64018714427948,-0.6376298069953918,0.3864313066005707,0.7060151696205139,-1.0948340892791748,0.7400614619255066,0.5817071795463562,-0.7048216462135315,0.40366482734680176,0.6550881862640381,-1.0871844291687012,0.7078434228897095,0.5905578136444092,-0.6104896664619446,0.38765713572502136,0.6489062905311584,-0.97735196352005,0.40946704149246216,0.8884963393211365,0.143348827958107,0.21970736980438232,0.9372033476829529,-0.1434505432844162,0.538669228553772,1.3126124143600464,-0.03078644536435604,0.30081048607826233,1.3496615886688232,-0.4462755620479584,0.5098327398300171,1.7514383792877197,0.16368433833122253,0.29681622982025146,1.7690223455429077,-0.010942302644252777,0.5009084343910217,1.8167885541915894,0.1666424572467804,0.289451539516449,1.8376238346099854,0.02636827901005745,0.48819461464881897,1.8729361295700073,-0.10428757965564728,0.34919244050979614,1.866036057472229,-0.1952705979347229
frame_00254.jpg,0.4277568757534027,0.1433597058057785,-0.5282307863235474,0.41189098358154297,0.09052298963069916,-0.49388813972473145,0.4146990180015564,0.09175322204828262,-0.4946874976158142,0.41775697469711304,0.09279008954763412,-0.4949312210083008,0.3932686150074005,0.08528072386980057,-0.5551742911338806,0.38115739822387695,0.08364210277795792,-0.5558549761772156,0.36932554841041565,0.08289511501789093,-0.5563437938690186,0.35678815841674805,0.10123147815465927,-0.26322150230407715,0.30687201023101807,0.10342039167881012,-0.5322809815406799,0.4118231236934662,0.19148005545139313,-0.4272584021091461,0.39505669474601746,0.1903284639120102,-0.5101553797721863,0.42771491408348083,0.35849812626838684,-0.06551718711853027,0.150824636220932,0.3407195210456848,-0.4762861728668213,0.562969982624054,0.5915857553482056,-0.1165054589509964,0.13298077881336212,0.743540346622467,-0.6954370141029358,0.6910468339920044,0.6333458423614502,-0.5928192138671875,0.29837971925735474,0.6826546788215637,-0.975302517414093,0.7490968704223633,0.6278647780418396,-0.6389002799987793,0.3672627806663513,0.6863415837287903,-1.1146491765975952,0.7349336743354797,0.5635562539100647,-0.7260868549346924,0.39427450299263,0.6531135439872742,-1.0894153118133545,0.6998558044433594,0.5694260001182556,-0.6237007975578308,0.3742990791797638,0.6482110619544983,-0.9872521162033081,0.41833534836769104,0.9078952074050903,0.12752914428710938,0.22068139910697937,0.9387826323509216,-0.12775284051895142,0.5242154598236084,1.3642486333847046,0.013451211154460907,0.29653847217559814,1.3677345514297485,-0.41621294617652893,0.5068102478981018,1.7674561738967896,0.19259968400001526,0.29298391938209534,1.7772468328475952,-0.011388657614588737,0.5023499727249146,1.832776665687561,0.19443516433238983,0.2850685715675354,1.8459163904190063,0.023450998589396477,0.4844367504119873,1.8712948560714722,-0.05520154908299446,0.345650315284729,1.8723143339157104,-0.1746440827846527
frame_00255.jpg,0.4238707423210144,0.10335689038038254,-0.7631222605705261,0.4066926836967468,0.05441438779234886,-0.7410975694656372,0.409717857837677,0.056806281208992004,-0.741954505443573,0.4131650924682617,0.05880223587155342,-0.7421854734420776,0.3862183690071106,0.04989725351333618,-0.7989136576652527,0.3745262026786804,0.05011845380067825,-0.7996058464050293,0.362299382686615,0.051364969462156296,-0.8000699877738953,0.3520277142524719,0.07834408432245255,-0.5465527772903442,0.2999247908592224,0.08113893121480942,-0.8029125928878784,0.4085047245025635,0.1559467613697052,-0.6740506887435913,0.3910449147224426,0.15656258165836334,-0.7527149319648743,0.41825971007347107,0.33732572197914124,-0.33705106377601624,0.14368344843387604,0.32631102204322815,-0.7342184782028198,0.5643088817596436,0.591601550579071,-0.29123857617378235,0.13138197362422943,0.7427141070365906,-0.8557890057563782,0.7871289849281311,0.6668784618377686,-0.6066499352455139,0.31055933237075806,0.6675264835357666,-0.9985297918319702,0.8560234308242798,0.6743505597114563,-0.6672844886779785,0.36435896158218384,0.6368808746337891,-1.119863748550415,0.8280531167984009,0.6391109824180603,-0.746088445186615,0.3812595009803772,0.5985835790634155,-1.1074424982070923,0.8092285394668579,0.661200225353241,-0.6418486833572388,0.3746257424354553,0.5956457257270813,-1.005850911140442,0.3881298899650574,0.9001966714859009,0.12720128893852234,0.19564443826675415,0.9359251260757446,-0.12747149169445038,0.5102704763412476,1.3385636806488037,0.4422071576118469,0.2862035632133484,1.3419723510742188,-0.04952011629939079,0.4832356870174408,1.709605097770691,0.904246985912323,0.2637960910797119,1.771557092666626,0.49766916036605835,0.4777095317840576,1.7702082395553589,0.9377844929695129,0.2537531852722168,1.839667797088623,0.5479524731636047,0.46347299218177795,1.8239749670028687,0.7713321447372437,0.31830570101737976,1.8917874097824097,0.37512966990470886
