image_name,x_0,y_0,z_0,x_1,y_1,z_1,x_2,y_2,z_2,x_3,y_3,z_3,x_4,y_4,z_4,x_5,y_5,z_5,x_6,y_6,z_6,x_7,y_7,z_7,x_8,y_8,z_8,x_9,y_9,z_9,x_10,y_10,z_10,x_11,y_11,z_11,x_12,y_12,z_12,x_13,y_13,z_13,x_14,y_14,z_14,x_15,y_15,z_15,x_16,y_16,z_16,x_17,y_17,z_17,x_18,y_18,z_18,x_19,y_19,z_19,x_20,y_20,z_20,x_21,y_21,z_21,x_22,y_22,z_22,x_23,y_23,z_23,x_24,y_24,z_24,x_25,y_25,z_25,x_26,y_26,z_26,x_27,y_27,z_27,x_28,y_28,z_28,x_29,y_29,z_29,x_30,y_30,z_30,x_31,y_31,z_31,x_32,y_32,z_32
frame_00000.jpg,0.4815499782562256,0.23514877259731293,0.07957188040018082,0.48411720991134644,0.22265510261058807,0.08642446994781494,0.4847141206264496,0.22278055548667908,0.08628976345062256,0.48437270522117615,0.22304211556911469,0.0863247960805893,0.48280906677246094,0.22338539361953735,0.07128029316663742,0.48388105630874634,0.22399772703647614,0.07102328538894653,0.48534148931503296,0.22449646890163422,0.07098959386348724,0.48291468620300293,0.2277749478816986,0.11387382447719574,0.48763999342918396,0.22733698785305023,0.04457167163491249,0.4838046133518219,0.24599820375442505,0.09402354806661606,0.4823460578918457,0.24657972157001495,0.07247637957334518,0.48332905769348145,0.3028164505958557,0.16263894736766815,0.49443674087524414,0.3030391037464142,-0.0025769914500415325,0.5252023935317993,0.3923923671245575,0.17008182406425476,0.4367404878139496,0.39254629611968994,-0.12478107213973999,0.5652660131454468,0.4365062117576599,0.07506263256072998,0.40376511216163635,0.44703739881515503,-0.2769985795021057,0.578313946723938,0.45083943009376526,0.06769376993179321,0.3996358811855316,0.47013169527053833,-0.3185388743877411,0.5824621915817261,0.4476201832294464,0.036196064203977585,0.3977065086364746,0.46909815073013306,-0.3258783221244812,0.5778815746307373,0.44315096735954285,0.05981818959116936,0.40125903487205505,0.46522557735443115,-0.28607314825057983,0.4816609025001526,0.48042386770248413,0.062077801674604416,0.48106130957603455,0.4766019284725189,-0.06231064721941948,0.48860302567481995,0.6384786367416382,0.04539070278406143,0.48372793197631836,0.6379005908966064,-0.17401260137557983,0.4740518033504486,0.7900679111480713,0.09284663200378418,0.4738839268684387,0.7969356775283813,-0.14410588145256042,0.47227638959884644,0.8089038729667664,0.08861450850963593,0.4699100852012634,0.8155189752578735,-0.14592446386814117,0.47409194707870483,0.8253002166748047,-0.015671715140342712,0.4948738217353821,0.8409976363182068,-0.26160338521003723
frame_00001.jpg,0.48319926857948303,0.2451181858778,-0.18567027151584625,0.4847034513950348,0.23517757654190063,-0.1589004248380661,0.4852747917175293,0.23501333594322205,-0.15916708111763,0.4851160943508148,0.23487588763237,-0.15915869176387787,0.4830965995788574,0.2354561984539032,-0.1732313483953476,0.48334330320358276,0.23546507954597473,-0.17355504631996155,0.48371538519859314,0.23530782759189606,-0.17370042204856873,0.48326247930526733,0.24066559970378876,0.0450337752699852,0.48696261644363403,0.24042686820030212,-0.08017893135547638,0.4853559136390686,0.2550518214702606,-0.1262359321117401,0.4832325577735901,0.2552606761455536,-0.1486845314502716,0.5069493055343628,0.30874958634376526,0.061044059693813324,0.4610344469547272,0.30682870745658875,-0.038798265159130096,0.5258971452713013,0.4043463170528412,0.07145296037197113,0.43550586700439453,0.4000087380409241,-0.07755418121814728,0.5664366483688354,0.4365224242210388,-0.007677074521780014,0.4005895256996155,0.44716396927833557,-0.24056212604045868,0.5788554549217224,0.44785282015800476,-0.06302004307508469,0.3881455659866333,0.4696640968322754,-0.28502336144447327,0.5830589532852173,0.44364064931869507,-0.12766337394714355,0.3856622278690338,0.4669674038887024,-0.31601667404174805,0.5786373019218445,0.44065114855766296,-0.056706734001636505,0.3920675814151764,0.4607815444469452,-0.2585734724998474,0.4884191155433655,0.4900490939617157,0.04363127797842026,0.47568267583847046,0.48874595761299133,-0.04382718354463577,0.5032687783241272,0.6352585554122925,0.07272466272115707,0.4831394553184509,0.6436644792556763,-0.1530911773443222,0.48592814803123474,0.7879219055175781,0.3338598906993866,0.47054171562194824,0.8087087273597717,-0.10547222942113876,0.4798574447631836,0.7894868850708008,0.3536914587020874,0.46858301758766174,0.8309475183486938,-0.10687050968408585,0.4938654899597168,0.8037324547767639,0.26025569438934326,0.48740077018737793,0.8559291362762451,-0.2621903121471405
frame_00002.jpg,0.48624715209007263,0.2746533751487732,-0.2133404016494751,0.48915916681289673,0.2624818980693817,-0.18766264617443085,0.4907724857330322,0.26210978627204895,-0.1879291534423828,0.49209660291671753,0.26190707087516785,-0.1879001259803772,0.4845721125602722,0.2629926800727844,-0.19477181136608124,0.4836086630821228,0.2629585564136505,-0.19508126378059387,0.4828854203224182,0.2629435360431671,-0.19521711766719818,0.4908997416496277,0.2665451765060425,0.01726640574634075,0.48604902625083923,0.2668466567993164,-0.08150295913219452,0.48886245489120483,0.28356942534446716,-0.15720058977603912,0.48386111855506897,0.2847846448421478,-0.16941896080970764,0.516417920589447,0.3348505198955536,0.039070792496204376,0.4532318711280823,0.33155614137649536,-0.03459200635552406,0.52617347240448,0.42199650406837463,0.020401787012815475,0.43440160155296326,0.4156109392642975,-0.06442197412252426,0.5655344724655151,0.4387827515602112,-0.19739583134651184,0.3996347486972809,0.44774001836776733,-0.22407686710357666,0.577873170375824,0.4466569721698761,-0.24008440971374512,0.3852405548095703,0.4631735682487488,-0.2693027853965759,0.582166314125061,0.44149547815322876,-0.27767693996429443,0.3810519874095917,0.45929428935050964,-0.30205944180488586,0.5775219202041626,0.4400184750556946,-0.21932649612426758,0.3881528973579407,0.45585334300994873,-0.24322886765003204,0.4941370487213135,0.5096628665924072,0.034555986523628235,0.47103723883628845,0.5082460641860962,-0.034760452806949615,0.507831335067749,0.6409950256347656,0.055455900728702545,0.4756709039211273,0.6561171412467957,-0.12985976040363312,0.48820534348487854,0.7395466566085815,0.3098721504211426,0.4669995903968811,0.8104922771453857,-0.07290373742580414,0.48140019178390503,0.7356710433959961,0.32917338609695435,0.4663922190666199,0.831641435623169,-0.07320819795131683,0.4951189160346985,0.7981370091438293,0.23352102935314178,0.4809803068637848,0.8561182618141174,-0.2255454808473587
frame_00003.jpg,0.48768386244773865,0.29179373383522034,-0.13137225806713104,0.49218741059303284,0.2795238792896271,-0.10608132928609848,0.4944431185722351,0.2793427109718323,-0.1062929779291153,0.4964736998081207,0.27935221791267395,-0.10628684610128403,0.4857091009616852,0.279621422290802,-0.10762883722782135,0.48392587900161743,0.27939659357070923,-0.1078944206237793,0.48243460059165955,0.2790950834751129,-0.1079728975892067,0.4977150857448578,0.284121572971344,0.023295391350984573,0.4857289791107178,0.282061904668808,0.012522402219474316,0.49086594581604004,0.30210021138191223,-0.0831705778837204,0.48405200242996216,0.3020486831665039,-0.08707194030284882,0.5193849802017212,0.3567935824394226,0.07028617709875107,0.45101413130760193,0.35259830951690674,0.06106538325548172,0.5259785652160645,0.43460115790367126,-0.0012755906209349632,0.4346295893192291,0.4221051037311554,0.005222839303314686,0.5610193014144897,0.44366687536239624,-0.25919562578201294,0.4017801880836487,0.44887658953666687,-0.19841155409812927,0.5725171566009521,0.4468482434749603,-0.3104807436466217,0.38709524273872375,0.45887550711631775,-0.24980267882347107,0.575735867023468,0.4416069984436035,-0.33960995078086853,0.3829863667488098,0.4553104639053345,-0.2761226296424866,0.5716433525085449,0.44046181440353394,-0.2779230773448944,0.39147433638572693,0.4537244439125061,-0.21724891662597656,0.4992946684360504,0.5337716341018677,0.022084053605794907,0.4685150980949402,0.5347086787223816,-0.022320782765746117,0.5121204257011414,0.622471272945404,-0.18625716865062714,0.4754306674003601,0.6975364089012146,-0.11393588781356812,0.48940858244895935,0.7004766464233398,0.03643665090203285,0.47035136818885803,0.8574928045272827,-0.06653698533773422,0.4840523302555084,0.7056003212928772,0.053895384073257446,0.4676038324832916,0.8750551342964172,-0.07236229628324509,0.4931204319000244,0.7589107155799866,-0.05873699113726616,0.47958245873451233,0.8926162719726562,-0.21292702853679657
frame_00004.jpg,0.4885677397251129,0.2957761883735657,-0.11857056617736816,0.4938191771507263,0.284467875957489,-0.09372900426387787,0.4963720440864563,0.2845965623855591,-0.09397543966770172,0.49832504987716675,0.2848443388938904,-0.09393160790205002,0.4875883162021637,0.2835986018180847,-0.09898863732814789,0.48608237504959106,0.28307613730430603,-0.09927414357662201,0.48453807830810547,0.28246641159057617,-0.09936440736055374,0.4996527135372162,0.2894700765609741,0.033558811992406845,0.48459798097610474,0.28609520196914673,0.008284523151814938,0.4911365509033203,0.304969847202301,-0.0693759173154831,0.48436111211776733,0.30438709259033203,-0.07853115350008011,0.5192334055900574,0.3497832119464874,0.09087658673524857,0.4504471719264984,0.3494916558265686,0.05011808127164841,0.5228548049926758,0.4332251250743866,0.0215186458081007,0.43673935532569885,0.4241970181465149,-0.00894535705447197,0.5575219392776489,0.4479546844959259,-0.20369009673595428,0.40333741903305054,0.4516029357910156,-0.21363428235054016,0.5686618089675903,0.4497446119785309,-0.2445259839296341,0.3890191316604614,0.4585162401199341,-0.2626498341560364,0.5716594457626343,0.4436728358268738,-0.2746768891811371,0.3838624656200409,0.45499187707901,-0.28929340839385986,0.5672672986984253,0.44331786036491394,-0.22131159901618958,0.39234259724617004,0.4537515938282013,-0.2313918173313141,0.4998587667942047,0.5318610072135925,0.025970852002501488,0.4685710072517395,0.530225932598114,-0.02614927850663662,0.5001145601272583,0.6763414740562439,0.0016791364178061485,0.4761742949485779,0.6786433458328247,-0.22091427445411682,0.4791575074195862,0.7546777725219727,0.21612676978111267,0.4663369059562683,0.8196268081665039,-0.22371260821819305,0.47228294610977173,0.7603806257247925,0.23167236149311066,0.466256707906723,0.8381994962692261,-0.22937175631523132,0.47767511010169983,0.796532928943634,0.13396033644676208,0.4780559539794922,0.858483076095581,-0.38275012373924255
frame_00005.jpg,0.4884745478630066,0.2847241461277008,-0.13692139089107513,0.4935580790042877,0.2736109495162964,-0.11492317914962769,0.4959908425807953,0.27366846799850464,-0.11511509120464325,0.497882604598999,0.2738116681575775,-0.11509348452091217,0.4875313341617584,0.27345171570777893,-0.12315467745065689,0.48596182465553284,0.27329903841018677,-0.1234864741563797,0.4841213822364807,0.2730064392089844,-0.12360398471355438,0.4993058741092682,0.2791176736354828,0.0001455978926969692,0.48356518149375916,0.27709680795669556,-0.017532508820295334,0.49097639322280884,0.29492059350013733,-0.09171322733163834,0.48427310585975647,0.29479700326919556,-0.10328583419322968,0.5225528478622437,0.34673890471458435,0.055839281529188156,0.45016995072364807,0.34652265906333923,0.0342375673353672,0.5231441855430603,0.4333230257034302,-0.04557158052921295,0.43657922744750977,0.4263981580734253,-0.014893151819705963,0.5564071536064148,0.4531380236148834,-0.3008020222187042,0.40190601348876953,0.4574078917503357,-0.2499990016222,0.5677285194396973,0.45607277750968933,-0.35327431559562683,0.38780665397644043,0.45861467719078064,-0.3041043281555176,0.5704747438430786,0.4496340751647949,-0.38288387656211853,0.38364648818969727,0.4553433358669281,-0.3349134027957916,0.5658810138702393,0.4491754472255707,-0.31918054819107056,0.3905784785747528,0.45450589060783386,-0.2703365385532379,0.5026965141296387,0.5277427434921265,0.020915843546390533,0.46843117475509644,0.5267945528030396,-0.02101459540426731,0.5008553862571716,0.6623363494873047,0.02776014432311058,0.47616952657699585,0.6831352710723877,-0.11462058871984482,0.4825465679168701,0.7065514922142029,0.3059781789779663,0.4622381329536438,0.8176365494728088,-0.04320504888892174,0.4748665392398834,0.714928388595581,0.32846599817276,0.4666922688484192,0.8341615796089172,-0.04133603721857071,0.4803842604160309,0.7683447003364563,0.23656895756721497,0.4739719033241272,0.848811686038971,-0.190596342086792
frame_00006.jpg,0.488584041595459,0.2691285014152527,-0.1657729297876358,0.4931572377681732,0.2571541666984558,-0.1394474059343338,0.49557214975357056,0.25691691040992737,-0.13971009850502014,0.497567743062973,0.25677812099456787,-0.13966456055641174,0.48743095993995667,0.2571989595890045,-0.14957718551158905,0.4858880639076233,0.25699731707572937,-0.1498749703168869,0.4841125011444092,0.2567252516746521,-0.14999878406524658,0.49908027052879333,0.2605740427970886,-0.011977769434452057,0.4829113483428955,0.26119208335876465,-0.041906796395778656,0.49120181798934937,0.2790164351463318,-0.11218255758285522,0.4851911664009094,0.2801269590854645,-0.12773415446281433,0.5258691310882568,0.3438948690891266,0.05768086388707161,0.45071181654930115,0.33598455786705017,-0.006429003085941076,0.5231773853302002,0.42966678738594055,0.0020782616920769215,0.43694034218788147,0.42610540986061096,-0.08056850731372833,0.5570484399795532,0.4538981318473816,-0.23087957501411438,0.4015626013278961,0.4571353495121002,-0.30292078852653503,0.5684465169906616,0.46013203263282776,-0.2730454206466675,0.38799357414245605,0.4615854322910309,-0.3620821237564087,0.5712209939956665,0.4543803036212921,-0.3077135980129242,0.38406604528427124,0.4574241042137146,-0.39028462767601013,0.5666342973709106,0.4526280164718628,-0.24961881339550018,0.390656054019928,0.4553762376308441,-0.3217933773994446,0.5046985745429993,0.523546576499939,0.03206672519445419,0.4685564935207367,0.5235682129859924,-0.03220602497458458,0.5029764771461487,0.6570663452148438,0.06575184315443039,0.47614192962646484,0.6755728125572205,-0.12432460486888885,0.485095351934433,0.695322573184967,0.3790436089038849,0.4665767550468445,0.821765661239624,-0.04776574671268463,0.47845083475112915,0.7097397446632385,0.40463322401046753,0.46703845262527466,0.838988721370697,-0.04709063470363617,0.48722928762435913,0.7658490538597107,0.32318541407585144,0.47391921281814575,0.8619305491447449,-0.1949513554573059
frame_00007.jpg,0.4893387258052826,0.25656330585479736,-0.24281728267669678,0.4931609630584717,0.24376839399337769,-0.219101220369339,0.4953525960445404,0.24355030059814453,-0.21939024329185486,0.49724698066711426,0.24344795942306519,-0.21937353909015656,0.4880467355251312,0.24407930672168732,-0.22588200867176056,0.48655906319618225,0.24409011006355286,-0.22619304060935974,0.48482903838157654,0.24410976469516754,-0.2263565957546234,0.49943000078201294,0.2478705793619156,-0.08287113159894943,0.4827042520046234,0.24815188348293304,-0.11342485249042511,0.4921356737613678,0.2677607536315918,-0.1891266405582428,0.4863221049308777,0.2685658037662506,-0.20026123523712158,0.5269616842269897,0.33351996541023254,0.02226354368031025,0.4509025514125824,0.3187403678894043,-0.05779844522476196,0.5253410935401917,0.4261164665222168,0.024203624576330185,0.4369696080684662,0.41179710626602173,-0.0933285802602768,0.5607109069824219,0.45309898257255554,-0.15401257574558258,0.40090006589889526,0.45700663328170776,-0.27833694219589233,0.5706561207771301,0.4619204103946686,-0.1860663741827011,0.38809069991111755,0.46782538294792175,-0.3300989270210266,0.574019730091095,0.4568866491317749,-0.22916758060455322,0.38413697481155396,0.4636039137840271,-0.3619174659252167,0.5693831443786621,0.45385608077049255,-0.17495906352996826,0.3906669020652771,0.45852774381637573,-0.2973879277706146,0.507205605506897,0.5112848877906799,0.03587743267416954,0.4686298966407776,0.5110700726509094,-0.03606266528367996,0.5070549249649048,0.6340770721435547,0.10882958024740219,0.47615480422973633,0.6742979288101196,-0.1230798214673996,0.49058404564857483,0.683120846748352,0.4251333177089691,0.4650202691555023,0.8246215581893921,-0.05346354842185974,0.48305743932724,0.6994837522506714,0.4510733187198639,0.4663185179233551,0.8472941517829895,-0.053866513073444366,0.4897051751613617,0.7406198978424072,0.37778210639953613,0.46750324964523315,0.8726180195808411,-0.20399387180805206
frame_00008.jpg,0.49131450057029724,0.24106241762638092,-0.2569155693054199,0.4939824938774109,0.22930485010147095,-0.2345668077468872,0.49597448110580444,0.2289731353521347,-0.23488011956214905,0.4977826178073883,0.2287118136882782,-0.2348635494709015,0.4892606735229492,0.23002544045448303,-0.24279575049877167,0.48777857422828674,0.23025885224342346,-0.24309761822223663,0.48605528473854065,0.23049235343933105,-0.24325203895568848,0.5003281831741333,0.23399652540683746,-0.10568799823522568,0.4831429421901703,0.23587916791439056,-0.14429619908332825,0.4944308400154114,0.2530216574668884,-0.20629537105560303,0.4889369010925293,0.2535911202430725,-0.21940235793590546,0.5279802083969116,0.3208402991294861,-0.0037505589425563812,0.4509379267692566,0.30505532026290894,-0.09065181016921997,0.5291995406150818,0.41529905796051025,0.025285765528678894,0.4366636276245117,0.3972212076187134,-0.1158633828163147,0.5669235587120056,0.4524403512477875,-0.12332041561603546,0.40050989389419556,0.4567939043045044,-0.2783260941505432,0.5764654278755188,0.4635485112667084,-0.1488962322473526,0.3881610035896301,0.4720574617385864,-0.32644766569137573,0.5800977945327759,0.4605528712272644,-0.19227539002895355,0.38464075326919556,0.46915921568870544,-0.35842838883399963,0.5752474069595337,0.455955445766449,-0.14346270263195038,0.39082926511764526,0.46157726645469666,-0.2967455983161926,0.5096228718757629,0.49348384141921997,0.04064028337597847,0.46960633993148804,0.4944590628147125,-0.04082544893026352,0.5104321241378784,0.6100142002105713,0.159475639462471,0.4754457473754883,0.654657781124115,-0.1320364773273468,0.49468499422073364,0.6639853119850159,0.5103760361671448,0.4641472399234772,0.8174413442611694,-0.07571910321712494,0.4872705042362213,0.6762096285820007,0.540596604347229,0.4659368097782135,0.8434963822364807,-0.07584290206432343,0.49387645721435547,0.7128192186355591,0.49042001366615295,0.4648049771785736,0.8701353073120117,-0.2155543863773346
frame_00009.jpg,0.4924168586730957,0.23040832579135895,-0.28907912969589233,0.4951377511024475,0.2187396138906479,-0.2666509449481964,0.4972456097602844,0.21842104196548462,-0.26695626974105835,0.49929705262184143,0.2181910127401352,-0.26693013310432434,0.4901272654533386,0.219025120139122,-0.27508217096328735,0.48855000734329224,0.21907258033752441,-0.2753966450691223,0.48673829436302185,0.21913710236549377,-0.2755562663078308,0.5025677680969238,0.22357988357543945,-0.13435998558998108,0.48342767357826233,0.22491489350795746,-0.1735830157995224,0.49586835503578186,0.24286885559558868,-0.23693141341209412,0.49005335569381714,0.24311785399913788,-0.2502310574054718,0.5293576717376709,0.30410346388816833,-0.022454610094428062,0.451484739780426,0.29759252071380615,-0.11705939471721649,0.5313366651535034,0.39818641543388367,0.022989969700574875,0.4362214505672455,0.3875042200088501,-0.1354539692401886,0.5696089863777161,0.4495081305503845,-0.11875376850366592,0.40036001801490784,0.45664992928504944,-0.28963392972946167,0.5785238742828369,0.46252310276031494,-0.1432175189256668,0.3881547152996063,0.47404780983924866,-0.3374176323413849,0.582530677318573,0.45926669239997864,-0.18846812844276428,0.38471531867980957,0.47281530499458313,-0.36989134550094604,0.5778869986534119,0.45502936840057373,-0.13937076926231384,0.3909420073032379,0.46424320340156555,-0.307769775390625,0.5108151435852051,0.48012644052505493,0.044227320700883865,0.4704108238220215,0.48175880312919617,-0.04443082585930824,0.5117612481117249,0.6077980399131775,0.1463567018508911,0.4737682342529297,0.6343601942062378,-0.13490185141563416,0.49480849504470825,0.6641936898231506,0.47950267791748047,0.4653095304965973,0.7871018052101135,-0.07611066102981567,0.48739904165267944,0.6727428436279297,0.507465124130249,0.46605485677719116,0.8040988445281982,-0.07597623765468597,0.49410122632980347,0.7195345163345337,0.44373756647109985,0.46528249979019165,0.8498697876930237,-0.21862784028053284
frame_00010.jpg,0.4940783381462097,0.22434677183628082,-0.25307542085647583,0.49610820412635803,0.2133532166481018,-0.2304549217224121,0.4978552758693695,0.2130303531885147,-0.2307319939136505,0.4996243119239807,0.21278604865074158,-0.23069973289966583,0.49192315340042114,0.2136472910642624,-0.23864586651325226,0.4905983805656433,0.21363778412342072,-0.23896202445030212,0.48909345269203186,0.21362614631652832,-0.23912735283374786,0.5026003122329712,0.21750478446483612,-0.10315170139074326,0.48598289489746094,0.21879559755325317,-0.14121364057064056,0.497225821018219,0.23690809309482574,-0.20310655236244202,0.49234122037887573,0.23734770715236664,-0.21584537625312805,0.5302987694740295,0.2972732484340668,-0.00411823159083724,0.45433536171913147,0.2932451665401459,-0.0922723188996315,0.5329768061637878,0.3913678526878357,0.04922526702284813,0.43631666898727417,0.3843381702899933,-0.11066869646310806,0.5725268125534058,0.44390472769737244,-0.0871611014008522,0.4003729820251465,0.4525909423828125,-0.28358379006385803,0.5813795924186707,0.46061211824417114,-0.11091779172420502,0.38825109601020813,0.4736427068710327,-0.31988978385925293,0.5855560302734375,0.4590734541416168,-0.155813530087471,0.3851863145828247,0.4715835154056549,-0.35361963510513306,0.5810741782188416,0.45320865511894226,-0.10790704190731049,0.3911556601524353,0.4640201926231384,-0.2968149185180664,0.5105969905853271,0.47105228900909424,0.042022205889225006,0.473203182220459,0.47055238485336304,-0.04222917929291725,0.5116270184516907,0.6086204051971436,0.09824691712856293,0.4753103256225586,0.6140648126602173,-0.12371774017810822,0.4963676333427429,0.7130371332168579,0.31920209527015686,0.4690469205379486,0.7511867880821228,-0.0376429408788681,0.49035367369651794,0.7242743372917175,0.33167198300361633,0.46774786710739136,0.7605305314064026,-0.03533843532204628,0.49404993653297424,0.7509821653366089,0.21755512058734894,0.4693823456764221,0.8041358590126038,-0.18415069580078125
frame_00011.jpg,0.4951251149177551,0.22776423394680023,-0.24398629367351532,0.49766451120376587,0.2157977670431137,-0.22972533106803894,0.4997304081916809,0.21557028591632843,-0.23007361590862274,0.5018696188926697,0.21552230417728424,-0.23020796477794647,0.49264106154441833,0.21578136086463928,-0.2284528911113739,0.49106812477111816,0.2156461626291275,-0.22871637344360352,0.48934388160705566,0.21553172171115875,-0.22879119217395782,0.5045745372772217,0.21965421736240387,-0.0794890969991684,0.48622432351112366,0.22026176750659943,-0.12954339385032654,0.49893003702163696,0.23920680582523346,-0.19994667172431946,0.493192195892334,0.2398606836795807,-0.20583955943584442,0.5303658843040466,0.2969403862953186,0.034188877791166306,0.4554365575313568,0.2947661280632019,-0.0727403461933136,0.5333446264266968,0.38725224137306213,0.05638812854886055,0.4400859475135803,0.3836004137992859,-0.10183905065059662,0.573482871055603,0.4315955340862274,-0.1133359894156456,0.4024748206138611,0.44236525893211365,-0.26959896087646484,0.5831328630447388,0.4479781687259674,-0.14297354221343994,0.3894938826560974,0.4632451832294464,-0.3143545985221863,0.5861605405807495,0.44692355394363403,-0.18604859709739685,0.3867833912372589,0.46193674206733704,-0.34557607769966125,0.581656813621521,0.4406808614730835,-0.1345377266407013,0.39290428161621094,0.453837513923645,-0.28590404987335205,0.5112520456314087,0.46880123019218445,0.04064566642045975,0.4746379256248474,0.46859055757522583,-0.040867097675800323,0.5118521451950073,0.6110562682151794,0.04291780665516853,0.47750335931777954,0.6168951392173767,-0.09007821977138519,0.49737152457237244,0.7282719016075134,0.196529820561409,0.4702076315879822,0.7402657270431519,0.06047487258911133,0.4905705451965332,0.7359349727630615,0.20396585762500763,0.46875062584877014,0.7481916546821594,0.06928828358650208,0.4945622384548187,0.7872396111488342,0.06844238191843033,0.4716690182685852,0.79067462682724,-0.07215816527605057
frame_00012.jpg,0.49615344405174255,0.22918635606765747,-0.190789595246315,0.49866223335266113,0.2173764854669571,-0.16482572257518768,0.5006973147392273,0.2172512412071228,-0.1650642603635788,0.5028551816940308,0.2172899842262268,-0.16502341628074646,0.4937358796596527,0.21710757911205292,-0.17470106482505798,0.4921486973762512,0.2168690413236618,-0.17500880360603333,0.49038228392601013,0.21663476526737213,-0.17515261471271515,0.5056914687156677,0.22111304104328156,-0.021959355100989342,0.48683494329452515,0.22124801576137543,-0.072438545525074,0.49979299306869507,0.23977503180503845,-0.13695788383483887,0.49409064650535583,0.2405007779598236,-0.1522478610277176,0.5320039987564087,0.29818251729011536,0.08913086354732513,0.4560791552066803,0.2956494688987732,-0.04057874530553818,0.5344768166542053,0.3861989974975586,0.09998507797718048,0.4427592158317566,0.3840298652648926,-0.09152711182832718,0.5734072923660278,0.4260772168636322,-0.09469347447156906,0.40438565611839294,0.4349915683269501,-0.2643900513648987,0.5834410190582275,0.4390288293361664,-0.1279328167438507,0.3902016282081604,0.4524300694465637,-0.310371071100235,0.5863262414932251,0.4378475546836853,-0.1707150936126709,0.3873128592967987,0.45034459233283997,-0.34102290868759155,0.5816535353660583,0.432614266872406,-0.11673445999622345,0.3937397003173828,0.4434911012649536,-0.2819504737854004,0.5116859078407288,0.47288843989372253,0.04510151967406273,0.47563809156417847,0.4725572466850281,-0.0453224740922451,0.5123437643051147,0.6163603663444519,0.024641701951622963,0.480126291513443,0.6235866546630859,-0.0998021811246872,0.501006007194519,0.7503110766410828,0.1752806305885315,0.47746530175209045,0.7573288679122925,0.028936874121427536,0.4967178702354431,0.7780684232711792,0.18227943778038025,0.47410932183265686,0.7704841494560242,0.03623838350176811,0.5024410486221313,0.8071218729019165,0.042513199150562286,0.4783206880092621,0.807634174823761,-0.11252876371145248
frame_00013.jpg,0.49693694710731506,0.231219083070755,-0.1625833362340927,0.4998225271701813,0.21974657475948334,-0.1358608603477478,0.5021897554397583,0.2196389138698578,-0.13611476123332977,0.504635214805603,0.21966220438480377,-0.1360854208469391,0.49436450004577637,0.21938887238502502,-0.14372658729553223,0.4926525056362152,0.21912842988967896,-0.14407065510749817,0.49080127477645874,0.21887923777103424,-0.1442503035068512,0.5078238248825073,0.22331131994724274,0.0010662199929356575,0.48755908012390137,0.22340722382068634,-0.03446471691131592,0.5006106495857239,0.24178765714168549,-0.10996627807617188,0.49454784393310547,0.2424248307943344,-0.12193746864795685,0.5343864560127258,0.3013724684715271,0.09800787270069122,0.4569239020347595,0.29837873578071594,0.0013565351255238056,0.5348159074783325,0.39004409313201904,0.09805658459663391,0.44439253211021423,0.385701060295105,-0.05616312101483345,0.5734142661094666,0.42460161447525024,-0.0895598977804184,0.4063242971897125,0.4315839111804962,-0.2442930042743683,0.5839474201202393,0.4345371425151825,-0.12305319309234619,0.3913610577583313,0.4456268846988678,-0.2929048240184784,0.5870587825775146,0.43203410506248474,-0.16246338188648224,0.3880773186683655,0.4428996443748474,-0.3221511244773865,0.5821596384048462,0.42828041315078735,-0.11043814569711685,0.3949405550956726,0.43714630603790283,-0.2619341015815735,0.5122643709182739,0.47474944591522217,0.03675919026136398,0.4761839509010315,0.47565868496894836,-0.03702513501048088,0.5123874545097351,0.6312412023544312,-0.0457133874297142,0.4809502959251404,0.6245450377464294,-0.10421766340732574,0.5009208917617798,0.7901961803436279,0.024414392188191414,0.47636479139328003,0.7602301239967346,0.02721257135272026,0.4961484968662262,0.8109181523323059,0.022690968587994576,0.47508540749549866,0.7763435244560242,0.03448294848203659,0.5033766031265259,0.8338866829872131,-0.13109752535820007,0.47817546129226685,0.808094322681427,-0.10427673161029816
frame_00014.jpg,0.49730056524276733,0.2423868626356125,-0.1623508781194687,0.5009989142417908,0.23141521215438843,-0.13671818375587463,0.5035310387611389,0.2315005660057068,-0.1369844675064087,0.5061001181602478,0.23190967738628387,-0.13694486021995544,0.4951043725013733,0.2317119538784027,-0.14094141125679016,0.4932580888271332,0.2319009006023407,-0.14129263162612915,0.4912477135658264,0.23204869031906128,-0.14146165549755096,0.5092582702636719,0.238424152135849,-0.0019133230671286583,0.48805898427963257,0.23766137659549713,-0.020078608766198158,0.5010408163070679,0.2543964982032776,-0.11004514992237091,0.4945438504219055,0.25449874997138977,-0.11717323958873749,0.5342404842376709,0.3126518428325653,0.08911826461553574,0.45779746770858765,0.3146258592605591,0.038892511278390884,0.5376350283622742,0.3993220031261444,0.09103195369243622,0.44555920362472534,0.39282292127609253,0.007947406731545925,0.5755981206893921,0.42700088024139404,-0.09162600338459015,0.40616926550865173,0.4318849742412567,-0.1843680739402771,0.5867513418197632,0.4329671561717987,-0.1273994743824005,0.3913358151912689,0.4364427626132965,-0.2299860715866089,0.5894041657447815,0.4293329417705536,-0.1642380952835083,0.38807111978530884,0.4321187734603882,-0.26255664229393005,0.5842828154563904,0.42791256308555603,-0.11132258176803589,0.3948734998703003,0.43100467324256897,-0.20354601740837097,0.5126256346702576,0.4909359812736511,0.020091475918889046,0.4764278531074524,0.4864763915538788,-0.02034241147339344,0.5123099684715271,0.6509150862693787,-0.06873862445354462,0.4809877872467041,0.625930905342102,-0.08765444159507751,0.5007544755935669,0.819169819355011,-0.012468871660530567,0.4784703254699707,0.7357670664787292,0.12318556010723114,0.4975988268852234,0.8481091856956482,-0.015659907832741737,0.47843581438064575,0.7454590201377869,0.13948431611061096,0.5023149251937866,0.8573706746101379,-0.1805354356765747,0.4778273105621338,0.7852765321731567,0.01845579780638218
frame_00015.jpg,0.4990437924861908,0.2564597725868225,-0.11290781199932098,0.5023926496505737,0.2449350506067276,-0.08668026328086853,0.5043765306472778,0.24477358162403107,-0.08692294359207153,0.5064159631729126,0.24477674067020416,-0.08685977756977081,0.49753254652023315,0.2452051192522049,-0.09607161581516266,0.49595698714256287,0.24517026543617249,-0.0964009091258049,0.4942469596862793,0.24502108991146088,-0.09655412286520004,0.5089730620384216,0.2508120536804199,0.04183679819107056,0.491629034280777,0.2501130998134613,-3.7719397369073704e-05,0.5020967721939087,0.2675693929195404,-0.06330777704715729,0.49610066413879395,0.2673996388912201,-0.0771874338388443,0.53473961353302,0.32096198201179504,0.12749023735523224,0.45951467752456665,0.32246485352516174,0.029204677790403366,0.5376915335655212,0.41349831223487854,0.11312069743871689,0.4498048424720764,0.4047418236732483,-0.029872244223952293,0.5749769806861877,0.4274079501628876,-0.08759558200836182,0.4126299321651459,0.432422935962677,-0.20407164096832275,0.5862056612968445,0.4338597059249878,-0.12216762453317642,0.39772090315818787,0.4334619343280792,-0.2588866353034973,0.5887418389320374,0.43049710988998413,-0.15780353546142578,0.3937970995903015,0.4292501211166382,-0.2710772752761841,0.58370441198349,0.42987728118896484,-0.10717785358428955,0.40101996064186096,0.4294460117816925,-0.21016542613506317,0.5132055878639221,0.49963322281837463,0.022925235331058502,0.478055477142334,0.49526017904281616,-0.023141812533140182,0.5124461650848389,0.6548095345497131,-0.0638616532087326,0.4822140634059906,0.6248022317886353,-0.15033000707626343,0.500464677810669,0.8141912221908569,-0.007873781025409698,0.47769132256507874,0.7295945882797241,0.048964448273181915,0.497354656457901,0.8401288390159607,-0.010251814499497414,0.4806062579154968,0.7317472696304321,0.0595010407269001,0.5026833415031433,0.8526008725166321,-0.15601827204227448,0.4780632555484772,0.7713368535041809,-0.05856989696621895
frame_00016.jpg,0.5043046474456787,0.28269311785697937,-0.13612133264541626,0.5070840716362,0.2708034813404083,-0.11530186980962753,0.5087447762489319,0.2709651291370392,-0.11556492000818253,0.5104842782020569,0.271321564912796,-0.11552765220403671,0.5024663209915161,0.2704426050186157,-0.11683745682239532,0.5007596611976624,0.2703826129436493,-0.11714531481266022,0.4989244341850281,0.27031534910202026,-0.11729377508163452,0.5119425058364868,0.2768614888191223,0.001194946700707078,0.495434433221817,0.2747872769832611,-0.010468777269124985,0.5058149099349976,0.29500123858451843,-0.09241638332605362,0.499659925699234,0.29455438256263733,-0.09619798511266708,0.5342667698860168,0.3500472605228424,0.05521445348858833,0.4605037569999695,0.34520912170410156,0.04664452746510506,0.5378810167312622,0.4309125244617462,-0.016923824325203896,0.4512370228767395,0.4285983145236969,-0.003008837578818202,0.5749350190162659,0.4349091947078705,-0.23649394512176514,0.41794443130493164,0.432752788066864,-0.21091225743293762,0.585760235786438,0.43545103073120117,-0.2826589345932007,0.40449410676956177,0.4378740191459656,-0.2596222162246704,0.5879429578781128,0.43250858783721924,-0.30986469984054565,0.4000174403190613,0.432015597820282,-0.2862527072429657,0.5832147002220154,0.43037843704223633,-0.25326040387153625,0.406991571187973,0.4322890341281891,-0.2273091822862625,0.5141958594322205,0.531312108039856,0.0040222774259746075,0.4783286154270172,0.5257056355476379,-0.004173838999122381,0.512302041053772,0.6939668655395508,-0.08060135692358017,0.47889217734336853,0.6450729966163635,-0.11428888887166977,0.5016458630561829,0.8497529625892639,-0.01804395765066147,0.47735175490379333,0.7414539456367493,0.11736838519573212,0.49705901741981506,0.8718954920768738,-0.019814614206552505,0.4800833761692047,0.7497905492782593,0.1358279287815094,0.5047087073326111,0.8836629390716553,-0.16832250356674194,0.47811681032180786,0.7831682562828064,0.035295408219099045
frame_00017.jpg,0.5041863322257996,0.2804333567619324,0.01332651637494564,0.5076159238815308,0.2699683606624603,0.04103527590632439,0.5095512270927429,0.2705479562282562,0.04082098975777626,0.5114997029304504,0.27129799127578735,0.040898703038692474,0.5022523999214172,0.2694428265094757,0.036323849111795425,0.500379204750061,0.26971015334129333,0.03601925075054169,0.4983789324760437,0.2700190544128418,0.035921089351177216,0.5138233304023743,0.2799709141254425,0.15550115704536438,0.4954070448875427,0.2778351902961731,0.13350561261177063,0.5065195560455322,0.29408472776412964,0.05568502098321915,0.49989596009254456,0.2939159572124481,0.04761744663119316,0.534699559211731,0.3549172282218933,0.1870286762714386,0.4626409113407135,0.34748736023902893,0.14238986372947693,0.5385734438896179,0.4396490752696991,0.1061706393957138,0.4541745185852051,0.43077903985977173,0.053009409457445145,0.5739127397537231,0.4440250098705292,-0.12975606322288513,0.4269408583641052,0.44061025977134705,-0.16142237186431885,0.5852367281913757,0.44209960103034973,-0.17490151524543762,0.41651663184165955,0.4380135238170624,-0.210590198636055,0.5854130387306213,0.43673574924468994,-0.19217552244663239,0.41362014412879944,0.43259015679359436,-0.23167431354522705,0.5804528594017029,0.4374721348285675,-0.1432524472475052,0.4182685911655426,0.4357267916202545,-0.17696592211723328,0.5142360329627991,0.5298293232917786,0.009422956965863705,0.48005956411361694,0.5225570797920227,-0.009589908644557,0.5120651125907898,0.6936789751052856,-0.07730169594287872,0.48061561584472656,0.6448526382446289,-0.23576617240905762,0.5014108419418335,0.8471933603286743,-0.031527478247880936,0.47411197423934937,0.7425609230995178,-0.09594710171222687,0.49631381034851074,0.8648384809494019,-0.03504149988293648,0.47502145171165466,0.7512352466583252,-0.08594947308301926,0.5043970942497253,0.8860463500022888,-0.1868387758731842,0.4780256152153015,0.7881305813789368,-0.21200457215309143
frame_00018.jpg,0.5037516355514526,0.2807636260986328,-0.03409973531961441,0.5076084136962891,0.27066367864608765,-0.006636619567871094,0.509577214717865,0.27120229601860046,-0.006864779628813267,0.5115236043930054,0.2718162536621094,-0.006786521524190903,0.5020797848701477,0.27052077651023865,-0.01109387632459402,0.5001220107078552,0.2710178792476654,-0.011391979642212391,0.4979924261569977,0.27151522040367126,-0.011498264037072659,0.514250636100769,0.2809104323387146,0.11060450226068497,0.49487462639808655,0.28058287501335144,0.08965304493904114,0.5061861276626587,0.29429003596305847,0.00914604589343071,0.49964699149131775,0.29479044675827026,0.0013009824324399233,0.5346052050590515,0.3507774770259857,0.15158717334270477,0.4635693430900574,0.35099175572395325,0.10850657522678375,0.5386374592781067,0.43659791350364685,0.0867927223443985,0.455841064453125,0.43158289790153503,0.025711819529533386,0.5694901943206787,0.44735705852508545,-0.13668665289878845,0.42760175466537476,0.44632142782211304,-0.18564096093177795,0.5813091993331909,0.4477623403072357,-0.1801934540271759,0.41784682869911194,0.44215190410614014,-0.23511143028736115,0.5817117691040039,0.4434727728366852,-0.19879508018493652,0.41487812995910645,0.4368401765823364,-0.2591005265712738,0.5774027109146118,0.4446321725845337,-0.14981481432914734,0.41942644119262695,0.4405796229839325,-0.202263742685318,0.5142784118652344,0.5249335169792175,0.011805502697825432,0.4813644289970398,0.5186649560928345,-0.011993294581770897,0.5155056118965149,0.6914901733398438,-0.0721762552857399,0.4803887903690338,0.6178169846534729,-0.27520662546157837,0.5009873509407043,0.8383561968803406,-0.013172152452170849,0.4720885753631592,0.7354374527931213,-0.12583985924720764,0.4943985342979431,0.8572626709938049,-0.015430544503033161,0.4753616452217102,0.7326897382736206,-0.11463163793087006,0.5035932660102844,0.8828430771827698,-0.16771338880062103,0.47736120223999023,0.7843093276023865,-0.23843446373939514
frame_00019.jpg,0.5032116770744324,0.27950793504714966,-0.07756925374269485,0.5069117546081543,0.26845598220825195,-0.05290677025914192,0.5088496804237366,0.2690173089504242,-0.05314512923359871,0.5108107924461365,0.2697875201702118,-0.05308390408754349,0.5018082857131958,0.26807862520217896,-0.05830913782119751,0.500144362449646,0.26866862177848816,-0.05861610174179077,0.4983753561973572,0.26952680945396423,-0.05875294283032417,0.5135284662246704,0.27943745255470276,0.06491683423519135,0.4965846538543701,0.279029905796051,0.04100392758846283,0.5056759119033813,0.29267606139183044,-0.032702744007110596,0.49957433342933655,0.29240453243255615,-0.04144300892949104,0.5368578433990479,0.33963897824287415,0.12527921795845032,0.4647689759731293,0.3460389971733093,0.06894538551568985,0.5394564867019653,0.4320703446865082,0.07871080189943314,0.4566631317138672,0.4262864887714386,0.006174550391733646,0.5693672299385071,0.44966480135917664,-0.14674974977970123,0.42760077118873596,0.45011696219444275,-0.19693121314048767,0.5809486508369446,0.45385605096817017,-0.18846753239631653,0.41795673966407776,0.45178890228271484,-0.24960041046142578,0.5817806720733643,0.4508189260959625,-0.21620997786521912,0.41475754976272583,0.448110967874527,-0.27083641290664673,0.5774452686309814,0.45071765780448914,-0.16303762793540955,0.4195807874202728,0.44804808497428894,-0.21181197464466095,0.5142654180526733,0.5238654017448425,0.013414314016699791,0.48176655173301697,0.5159450769424438,-0.013567057438194752,0.5153520703315735,0.6802204847335815,-0.08597752451896667,0.4849328398704529,0.6207243204116821,-0.2058926373720169,0.5011878609657288,0.8305128812789917,-0.05661717802286148,0.4720876216888428,0.7410157322883606,-0.058196745812892914,0.4943811297416687,0.8537805676460266,-0.062483709305524826,0.478008508682251,0.7437177896499634,-0.048194561153650284,0.5060291290283203,0.8787344098091125,-0.22270536422729492,0.4771069884300232,0.7878513336181641,-0.17584313452243805
frame_00020.jpg,0.504483163356781,0.2612673342227936,-0.09664419293403625,0.5076166391372681,0.25099679827690125,-0.07240025699138641,0.5096803903579712,0.25114816427230835,-0.07264100760221481,0.5117062926292419,0.25136905908584595,-0.07258058339357376,0.5024611949920654,0.2506588101387024,-0.07760640978813171,0.500760018825531,0.2507797181606293,-0.0779070109128952,0.4989028573036194,0.2509731650352478,-0.07803977280855179,0.514437198638916,0.25608029961586,0.053980689495801926,0.4963473677635193,0.2570837736129761,0.024705389514565468,0.5077504515647888,0.2730671465396881,-0.05110487341880798,0.5015497207641602,0.27405163645744324,-0.05848807841539383,0.5396385192871094,0.3261656165122986,0.13091732561588287,0.46506181359291077,0.3261035084724426,0.04716880992054939,0.5420874953269958,0.41709038615226746,0.13338758051395416,0.45987382531166077,0.4119318723678589,-0.04217154532670975,0.5698887705802917,0.44982054829597473,-0.02702348306775093,0.43598777055740356,0.4494725167751312,-0.2520587742328644,0.5813171863555908,0.45824214816093445,-0.0511593334376812,0.4227915406227112,0.4557703137397766,-0.3053646683692932,0.5831259489059448,0.45628830790519714,-0.0891009271144867,0.42001986503601074,0.4541414678096771,-0.32802119851112366,0.5783410668373108,0.45413100719451904,-0.04486292600631714,0.4265771508216858,0.4505847692489624,-0.26697227358818054,0.5176516771316528,0.5135343670845032,0.028786059468984604,0.4829389452934265,0.5033785104751587,-0.029028361663222313,0.5152621865272522,0.6750717759132385,-0.07730681449174881,0.487132728099823,0.606029748916626,-0.35341691970825195,0.5019000768661499,0.8386739492416382,-0.06297572702169418,0.47936397790908813,0.6928243041038513,-0.21752360463142395,0.4944503903388977,0.8596346378326416,-0.07081452012062073,0.47956252098083496,0.7104032039642334,-0.2077968567609787,0.5081918835639954,0.8907676935195923,-0.23198425769805908,0.4802355170249939,0.7558915615081787,-0.3328893184661865
frame_00021.jpg,0.5052620768547058,0.244383305311203,-0.1535043716430664,0.5075879693031311,0.23349255323410034,-0.12816594541072845,0.5094162821769714,0.23327073454856873,-0.12841744720935822,0.5112860798835754,0.23314237594604492,-0.1283465325832367,0.5033475160598755,0.23378729820251465,-0.13922077417373657,0.5020254850387573,0.23380278050899506,-0.1395837962627411,0.5005679726600647,0.2337711900472641,-0.13975828886032104,0.5139819979667664,0.23664234578609467,0.0005419421358965337,0.4985520839691162,0.2383066713809967,-0.05064200609922409,0.5084426999092102,0.2547908127307892,-0.10412172228097916,0.5032592415809631,0.25637882947921753,-0.12036316096782684,0.5403598546981812,0.30992791056632996,0.10490630567073822,0.46722760796546936,0.3098028302192688,-0.022761542350053787,0.5444658994674683,0.4060361087322235,0.13155758380889893,0.46046480536460876,0.4003930687904358,-0.0789124146103859,0.5764456987380981,0.4495154917240143,0.00038427236722782254,0.43226903676986694,0.45093849301338196,-0.24930350482463837,0.5874236226081848,0.4615994095802307,-0.018176939338445663,0.4200562536716461,0.4657291769981384,-0.2961750626564026,0.5910849571228027,0.459803968667984,-0.060100872069597244,0.4171683192253113,0.4652707278728485,-0.32264503836631775,0.586071789264679,0.45551860332489014,-0.018586862832307816,0.42310476303100586,0.4599795937538147,-0.26491573452949524,0.5173425674438477,0.494044691324234,0.036650240421295166,0.4856695532798767,0.4882776141166687,-0.03694837912917137,0.5149648785591125,0.6523450016975403,-0.07393799722194672,0.4799741804599762,0.5903123617172241,-0.27303850650787354,0.5021082162857056,0.8276962041854858,-0.09328579902648926,0.48533040285110474,0.6998618245124817,-0.18406465649604797,0.4955832064151764,0.8543933033943176,-0.10473189502954483,0.4824148118495941,0.7193311452865601,-0.18064585328102112,0.5100212097167969,0.8749396800994873,-0.2651306688785553,0.48667311668395996,0.7504072189331055,-0.31301149725914
frame_00022.jpg,0.506639838218689,0.2314937859773636,-0.18837228417396545,0.5087335705757141,0.22043627500534058,-0.16142424941062927,0.5104846358299255,0.22016897797584534,-0.16169458627700806,0.5122137069702148,0.21997712552547455,-0.16162249445915222,0.5045106410980225,0.220902681350708,-0.17298302054405212,0.5031731724739075,0.2209644317626953,-0.17333362996578217,0.5016568303108215,0.22097013890743256,-0.1735226809978485,0.5146235227584839,0.22418051958084106,-0.026213079690933228,0.49948257207870483,0.22619405388832092,-0.07849320024251938,0.5098665952682495,0.2424449473619461,-0.13634701073169708,0.5049181580543518,0.24358336627483368,-0.15337057411670685,0.5405925512313843,0.3031221032142639,0.07943621277809143,0.46920308470726013,0.3025076985359192,-0.04333556070923805,0.5466011762619019,0.3976863920688629,0.12776856124401093,0.4600672721862793,0.3905210793018341,-0.07834982872009277,0.5812582969665527,0.44912105798721313,6.99712400091812e-05,0.4300048351287842,0.4509506821632385,-0.23345880210399628,0.5928468108177185,0.46108728647232056,-0.019448228180408478,0.4180113673210144,0.4682612121105194,-0.27383026480674744,0.5971666574478149,0.45948752760887146,-0.06328190863132477,0.4151851534843445,0.467693954706192,-0.3038243353366852,0.5922346115112305,0.45475712418556213,-0.019697267562150955,0.4208008646965027,0.4618493616580963,-0.2487013339996338,0.5171340703964233,0.4876552224159241,0.03825647756457329,0.48771461844444275,0.48248350620269775,-0.03856905177235603,0.5148163437843323,0.6455814242362976,-0.021504217758774757,0.4800345301628113,0.5908249616622925,-0.178285613656044,0.503110408782959,0.8147814869880676,-0.012543024495244026,0.48363184928894043,0.7139506936073303,-0.058444537222385406,0.4982835650444031,0.83724045753479,-0.028015807271003723,0.48176732659339905,0.7395838499069214,-0.0521114245057106,0.5095442533493042,0.8623401522636414,-0.20103590190410614,0.4854418635368347,0.7710946798324585,-0.18062815070152283
frame_00023.jpg,0.510326623916626,0.22752192616462708,-0.20014074444770813,0.5120202302932739,0.21636687219142914,-0.17190657556056976,0.513669490814209,0.21607862412929535,-0.1721745729446411,0.5152793526649475,0.2158498615026474,-0.17211569845676422,0.5073800683021545,0.21655169129371643,-0.183451846241951,0.5058463215827942,0.2165490835905075,-0.18380746245384216,0.5041449666023254,0.2163311392068863,-0.18398700654506683,0.5168259143829346,0.22026699781417847,-0.030488893389701843,0.5018923878669739,0.22095414996147156,-0.08333010226488113,0.5130972862243652,0.23901817202568054,-0.14597094058990479,0.5081084370613098,0.23945806920528412,-0.16324195265769958,0.5407225489616394,0.3003147542476654,0.0729856863617897,0.4701743721961975,0.2981966733932495,-0.04051321744918823,0.5487116575241089,0.39123567938804626,0.12648048996925354,0.46133169531822205,0.38639265298843384,-0.07183577865362167,0.5840557813644409,0.4442310333251953,-0.0028306611347943544,0.4306703507900238,0.4474448263645172,-0.22655396163463593,0.5955113172531128,0.46083584427833557,-0.02220989018678665,0.41817110776901245,0.4665990173816681,-0.266981840133667,0.5997334718704224,0.4583660364151001,-0.06615942716598511,0.41533035039901733,0.465366929769516,-0.29898881912231445,0.5947814583778381,0.4539758861064911,-0.022592637687921524,0.420823335647583,0.4603174030780792,-0.2429029494524002,0.5171895027160645,0.4833442270755768,0.03878944367170334,0.4885302186012268,0.4792613685131073,-0.03908994048833847,0.5160177946090698,0.6455228328704834,-0.02757095918059349,0.4807215631008148,0.5845449566841125,-0.2418493926525116,0.5054107308387756,0.8065125942230225,0.006687617395073175,0.4839181900024414,0.7280575037002563,-0.15976257622241974,0.501298725605011,0.8259477019309998,-0.004578257445245981,0.4837629795074463,0.7533706426620483,-0.15695756673812866,0.5098128318786621,0.8572218418121338,-0.16614405810832977,0.48915380239486694,0.788356602191925,-0.29791316390037537
frame_00024.jpg,0.5108820796012878,0.23252561688423157,-0.14625391364097595,0.5132529735565186,0.2212141901254654,-0.11598505824804306,0.5153528451919556,0.22109423577785492,-0.11624707281589508,0.5173314809799194,0.22103002667427063,-0.11616281419992447,0.5076099634170532,0.22140386700630188,-0.12724266946315765,0.5057869553565979,0.2215571254491806,-0.12761308252811432,0.5038166046142578,0.2215869426727295,-0.12777575850486755,0.5189465284347534,0.22598379850387573,0.021811988204717636,0.5014815926551819,0.22675423324108124,-0.031058525666594505,0.5141445398330688,0.24426238238811493,-0.09329549968242645,0.5082722306251526,0.24482251703739166,-0.11108219623565674,0.5406683087348938,0.3031347095966339,0.11063580214977264,0.470907598733902,0.2998057007789612,0.018643328920006752,0.5507708787918091,0.3917531967163086,0.15981417894363403,0.4631749093532562,0.3848229646682739,0.014212310314178467,0.5871197581291199,0.4382641613483429,0.05438724905252457,0.43160486221313477,0.44181135296821594,-0.11370325088500977,0.5998095870018005,0.4551210403442383,0.04192676395177841,0.4185206890106201,0.4637761414051056,-0.15012319386005402,0.6038373708724976,0.4540904462337494,0.0013262436259537935,0.4158704876899719,0.4629306197166443,-0.17832550406455994,0.5986619591712952,0.448645681142807,0.03705377131700516,0.4218369126319885,0.455955445766449,-0.12877577543258667,0.5182106494903564,0.47928985953330994,0.037768758833408356,0.48941072821617126,0.47607097029685974,-0.038048893213272095,0.5178600549697876,0.6658653616905212,-0.029239848256111145,0.480634868144989,0.5487999320030212,-0.3968934416770935,0.5074657797813416,0.8305547833442688,-0.0006443375605158508,0.4831114411354065,0.6470504999160767,-0.4099043309688568,0.5024039149284363,0.8464378118515015,-0.007364639081060886,0.483612596988678,0.6647007465362549,-0.4150163531303406,0.5108999013900757,0.8645690679550171,-0.15415316820144653,0.4890667498111725,0.6684681177139282,-0.5505656003952026
frame_00025.jpg,0.5104690194129944,0.23493938148021698,-0.13739483058452606,0.5130468606948853,0.22301572561264038,-0.10675523430109024,0.5152239203453064,0.2229183167219162,-0.10700242221355438,0.5172735452651978,0.22287903726100922,-0.1069096177816391,0.5072966814041138,0.22353902459144592,-0.11734195798635483,0.5054306983947754,0.22388063371181488,-0.11770905554294586,0.5034195184707642,0.2240983545780182,-0.11786649376153946,0.5190088152885437,0.22838851809501648,0.031206374987959862,0.5009645223617554,0.22966860234737396,-0.01811911165714264,0.5138007402420044,0.24667535722255707,-0.08486249297857285,0.5078029036521912,0.2474546879529953,-0.10165456682443619,0.5404092669487,0.3041260540485382,0.117200568318367,0.4708624482154846,0.30257222056388855,0.028431285172700882,0.5517799854278564,0.39114561676979065,0.1562642753124237,0.46405714750289917,0.3863702416419983,0.01947247050702572,0.5894966125488281,0.4336267411708832,0.028425168246030807,0.4307374358177185,0.43827754259109497,-0.11838006973266602,0.6015967130661011,0.4466659724712372,0.011330204084515572,0.41773882508277893,0.45741844177246094,-0.15733975172042847,0.6055486798286438,0.44583144783973694,-0.02865123376250267,0.4150308668613434,0.4563020169734955,-0.18693140149116516,0.600542426109314,0.4415225386619568,0.01082520093768835,0.4211069643497467,0.4495704472064972,-0.134456068277359,0.5193673372268677,0.481914222240448,0.03722330927848816,0.48947492241859436,0.4784305989742279,-0.03749052435159683,0.5178710222244263,0.6662172675132751,-0.03148229420185089,0.47972121834754944,0.5578733682632446,-0.4069696068763733,0.5093859434127808,0.8491443991661072,0.00478594982996583,0.4829549789428711,0.667289137840271,-0.2986808717250824,0.5072992444038391,0.8625603318214417,0.00018413804355077446,0.4837837815284729,0.6793835163116455,-0.2907751202583313,0.510849118232727,0.8791465759277344,-0.14696598052978516,0.4915667176246643,0.7063614726066589,-0.4131415784358978
frame_00026.jpg,0.5115846395492554,0.24865931272506714,-0.12464156001806259,0.5138139724731445,0.23585456609725952,-0.09777803719043732,0.5156283378601074,0.23542548716068268,-0.09804516285657883,0.5173529386520386,0.23497825860977173,-0.09797318279743195,0.5087336301803589,0.2368076741695404,-0.10622759163379669,0.5069938898086548,0.23708724975585938,-0.10655051469802856,0.5051559209823608,0.23718953132629395,-0.1066802516579628,0.5188453197479248,0.23863118886947632,0.027238313108682632,0.5033025741577148,0.24133986234664917,-0.014680718071758747,0.5143005847930908,0.25841131806373596,-0.07848183810710907,0.508873462677002,0.2599247694015503,-0.09194104373455048,0.5398334860801697,0.3122207820415497,0.10054441541433334,0.47378668189048767,0.31406792998313904,0.02599746361374855,0.5508895516395569,0.39316892623901367,0.15341369807720184,0.46329155564308167,0.38796526193618774,0.008009684272110462,0.5885128974914551,0.43054983019828796,-0.0003273732727393508,0.4318312108516693,0.4352860152721405,-0.1334656924009323,0.602005124092102,0.44078555703163147,-0.020468877628445625,0.41819286346435547,0.4498160779476166,-0.1721457540988922,0.6051289439201355,0.43954503536224365,-0.06011231988668442,0.415689080953598,0.44775620102882385,-0.202413409948349,0.6001275777816772,0.43687790632247925,-0.018491582944989204,0.42207303643226624,0.44278132915496826,-0.15041577816009521,0.5188146829605103,0.4834931492805481,0.027954116463661194,0.4910762310028076,0.47940924763679504,-0.02825031615793705,0.5184599161148071,0.6718311905860901,-0.04803422838449478,0.47196149826049805,0.5655174255371094,-0.18653631210327148,0.5103441476821899,0.8389845490455627,0.006068641785532236,0.4846976697444916,0.6678194403648376,-0.01088682096451521,0.5073674917221069,0.8561399579048157,0.0031864014454185963,0.4889516830444336,0.6758702993392944,0.0040859319269657135,0.5129321813583374,0.8761757612228394,-0.14651325345039368,0.49154096841812134,0.7039186358451843,-0.08960393071174622
frame_00027.jpg,0.5118871927261353,0.25805845856666565,-0.07962309569120407,0.5138732194900513,0.24499423801898956,-0.05111044645309448,0.515545129776001,0.24434275925159454,-0.051371265202760696,0.5171507596969604,0.2437247782945633,-0.05129428952932358,0.5090619325637817,0.2459784597158432,-0.0634889230132103,0.5073478817939758,0.2459782063961029,-0.06380465626716614,0.5055392980575562,0.24585117399692535,-0.06395330280065536,0.518539547920227,0.24647170305252075,0.07113698124885559,0.5033140778541565,0.24923186004161835,0.015250968746840954,0.5144146680831909,0.26677215099334717,-0.033678386360406876,0.508895993232727,0.2684608995914459,-0.05174368619918823,0.5376172065734863,0.32180848717689514,0.14473751187324524,0.48106223344802856,0.3247608542442322,0.027366703376173973,0.5505737066268921,0.4004424810409546,0.17303279042243958,0.46514225006103516,0.39178717136383057,-0.017991594970226288,0.5879117250442505,0.4295578598976135,0.01854633539915085,0.4368865489959717,0.43284720182418823,-0.15170137584209442,0.6004209518432617,0.4371708631515503,-0.0035447324626147747,0.42512479424476624,0.4406740367412567,-0.19254207611083984,0.6035814881324768,0.43456658720970154,-0.042278535664081573,0.41970381140708923,0.43931978940963745,-0.2129865139722824,0.5986617803573608,0.43317708373069763,-0.00032294646371155977,0.428799569606781,0.43586841225624084,-0.16087223589420319,0.5187425017356873,0.4912598431110382,0.03350606933236122,0.4929582178592682,0.4857385456562042,-0.03381163626909256,0.5185116529464722,0.6714724898338318,-0.04712459817528725,0.4762382507324219,0.6099300384521484,-0.1683340072631836,0.5106417536735535,0.8307676315307617,0.006540535483509302,0.48620977997779846,0.7000004053115845,0.01161663793027401,0.5067998170852661,0.8473404049873352,0.005590826738625765,0.4898718297481537,0.7050493955612183,0.026904553174972534,0.5142711400985718,0.8753336668014526,-0.12417779862880707,0.4908360540866852,0.7420157194137573,-0.0662040114402771
frame_00028.jpg,0.511583685874939,0.2709813416004181,-0.08968798071146011,0.5135672688484192,0.2589241564273834,-0.0669831782579422,0.5153182744979858,0.25837501883506775,-0.06733255088329315,0.517063319683075,0.2580031454563141,-0.0673123225569725,0.5088605284690857,0.260195255279541,-0.0754910260438919,0.5072669386863708,0.26052001118659973,-0.07584474980831146,0.5051729679107666,0.26083818078041077,-0.07599923759698868,0.5189159512519836,0.26016607880592346,0.04837443679571152,0.5019830465316772,0.26446858048439026,0.008893446996808052,0.5140877366065979,0.28054380416870117,-0.04624234512448311,0.508634090423584,0.2841653525829315,-0.06748677045106888,0.5411176681518555,0.33553066849708557,0.10843093693256378,0.47945886850357056,0.33877867460250854,0.05576582998037338,0.5508588552474976,0.4098472595214844,0.10180449485778809,0.46528857946395874,0.413930207490921,0.043037448078393936,0.5870327353477478,0.429868221282959,-0.07510802149772644,0.43917426466941833,0.4349002540111542,-0.09873287379741669,0.5996224880218506,0.4376353323459625,-0.1087767481803894,0.42906850576400757,0.44262808561325073,-0.13690339028835297,0.603108286857605,0.4343811571598053,-0.14225831627845764,0.42279934883117676,0.4405127763748169,-0.16622331738471985,0.598050057888031,0.4333668351173401,-0.09248580038547516,0.4317546486854553,0.43750616908073425,-0.11563257873058319,0.5199945569038391,0.5014622807502747,0.018011141568422318,0.4942174553871155,0.5012496709823608,-0.018280861899256706,0.5197024941444397,0.6699202656745911,-0.06564001739025116,0.4894184470176697,0.6331649422645569,-0.09318675845861435,0.5114389061927795,0.8256786465644836,0.011892078444361687,0.49087804555892944,0.7516053915023804,0.0974401906132698,0.5090950727462769,0.8387587070465088,0.014160433784127235,0.4934689402580261,0.7624295949935913,0.11238392442464828,0.5154771208763123,0.8735063672065735,-0.1233314722776413,0.502924919128418,0.8061779141426086,0.0012361921835690737
frame_00029.jpg,0.5113207101821899,0.2755031883716583,-0.1536770910024643,0.5135229825973511,0.26412710547447205,-0.12761114537715912,0.5154381990432739,0.2638387382030487,-0.12790314853191376,0.5173467993736267,0.26373785734176636,-0.1278366595506668,0.5085898637771606,0.2647547423839569,-0.13238218426704407,0.5069355368614197,0.26484590768814087,-0.13274124264717102,0.5048641562461853,0.26493993401527405,-0.13291941583156586,0.5194486975669861,0.2667783200740814,0.0032685273326933384,0.5017907619476318,0.2686369717121124,-0.0176139734685421,0.5140289664268494,0.2854638695716858,-0.10317850112915039,0.5083250403404236,0.28814762830734253,-0.11255224794149399,0.5455109477043152,0.3417976200580597,0.08581292629241943,0.47878891229629517,0.3422392010688782,0.043772708624601364,0.5527276992797852,0.416536420583725,0.10141781717538834,0.46496009826660156,0.42276057600975037,0.03192627802491188,0.5864641070365906,0.4320530593395233,-0.054625026881694794,0.43821263313293457,0.43919602036476135,-0.0985087901353836,0.5985323786735535,0.43852803111076355,-0.08279263228178024,0.43120279908180237,0.44382423162460327,-0.1344245970249176,0.6013706922531128,0.435127317905426,-0.11893068253993988,0.42432624101638794,0.441616952419281,-0.16278120875358582,0.5964971780776978,0.434112012386322,-0.07226839661598206,0.4329618811607361,0.43810778856277466,-0.11446287482976913,0.5209367871284485,0.5145339369773865,0.0189775712788105,0.4936032295227051,0.5099926590919495,-0.019226644188165665,0.5212451815605164,0.6718701124191284,-0.06647314131259918,0.4899941086769104,0.6251220107078552,-0.16403868794441223,0.5128130912780762,0.8316192030906677,0.012106512673199177,0.49004116654396057,0.7387535572052002,0.06086362525820732,0.5101144313812256,0.8508309721946716,0.014482103288173676,0.4923371374607086,0.7544375061988831,0.0813065618276596,0.5174742937088013,0.8917361497879028,-0.12381622940301895,0.5005533695220947,0.7872002720832825,-0.0154507951810956
frame_00030.jpg,0.5111464262008667,0.2784252166748047,-0.17497549951076508,0.5134173631668091,0.2664812505245209,-0.14970816671848297,0.5154005289077759,0.2663620710372925,-0.14996430277824402,0.5174291729927063,0.26650381088256836,-0.14986887574195862,0.508404552936554,0.26678186655044556,-0.1487300843000412,0.5067676901817322,0.26684579253196716,-0.14906826615333557,0.5047776103019714,0.26691532135009766,-0.14921414852142334,0.5200587511062622,0.2697431147098541,-0.023623917251825333,0.5010101795196533,0.2702380120754242,-0.019122611731290817,0.5138725638389587,0.28856563568115234,-0.12690861523151398,0.5080398321151733,0.29105010628700256,-0.12755589187145233,0.5472148656845093,0.34456613659858704,0.044140346348285675,0.4785434603691101,0.34243282675743103,0.05747288465499878,0.5574818849563599,0.4185425639152527,0.004133222158998251,0.4654902517795563,0.4237601161003113,0.10075201094150543,0.5861465930938721,0.4348282217979431,-0.19697050750255585,0.43807968497276306,0.44463270902633667,-0.011392340995371342,0.5979707837104797,0.43891826272010803,-0.2360307276248932,0.42912784218788147,0.4468148946762085,-0.04358624666929245,0.599224328994751,0.435232937335968,-0.26361507177352905,0.42332401871681213,0.44401460886001587,-0.07723098993301392,0.5948604345321655,0.4349727928638458,-0.21148011088371277,0.4314536452293396,0.44206932187080383,-0.029074659571051598,0.5224676728248596,0.5127272605895996,0.007300075143575668,0.4934564530849457,0.5079153180122375,-0.007500127889215946,0.5236940979957581,0.6706739068031311,-0.07220552861690521,0.49322476983070374,0.6129807829856873,-0.24009676277637482,0.5146542191505432,0.8314632773399353,0.014066100120544434,0.4925152361392975,0.6966434121131897,0.03820611536502838,0.5114719271659851,0.8492445349693298,0.016980629414319992,0.4940318167209625,0.7062432765960693,0.03858014941215515,0.51958167552948,0.8916253447532654,-0.12681402266025543,0.5001623034477234,0.7531731128692627,-0.06926046311855316
frame_00031.jpg,0.5111375451087952,0.27673500776290894,-0.17380957305431366,0.5135101079940796,0.2640684247016907,-0.1477220356464386,0.5154942274093628,0.2638813555240631,-0.14806754887104034,0.5174947381019592,0.26390108466148376,-0.14803557097911835,0.5082897543907166,0.2645694315433502,-0.13760127127170563,0.5065754652023315,0.26474839448928833,-0.1379132866859436,0.5045839548110962,0.2649436295032501,-0.13802270591259003,0.5199073553085327,0.26808592677116394,-0.010180369019508362,0.5009168386459351,0.26938435435295105,-0.006977348122745752,0.5139402747154236,0.287210077047348,-0.11865779012441635,0.5078539252281189,0.28909164667129517,-0.11840424686670303,0.5465532541275024,0.34153977036476135,0.0657622367143631,0.4776611924171448,0.3400624096393585,0.05345460772514343,0.5579081773757935,0.41690805554389954,0.03258765488862991,0.465291827917099,0.42267391085624695,0.05943142622709274,0.5853239297866821,0.43587249517440796,-0.17204204201698303,0.43773549795150757,0.44819363951683044,-0.07502937316894531,0.5971580147743225,0.44294124841690063,-0.2097569704055786,0.4282433092594147,0.45304861664772034,-0.11220423132181168,0.5982841849327087,0.4390104413032532,-0.2394258677959442,0.4225645959377289,0.45034122467041016,-0.14328907430171967,0.5936513543128967,0.43773144483566284,-0.18785791099071503,0.43055063486099243,0.4479202628135681,-0.09219200164079666,0.5224183201789856,0.5110459923744202,0.011661006137728691,0.4933834969997406,0.5059980750083923,-0.011890994384884834,0.5234489440917969,0.6693971753120422,-0.07389171421527863,0.4927687644958496,0.6060094833374023,-0.23322232067584991,0.5147920846939087,0.8304761648178101,-0.02146107144653797,0.48991498351097107,0.7015103101730347,-0.050534795969724655,0.5116466283798218,0.8483326435089111,-0.02446644939482212,0.4953958988189697,0.7061609029769897,-0.04231134429574013,0.5193946957588196,0.8885492086410522,-0.18105216324329376,0.4993307590484619,0.7525603175163269,-0.16075971722602844
frame_00032.jpg,0.5110682249069214,0.2730599045753479,-0.14707589149475098,0.5134340524673462,0.2569653391838074,-0.11697864532470703,0.5155067443847656,0.2566280961036682,-0.1172104924917221,0.5176153182983398,0.25667864084243774,-0.11711764335632324,0.5079869627952576,0.2593277096748352,-0.11219345033168793,0.5061094760894775,0.2606674134731293,-0.11251851171255112,0.5039634108543396,0.2619916498661041,-0.11265917122364044,0.5202323198318481,0.26585185527801514,0.022084824740886688,0.5002095699310303,0.26730814576148987,0.02164413407444954,0.5140482187271118,0.2867773771286011,-0.09471156448125839,0.507649838924408,0.28879043459892273,-0.09417526423931122,0.5477176308631897,0.3411126434803009,0.07280056178569794,0.47739702463150024,0.33895036578178406,0.07168173044919968,0.5626938939094543,0.4147455096244812,0.033125706017017365,0.4653412699699402,0.42029622197151184,0.014968877658247948,0.5877237915992737,0.43813666701316833,-0.18306490778923035,0.43755030632019043,0.45060572028160095,-0.23483934998512268,0.5989548563957214,0.448696106672287,-0.2224593609571457,0.42751702666282654,0.45913487672805786,-0.29171258211135864,0.6007463932037354,0.44641780853271484,-0.25334039330482483,0.42272835969924927,0.4563986361026764,-0.3194250166416168,0.5962233543395996,0.4436221122741699,-0.199258953332901,0.43000689148902893,0.45271915197372437,-0.2535768747329712,0.5248594284057617,0.5102061629295349,0.01356571912765503,0.4919663965702057,0.5050734877586365,-0.013776552863419056,0.5240337252616882,0.677031397819519,-0.08341489732265472,0.4926343858242035,0.5875605940818787,-0.4216713309288025,0.515231728553772,0.8434234261512756,-0.01062663085758686,0.49229270219802856,0.6865929961204529,-0.261778324842453,0.5120750069618225,0.8616592288017273,-0.012318262830376625,0.49597153067588806,0.6978071331977844,-0.24905875325202942,0.5196429491043091,0.8962379693984985,-0.17651507258415222,0.4989599287509918,0.745158851146698,-0.3834584951400757
frame_00033.jpg,0.5109819173812866,0.2554967403411865,-0.17463968694210052,0.5135632753372192,0.24095913767814636,-0.14604640007019043,0.51573646068573,0.24055369198322296,-0.14627531170845032,0.5179183483123779,0.24035677313804626,-0.14618316292762756,0.5079034566879272,0.24281525611877441,-0.14919883012771606,0.5060450434684753,0.24374032020568848,-0.14955474436283112,0.5039280652999878,0.24480414390563965,-0.14972473680973053,0.5204473733901978,0.24705331027507782,-0.0073281144723296165,0.5001524686813354,0.25243622064590454,-0.025137852877378464,0.5142814517021179,0.2672795355319977,-0.12266775220632553,0.5075904130935669,0.27022284269332886,-0.12953998148441315,0.547342836856842,0.3272061347961426,0.06591223180294037,0.47862058877944946,0.3227193057537079,0.03252788633108139,0.5617043972015381,0.4025019407272339,0.05278177931904793,0.46704092621803284,0.41040852665901184,-0.013675795868039131,0.5903297066688538,0.4383818507194519,-0.1393260657787323,0.43781083822250366,0.450067400932312,-0.20301616191864014,0.6013315916061401,0.4518028199672699,-0.1897917091846466,0.42700687050819397,0.4631700813770294,-0.2486049383878708,0.6037070155143738,0.45147496461868286,-0.21440184116363525,0.42274871468544006,0.46184077858924866,-0.2790963053703308,0.5989402532577515,0.4467174708843231,-0.15662634372711182,0.42964521050453186,0.4571199119091034,-0.2209581583738327,0.5268536806106567,0.5080001950263977,0.014831505715847015,0.4918000102043152,0.5001444220542908,-0.015064015984535217,0.524551272392273,0.6755579710006714,-0.08206455409526825,0.4913128912448883,0.5772573351860046,-0.4210732579231262,0.5166910886764526,0.8457586169242859,-0.02451278455555439,0.4938947558403015,0.6861476302146912,-0.27847713232040405,0.5128610134124756,0.8628107309341431,-0.028257932513952255,0.4973476827144623,0.7000443935394287,-0.2676433026790619,0.5201101899147034,0.8962075114250183,-0.20012596249580383,0.4983134865760803,0.7460456490516663,-0.40394654870033264
frame_00034.jpg,0.5109003782272339,0.2395142763853073,-0.19216309487819672,0.5135437250137329,0.22721999883651733,-0.1670328974723816,0.5156841278076172,0.22674986720085144,-0.16730225086212158,0.5177713632583618,0.2264319509267807,-0.1672327220439911,0.507830798625946,0.22847090661525726,-0.17312851548194885,0.5059632062911987,0.22882477939128876,-0.17348673939704895,0.5038859844207764,0.22913850843906403,-0.17368479073047638,0.520168662071228,0.23129738867282867,-0.03648490086197853,0.500677764415741,0.23491571843624115,-0.06420295685529709,0.514227032661438,0.25098881125450134,-0.14170747995376587,0.5076728463172913,0.25310638546943665,-0.1515321284532547,0.546432375907898,0.31122887134552,0.051598720252513885,0.47879838943481445,0.306600421667099,-0.01082026306539774,0.5609453320503235,0.386025071144104,0.05637463927268982,0.46711525321006775,0.3945557177066803,-0.04149957001209259,0.5913516879081726,0.4348149299621582,-0.08418016135692596,0.4378267824649811,0.4496474862098694,-0.20617017149925232,0.602777361869812,0.45146191120147705,-0.11310084909200668,0.4266573488712311,0.46513107419013977,-0.24957704544067383,0.6052207350730896,0.45063722133636475,-0.15183143317699432,0.4225660264492035,0.46421924233436584,-0.28086057305336,0.6004523038864136,0.4462800621986389,-0.10279425233602524,0.42944207787513733,0.4591712951660156,-0.22377046942710876,0.5263849496841431,0.5059808492660522,0.015486369840800762,0.49242058396339417,0.4983420968055725,-0.0157051719725132,0.5253444314002991,0.673545777797699,-0.07739528268575668,0.49052196741104126,0.5821581482887268,-0.22691230475902557,0.5176069736480713,0.8489986062049866,-0.015113316476345062,0.496684730052948,0.6896637082099915,0.016936209052801132,0.5135716795921326,0.8663254976272583,-0.01797458529472351,0.49989086389541626,0.7007043957710266,0.03781193494796753,0.51463782787323,0.8942815661430359,-0.18336279690265656,0.4939607083797455,0.7472265362739563,-0.06952141970396042
frame_00035.jpg,0.5106937289237976,0.2277485877275467,-0.25108852982521057,0.51337069272995,0.2152356207370758,-0.22642214596271515,0.5154417157173157,0.21453437209129333,-0.22672343254089355,0.5174285769462585,0.21403983235359192,-0.2266726791858673,0.5077230334281921,0.21637384593486786,-0.2324942648410797,0.5058924555778503,0.2163638025522232,-0.23285630345344543,0.5038518309593201,0.21632175147533417,-0.2330554723739624,0.5198323130607605,0.2185460776090622,-0.09060098230838776,0.5006834268569946,0.2220611423254013,-0.11749392747879028,0.5138952732086182,0.2384289652109146,-0.19811470806598663,0.507648766040802,0.2414315640926361,-0.20784719288349152,0.5463757514953613,0.29984715580940247,0.012509027495980263,0.47841113805770874,0.29725930094718933,-0.05363326519727707,0.5604422092437744,0.380199134349823,0.05572987720370293,0.4670453667640686,0.3859155476093292,-0.06867636740207672,0.593483030796051,0.43184635043144226,-0.07437660545110703,0.43768733739852905,0.44831383228302,-0.21457967162132263,0.6044294834136963,0.44944289326667786,-0.09803593903779984,0.42640891671180725,0.46433600783348083,-0.2554225027561188,0.6069238781929016,0.44993528723716736,-0.14004981517791748,0.4224773943424225,0.4633837044239044,-0.2883860468864441,0.6020509600639343,0.4438942074775696,-0.09327514469623566,0.4293769299983978,0.4582706391811371,-0.23240335285663605,0.5260418653488159,0.4929693937301636,0.016174670308828354,0.4926025867462158,0.4877995550632477,-0.016453200951218605,0.5251300930976868,0.6574468016624451,-0.04289758577942848,0.4900284707546234,0.5956485271453857,-0.13685771822929382,0.5175145864486694,0.8022820353507996,0.05066949874162674,0.49238866567611694,0.7269086837768555,0.05308850482106209,0.5133613348007202,0.8213261961936951,0.05104220658540726,0.5006846785545349,0.7182156443595886,0.06702270358800888,0.5147526860237122,0.8484758138656616,-0.10455268621444702,0.4879721701145172,0.780508816242218,-0.0579521581530571
frame_00036.jpg,0.51056307554245,0.22132830321788788,-0.2109006643295288,0.5131775140762329,0.20906025171279907,-0.18559810519218445,0.5152633190155029,0.20855604112148285,-0.18585816025733948,0.5172680020332336,0.20823867619037628,-0.1858760416507721,0.507479190826416,0.20965392887592316,-0.2264387160539627,0.505609393119812,0.20958882570266724,-0.22662322223186493,0.5035136938095093,0.2095687985420227,-0.22676143050193787,0.5197733044624329,0.21219515800476074,-0.042076095938682556,0.4998714327812195,0.21397139132022858,-0.07509718835353851,0.5137678384780884,0.2316601723432541,-0.15167151391506195,0.5075587034225464,0.23304420709609985,-0.19503220915794373,0.5461286306381226,0.2900311052799225,0.08088564872741699,0.47784608602523804,0.29312461614608765,-0.030105644837021828,0.560321033000946,0.3784121870994568,0.138095423579216,0.4669105112552643,0.38686081767082214,-0.05048656463623047,0.5965981483459473,0.4302566647529602,-0.002762128133326769,0.4325884282588959,0.4483169913291931,-0.19467483460903168,0.6071047186851501,0.4467608332633972,-0.02464243397116661,0.42131033539772034,0.4654039740562439,-0.2363925725221634,0.6101351976394653,0.44780781865119934,-0.07001583278179169,0.41760048270225525,0.4640192985534668,-0.26780885457992554,0.6049209833145142,0.4411163926124573,-0.023944275453686714,0.4237845540046692,0.45815804600715637,-0.21218247711658478,0.5261374711990356,0.4824119508266449,0.037155117839574814,0.4953320622444153,0.4802289605140686,-0.03742336854338646,0.5259453654289246,0.6494397521018982,0.011545466259121895,0.5001546144485474,0.6237598061561584,-0.12341910600662231,0.5156505107879639,0.7855282425880432,0.1668669879436493,0.49207454919815063,0.7644301652908325,0.04495374858379364,0.5104295015335083,0.802158534526825,0.17433670163154602,0.5002623796463013,0.7666941285133362,0.05611089989542961,0.513092041015625,0.8252355456352234,0.039773277938365936,0.49055179953575134,0.8094794750213623,-0.07871069014072418
frame_00037.jpg,0.5105081796646118,0.21892820298671722,-0.1803208589553833,0.5132583975791931,0.2074713110923767,-0.15169692039489746,0.5155165791511536,0.20731619000434875,-0.15194165706634521,0.5177503228187561,0.20726655423641205,-0.15191812813282013,0.5074535012245178,0.20730946958065033,-0.18080541491508484,0.5055052042007446,0.20717860758304596,-0.18099170923233032,0.5032142400741577,0.20716340839862823,-0.18109962344169617,0.5204662084579468,0.21141742169857025,-0.007608831860125065,0.4984607696533203,0.21254044771194458,-0.07159006595611572,0.5138994455337524,0.22981958091259003,-0.12287630885839462,0.5075415372848511,0.23055458068847656,-0.15639451146125793,0.5468345284461975,0.29054123163223267,0.09640149772167206,0.47281450033187866,0.29449933767318726,-0.01756209507584572,0.560021698474884,0.37759891152381897,0.12609858810901642,0.46673813462257385,0.38774096965789795,-0.05711808800697327,0.5958154797554016,0.4250595271587372,-0.038482245057821274,0.4311462342739105,0.4458323121070862,-0.2266402244567871,0.6065660715103149,0.4393855035305023,-0.06493303179740906,0.41883841156959534,0.4637865424156189,-0.2752954959869385,0.60942542552948,0.43978241086006165,-0.10565026104450226,0.41515183448791504,0.4617944359779358,-0.30533018708229065,0.6041475534439087,0.43384119868278503,-0.05844755843281746,0.4207402169704437,0.45505040884017944,-0.24414923787117004,0.5285664200782776,0.4720597565174103,0.03836081549525261,0.495082288980484,0.47306767106056213,-0.03861473873257637,0.5285691618919373,0.6318554282188416,0.015199946239590645,0.5007244348526001,0.6254227161407471,-0.10643192380666733,0.5206606388092041,0.7617759704589844,0.1551748812198639,0.49724864959716797,0.75846928358078,0.024404678493738174,0.5156124830245972,0.7714820504188538,0.16020800173282623,0.5006290674209595,0.7674388289451599,0.031023332849144936,0.515984833240509,0.812434732913971,0.010342195630073547,0.49872153997421265,0.8080220818519592,-0.11749956756830215
frame_00038.jpg,0.5101805329322815,0.22501511871814728,-0.1801239252090454,0.513229489326477,0.21327517926692963,-0.1526932716369629,0.5155295133590698,0.21304473280906677,-0.15294858813285828,0.5178097486495972,0.21294154226779938,-0.1529267132282257,0.5069081783294678,0.21350175142288208,-0.16989237070083618,0.5046661496162415,0.21350222826004028,-0.17016790807247162,0.5021143555641174,0.21356895565986633,-0.1703113466501236,0.5203959941864014,0.2171461284160614,-0.011032771319150925,0.49715542793273926,0.21879960596561432,-0.062474094331264496,0.5138720273971558,0.23598600924015045,-0.12472881376743317,0.5070921182632446,0.2371821105480194,-0.14771190285682678,0.5471164584159851,0.29508867859840393,0.08864179998636246,0.47134095430374146,0.2981224060058594,-0.016526570543646812,0.5598877668380737,0.3806343972682953,0.11488398164510727,0.4666115343570709,0.3879111111164093,-0.06235765665769577,0.5955030918121338,0.4244414269924164,-0.048254333436489105,0.430457204580307,0.44377100467681885,-0.2417316436767578,0.6064402461051941,0.4357834458351135,-0.07621772587299347,0.41754060983657837,0.4600571095943451,-0.29136988520622253,0.609336793422699,0.4350511431694031,-0.11657807976007462,0.41440096497535706,0.45805802941322327,-0.32096046209335327,0.6040971279144287,0.4309574067592621,-0.06825291365385056,0.42035800218582153,0.4518304765224457,-0.2594996392726898,0.529651939868927,0.47744816541671753,0.03745061904191971,0.4948681890964508,0.475497841835022,-0.03768499568104744,0.5290086269378662,0.6362968683242798,0.016258511692285538,0.5007081627845764,0.6383680701255798,-0.1235852837562561,0.5201194286346436,0.7686789631843567,0.21217601001262665,0.4957481324672699,0.790044367313385,-0.004957442171871662,0.5167373418807983,0.7574447393417358,0.22420206665992737,0.49556079506874084,0.810318112373352,0.0066923173144459724,0.5176156759262085,0.8169048428535461,0.09647782891988754,0.4972582757472992,0.8386186361312866,-0.1525438129901886
frame_00039.jpg,0.5098310708999634,0.23605532944202423,-0.19167985022068024,0.5125334858894348,0.2239506095647812,-0.16274942457675934,0.5147475004196167,0.2232026606798172,-0.163022980093956,0.516907811164856,0.22263889014720917,-0.16298940777778625,0.5064855217933655,0.22526128590106964,-0.17537450790405273,0.5042726993560791,0.22547712922096252,-0.17567016184329987,0.501750111579895,0.2256448119878769,-0.175824373960495,0.5190727710723877,0.22765150666236877,-0.02027149870991707,0.49691158533096313,0.23187103867530823,-0.07127580046653748,0.5134137272834778,0.24646399915218353,-0.1373046636581421,0.5068784952163696,0.2473662942647934,-0.15526872873306274,0.547029972076416,0.3033631145954132,0.08025743067264557,0.47082051634788513,0.30752938985824585,-0.027784118428826332,0.5597342848777771,0.38882970809936523,0.10846894979476929,0.46358561515808105,0.3961785137653351,-0.06821733713150024,0.5961452126502991,0.4249303936958313,-0.04957650974392891,0.42695489525794983,0.44377872347831726,-0.2399107962846756,0.607322096824646,0.4359946846961975,-0.07752703130245209,0.4131428599357605,0.457504004240036,-0.28747761249542236,0.6104418039321899,0.43431001901626587,-0.1225639209151268,0.409482479095459,0.45512092113494873,-0.31714344024658203,0.6053022146224976,0.4311053156852722,-0.07260556519031525,0.4164656102657318,0.4501652419567108,-0.25746089220046997,0.5294784307479858,0.4802546203136444,0.03679543361067772,0.4947226047515869,0.4771348834037781,-0.037031564861536026,0.5287953615188599,0.6254485249519348,0.009188140742480755,0.5007622838020325,0.6210659742355347,-0.11804907023906708,0.5198363065719604,0.7378610372543335,0.21700453758239746,0.4952004849910736,0.789503276348114,0.02503158152103424,0.5162521004676819,0.7446792125701904,0.2314426600933075,0.4944475293159485,0.7856243252754211,0.034575242549180984,0.5175126194953918,0.7627236843109131,0.1176011711359024,0.49723711609840393,0.818307638168335,-0.09978530555963516
frame_00040.jpg,0.5069810748100281,0.2659418284893036,-0.18721257150173187,0.5110638737678528,0.2515990734100342,-0.1565144956111908,0.5133016109466553,0.2512063980102539,-0.15678244829177856,0.5154637694358826,0.25109174847602844,-0.15674303472042084,0.5044198036193848,0.25224608182907104,-0.16513897478580475,0.5019067525863647,0.25237753987312317,-0.16540518403053284,0.4990217089653015,0.25261062383651733,-0.1655324250459671,0.5167616605758667,0.25540557503700256,-0.014134040102362633,0.49543341994285583,0.25680258870124817,-0.04831598326563835,0.5107986927032471,0.2763698399066925,-0.1326460987329483,0.5030282735824585,0.2774745225906372,-0.14553090929985046,0.5428701639175415,0.34277108311653137,0.07932351529598236,0.4703415036201477,0.33228281140327454,-0.0009199838968925178,0.5581514239311218,0.4062705636024475,0.07796256244182587,0.46067824959754944,0.4109816253185272,-0.02048676088452339,0.5959006547927856,0.4272128641605377,-0.11900587379932404,0.42621588706970215,0.4440842866897583,-0.18034374713897705,0.6070678234100342,0.4364232122898102,-0.15481328964233398,0.4128432869911194,0.4551611840724945,-0.2236052304506302,0.6101775765419006,0.43373358249664307,-0.19235070049762726,0.4082314968109131,0.45311054587364197,-0.25461283326148987,0.6049432158470154,0.43141016364097595,-0.13926781713962555,0.4161865711212158,0.44950345158576965,-0.19807308912277222,0.5269993543624878,0.5018540620803833,0.03384501487016678,0.4946378767490387,0.49567750096321106,-0.03404942899942398,0.5264357924461365,0.6427249908447266,0.005147164221853018,0.4983265995979309,0.6235405802726746,-0.12757577002048492,0.510669469833374,0.7496492266654968,0.17651687562465668,0.49477800726890564,0.7369365692138672,-0.0010939579224213958,0.505791425704956,0.7593380808830261,0.18683919310569763,0.4944571554660797,0.7473568320274353,0.00018723521498031914,0.5076237916946411,0.7777330279350281,0.06355440616607666,0.5000692009925842,0.7550275325775146,-0.13376948237419128
frame_00041.jpg,0.5059590935707092,0.28248241543769836,-0.1854076236486435,0.5094519853591919,0.26927921175956726,-0.15748360753059387,0.5113040208816528,0.26949959993362427,-0.15775063633918762,0.5130460858345032,0.26986536383628845,-0.15772083401679993,0.5032157897949219,0.2686861455440521,-0.16542913019657135,0.500815749168396,0.268595427274704,-0.16571606695652008,0.49816426634788513,0.2685471177101135,-0.1658460944890976,0.514282763004303,0.2759769558906555,-0.022356167435646057,0.49469318985939026,0.2750384211540222,-0.05626100301742554,0.5087146759033203,0.2942174971103668,-0.13234065473079681,0.5019678473472595,0.2944621741771698,-0.14476391673088074,0.5370331406593323,0.3545895516872406,0.069462850689888,0.46991246938705444,0.34782344102859497,0.00029380404157564044,0.5545105934143066,0.42520177364349365,0.08123096823692322,0.4582948684692383,0.4248161017894745,-0.002761067124083638,0.5911687612533569,0.43387657403945923,-0.08411921560764313,0.4266267716884613,0.4485636353492737,-0.14211905002593994,0.6041728258132935,0.4374595880508423,-0.1155928522348404,0.413520872592926,0.45539504289627075,-0.1812918484210968,0.6060068607330322,0.43427932262420654,-0.14962129294872284,0.40880998969078064,0.45320311188697815,-0.210847407579422,0.6003180742263794,0.4315929114818573,-0.10169476270675659,0.41676193475723267,0.45030057430267334,-0.15888457000255585,0.5264663696289062,0.5307784080505371,0.03356463462114334,0.4945901036262512,0.5256147384643555,-0.03374100476503372,0.5265916585922241,0.6649539470672607,0.028495121747255325,0.498056024312973,0.6653464436531067,-0.12284284830093384,0.510615348815918,0.7619025707244873,0.2738339602947235,0.49472689628601074,0.8071119785308838,0.0027322592213749886,0.5058562755584717,0.7716535925865173,0.2924650311470032,0.49456438422203064,0.8252367377281189,0.008762995712459087,0.5077009797096252,0.79485023021698,0.18588899075984955,0.500252366065979,0.848706066608429,-0.13073861598968506
frame_00042.jpg,0.5059749484062195,0.28870922327041626,-0.16923168301582336,0.5095005035400391,0.27822521328926086,-0.14536894857883453,0.511224627494812,0.2785104215145111,-0.14564284682273865,0.5129786729812622,0.2790620028972626,-0.14564789831638336,0.5032283067703247,0.2779872715473175,-0.15651266276836395,0.5009296536445618,0.2782224416732788,-0.1567947417497635,0.49849024415016174,0.2783762514591217,-0.15692968666553497,0.5133671164512634,0.2850640118122101,-0.021632874384522438,0.49478811025619507,0.2836925685405731,-0.06721435487270355,0.5083580613136292,0.3000844120979309,-0.12146909534931183,0.5019460320472717,0.2999660074710846,-0.13827036321163177,0.5326098203659058,0.3640289306640625,0.06654650717973709,0.4698978364467621,0.35046103596687317,-0.025223683565855026,0.5468494296073914,0.43652817606925964,0.10825725644826889,0.4586726725101471,0.4280773997306824,-0.06271964311599731,0.586759626865387,0.442167729139328,-0.014070412144064903,0.42817655205726624,0.45149773359298706,-0.2175009697675705,0.6003952622413635,0.4435020685195923,-0.0359821543097496,0.414497435092926,0.4554857015609741,-0.259849488735199,0.6004242300987244,0.43797627091407776,-0.07317765057086945,0.40894269943237305,0.4534200131893158,-0.282432496547699,0.5949157476425171,0.4373411238193512,-0.031978707760572433,0.41755956411361694,0.4517430067062378,-0.23176662623882294,0.5255914330482483,0.5341498255729675,0.0354539230465889,0.49516573548316956,0.5339245200157166,-0.03563525527715683,0.5269309282302856,0.6694011688232422,0.03680448979139328,0.4976828098297119,0.6702116131782532,-0.1124081015586853,0.510917603969574,0.7406827211380005,0.321505606174469,0.49512213468551636,0.8031015992164612,0.01118333637714386,0.5062812566757202,0.7444438338279724,0.34606239199638367,0.49508896470069885,0.8203089237213135,0.01917475089430809,0.5082852840423584,0.777369499206543,0.276993066072464,0.5003966689109802,0.8440039157867432,-0.10088670253753662
frame_00043.jpg,0.5056042075157166,0.2780580520629883,-0.1274961531162262,0.5084766149520874,0.2676836848258972,-0.10463837534189224,0.5100468993186951,0.2679702937602997,-0.10489220917224884,0.5115365386009216,0.2684173583984375,-0.10489244759082794,0.5026118159294128,0.26745256781578064,-0.11269494146108627,0.5004494786262512,0.2676805853843689,-0.11296840012073517,0.4981774389743805,0.2677539587020874,-0.11310206353664398,0.5121119618415833,0.27501142024993896,0.01098594255745411,0.4946933388710022,0.2735607326030731,-0.024930132552981377,0.5080176591873169,0.29011839628219604,-0.08246905356645584,0.5020517110824585,0.29031774401664734,-0.09482122212648392,0.5340659618377686,0.3540043830871582,0.08091750741004944,0.46997395157814026,0.3457416892051697,0.005826219450682402,0.5468541383743286,0.4369376599788666,0.07731267064809799,0.4589201807975769,0.4276340901851654,-0.05144815519452095,0.5848032236099243,0.4504241645336151,-0.12259025871753693,0.4323056638240814,0.4549250304698944,-0.2349201887845993,0.598587155342102,0.4519500136375427,-0.16208624839782715,0.4170500338077545,0.45856812596321106,-0.28488537669181824,0.5993070602416992,0.4440056085586548,-0.19740541279315948,0.41252821683883667,0.4559222161769867,-0.31041350960731506,0.5938600301742554,0.4436185657978058,-0.14234814047813416,0.42049551010131836,0.45501238107681274,-0.2515864372253418,0.5262858867645264,0.5263888239860535,0.0337977297604084,0.4950137734413147,0.5267098546028137,-0.033920351415872574,0.5288615822792053,0.6708201169967651,0.02431003376841545,0.5006008744239807,0.662196934223175,-0.10961855947971344,0.5137556791305542,0.752656877040863,0.23970289528369904,0.4955252707004547,0.7988501787185669,0.025368234142661095,0.50913405418396,0.758827269077301,0.25612837076187134,0.49553197622299194,0.8152505159378052,0.03397592902183533,0.5113142728805542,0.7885136008262634,0.1489063948392868,0.501157283782959,0.8420931696891785,-0.09814146161079407
frame_00044.jpg,0.5026277303695679,0.27381616830825806,-0.1779000163078308,0.5062888860702515,0.2632172405719757,-0.1555311381816864,0.5085164308547974,0.26324695348739624,-0.15579436719417572,0.5105876326560974,0.26345542073249817,-0.15578457713127136,0.4994563162326813,0.26347804069519043,-0.15422184765338898,0.49699878692626953,0.2637152075767517,-0.15445727109909058,0.49450230598449707,0.26382967829704285,-0.15453548729419708,0.5124059915542603,0.26926830410957336,-0.03427622839808464,0.49115094542503357,0.26911628246307373,-0.032645441591739655,0.5066154599189758,0.28525057435035706,-0.1314835101366043,0.49971431493759155,0.2858741879463196,-0.13137328624725342,0.5346444249153137,0.34789466857910156,0.025398707017302513,0.46873316168785095,0.3431195616722107,0.012121213600039482,0.5478197932243347,0.4291935861110687,-0.042917650192976,0.4590415358543396,0.4247974753379822,-0.052937764674425125,0.5801858305931091,0.45036715269088745,-0.2825559973716736,0.43093886971473694,0.4573223888874054,-0.2827208936214447,0.5899282693862915,0.4543481171131134,-0.3334810137748718,0.4170437753200531,0.46271198987960815,-0.3393491804599762,0.5917816162109375,0.44825810194015503,-0.3646772503852844,0.41259923577308655,0.459135502576828,-0.3683321177959442,0.5872555375099182,0.44708743691444397,-0.30109959840774536,0.42027392983436584,0.4572543501853943,-0.3023211359977722,0.5262562036514282,0.5205182433128357,0.017387498170137405,0.49260783195495605,0.5232431888580322,-0.01753353513777256,0.5291216373443604,0.6409329771995544,-0.01652516797184944,0.500870406627655,0.654609739780426,-0.10632425546646118,0.5219656229019165,0.6930076479911804,0.24448402225971222,0.4941357970237732,0.792559802532196,-0.00915592722594738,0.5189688801765442,0.7119516730308533,0.2652268409729004,0.49483808875083923,0.8122685551643372,-0.008256896398961544,0.51837557554245,0.7579412460327148,0.16522027552127838,0.4960049092769623,0.8350540995597839,-0.15752652287483215
frame_00045.jpg,0.5013471841812134,0.26953908801078796,-0.27045851945877075,0.5050720572471619,0.2571088373661041,-0.2465677708387375,0.5073698163032532,0.25648003816604614,-0.2468477487564087,0.5096057653427124,0.2560851275920868,-0.24682331085205078,0.4984210133552551,0.2574807405471802,-0.24856877326965332,0.49601858854293823,0.25735825300216675,-0.24887892603874207,0.49353939294815063,0.25725892186164856,-0.24902960658073425,0.5125981569290161,0.26020896434783936,-0.11346830427646637,0.48997917771339417,0.26176944375038147,-0.12179192155599594,0.5055394768714905,0.27939364314079285,-0.21913623809814453,0.498269647359848,0.2799925208091736,-0.22344815731048584,0.5351020097732544,0.33210328221321106,-0.024641014635562897,0.46823495626449585,0.3320147693157196,-0.04348702356219292,0.548199474811554,0.4204258918762207,-0.010735456831753254,0.45899200439453125,0.41808202862739563,-0.06489018350839615,0.5795499086380005,0.44859370589256287,-0.16913126409053802,0.4262440800666809,0.45773038268089294,-0.24639193713665009,0.5899351835250854,0.4539976418018341,-0.20504681766033173,0.4154416024684906,0.4682673215866089,-0.2966669201850891,0.5920180678367615,0.44929400086402893,-0.2409684658050537,0.4120262563228607,0.46479958295822144,-0.3246493935585022,0.586925745010376,0.4471533000469208,-0.1875743269920349,0.4181198477745056,0.46032682061195374,-0.2646161913871765,0.5261560678482056,0.49580004811286926,0.013451023027300835,0.49092206358909607,0.5015639662742615,-0.013697518035769463,0.5290432572364807,0.6211012601852417,-0.040015194565057755,0.5004299879074097,0.6193054914474487,-0.10978557169437408,0.5267689228057861,0.6813550591468811,0.21857216954231262,0.49380597472190857,0.7498723268508911,0.002372143790125847,0.5237526297569275,0.6990752816200256,0.2520071864128113,0.5018043518066406,0.7399531006813049,0.0068360804580152035,0.5201327204704285,0.7447081208229065,0.1271696388721466,0.49169620871543884,0.7964964509010315,-0.12288834899663925
frame_00046.jpg,0.5015372633934021,0.24167028069496155,-0.2501336932182312,0.5048791766166687,0.2314271181821823,-0.2277769297361374,0.5071513056755066,0.23091158270835876,-0.2280668318271637,0.5093749761581421,0.230391725897789,-0.22807076573371887,0.4985436797142029,0.23250213265419006,-0.2325204312801361,0.4962686598300934,0.23284976184368134,-0.23282308876514435,0.49388259649276733,0.23309333622455597,-0.2329772263765335,0.5124636292457581,0.23530179262161255,-0.10118545591831207,0.4903046190738678,0.24117006361484528,-0.12211503088474274,0.5054875016212463,0.2525646388530731,-0.20069393515586853,0.4986251890659332,0.25385066866874695,-0.20863600075244904,0.5361693501472473,0.30965104699134827,-0.013510447926819324,0.4672045111656189,0.3129632771015167,-0.054469555616378784,0.5484681129455566,0.4047194719314575,0.0031750407069921494,0.45908600091934204,0.403400719165802,-0.0766744315624237,0.5806728601455688,0.44533854722976685,-0.1513703167438507,0.42655110359191895,0.45590198040008545,-0.2438993752002716,0.5913442373275757,0.45313122868537903,-0.18315580487251282,0.41555848717689514,0.46918296813964844,-0.2891823649406433,0.5933889746665955,0.4488515257835388,-0.2206081598997116,0.4124593138694763,0.4666523039340973,-0.3204011023044586,0.5882052183151245,0.4464152753353119,-0.16979965567588806,0.4181969165802002,0.46066126227378845,-0.2621347904205322,0.5276333689689636,0.4865890145301819,0.016446582973003387,0.4907308518886566,0.49222612380981445,-0.016679242253303528,0.5292811393737793,0.616718053817749,0.009047294035553932,0.49741286039352417,0.6221305727958679,-0.10707034915685654,0.5269262790679932,0.6774243116378784,0.27847644686698914,0.4918413758277893,0.7566545009613037,-0.024028213694691658,0.5237360000610352,0.6948779225349426,0.3003539741039276,0.49743881821632385,0.7716545462608337,-0.0224673580378294,0.5198901891708374,0.7410948872566223,0.2135930359363556,0.4875938892364502,0.8069844841957092,-0.1575147807598114
frame_00047.jpg,0.5016908049583435,0.2380804717540741,-0.2795259356498718,0.5046905279159546,0.22760635614395142,-0.25665220618247986,0.5068583488464355,0.22683486342430115,-0.2569504380226135,0.5090126395225525,0.22606618702411652,-0.2569397985935211,0.49860209226608276,0.22886702418327332,-0.26137852668762207,0.49638038873672485,0.2291937917470932,-0.26169353723526,0.49403056502342224,0.2294849008321762,-0.26187819242477417,0.5123017430305481,0.2306329607963562,-0.12762978672981262,0.49036628007888794,0.23723217844963074,-0.14880003035068512,0.5054717063903809,0.24851374328136444,-0.22958454489707947,0.49881410598754883,0.25011858344078064,-0.2375507354736328,0.5364535450935364,0.30079445242881775,-0.03701239079236984,0.46711960434913635,0.3058347702026367,-0.07791104912757874,0.5486355423927307,0.3911054730415344,-0.008070752024650574,0.45915675163269043,0.39545103907585144,-0.09354456514120102,0.5825172662734985,0.4392395317554474,-0.1417384147644043,0.4264603555202484,0.4553741216659546,-0.24700939655303955,0.5919513702392578,0.45047399401664734,-0.1796654611825943,0.4156735837459564,0.4702300727367401,-0.288516640663147,0.5953545570373535,0.44776201248168945,-0.213899165391922,0.4127100110054016,0.46839985251426697,-0.32144874334335327,0.5903968214988708,0.4438638389110565,-0.16007891297340393,0.4183226525783539,0.4615761637687683,-0.26532500982284546,0.5275570154190063,0.4751385450363159,0.017877278849482536,0.49050769209861755,0.4786449372768402,-0.01810416579246521,0.5292240977287292,0.6035881042480469,0.019208433106541634,0.4970526695251465,0.579191267490387,-0.14411377906799316,0.5268739461898804,0.6777506470680237,0.2486155480146408,0.4928606152534485,0.7205994129180908,-0.04300123453140259,0.523586630821228,0.6949554085731506,0.26533812284469604,0.5025941133499146,0.7122138738632202,-0.03806034475564957,0.521162748336792,0.7347702383995056,0.16419222950935364,0.49691277742385864,0.7505480647087097,-0.16912586987018585
frame_00048.jpg,0.501838207244873,0.22189787030220032,-0.2684619724750519,0.5048182010650635,0.21180976927280426,-0.24414606392383575,0.5070157051086426,0.21167470514774323,-0.24444159865379333,0.5091568231582642,0.21144619584083557,-0.24446547031402588,0.498767614364624,0.21256819367408752,-0.24983935058116913,0.4965623915195465,0.21313948929309845,-0.2501327395439148,0.4942242503166199,0.21357347071170807,-0.25030338764190674,0.5123770236968994,0.2173147350549698,-0.11555133014917374,0.4903582036495209,0.22328071296215057,-0.1414119303226471,0.5053602457046509,0.23464129865169525,-0.21918590366840363,0.49898165464401245,0.23506641387939453,-0.22850628197193146,0.5373480916023254,0.2934274971485138,-0.026922691613435745,0.4667447507381439,0.30013635754585266,-0.0796954482793808,0.5496013760566711,0.38384810090065,0.004472200758755207,0.4590764045715332,0.39097321033477783,-0.10027141869068146,0.5860556960105896,0.43323612213134766,-0.13653410971164703,0.42655348777770996,0.45219263434410095,-0.253698468208313,0.5961101651191711,0.44728755950927734,-0.16208235919475555,0.41584864258766174,0.4694611132144928,-0.2953755557537079,0.6008467674255371,0.44578343629837036,-0.20118871331214905,0.4131716787815094,0.4675087630748749,-0.3276992738246918,0.595124363899231,0.440375953912735,-0.15480662882328033,0.4183519780635834,0.46152395009994507,-0.27167409658432007,0.5275318026542664,0.46946507692337036,0.020803501829504967,0.4904462695121765,0.47498056292533875,-0.021029841154813766,0.5291635990142822,0.5899423956871033,0.0028353563975542784,0.49702244997024536,0.5814757943153381,-0.14667871594429016,0.5269567370414734,0.6589952111244202,0.26644617319107056,0.4924243092536926,0.73471599817276,-0.05550619959831238,0.5231357216835022,0.6726522445678711,0.2887886166572571,0.49850574135780334,0.7371264696121216,-0.05167917162179947,0.5212902426719666,0.7140571475028992,0.2052881270647049,0.4957082271575928,0.7742879986763,-0.1865810602903366
frame_00049.jpg,0.5018728971481323,0.21834035217761993,-0.25683850049972534,0.5049028396606445,0.208126500248909,-0.23303568363189697,0.5070956945419312,0.2079162746667862,-0.23332378268241882,0.5093852281570435,0.20773878693580627,-0.23334887623786926,0.49888715147972107,0.20876148343086243,-0.23866240680217743,0.49669456481933594,0.20914104580879211,-0.23895113170146942,0.49436479806900024,0.20932476222515106,-0.2391117811203003,0.5125072002410889,0.2144673764705658,-0.10412615537643433,0.49036845564842224,0.21796666085720062,-0.1294836550951004,0.5053965449333191,0.2319650948047638,-0.20707452297210693,0.49904322624206543,0.23220278322696686,-0.21625849604606628,0.5385066866874695,0.2918977737426758,-0.013554978184401989,0.46679583191871643,0.3000533878803253,-0.06775838881731033,0.5506342649459839,0.3805052936077118,0.009010634385049343,0.4587875306606293,0.3913321793079376,-0.08831366151571274,0.5881776809692383,0.4274042248725891,-0.1433444321155548,0.4251769185066223,0.45191261172294617,-0.2498445212841034,0.5985985994338989,0.44100579619407654,-0.1726274937391281,0.4156639575958252,0.4689978361129761,-0.2937529981136322,0.6034774780273438,0.44022810459136963,-0.21275298297405243,0.41286221146583557,0.46693435311317444,-0.32704800367355347,0.5975714921951294,0.43447521328926086,-0.16268476843833923,0.4177895188331604,0.4612921476364136,-0.26844698190689087,0.5280057191848755,0.47124069929122925,0.021656397730112076,0.49029916524887085,0.47664329409599304,-0.021882586181163788,0.5290364027023315,0.5980858206748962,0.028835350647568703,0.4970865845680237,0.5962623357772827,-0.10489450395107269,0.5274336338043213,0.6550473570823669,0.302784264087677,0.4911225438117981,0.7696869373321533,-0.04161473736166954,0.5235139727592468,0.6673218607902527,0.3246628940105438,0.4943443238735199,0.7915109992027283,-0.03910310938954353,0.5210777521133423,0.7134386301040649,0.2422720193862915,0.49361079931259155,0.8172983527183533,-0.18036280572414398
frame_00050.jpg,0.501995861530304,0.2256179302930832,-0.2539025843143463,0.5049558281898499,0.21471242606639862,-0.22993259131908417,0.5073126554489136,0.21461336314678192,-0.2302122563123703,0.5096977949142456,0.21452760696411133,-0.2302224189043045,0.4989355206489563,0.2150467336177826,-0.23598265647888184,0.4967827796936035,0.21538633108139038,-0.2362689971923828,0.4944670796394348,0.21562261879444122,-0.23642532527446747,0.5128171443939209,0.22013984620571136,-0.09734265506267548,0.49022358655929565,0.22339148819446564,-0.12428134679794312,0.5054932236671448,0.23838137090206146,-0.20226576924324036,0.49914678931236267,0.2388516366481781,-0.21198101341724396,0.5386264324188232,0.29527655243873596,-0.0034763230942189693,0.4668598771095276,0.30382421612739563,-0.06250278651714325,0.5508154034614563,0.38238388299942017,0.009186798706650734,0.45877760648727417,0.3926354944705963,-0.08463342487812042,0.5882996320724487,0.4236356019973755,-0.16966626048088074,0.42378535866737366,0.45027992129325867,-0.2525072693824768,0.5993682146072388,0.43463823199272156,-0.2049051970243454,0.4142797887325287,0.4681544303894043,-0.2997865080833435,0.6035548448562622,0.4336993396282196,-0.24443240463733673,0.4112766683101654,0.4657086133956909,-0.33331993222236633,0.5976871252059937,0.429399311542511,-0.18971467018127441,0.4161958694458008,0.4587853252887726,-0.2715098261833191,0.5279660224914551,0.4742143750190735,0.02583891525864601,0.48942431807518005,0.47929757833480835,-0.02604985609650612,0.5295882821083069,0.6056605577468872,0.05146084353327751,0.4975140690803528,0.6165794730186462,-0.0970667153596878,0.5272433757781982,0.6633533239364624,0.3304981589317322,0.4904049336910248,0.7722455859184265,-0.025544216856360435,0.5230826139450073,0.6786869764328003,0.35239773988723755,0.49170470237731934,0.7948065400123596,-0.02590586245059967,0.5210165977478027,0.7204816341400146,0.2636587917804718,0.49344635009765625,0.816453218460083,-0.17282173037528992
frame_00051.jpg,0.5020946860313416,0.22886329889297485,-0.2382463961839676,0.5050404667854309,0.21755436062812805,-0.21574091911315918,0.507332444190979,0.2173176258802414,-0.21601319313049316,0.5098047256469727,0.2170683890581131,-0.2160700112581253,0.4989822506904602,0.21806932985782623,-0.2214232236146927,0.4967363774776459,0.2183220535516739,-0.221684068441391,0.4943191111087799,0.2183740735054016,-0.22183561325073242,0.5131835341453552,0.22360338270664215,-0.08099018782377243,0.48947349190711975,0.22668972611427307,-0.10646982491016388,0.5055601000785828,0.24140387773513794,-0.18454930186271667,0.4991602897644043,0.24172469973564148,-0.19391685724258423,0.5387817025184631,0.2964229881763458,0.01776091195642948,0.4666822850704193,0.30724868178367615,-0.04460239037871361,0.550857424736023,0.38459593057632446,0.013617311604321003,0.45851531624794006,0.39288797974586487,-0.07091931998729706,0.5887852311134338,0.4238745868206024,-0.18105705082416534,0.42251700162887573,0.4493304193019867,-0.25077110528945923,0.6005768179893494,0.43237289786338806,-0.22149357199668884,0.4109307825565338,0.46620437502861023,-0.3004685938358307,0.6040946841239929,0.4306908845901489,-0.2607022821903229,0.40707534551620483,0.4619617760181427,-0.3345741629600525,0.5981827974319458,0.42760705947875977,-0.20206069946289062,0.4128480851650238,0.45563140511512756,-0.2704870104789734,0.528012216091156,0.4811456799507141,0.029599228873848915,0.4889698028564453,0.4862199127674103,-0.029769370332360268,0.5318424105644226,0.6256526708602905,0.05213915556669235,0.4979468286037445,0.6497577428817749,-0.10252624750137329,0.526867687702179,0.6658401489257812,0.38075292110443115,0.4892211854457855,0.8085117340087891,-0.03949618712067604,0.5228486061096191,0.6811417937278748,0.40871745347976685,0.4921216368675232,0.8259046673774719,-0.04045553877949715,0.518547534942627,0.7248260378837585,0.3308522403240204,0.4939558506011963,0.8521068096160889,-0.19774235785007477
frame_00052.jpg,0.5022945404052734,0.23911097645759583,-0.22506284713745117,0.5052037239074707,0.2269843965768814,-0.20298239588737488,0.5075728297233582,0.2269197553396225,-0.20325598120689392,0.510055661201477,0.226822167634964,-0.203299880027771,0.4990140497684479,0.2274632453918457,-0.20943322777748108,0.49678677320480347,0.22778435051441193,-0.20970356464385986,0.49437981843948364,0.22787772119045258,-0.20985469222068787,0.5132861137390137,0.23177286982536316,-0.06805983930826187,0.4895683228969574,0.23410950601100922,-0.09691206365823746,0.5057028532028198,0.2516339123249054,-0.17083685100078583,0.49928802251815796,0.25263577699661255,-0.1812271773815155,0.5394191741943359,0.30784890055656433,0.03239951655268669,0.46668511629104614,0.31731894612312317,-0.03228478133678436,0.5504333972930908,0.3985997140407562,0.02633284591138363,0.4589039385318756,0.3980788588523865,-0.0632561594247818,0.5878394842147827,0.4251292049884796,-0.17465859651565552,0.42403727769851685,0.44517460465431213,-0.24943216145038605,0.6000910997390747,0.4318391680717468,-0.21549642086029053,0.4114062786102295,0.4583074748516083,-0.2996639311313629,0.6031666398048401,0.42887938022613525,-0.25389063358306885,0.4072519838809967,0.45603233575820923,-0.3321380019187927,0.597532331943512,0.4267692267894745,-0.19533605873584747,0.4134107530117035,0.45044735074043274,-0.26879218220710754,0.5280960202217102,0.4929189383983612,0.03260781243443489,0.48891764879226685,0.4968407452106476,-0.03273596242070198,0.5316568613052368,0.6406590938568115,0.060588426887989044,0.4979430139064789,0.6603159308433533,-0.10700303316116333,0.5249567031860352,0.7016045451164246,0.39625734090805054,0.4877907633781433,0.8232564926147461,-0.05357258766889572,0.5197709798812866,0.7034450769424438,0.424605131149292,0.4929129183292389,0.8420126438140869,-0.05445859581232071,0.5222172737121582,0.7386642098426819,0.34335917234420776,0.49395251274108887,0.8654235601425171,-0.21736344695091248
frame_00053.jpg,0.5028020143508911,0.2594839036464691,-0.20071475207805634,0.5058420896530151,0.24612371623516083,-0.180060476064682,0.5084725618362427,0.24573904275894165,-0.1803397387266159,0.5109823942184448,0.2456715703010559,-0.18037523329257965,0.49928975105285645,0.24689960479736328,-0.17988742887973785,0.4969271719455719,0.2471216320991516,-0.18012741208076477,0.4944261610507965,0.24727436900138855,-0.18023984134197235,0.5142199397087097,0.2519940733909607,-0.05607147887349129,0.4896402955055237,0.25236764550209045,-0.05617358535528183,0.5065716505050659,0.27286627888679504,-0.15145258605480194,0.4995030462741852,0.27316078543663025,-0.15363746881484985,0.5399660468101501,0.3319362998008728,0.02157934196293354,0.4664909839630127,0.33347195386886597,0.026114007458090782,0.5491787195205688,0.4199528396129608,-0.04324587434530258,0.4589052200317383,0.41239699721336365,0.008933532983064651,0.5857289433479309,0.427847295999527,-0.29178351163864136,0.4288698732852936,0.44434717297554016,-0.19099149107933044,0.5963127017021179,0.4328850209712982,-0.3460858464241028,0.41490045189857483,0.4528137743473053,-0.24168407917022705,0.5991067290306091,0.429838627576828,-0.37536606192588806,0.40940889716148376,0.4504615366458893,-0.2742282748222351,0.5946893692016602,0.4277486503124237,-0.3097611665725708,0.41707539558410645,0.4472011625766754,-0.21154072880744934,0.5282101035118103,0.5095842480659485,0.019199203699827194,0.488560289144516,0.5138917565345764,-0.019248461350798607,0.5315941572189331,0.6474637985229492,0.07695387303829193,0.4979025423526764,0.6809881925582886,-0.10213632881641388,0.5232263207435608,0.7012117505073547,0.4763704836368561,0.48792314529418945,0.8408437371253967,-0.04579535871744156,0.5185197591781616,0.7021869421005249,0.5124117136001587,0.4939908981323242,0.8590142130851746,-0.0445706844329834,0.5222877860069275,0.7388713955879211,0.448528528213501,0.4964516758918762,0.8849071860313416,-0.2015691101551056
frame_00054.jpg,0.5033808350563049,0.2754195034503937,-0.18866033852100372,0.5066729784011841,0.26155775785446167,-0.1681349128484726,0.5091890692710876,0.261503666639328,-0.16841690242290497,0.5116140842437744,0.2617018222808838,-0.1684294044971466,0.500055193901062,0.26203376054763794,-0.16714492440223694,0.4976678788661957,0.26224443316459656,-0.16742053627967834,0.4951052665710449,0.262416273355484,-0.1675281822681427,0.5149174332618713,0.26898711919784546,-0.04944571480154991,0.4907865524291992,0.2676504850387573,-0.045196641236543655,0.5070374011993408,0.28853920102119446,-0.14185774326324463,0.4996011257171631,0.2890368402004242,-0.14266864955425262,0.5406880974769592,0.3457135856151581,0.015011653304100037,0.4664856791496277,0.34653958678245544,0.03147169575095177,0.5452856421470642,0.4285980761051178,-0.03483746200799942,0.4586826264858246,0.4216155409812927,-0.008572954684495926,0.5799124240875244,0.4354301989078522,-0.2537881135940552,0.4304622709751129,0.4460466802120209,-0.2035708874464035,0.5896607041358948,0.43647897243499756,-0.30294477939605713,0.4159977436065674,0.4538045823574066,-0.26539337635040283,0.5921300053596497,0.43083950877189636,-0.33459562063217163,0.41114211082458496,0.4510841369628906,-0.2967502474784851,0.5886663198471069,0.4307989180088043,-0.2720205783843994,0.41820845007896423,0.44765064120292664,-0.22899584472179413,0.5282202363014221,0.5210624933242798,0.0076203728094697,0.4883541166782379,0.5245674848556519,-0.00774123752489686,0.5314974784851074,0.6490798592567444,0.022857483476400375,0.4973626732826233,0.680955171585083,-0.06692008674144745,0.520551323890686,0.719427227973938,0.4316710829734802,0.49350816011428833,0.8331183195114136,0.0009675034089013934,0.5158944129943848,0.7217335104942322,0.5097131729125977,0.4908319115638733,0.8624088168144226,0.0016830554232001305,0.5182594656944275,0.7605138421058655,0.3706757426261902,0.4909420609474182,0.8825033903121948,-0.15049150586128235
frame_00055.jpg,0.5036845803260803,0.27704814076423645,-0.14734402298927307,0.5072216391563416,0.26439034938812256,-0.12657910585403442,0.5097541213035583,0.26421505212783813,-0.12685824930667877,0.5122009515762329,0.2643584609031677,-0.12685900926589966,0.500500500202179,0.2653964161872864,-0.12259888648986816,0.4981091618537903,0.26581475138664246,-0.12285858392715454,0.4955379366874695,0.2661522328853607,-0.12294360250234604,0.5153573751449585,0.27252310514450073,-0.011999852955341339,0.4913274347782135,0.27220460772514343,0.006507787853479385,0.5074640512466431,0.29096001386642456,-0.10265324264764786,0.49966105818748474,0.29125499725341797,-0.09940171241760254,0.5408331751823425,0.34957587718963623,0.025181839242577553,0.4663692116737366,0.3467615246772766,0.08184075355529785,0.5438854694366455,0.4317207336425781,-0.04240276664495468,0.4586891233921051,0.4215088486671448,0.042518507689237595,0.5772696733474731,0.4417506754398346,-0.28029125928878784,0.4314170479774475,0.4476613998413086,-0.18410947918891907,0.586417019367218,0.44309002161026,-0.33596640825271606,0.4179050326347351,0.45450344681739807,-0.23843905329704285,0.5873407125473022,0.43566271662712097,-0.36417442560195923,0.4138331413269043,0.451759397983551,-0.271652489900589,0.5839635133743286,0.4361976385116577,-0.29770398139953613,0.4202601909637451,0.447936475276947,-0.20645901560783386,0.5281022191047668,0.526085615158081,-0.0033012498170137405,0.4876706004142761,0.529942512512207,0.0031602424569427967,0.5313819646835327,0.6528975963592529,0.005130044650286436,0.4973527491092682,0.6873024702072144,-0.04966766759753227,0.5193332433700562,0.7354173064231873,0.38706400990486145,0.4951610565185547,0.8299400210380554,0.061050403863191605,0.5143834948539734,0.7402288913726807,0.4731907844543457,0.493346631526947,0.8492381572723389,0.0664057582616806,0.5165202617645264,0.7772557735443115,0.3403330445289612,0.49422702193260193,0.8786535263061523,-0.0776517391204834
frame_00056.jpg,0.5034074783325195,0.2714160680770874,-0.16930469870567322,0.5071128606796265,0.25953811407089233,-0.14855898916721344,0.5096511840820312,0.25933414697647095,-0.14881926774978638,0.5120912194252014,0.2593463957309723,-0.14870786666870117,0.5004552602767944,0.2602671980857849,-0.13299886882305145,0.4980955719947815,0.26054540276527405,-0.1333511620759964,0.4955510199069977,0.26073816418647766,-0.13345912098884583,0.5154621005058289,0.26594164967536926,-0.019997943192720413,0.491386741399765,0.2665111720561981,-0.032166026532649994,0.5072214603424072,0.2845507264137268,-0.11866440623998642,0.4996394217014313,0.28507378697395325,-0.1074310690164566,0.541784405708313,0.3435220718383789,0.024560021236538887,0.46652331948280334,0.3427826166152954,0.03663161024451256,0.5444222688674927,0.4270773231983185,-0.026903092861175537,0.4583730101585388,0.42068883776664734,0.03518928214907646,0.5772848129272461,0.4449692666530609,-0.2450293004512787,0.4302138388156891,0.4497281014919281,-0.24209077656269073,0.586726188659668,0.4471903145313263,-0.2931363582611084,0.41810622811317444,0.4546107053756714,-0.2987854778766632,0.5879369974136353,0.4418620467185974,-0.326172411441803,0.4142381250858307,0.4520416557788849,-0.33101609349250793,0.5841301679611206,0.4418882727622986,-0.2635762691497803,0.4202287793159485,0.4486725926399231,-0.26342231035232544,0.5280927419662476,0.5218955874443054,0.0033912439830601215,0.4876047968864441,0.5251904726028442,-0.003541361540555954,0.5315195322036743,0.6513797044754028,0.00945219211280346,0.4973849654197693,0.6776086688041687,-0.0701463371515274,0.520869791507721,0.7390854954719543,0.2951558530330658,0.49501949548721313,0.8171807527542114,0.035505034029483795,0.5168096423149109,0.7336540222167969,0.3213835656642914,0.4878317713737488,0.8416824340820312,0.03989638388156891,0.5195579528808594,0.7807770371437073,0.20292513072490692,0.4945419430732727,0.8602911233901978,-0.11204032599925995
frame_00057.jpg,0.5056921243667603,0.26068463921546936,-0.23618873953819275,0.5094658136367798,0.24956145882606506,-0.21094293892383575,0.5120963454246521,0.24965320527553558,-0.21122118830680847,0.5146079063415527,0.24988609552383423,-0.21117058396339417,0.5024310350418091,0.24935027956962585,-0.21417251229286194,0.5001622438430786,0.24949081242084503,-0.21449065208435059,0.49769362807273865,0.24975301325321198,-0.21464237570762634,0.5172791481018066,0.2537517547607422,-0.07314978539943695,0.49299511313438416,0.25554004311561584,-0.09729856997728348,0.5099864602088928,0.27288565039634705,-0.1831265389919281,0.5016665458679199,0.27337270975112915,-0.18996292352676392,0.5429579019546509,0.32945388555526733,0.013582838699221611,0.46823135018348694,0.33675718307495117,-0.027623038738965988,0.5446414351463318,0.42208823561668396,0.018635699525475502,0.45885682106018066,0.41653650999069214,-0.033397577702999115,0.5773871541023254,0.4457249343395233,-0.1406283676624298,0.4266415536403656,0.45237481594085693,-0.22306127846240997,0.5871199369430542,0.4510273337364197,-0.1722477376461029,0.4164394438266754,0.462856650352478,-0.26781943440437317,0.5889254808425903,0.44793885946273804,-0.21086525917053223,0.4131118655204773,0.4595920443534851,-0.30110591650009155,0.5847114324569702,0.4463665783405304,-0.1594444066286087,0.4180801808834076,0.4546205699443817,-0.2420453280210495,0.5281060338020325,0.49863383173942566,0.010328171774744987,0.48780518770217896,0.5027133226394653,-0.010580727830529213,0.5316711068153381,0.6263811588287354,0.012985999695956707,0.49534696340560913,0.6364687085151672,-0.06740501523017883,0.5230543613433838,0.7319220304489136,0.24680185317993164,0.48969703912734985,0.7784824371337891,0.028639286756515503,0.5214670300483704,0.726736843585968,0.2633340060710907,0.4876165986061096,0.8001362681388855,0.03217189759016037,0.5208852291107178,0.7618369460105896,0.1603962481021881,0.4861021935939789,0.8206342458724976,-0.10779677331447601
frame_00058.jpg,0.5085647106170654,0.24075984954833984,-0.23820391297340393,0.5124117136001587,0.22985512018203735,-0.21349434554576874,0.5150836110115051,0.23033608496189117,-0.21378374099731445,0.5178871154785156,0.23084518313407898,-0.21376243233680725,0.5045768618583679,0.22931374609470367,-0.22012479603290558,0.5021358132362366,0.2295994609594345,-0.2204117476940155,0.49962806701660156,0.22997228801250458,-0.22055312991142273,0.5193430185317993,0.23707357048988342,-0.08057723939418793,0.4945613741874695,0.23841503262519836,-0.11311589181423187,0.5131386518478394,0.25545167922973633,-0.18714800477027893,0.5046238303184509,0.25466132164001465,-0.1979682743549347,0.5437859892845154,0.31651395559310913,0.009433415718376637,0.4690203070640564,0.31968986988067627,-0.0569990798830986,0.5464140176773071,0.40484729409217834,0.02545156702399254,0.4589141309261322,0.4046475291252136,-0.09362813830375671,0.5777349472045898,0.4451262652873993,-0.13254675269126892,0.4254963994026184,0.4523846507072449,-0.2715822458267212,0.5871809124946594,0.4538893401622772,-0.16366341710090637,0.4159412980079651,0.4660359025001526,-0.3206319808959961,0.5901620984077454,0.45210856199264526,-0.20451073348522186,0.412848562002182,0.463015079498291,-0.3511925935745239,0.5851295590400696,0.4486410319805145,-0.15238608419895172,0.41752901673316956,0.45701298117637634,-0.28972774744033813,0.5287937521934509,0.48890265822410583,0.023024454712867737,0.4880329966545105,0.49273934960365295,-0.023252664133906364,0.5318533182144165,0.6140396595001221,0.06222456693649292,0.4935874342918396,0.6346628069877625,-0.07374972850084305,0.5243254899978638,0.6915745139122009,0.28838974237442017,0.4903191030025482,0.7793541550636292,-0.0019718266557902098,0.5221828818321228,0.7068101167678833,0.2925551235675812,0.4856228828430176,0.8044205904006958,-0.002530817175284028,0.5208064317703247,0.749981701374054,0.1948147714138031,0.4819280505180359,0.8279820680618286,-0.14735981822013855
frame_00059.jpg,0.509020984172821,0.2242496758699417,-0.30011066794395447,0.5127909183502197,0.2128659188747406,-0.2764645218849182,0.5153748393058777,0.2132437527179718,-0.2767844498157501,0.5180311799049377,0.21369284391403198,-0.276758074760437,0.5055786967277527,0.21281389892101288,-0.2825028896331787,0.5033564567565918,0.2132369577884674,-0.28280407190322876,0.501072108745575,0.21369841694831848,-0.28298941254615784,0.5196876525878906,0.2210187315940857,-0.1465359926223755,0.49673551321029663,0.22255839407444,-0.17447654902935028,0.5133694410324097,0.2391829937696457,-0.250138521194458,0.5054965019226074,0.23867815732955933,-0.25999289751052856,0.5438666939735413,0.3001978099346161,-0.04885753616690636,0.4705495834350586,0.3059426248073578,-0.10898168385028839,0.5488001108169556,0.3931461274623871,0.017961867153644562,0.4591585099697113,0.39362332224845886,-0.12052811682224274,0.5840398669242859,0.4445364773273468,-0.09310849756002426,0.4240175187587738,0.45230409502983093,-0.2659298777580261,0.5947922468185425,0.4568023085594177,-0.11322776228189468,0.41510382294654846,0.4678201675415039,-0.3094915747642517,0.599365770816803,0.45611006021499634,-0.15583334863185883,0.41252022981643677,0.4658370316028595,-0.3426312804222107,0.5942595601081848,0.45089349150657654,-0.11173082888126373,0.41687101125717163,0.4593051075935364,-0.2845776677131653,0.528999924659729,0.4747225344181061,0.025819206610322,0.4910854399204254,0.4773563742637634,-0.026054207235574722,0.5318678617477417,0.6042536497116089,0.08539138734340668,0.4945368766784668,0.5937144160270691,-0.059149302542209625,0.5253335237503052,0.6903972029685974,0.2885698974132538,0.49698907136917114,0.7139817476272583,0.08779387176036835,0.5224142670631409,0.7049987316131592,0.29995599389076233,0.4959692358970642,0.728234052658081,0.09704333543777466,0.5217861533164978,0.7450712323188782,0.1885986030101776,0.49700674414634705,0.7622985243797302,-0.03281247615814209
frame_00060.jpg,0.5095745325088501,0.2163924276828766,-0.2736336886882782,0.5134331583976746,0.2044530063867569,-0.24955645203590393,0.5161210894584656,0.20467230677604675,-0.24983875453472137,0.518876850605011,0.2049778550863266,-0.24982336163520813,0.5061558485031128,0.20453627407550812,-0.2555558979511261,0.5039004683494568,0.2048438936471939,-0.25587010383605957,0.5015932321548462,0.20515014231204987,-0.25605538487434387,0.5207157731056213,0.2120165079832077,-0.11823034286499023,0.49746257066726685,0.2129925936460495,-0.14521342515945435,0.5140529870986938,0.23092204332351685,-0.22281911969184875,0.5060972571372986,0.23042304813861847,-0.23240378499031067,0.5440258383750916,0.2921505570411682,-0.022633472457528114,0.4725886881351471,0.2928277552127838,-0.08310597389936447,0.5514720678329468,0.38576850295066833,0.0364859476685524,0.45976942777633667,0.38677942752838135,-0.09438848495483398,0.5875338315963745,0.4413452446460724,-0.07654216885566711,0.42358165979385376,0.4499713182449341,-0.2501245439052582,0.5984301567077637,0.45560377836227417,-0.09878690540790558,0.4143832325935364,0.4673343002796173,-0.28698647022247314,0.6031397581100464,0.45472776889801025,-0.14137424528598785,0.4119430482387543,0.46525368094444275,-0.32150977849960327,0.5979593992233276,0.44961684942245483,-0.09588801115751266,0.41636720299720764,0.45906686782836914,-0.26748210191726685,0.5298722982406616,0.4679205119609833,0.026269439607858658,0.4928593039512634,0.46939077973365784,-0.026505012065172195,0.5315481424331665,0.6065553426742554,0.047051988542079926,0.4946262240409851,0.6022018790245056,-0.06224862486124039,0.5252430438995361,0.7227334976196289,0.19981037080287933,0.4945348799228668,0.7381969094276428,0.07190260291099548,0.5222033262252808,0.7217978239059448,0.20890796184539795,0.49641165137290955,0.7392430901527405,0.07946512848138809,0.5235928297042847,0.7688327431678772,0.08734018355607986,0.4966038167476654,0.7861433029174805,-0.05463159829378128
frame_00061.jpg,0.5103837847709656,0.21405845880508423,-0.27122384309768677,0.5140551924705505,0.20173925161361694,-0.24153032898902893,0.5167918801307678,0.20167548954486847,-0.2417111098766327,0.5196852087974548,0.20162828266620636,-0.24167826771736145,0.5063913464546204,0.20239123702049255,-0.25081878900527954,0.5040358901023865,0.20288607478141785,-0.25103312730789185,0.5016601085662842,0.20336446166038513,-0.25105971097946167,0.5212873816490173,0.20812535285949707,-0.10384925454854965,0.4975082278251648,0.21085067093372345,-0.12630780041217804,0.5149110555648804,0.22806473076343536,-0.21814164519309998,0.5069195032119751,0.2280731499195099,-0.22286978363990784,0.5445760488510132,0.29046857357025146,0.006552213337272406,0.4739167094230652,0.2891926169395447,-0.06471266597509384,0.5534252524375916,0.3810063302516937,0.05359410494565964,0.461561918258667,0.3827476501464844,-0.08319790661334991,0.5907925367355347,0.43517014384269714,-0.07633718848228455,0.4237435758113861,0.44362327456474304,-0.24025526642799377,0.6021685600280762,0.45383480191230774,-0.10081591457128525,0.41441407799720764,0.4627493917942047,-0.27990037202835083,0.6066713929176331,0.45433712005615234,-0.1429504156112671,0.41195225715637207,0.46101534366607666,-0.3132689595222473,0.6008995771408081,0.44706931710243225,-0.0961260050535202,0.41638270020484924,0.453765869140625,-0.2575242817401886,0.5309599041938782,0.4666560888290405,0.02882814034819603,0.493547260761261,0.4664916694164276,-0.02906925603747368,0.5314028263092041,0.6104676127433777,0.03481206297874451,0.4953432083129883,0.6019272208213806,-0.0608832910656929,0.5254243612289429,0.7237224578857422,0.17981688678264618,0.49465861916542053,0.7258270382881165,0.0784897655248642,0.5220332145690918,0.7285573482513428,0.18734797835350037,0.4960934519767761,0.738287627696991,0.08644567430019379,0.5233708620071411,0.7722432613372803,0.06091979891061783,0.49787625670433044,0.7763921618461609,-0.047784820199012756
frame_00062.jpg,0.5104419589042664,0.21948948502540588,-0.2199867069721222,0.514115035533905,0.20693935453891754,-0.19374872744083405,0.5168557167053223,0.20684075355529785,-0.19398237764835358,0.5197395086288452,0.2067653089761734,-0.19397687911987305,0.506435751914978,0.20711909234523773,-0.2008064091205597,0.5041111707687378,0.2072608321905136,-0.20111040771007538,0.501747727394104,0.20737019181251526,-0.20127931237220764,0.521654486656189,0.21203893423080444,-0.05842428654432297,0.49765545129776,0.21401892602443695,-0.08627619594335556,0.5150490403175354,0.23249484598636627,-0.16751858592033386,0.5071298480033875,0.2323964685201645,-0.17676810920238495,0.5455083250999451,0.2922551929950714,0.041759561747312546,0.4745314121246338,0.29168498516082764,-0.038868024945259094,0.5545104742050171,0.3808157742023468,0.06885912269353867,0.4628603458404541,0.38318851590156555,-0.07159723341464996,0.5939422249794006,0.42910268902778625,-0.08574984222650528,0.42386192083358765,0.43947649002075195,-0.23822012543678284,0.6067043542861938,0.4476603865623474,-0.11509785801172256,0.41415953636169434,0.4587983787059784,-0.28066879510879517,0.6107175350189209,0.4471541941165924,-0.15674814581871033,0.41161981225013733,0.4565418064594269,-0.3137025833129883,0.6042721271514893,0.4396281838417053,-0.10617729276418686,0.4162086546421051,0.4485976994037628,-0.25587424635887146,0.5319956541061401,0.4710391163825989,0.028674175962805748,0.4955969452857971,0.4711115062236786,-0.02890635095536709,0.5313785076141357,0.6202278733253479,0.014921402558684349,0.49568408727645874,0.6106797456741333,-0.06783871352672577,0.5253562331199646,0.7518856525421143,0.17709963023662567,0.49454301595687866,0.7423102855682373,0.06830137968063354,0.5219522714614868,0.7664238810539246,0.18625806272029877,0.4975404143333435,0.7536676526069641,0.07660345733165741,0.5263476371765137,0.7947959303855896,0.059474341571331024,0.4991629719734192,0.7896893620491028,-0.05941852927207947
frame_00063.jpg,0.5111697912216187,0.22236298024654388,-0.18204230070114136,0.5152912139892578,0.20995968580245972,-0.15752947330474854,0.5182687640190125,0.2099975198507309,-0.1577732264995575,0.5212031602859497,0.21000288426876068,-0.15773144364356995,0.5074085593223572,0.21069221198558807,-0.16400332748889923,0.5050196647644043,0.21116092801094055,-0.16435305774211884,0.5025575160980225,0.21151968836784363,-0.16451789438724518,0.5236147046089172,0.2169308066368103,-0.02582242712378502,0.4986133575439453,0.21874241530895233,-0.0548536479473114,0.5160685777664185,0.23651382327079773,-0.13059064745903015,0.5076625943183899,0.23634740710258484,-0.14061373472213745,0.5468072295188904,0.29603394865989685,0.07534544169902802,0.4761233329772949,0.29625606536865234,-0.015615987591445446,0.5552834868431091,0.38440608978271484,0.08926469087600708,0.4647625982761383,0.38515251874923706,-0.0706956535577774,0.5966491103172302,0.4292396903038025,-0.072514608502388,0.42408275604248047,0.4354058504104614,-0.2503024935722351,0.6103847622871399,0.4460097551345825,-0.10173846781253815,0.4141767621040344,0.4519403874874115,-0.29806578159332275,0.6138613224029541,0.4448419213294983,-0.1427912563085556,0.411630779504776,0.4490295350551605,-0.32759231328964233,0.6073929071426392,0.43837180733680725,-0.09320185333490372,0.41637128591537476,0.44165486097335815,-0.2677431106567383,0.5319859385490417,0.47817662358283997,0.0281930323690176,0.4958181381225586,0.47515904903411865,-0.028440162539482117,0.5307925939559937,0.6467001438140869,-0.03808354213833809,0.4958978295326233,0.6268301010131836,-0.09111624211072922,0.5200600624084473,0.8148504495620728,0.014280403964221478,0.4944763779640198,0.7504556179046631,0.05842593312263489,0.5144198536872864,0.8546108603477478,0.010651064105331898,0.49715328216552734,0.758405327796936,0.0670279711484909,0.5258148312568665,0.8547537922859192,-0.14235976338386536,0.4989587664604187,0.7974188923835754,-0.063071109354496
frame_00064.jpg,0.515298068523407,0.2337300330400467,-0.1693141907453537,0.5186981558799744,0.22087888419628143,-0.14312858879566193,0.5211533308029175,0.22086413204669952,-0.14339959621429443,0.5236387252807617,0.22093527019023895,-0.14336074888706207,0.5114880800247192,0.2209445834159851,-0.15304584801197052,0.5092033743858337,0.22082945704460144,-0.15340770781040192,0.506947934627533,0.22059933841228485,-0.15359964966773987,0.5252838730812073,0.2265041023492813,-0.007722868584096432,0.5035057663917542,0.22511550784111023,-0.05231579393148422,0.5191397666931152,0.2465590387582779,-0.11660311371088028,0.5115063786506653,0.2468954175710678,-0.13120298087596893,0.5482523441314697,0.30153343081474304,0.09444810450077057,0.4772866368293762,0.3012528419494629,-0.01689061149954796,0.5550462603569031,0.39203470945358276,0.12307214736938477,0.465029239654541,0.38527098298072815,-0.08194099366664886,0.599410891532898,0.4300309121608734,-0.032217346131801605,0.42543649673461914,0.4358954131603241,-0.27323415875434875,0.6134101748466492,0.4448004961013794,-0.05894950032234192,0.41467732191085815,0.44930750131607056,-0.3234493136405945,0.615978479385376,0.4421263039112091,-0.10065833479166031,0.41200846433639526,0.44600191712379456,-0.34873107075691223,0.6096028089523315,0.43701282143592834,-0.05328434705734253,0.4170505404472351,0.4400418698787689,-0.2891637086868286,0.5319411158561707,0.4918181300163269,0.028372246772050858,0.4956018924713135,0.48897403478622437,-0.02861652337014675,0.5302973985671997,0.6549553275108337,-0.06401202827692032,0.4959055781364441,0.6279558539390564,-0.08815682679414749,0.5195272564888,0.816646158695221,-0.011719265952706337,0.49441179633140564,0.7321849465370178,0.15110653638839722,0.5139167308807373,0.8550527691841125,-0.014556145295500755,0.4974271357059479,0.7431200742721558,0.17074532806873322,0.5254595279693604,0.8546465635299683,-0.16517777740955353,0.49890318512916565,0.7749637365341187,0.06899667531251907
frame_00065.jpg,0.5165064334869385,0.2547326385974884,-0.17019498348236084,0.5203348398208618,0.24062885344028473,-0.14276057481765747,0.5233508348464966,0.24088743329048157,-0.14305156469345093,0.5260375738143921,0.2412441074848175,-0.14299389719963074,0.5121219158172607,0.24056436121463776,-0.15019413828849792,0.5094311833381653,0.240984246134758,-0.1505649983882904,0.5070233345031738,0.2414139062166214,-0.1507396399974823,0.5280200839042664,0.24812719225883484,-0.0032920364756137133,0.5035561919212341,0.24851740896701813,-0.0361783429980278,0.5211249589920044,0.26779744029045105,-0.11645717918872833,0.5120528936386108,0.2682631313800812,-0.1277375966310501,0.5526453256607056,0.32750749588012695,0.09631400555372238,0.4788454473018646,0.3201987147331238,0.008360842242836952,0.5561303496360779,0.41591936349868774,0.10744267702102661,0.46484866738319397,0.40844616293907166,-0.05864156410098076,0.5979965329170227,0.43305668234825134,-0.06828104704618454,0.42591920495033264,0.4367696940898895,-0.26503798365592957,0.6110793948173523,0.44440874457359314,-0.10049470514059067,0.41449570655822754,0.4470258057117462,-0.31609129905700684,0.6136213541030884,0.43860986828804016,-0.14039304852485657,0.4115292429924011,0.44276586174964905,-0.34361952543258667,0.6078687310218811,0.43593132495880127,-0.08903415501117706,0.41705769300460815,0.43951496481895447,-0.28234222531318665,0.531985342502594,0.51044762134552,0.023447759449481964,0.49542513489723206,0.5083451867103577,-0.0237116739153862,0.5299506783485413,0.6713959574699402,-0.08187781274318695,0.4956347346305847,0.6349398493766785,-0.06315073370933533,0.5185666084289551,0.8417403101921082,-0.048204485327005386,0.4957682192325592,0.7198050618171692,0.21891972422599792,0.5123583078384399,0.8662208318710327,-0.05368055775761604,0.4977704882621765,0.7338946461677551,0.24280163645744324,0.525425136089325,0.8733400106430054,-0.21906378865242004,0.494157075881958,0.7722694277763367,0.1451888233423233
frame_00066.jpg,0.5185807943344116,0.27367883920669556,-0.17078492045402527,0.5224682092666626,0.26130804419517517,-0.14445428550243378,0.5252110958099365,0.26209864020347595,-0.14472739398479462,0.527719259262085,0.26294538378715515,-0.14466722309589386,0.514420211315155,0.25999659299850464,-0.14713218808174133,0.5116828680038452,0.2601657509803772,-0.14746929705142975,0.5091158151626587,0.2605297863483429,-0.14764796197414398,0.5295909643173218,0.26960495114326477,-0.011576870456337929,0.505110502243042,0.26739102602005005,-0.022267762571573257,0.5220454931259155,0.28613272309303284,-0.1197359561920166,0.5131211280822754,0.28554293513298035,-0.12478137016296387,0.5526134967803955,0.34686020016670227,0.07404682040214539,0.47955355048179626,0.3363601267337799,0.04016430675983429,0.5565742254257202,0.4289810061454773,0.08802536875009537,0.46473655104637146,0.4228428900241852,0.013526476919651031,0.5971910357475281,0.43945321440696716,-0.0673295333981514,0.4328726828098297,0.4418654143810272,-0.17058494687080383,0.6096810698509216,0.44469207525253296,-0.09878848493099213,0.4182904362678528,0.44764822721481323,-0.21370545029640198,0.6131577491760254,0.4389878213405609,-0.1346641480922699,0.41492438316345215,0.44425487518310547,-0.24445608258247375,0.6067693829536438,0.43665075302124023,-0.08546470105648041,0.4225683808326721,0.44079339504241943,-0.18894392251968384,0.5318481922149658,0.5233349204063416,0.009406397119164467,0.49531108140945435,0.5189868807792664,-0.009661133401095867,0.5298536419868469,0.675383448600769,-0.08235207200050354,0.49563542008399963,0.6346927881240845,-0.04711397737264633,0.5182998180389404,0.8425853252410889,-0.03771018236875534,0.4976379871368408,0.703511118888855,0.2921549677848816,0.5125254988670349,0.8599680066108704,-0.04143749549984932,0.49934664368629456,0.7082557082176208,0.32377150654792786,0.5227006077766418,0.8779058456420898,-0.2041369378566742,0.49105802178382874,0.7478081583976746,0.24724218249320984
frame_00067.jpg,0.519576370716095,0.2847958207130432,-0.15830101072788239,0.5233664512634277,0.2726859152317047,-0.13008928298950195,0.5261228084564209,0.2733764052391052,-0.1303417831659317,0.528732180595398,0.27410829067230225,-0.13027597963809967,0.515423059463501,0.2713087797164917,-0.13580897450447083,0.5126767754554749,0.27130475640296936,-0.13613849878311157,0.5100231766700745,0.27153828740119934,-0.13629616796970367,0.5302526950836182,0.28027617931365967,0.009736407548189163,0.5053492188453674,0.278266966342926,-0.015718160197138786,0.5230124592781067,0.2967519164085388,-0.10479278862476349,0.5140088796615601,0.29609695076942444,-0.11390240490436554,0.5527061223983765,0.35487309098243713,0.09936080873012543,0.47996193170547485,0.3474322557449341,0.037099048495292664,0.5584896206855774,0.43770644068717957,0.10512225329875946,0.46520575881004333,0.4327329993247986,-0.00010509121784707531,0.5965985059738159,0.45081794261932373,-0.07392267882823944,0.435808002948761,0.4529523253440857,-0.18933221697807312,0.6089820265769958,0.45227524638175964,-0.10766403377056122,0.42119932174682617,0.4573748707771301,-0.23619608581066132,0.6109990477561951,0.44486311078071594,-0.14399103820323944,0.41805368661880493,0.45243868231773376,-0.26587289571762085,0.6056760549545288,0.4442964792251587,-0.09279746562242508,0.4254118502140045,0.45074212551116943,-0.20728401839733124,0.5317909717559814,0.5294780731201172,0.010862870141863823,0.4952135980129242,0.5257454514503479,-0.011093571782112122,0.5298295021057129,0.68270343542099,-0.059838760644197464,0.4964281916618347,0.6482654809951782,-0.0842866450548172,0.5181153416633606,0.8430829644203186,0.018485842272639275,0.496450811624527,0.7126241326332092,0.1842736303806305,0.5125452280044556,0.8600019216537476,0.018294259905815125,0.5012930035591125,0.7275036573410034,0.20574088394641876,0.5233299732208252,0.8828306198120117,-0.13445429503917694,0.4922638535499573,0.759942889213562,0.10254815965890884
frame_00068.jpg,0.5198666453361511,0.2808368504047394,-0.16269603371620178,0.5235856175422668,0.268683522939682,-0.1342518925666809,0.5263155102729797,0.26893097162246704,-0.13449549674987793,0.5290344953536987,0.26933321356773376,-0.1344054639339447,0.5156791806221008,0.26822108030319214,-0.14031371474266052,0.512999951839447,0.2682477831840515,-0.14063897728919983,0.5103803277015686,0.2683345079421997,-0.1407981514930725,0.53056800365448,0.2754684388637543,0.00830559991300106,0.5053451061248779,0.27390721440315247,-0.01824883557856083,0.523408830165863,0.29378363490104675,-0.10809473693370819,0.5146481394767761,0.29343661665916443,-0.11756052821874619,0.5528713464736938,0.3473626375198364,0.09958268702030182,0.480506956577301,0.3426009714603424,0.033410243690013885,0.5595220327377319,0.4344801604747772,0.09961636364459991,0.46725520491600037,0.4294889569282532,-0.007053140550851822,0.5932184457778931,0.4545995891094208,-0.08001278340816498,0.43700966238975525,0.46247223019599915,-0.1977004110813141,0.6033170819282532,0.4594000279903412,-0.11960069835186005,0.4222356677055359,0.4689398407936096,-0.24604149162769318,0.6051397323608398,0.45529797673225403,-0.15404284000396729,0.4194470942020416,0.46401506662368774,-0.2760218679904938,0.6008545160293579,0.4537602663040161,-0.09819553047418594,0.4263310432434082,0.461481511592865,-0.21559377014636993,0.5318910479545593,0.522652268409729,0.011951219290494919,0.49548712372779846,0.520746648311615,-0.012162626720964909,0.529828667640686,0.6760156154632568,-0.0672437846660614,0.49670934677124023,0.6380816698074341,-0.09970583766698837,0.5176249742507935,0.8366551995277405,-0.005198557861149311,0.4994179606437683,0.7058056592941284,0.16512280702590942,0.5122799873352051,0.8555118441581726,-0.007482635322958231,0.5029687881469727,0.71917724609375,0.18699078261852264,0.5223690867424011,0.8819367289543152,-0.16975785791873932,0.49325817823410034,0.7566734552383423,0.08397044986486435
frame_00069.jpg,0.5197411775588989,0.2761620581150055,-0.16672363877296448,0.5238920450210571,0.26296907663345337,-0.14301815629005432,0.526820719242096,0.2631206214427948,-0.14329519867897034,0.5296846628189087,0.2635336220264435,-0.14327533543109894,0.5156036615371704,0.26268550753593445,-0.14697568118572235,0.5129382610321045,0.2627675533294678,-0.1473071128129959,0.5103508234024048,0.2630305588245392,-0.14751268923282623,0.5311791300773621,0.2706708312034607,-0.005813072435557842,0.505397617816925,0.26995742321014404,-0.03139045089483261,0.5235105752944946,0.2879607081413269,-0.11711819469928741,0.5147355794906616,0.2875742018222809,-0.12409458309412003,0.5530836582183838,0.34259840846061707,0.08684433996677399,0.4808036684989929,0.33895185589790344,0.02441679872572422,0.5601168274879456,0.42953112721443176,0.06635580956935883,0.4708193242549896,0.425130158662796,-0.04596952348947525,0.5928048491477966,0.45572975277900696,-0.1567947417497635,0.43935132026672363,0.4625743627548218,-0.2477296143770218,0.6029051542282104,0.4657399356365204,-0.19814510643482208,0.4242425858974457,0.47357499599456787,-0.3015259802341461,0.6050963997840881,0.46222278475761414,-0.23654839396476746,0.420891672372818,0.47021225094795227,-0.3299831449985504,0.6008344292640686,0.45841965079307556,-0.17767813801765442,0.4275733530521393,0.46652311086654663,-0.26529431343078613,0.5324450135231018,0.5157255530357361,0.013705460354685783,0.4955388903617859,0.5127291679382324,-0.01395365595817566,0.5298691987991333,0.6715232729911804,-0.07173274457454681,0.49667447805404663,0.6348190903663635,-0.09732355177402496,0.5176193118095398,0.8319782614707947,-0.03326565772294998,0.4999651312828064,0.7173890471458435,0.11793950945138931,0.5124472379684448,0.8484498262405396,-0.03907672315835953,0.5040460824966431,0.7278019785881042,0.13335417211055756,0.5218489766120911,0.8763120770454407,-0.2157372236251831,0.4932004511356354,0.7624310851097107,0.005082473158836365
frame_00070.jpg,0.5193930864334106,0.2681852877140045,-0.2057202309370041,0.5236518383026123,0.25667592883110046,-0.17881235480308533,0.5266472101211548,0.25678762793540955,-0.17906051874160767,0.5295283198356628,0.25726085901260376,-0.17896690964698792,0.5153318643569946,0.25627627968788147,-0.1836877167224884,0.5127190947532654,0.2562856674194336,-0.18402263522148132,0.5101220011711121,0.2562848925590515,-0.18420091271400452,0.5313427448272705,0.259390652179718,-0.034984491765499115,0.5052893161773682,0.25887301564216614,-0.05711555480957031,0.5234345197677612,0.28146737813949585,-0.15103653073310852,0.5145578384399414,0.28165146708488464,-0.1588243544101715,0.5539466142654419,0.3319133222103119,0.06717812269926071,0.48106685280799866,0.3329368531703949,-0.0018851602217182517,0.5612165331840515,0.422036349773407,0.056677740067243576,0.47263622283935547,0.4245871901512146,-0.05322911590337753,0.5927816033363342,0.4549589157104492,-0.1383977234363556,0.43944820761680603,0.46145540475845337,-0.24546651542186737,0.6029039025306702,0.4666784405708313,-0.17403343319892883,0.42480507493019104,0.47469013929367065,-0.29617244005203247,0.6053577065467834,0.46395301818847656,-0.2132343053817749,0.4213159680366516,0.4716495871543884,-0.32625633478164673,0.6010434627532959,0.4596020579338074,-0.15847867727279663,0.4277760088443756,0.46700388193130493,-0.26337307691574097,0.5324408411979675,0.502561092376709,0.014630590565502644,0.49569082260131836,0.5011423826217651,-0.014847496524453163,0.5298669934272766,0.6662787795066833,-0.07978366315364838,0.4973214268684387,0.6118444800376892,-0.09810283035039902,0.5176825523376465,0.827295184135437,-0.05263553932309151,0.5005415678024292,0.7024580240249634,0.10634307563304901,0.5125686526298523,0.8450692296028137,-0.05969155952334404,0.504234790802002,0.7181879878044128,0.1210443377494812,0.521373450756073,0.8733106851577759,-0.24098221957683563,0.49745017290115356,0.7543559670448303,-0.007912990637123585
frame_00071.jpg,0.5202877521514893,0.2432107925415039,-0.15511052310466766,0.5237715244293213,0.2314165085554123,-0.12898990511894226,0.5264290571212769,0.23139913380146027,-0.1292348951101303,0.5291774868965149,0.23157811164855957,-0.12917238473892212,0.5169508457183838,0.23070675134658813,-0.1357084959745407,0.5148041248321533,0.23029500246047974,-0.1360253095626831,0.5125941038131714,0.22985799610614777,-0.13618966937065125,0.5311030149459839,0.23591263592243195,-0.003084400901570916,0.5079879760742188,0.23457425832748413,-0.032387495040893555,0.5237292647361755,0.2549739480018616,-0.10746686160564423,0.516211211681366,0.25440558791160583,-0.11772211641073227,0.554459810256958,0.3180982768535614,0.07749739289283752,0.4812527596950531,0.31505924463272095,0.002865956863388419,0.5623129606246948,0.40852975845336914,0.07505695521831512,0.47314566373825073,0.4117342531681061,-0.05082087591290474,0.5940723419189453,0.45372551679611206,-0.09690985083580017,0.43893784284591675,0.45863136649131775,-0.24134531617164612,0.6044169664382935,0.4669649302959442,-0.12623324990272522,0.4246484637260437,0.4727787971496582,-0.28864458203315735,0.60765540599823,0.464724600315094,-0.16684812307357788,0.4211297035217285,0.46971395611763,-0.31753623485565186,0.603091835975647,0.45936986804008484,-0.11698894202709198,0.42736053466796875,0.46517759561538696,-0.25836119055747986,0.5324132442474365,0.48983797430992126,0.014710672199726105,0.4963746964931488,0.4873153567314148,-0.014973101206123829,0.5296237468719482,0.6501808166503906,-0.07993198186159134,0.49828606843948364,0.605586051940918,-0.10544544458389282,0.5177438855171204,0.8244990110397339,-0.05664965510368347,0.4947299361228943,0.7041516900062561,0.061776500195264816,0.5114254951477051,0.8394940495491028,-0.06358091533184052,0.4978652894496918,0.7275773286819458,0.07293212413787842,0.5196729302406311,0.8712361454963684,-0.23327858746051788,0.49530547857284546,0.7585650682449341,-0.053735215216875076
frame_00072.jpg,0.5206378698348999,0.22936969995498657,-0.1747899055480957,0.5238656997680664,0.21694394946098328,-0.1517391800880432,0.526321291923523,0.21686045825481415,-0.1520022451877594,0.5289357900619507,0.2169295847415924,-0.15194165706634521,0.5175085663795471,0.216428741812706,-0.1591213047504425,0.5154568552970886,0.21609263122081757,-0.15945586562156677,0.5132714509963989,0.21576648950576782,-0.15963956713676453,0.5309065580368042,0.22180317342281342,-0.03259860724210739,0.5086500644683838,0.22109785676002502,-0.06266871094703674,0.5238405466079712,0.24117660522460938,-0.13045184314250946,0.5168637633323669,0.2403607964515686,-0.14123284816741943,0.5542764067649841,0.30240073800086975,0.053190361708402634,0.4828251004219055,0.30011436343193054,-0.02281629480421543,0.5630674362182617,0.39553946256637573,0.07497744262218475,0.47323790192604065,0.39694899320602417,-0.06503686308860779,0.599271833896637,0.4504006505012512,-0.06882289797067642,0.43839555978775024,0.4490111172199249,-0.24045173823833466,0.6093729138374329,0.4654143452644348,-0.09202568978071213,0.4242946207523346,0.4700092673301697,-0.28231292963027954,0.6128028631210327,0.4626893699169159,-0.134215846657753,0.420836865901947,0.46842870116233826,-0.3119994103908539,0.6083055734634399,0.45804563164711,-0.08855774253606796,0.4270270764827728,0.4618839919567108,-0.2581408619880676,0.5323893427848816,0.4809023141860962,0.015421746298670769,0.4972005784511566,0.47744157910346985,-0.015657808631658554,0.5295166969299316,0.6380816698074341,-0.08111774176359177,0.49885350465774536,0.5996741652488708,-0.09198527783155441,0.5169197916984558,0.8170782923698425,-0.054665565490722656,0.4976421892642975,0.6979370713233948,0.06778007745742798,0.5112252235412598,0.8372820615768433,-0.06102662533521652,0.49935632944107056,0.7138242721557617,0.0859631597995758,0.5159466862678528,0.8626596927642822,-0.2266581803560257,0.4923134744167328,0.7582000494003296,-0.04305033013224602
frame_00073.jpg,0.5212125778198242,0.22566233575344086,-0.21135525405406952,0.5244168043136597,0.21335196495056152,-0.1885828971862793,0.5267576575279236,0.21331754326820374,-0.18886789679527283,0.5291742086410522,0.21345999836921692,-0.18881085515022278,0.5181460976600647,0.21264280378818512,-0.19242390990257263,0.5159729719161987,0.21225441992282867,-0.19275051355361938,0.5136655569076538,0.21194230020046234,-0.19292142987251282,0.530852198600769,0.21703247725963593,-0.0671791285276413,0.5087189674377441,0.21598318219184875,-0.0831945613026619,0.5243391394615173,0.2363089621067047,-0.16469253599643707,0.5171505808830261,0.23618760704994202,-0.1711166352033615,0.5541410446166992,0.2974686920642853,0.011884584091603756,0.4832070469856262,0.2955484092235565,-0.022732123732566833,0.5634834170341492,0.3907422721385956,0.03322587162256241,0.47314056754112244,0.3912424147129059,-0.05340776592493057,0.6028655171394348,0.4438536465167999,-0.08978342264890671,0.43815383315086365,0.44267675280570984,-0.2073335349559784,0.6134921908378601,0.46199434995651245,-0.10362306982278824,0.42423129081726074,0.464212566614151,-0.2457866370677948,0.6167212724685669,0.46066614985466003,-0.14489394426345825,0.4207761883735657,0.4632972776889801,-0.2802286148071289,0.611994206905365,0.4545799791812897,-0.10717538744211197,0.426693856716156,0.4563150107860565,-0.22645750641822815,0.5323926210403442,0.47423675656318665,0.00832400657236576,0.4979332387447357,0.47121018171310425,-0.008623350411653519,0.5295193791389465,0.629364550113678,-0.08788803964853287,0.4995768070220947,0.5906559824943542,-0.051511090248823166,0.516513466835022,0.800885796546936,-0.05583275109529495,0.5001747012138367,0.6914017796516418,0.15033121407032013,0.5112372636795044,0.8225497007369995,-0.061498820781707764,0.5010437369346619,0.7057574391365051,0.1661386787891388,0.5138763189315796,0.8449673056602478,-0.22869589924812317,0.49805885553359985,0.7514172792434692,0.048637766391038895
frame_00074.jpg,0.5213762521743774,0.22520925104618073,-0.22115111351013184,0.5246511697769165,0.21315257251262665,-0.19587665796279907,0.5269824266433716,0.2131626158952713,-0.1961531788110733,0.5293370485305786,0.21332408487796783,-0.19607916474342346,0.5184594392776489,0.21267977356910706,-0.20054924488067627,0.5162636041641235,0.21237516403198242,-0.20089080929756165,0.5139343738555908,0.21212252974510193,-0.20107392966747284,0.5309645533561707,0.2165098935365677,-0.06680475920438766,0.5093286633491516,0.21569299697875977,-0.08738293498754501,0.5244936347007751,0.23654918372631073,-0.17187878489494324,0.5174170136451721,0.23717659711837769,-0.17962846159934998,0.554262101650238,0.2998391091823578,0.017281219363212585,0.483814537525177,0.2935846447944641,-0.028251802548766136,0.563632607460022,0.39115777611732483,0.03376941755414009,0.47372961044311523,0.3876754641532898,-0.054380081593990326,0.6057636141777039,0.43937620520591736,-0.10136163234710693,0.4374624788761139,0.437303364276886,-0.21333399415016174,0.6160377860069275,0.45490142703056335,-0.11366379261016846,0.4231796860694885,0.4574050307273865,-0.2550968527793884,0.6190687417984009,0.4536036252975464,-0.15545812249183655,0.4200592041015625,0.456974595785141,-0.28811532258987427,0.6141623258590698,0.4479588270187378,-0.1188596710562706,0.4258693754673004,0.4501273036003113,-0.231988787651062,0.5323984622955322,0.4730159640312195,0.010187417268753052,0.4983147978782654,0.4685312509536743,-0.0104764923453331,0.5295185446739197,0.6320405602455139,-0.08007583022117615,0.49966901540756226,0.5606741309165955,-0.17138773202896118,0.5162923336029053,0.8002285361289978,-0.038358114659786224,0.5007838606834412,0.6675559282302856,0.04463820531964302,0.5112711191177368,0.8222028017044067,-0.043223485350608826,0.5014623403549194,0.6759114861488342,0.062114764004945755,0.5128800868988037,0.8434028029441833,-0.2113528996706009,0.500889778137207,0.718176543712616,-0.05231912061572075
frame_00075.jpg,0.5212393403053284,0.22920016944408417,-0.21202757954597473,0.5245245695114136,0.21693845093250275,-0.1862063705921173,0.5268734693527222,0.21691232919692993,-0.18647855520248413,0.529231607913971,0.21701152622699738,-0.18641166388988495,0.5182936191558838,0.2168186753988266,-0.19137737154960632,0.5161513090133667,0.2166730910539627,-0.19171427190303802,0.5138531923294067,0.21652169525623322,-0.19189031422138214,0.5308828353881836,0.22028233110904694,-0.059358030557632446,0.5091279745101929,0.22025515139102936,-0.07965172827243805,0.5243867635726929,0.2409091740846634,-0.16175004839897156,0.5172293186187744,0.24154706299304962,-0.17005524039268494,0.5542586445808411,0.3014847934246063,0.033164918422698975,0.48360806703567505,0.29727649688720703,-0.02373993955552578,0.5639621615409851,0.39182546734809875,0.039398469030857086,0.4737358093261719,0.3888227641582489,-0.05609980970621109,0.6076561212539673,0.4352153241634369,-0.10405351221561432,0.43639206886291504,0.43685945868492126,-0.22919967770576477,0.6182830929756165,0.44745269417762756,-0.11901561170816422,0.42149001359939575,0.45432519912719727,-0.2736667990684509,0.6213928461074829,0.44588592648506165,-0.16095402836799622,0.41866642236709595,0.45349207520484924,-0.3056444823741913,0.6159025430679321,0.44142016768455505,-0.12220493704080582,0.42455148696899414,0.4470650255680084,-0.24767740070819855,0.5327098965644836,0.47606998682022095,0.016717225313186646,0.4983540177345276,0.47149690985679626,-0.01698695495724678,0.5303378701210022,0.6503230929374695,-0.08187676966190338,0.5008593201637268,0.5679156184196472,-0.279374361038208,0.5171512961387634,0.8114560842514038,-0.04382319003343582,0.5012758374214172,0.6680110692977905,-0.07369674742221832,0.5170600414276123,0.8422649502754211,-0.04924468696117401,0.5014694929122925,0.6771326065063477,-0.05676276609301567,0.5128895044326782,0.854289174079895,-0.22461339831352234,0.5005944967269897,0.7237451076507568,-0.1790802925825119
frame_00076.jpg,0.5211463570594788,0.23061463236808777,-0.20826217532157898,0.5245771408081055,0.21891328692436218,-0.1820376217365265,0.5270076990127563,0.2191159427165985,-0.1823054850101471,0.5294007062911987,0.21934901177883148,-0.18223696947097778,0.5181546807289124,0.2177099734544754,-0.18744172155857086,0.5160444378852844,0.21727041900157928,-0.187777578830719,0.5137429237365723,0.21685348451137543,-0.1879521757364273,0.5311471223831177,0.22298891842365265,-0.05360483005642891,0.5088211297988892,0.22183528542518616,-0.07876330614089966,0.5247209668159485,0.24245548248291016,-0.15731137990951538,0.5171117782592773,0.24223178625106812,-0.1659734696149826,0.554747462272644,0.3035798668861389,0.03859422355890274,0.4834478497505188,0.29856404662132263,-0.018583830446004868,0.5640076398849487,0.39355626702308655,0.0461864173412323,0.4735308587551117,0.39103615283966064,-0.06248577684164047,0.606170117855072,0.43029797077178955,-0.10396230220794678,0.4368094801902771,0.4345720708370209,-0.2651705741882324,0.6169806718826294,0.43966028094291687,-0.12032629549503326,0.42167943716049194,0.4474698305130005,-0.31499427556991577,0.6199342012405396,0.43794339895248413,-0.1617303192615509,0.41874632239341736,0.44561779499053955,-0.344558984041214,0.6146247386932373,0.4349283277988434,-0.12222236394882202,0.4249819219112396,0.4406426250934601,-0.28358912467956543,0.5347825288772583,0.47780975699424744,0.015008611604571342,0.4983309805393219,0.47379162907600403,-0.015267869457602501,0.5313196182250977,0.6597696542739868,-0.09022311121225357,0.5012162923812866,0.5768876671791077,-0.17999866604804993,0.51751309633255,0.814383327960968,-0.04104573279619217,0.5018966197967529,0.6652640104293823,0.0830032229423523,0.5169327259063721,0.840185821056366,-0.044799696654081345,0.5018588304519653,0.6762060523033142,0.11013523489236832,0.5109179019927979,0.8563088178634644,-0.2130250185728073,0.5033918619155884,0.7126829028129578,0.016499411314725876
frame_00077.jpg,0.520814061164856,0.24514712393283844,-0.20609967410564423,0.5245345830917358,0.23099550604820251,-0.17865870893001556,0.5269610285758972,0.23090623319149017,-0.17892739176750183,0.5293481349945068,0.23106269538402557,-0.1788506954908371,0.5177854299545288,0.23097608983516693,-0.18242327868938446,0.5156127214431763,0.23088856041431427,-0.182776540517807,0.5132112503051758,0.2308293879032135,-0.18296711146831512,0.5311101675033569,0.2367049604654312,-0.04048040136694908,0.5083670616149902,0.23652993142604828,-0.057076334953308105,0.5246480703353882,0.257705420255661,-0.15203148126602173,0.5165022611618042,0.2569451928138733,-0.15858526527881622,0.5549935102462769,0.3122580647468567,0.053485266864299774,0.4830628037452698,0.31113511323928833,0.007153392769396305,0.5639134049415588,0.4002646803855896,0.06239455193281174,0.47308140993118286,0.39806824922561646,-0.020537937059998512,0.6053875684738159,0.4285833537578583,-0.1063777357339859,0.437269926071167,0.43547147512435913,-0.21444126963615417,0.6163269281387329,0.43429863452911377,-0.13538382947444916,0.42167362570762634,0.44543933868408203,-0.26355263590812683,0.6197680234909058,0.43112707138061523,-0.17411281168460846,0.41873568296432495,0.44265133142471313,-0.2955606281757355,0.6144025325775146,0.429558664560318,-0.12514878809452057,0.42500433325767517,0.4394263029098511,-0.2335420846939087,0.5350687503814697,0.49114513397216797,0.013945372775197029,0.4982961118221283,0.48811379075050354,-0.01418904960155487,0.5316302180290222,0.6670786738395691,-0.08623378723859787,0.4984031617641449,0.5955937504768372,-0.14930519461631775,0.5208338499069214,0.821715772151947,0.017115246504545212,0.5040760040283203,0.6719902753829956,0.18870551884174347,0.5186713933944702,0.8502616882324219,0.019922059029340744,0.5036604404449463,0.6786648631095886,0.219278484582901,0.5114311575889587,0.863369345664978,-0.1285591423511505,0.5021032094955444,0.7229127287864685,0.1402250975370407
frame_00078.jpg,0.5180103778839111,0.2624930441379547,-0.20156879723072052,0.5222758054733276,0.24966777861118317,-0.17805923521518707,0.5250735878944397,0.24941712617874146,-0.17833289504051208,0.5276849269866943,0.24936506152153015,-0.17824947834014893,0.5155993103981018,0.24988429248332977,-0.1736108809709549,0.5134058594703674,0.2499111443758011,-0.17395490407943726,0.5110908150672913,0.2499760240316391,-0.17411395907402039,0.5309981107711792,0.2528744339942932,-0.042993977665901184,0.5067349672317505,0.2541297674179077,-0.030936429277062416,0.5221068263053894,0.2729679346084595,-0.15053008496761322,0.513788104057312,0.27282485365867615,-0.1470169574022293,0.5546454191207886,0.3237398564815521,0.027374351397156715,0.4830196797847748,0.32365891337394714,0.0561474934220314,0.5638395547866821,0.41520923376083374,-0.021596213802695274,0.47287091612815857,0.4093632698059082,0.05217144638299942,0.6049914360046387,0.42959997057914734,-0.23621365427970886,0.438262403011322,0.43565356731414795,-0.1429573893547058,0.6151852011680603,0.43444257974624634,-0.2826403081417084,0.4232916235923767,0.44643327593803406,-0.18818554282188416,0.6162240505218506,0.43057873845100403,-0.31268054246902466,0.41959255933761597,0.4427320659160614,-0.22428521513938904,0.6119056940078735,0.4294678568840027,-0.2531164288520813,0.4262816905975342,0.44016045331954956,-0.16418994963169098,0.5352102518081665,0.5042087435722351,-0.008473393507301807,0.49825945496559143,0.5014621615409851,0.008270780555903912,0.5317364931106567,0.6748939156532288,-0.10592551529407501,0.498488187789917,0.6122973561286926,-0.12223756313323975,0.5228258371353149,0.8335620760917664,-0.0067178597673773766,0.5058634877204895,0.6754573583602905,0.20994479954242706,0.5198487639427185,0.8561102747917175,-0.0005738590843975544,0.5057665109634399,0.6811301708221436,0.24066078662872314,0.5123206377029419,0.8709638714790344,-0.13352032005786896,0.501491904258728,0.7281392812728882,0.1621536910533905
frame_00079.jpg,0.5168746113777161,0.27475252747535706,-0.15853522717952728,0.5211111307144165,0.26355311274528503,-0.1340128481388092,0.5237175226211548,0.26342177391052246,-0.1343032270669937,0.5261265635490417,0.2635233998298645,-0.13422568142414093,0.5145694017410278,0.2638445794582367,-0.13079820573329926,0.5123633146286011,0.26390114426612854,-0.1311507374048233,0.5100350975990295,0.26395612955093384,-0.13125738501548767,0.5300918817520142,0.26712995767593384,-0.002767392434179783,0.5059112310409546,0.2672196626663208,0.010382195934653282,0.5208011865615845,0.2853590250015259,-0.1076369658112526,0.512639045715332,0.28642216324806213,-0.10554023832082748,0.5543454885482788,0.3354775011539459,0.06642738729715347,0.48267215490341187,0.3365056812763214,0.0947129875421524,0.5640481114387512,0.42809760570526123,-0.0008197212591767311,0.47157758474349976,0.42370715737342834,0.09580471366643906,0.6002770662307739,0.43044430017471313,-0.1765015721321106,0.43911057710647583,0.4406357407569885,-0.08890292048454285,0.6088526248931885,0.436159610748291,-0.21945586800575256,0.4239382743835449,0.4466106593608856,-0.1327056735754013,0.6093658208847046,0.4316341280937195,-0.250348836183548,0.42018991708755493,0.4440211057662964,-0.16674557328224182,0.6054197549819946,0.43068787455558777,-0.1938534677028656,0.4275420606136322,0.4404313862323761,-0.10914488136768341,0.5349527597427368,0.5110833644866943,-0.008231952786445618,0.4982123374938965,0.5090376138687134,0.008014312013983727,0.5323344469070435,0.6721785664558411,-0.1044275164604187,0.5005030035972595,0.6397534012794495,-0.06521215289831161,0.5230984687805176,0.8332728147506714,-0.004305517766624689,0.5048900842666626,0.7285174131393433,0.23749665915966034,0.5196889638900757,0.8529526591300964,-0.0007440590998157859,0.5056455731391907,0.7366363406181335,0.26373663544654846,0.5228995084762573,0.8858458399772644,-0.15316779911518097,0.5021065473556519,0.7749830484390259,0.15807855129241943
frame_00080.jpg,0.5152462720870972,0.27854031324386597,-0.15851421654224396,0.5199209451675415,0.26673373579978943,-0.1360001266002655,0.5225472450256348,0.2666894495487213,-0.13630090653896332,0.524978518486023,0.2669338583946228,-0.13623599708080292,0.5133792757987976,0.2667524516582489,-0.1304945945739746,0.5112144947052002,0.26673683524131775,-0.130830779671669,0.5089144706726074,0.26677408814430237,-0.1309201419353485,0.5296387076377869,0.2712450325489044,-0.009812685661017895,0.5051127076148987,0.2705371081829071,0.015081824734807014,0.5190743207931519,0.2893727719783783,-0.10923749208450317,0.5107096433639526,0.2901850640773773,-0.10395444929599762,0.5534406900405884,0.3371542990207672,0.05369042232632637,0.48231619596481323,0.3400157392024994,0.11460232734680176,0.5642615556716919,0.4296438992023468,-0.02334204874932766,0.47123533487319946,0.4257670044898987,0.12583842873573303,0.5948144197463989,0.43336981534957886,-0.25264209508895874,0.43917274475097656,0.44617319107055664,-0.06549541652202606,0.6026118993759155,0.4370473623275757,-0.3060239255428314,0.4241175055503845,0.4505388140678406,-0.1085401400923729,0.6023043394088745,0.43306905031204224,-0.3315337002277374,0.4203588366508484,0.445580393075943,-0.14602291584014893,0.5987793207168579,0.43177512288093567,-0.2685944437980652,0.42764052748680115,0.44339239597320557,-0.08758759498596191,0.5349211692810059,0.517270565032959,-0.019083132967352867,0.49761590361595154,0.5161558985710144,0.01888611540198326,0.5326219201087952,0.6741926670074463,-0.1024237722158432,0.5005044341087341,0.6495341658592224,-0.05055098980665207,0.5229257941246033,0.8351823687553406,0.005808941088616848,0.5037127137184143,0.7574946284294128,0.2144719660282135,0.5195614099502563,0.8585975766181946,0.008922928012907505,0.5101988315582275,0.7528058290481567,0.23612675070762634,0.5256894826889038,0.8904151916503906,-0.15525007247924805,0.5025339126586914,0.8026336431503296,0.1168162003159523
frame_00081.jpg,0.5147601962089539,0.27268749475479126,-0.16546428203582764,0.5187815427780151,0.26079273223876953,-0.14175541698932648,0.5212618112564087,0.2607437074184418,-0.14202409982681274,0.5236925482749939,0.26091763377189636,-0.14194677770137787,0.5125053524971008,0.2608247697353363,-0.13936646282672882,0.5103920698165894,0.2608032524585724,-0.13969488441944122,0.508169949054718,0.26078638434410095,-0.13982002437114716,0.5285449028015137,0.26549991965293884,-0.014981798827648163,0.504259467124939,0.26501449942588806,-0.004562112502753735,0.5182146430015564,0.28468891978263855,-0.11648987233638763,0.5104118585586548,0.28503739833831787,-0.11526483297348022,0.55256587266922,0.333933562040329,0.04602400213479996,0.48177212476730347,0.3358074426651001,0.07263656705617905,0.5642460584640503,0.4257228672504425,-0.030222618952393532,0.4711836874485016,0.42223721742630005,0.06512205302715302,0.5922160744667053,0.43620434403419495,-0.26845675706863403,0.43908920884132385,0.4506019055843353,-0.13302497565746307,0.6003943681716919,0.43897727131843567,-0.3169083297252655,0.42365074157714844,0.4553004205226898,-0.18631857633590698,0.6008822917938232,0.43436044454574585,-0.3460864722728729,0.41962671279907227,0.45013558864593506,-0.2263200730085373,0.5969953536987305,0.433727890253067,-0.28552305698394775,0.4270082116127014,0.44767656922340393,-0.15864495933055878,0.5346036553382874,0.5137057900428772,-0.014405371621251106,0.49707847833633423,0.5115114450454712,0.01411284040659666,0.5326060652732849,0.6740989089012146,-0.09841436892747879,0.5001096129417419,0.6398778557777405,-0.20727500319480896,0.5228018164634705,0.8347994685173035,0.0030368254519999027,0.5035753846168518,0.7184168696403503,0.030145322903990746,0.5194918513298035,0.8552618026733398,0.004480915144085884,0.508957028388977,0.7299429178237915,0.05042119696736336,0.5265350937843323,0.8923656344413757,-0.1578633338212967,0.5005064010620117,0.7876002788543701,-0.06284118443727493
frame_00082.jpg,0.5143027901649475,0.26714035868644714,-0.13509485125541687,0.5177790522575378,0.25703731179237366,-0.105973981320858,0.5202202796936035,0.2563572824001312,-0.10619594901800156,0.5226540565490723,0.2558123469352722,-0.10609080642461777,0.511719822883606,0.2577124536037445,-0.1098860502243042,0.5096772313117981,0.2576299011707306,-0.11021270602941513,0.5075191259384155,0.2573813199996948,-0.11035937070846558,0.5270167589187622,0.2591298818588257,0.034227389842271805,0.5037875771522522,0.2616317570209503,0.015207843855023384,0.517661988735199,0.278294175863266,-0.08247774094343185,0.5103753805160522,0.2788209617137909,-0.08977125585079193,0.5513126850128174,0.32489362359046936,0.10084297508001328,0.48051318526268005,0.33460578322410583,0.06435130536556244,0.5631217360496521,0.41645002365112305,0.03588872775435448,0.4711613655090332,0.4209749102592468,-0.0008899706299416721,0.5893182754516602,0.4382850229740143,-0.24672885239124298,0.4390524923801422,0.45311444997787476,-0.23823218047618866,0.5989292860031128,0.4432588517665863,-0.29516997933387756,0.42363667488098145,0.46120625734329224,-0.2951301634311676,0.6008323431015015,0.44050946831703186,-0.328435480594635,0.4196116328239441,0.4566788375377655,-0.3241450786590576,0.5966678857803345,0.43889376521110535,-0.26498180627822876,0.42686304450035095,0.45312726497650146,-0.25738680362701416,0.5346649885177612,0.5115934014320374,0.014226973056793213,0.49631476402282715,0.5106714963912964,-0.014402595348656178,0.5325890183448792,0.6776975393295288,-0.07544954121112823,0.4962218403816223,0.6069858074188232,-0.39646095037460327,0.5228429436683655,0.8377750515937805,0.01972421631217003,0.502951979637146,0.6940374374389648,-0.18944485485553741,0.5193721055984497,0.8560134172439575,0.020149776712059975,0.5072042346000671,0.7076619863510132,-0.17162463068962097,0.5272239446640015,0.8951911330223083,-0.14394786953926086,0.5025629997253418,0.7585489153862,-0.2961121201515198
frame_00083.jpg,0.5141212344169617,0.24864515662193298,-0.17020228505134583,0.5175346732139587,0.2369745820760727,-0.1423654407262802,0.5201389193534851,0.23667438328266144,-0.14258240163326263,0.5226863622665405,0.23643933236598969,-0.14245715737342834,0.5111037492752075,0.23785565793514252,-0.14767293632030487,0.5090042948722839,0.23803828656673431,-0.14802828431129456,0.5068114995956421,0.23795242607593536,-0.14822158217430115,0.5269817113876343,0.24031369388103485,0.0011201852466911077,0.5032709836959839,0.2424277514219284,-0.025072451680898666,0.517717182636261,0.26136502623558044,-0.11629404872655869,0.5104277729988098,0.2622172236442566,-0.12531818449497223,0.5512658357620239,0.312025249004364,0.08386188000440598,0.4795396327972412,0.3204221725463867,0.025945570319890976,0.5624409317970276,0.39824703335762024,0.05247396230697632,0.47119569778442383,0.4083418548107147,-0.008803999982774258,0.5897598266601562,0.43924054503440857,-0.14328424632549286,0.43903201818466187,0.45250019431114197,-0.20933997631072998,0.5993677973747253,0.44879481196403503,-0.1768198013305664,0.42369651794433594,0.46295949816703796,-0.2603211998939514,0.6014781594276428,0.44877004623413086,-0.2146276980638504,0.41978487372398376,0.4598313570022583,-0.29200753569602966,0.5970235466957092,0.4445626437664032,-0.1616106778383255,0.42681989073753357,0.4549432098865509,-0.2293226718902588,0.534511923789978,0.5066379904747009,0.017018571496009827,0.494442880153656,0.5043606162071228,-0.017240358516573906,0.5325542688369751,0.6759452819824219,-0.07005394250154495,0.4951477646827698,0.6037878394126892,-0.2486405372619629,0.5227980017662048,0.8379360437393188,0.020459113642573357,0.5021914839744568,0.683120846748352,0.010027121752500534,0.5186626315116882,0.8564650416374207,0.020657649263739586,0.5059703588485718,0.6915420293807983,0.02867790497839451,0.5264983177185059,0.8925195932388306,-0.14521339535713196,0.5029016137123108,0.7495824694633484,-0.09247976541519165
frame_00084.jpg,0.5118628144264221,0.23590929806232452,-0.1741596758365631,0.5153517723083496,0.22328448295593262,-0.14389267563819885,0.5177788138389587,0.2227744609117508,-0.14409133791923523,0.5202475190162659,0.22244590520858765,-0.14395418763160706,0.5092960596084595,0.22451160848140717,-0.14928334951400757,0.5071812868118286,0.2247026562690735,-0.14964431524276733,0.5048160552978516,0.22463583946228027,-0.14984770119190216,0.5257968902587891,0.22651585936546326,-0.005141111556440592,0.5019640922546387,0.22753405570983887,-0.025067925453186035,0.515550971031189,0.24731944501399994,-0.1200513020157814,0.5087454915046692,0.24855269491672516,-0.12874315679073334,0.5504720211029053,0.3012895882129669,0.07413564622402191,0.47749456763267517,0.3072199523448944,0.029377657920122147,0.5624228715896606,0.38985005021095276,0.05753975361585617,0.4694134294986725,0.40021565556526184,-0.0029478343203663826,0.5900008082389832,0.44018077850341797,-0.11132381856441498,0.43613314628601074,0.4523082971572876,-0.1999407559633255,0.5998063087463379,0.4536833167076111,-0.13961726427078247,0.42261409759521484,0.4668339192867279,-0.24915310740470886,0.6018139719963074,0.453681617975235,-0.17733575403690338,0.41884952783584595,0.46316400170326233,-0.280903697013855,0.5970848798751831,0.44778120517730713,-0.12875419855117798,0.4245878756046295,0.4575669467449188,-0.2196943312883377,0.5334892868995667,0.4944712221622467,0.01731952466070652,0.4926096498966217,0.4934386909008026,-0.017546217888593674,0.5325723886489868,0.6682255864143372,-0.06728269159793854,0.4925779700279236,0.5805670619010925,-0.37222176790237427,0.5235639810562134,0.8384737372398376,0.03551651909947395,0.501677393913269,0.6799174547195435,-0.12519605457782745,0.5185533761978149,0.8582255244255066,0.03673133999109268,0.5051826238632202,0.688408613204956,-0.10325583070516586,0.5259622931480408,0.8896217346191406,-0.12931591272354126,0.5024546384811401,0.7407768368721008,-0.22098875045776367
frame_00085.jpg,0.5093621611595154,0.22861260175704956,-0.19421514868736267,0.5132184028625488,0.2153940200805664,-0.16643036901950836,0.5155808329582214,0.21492312848567963,-0.1666765660047531,0.5179284811019897,0.2145831286907196,-0.16658589243888855,0.5071486830711365,0.21644775569438934,-0.16972486674785614,0.504822850227356,0.21666620671749115,-0.17008188366889954,0.5021020174026489,0.21666336059570312,-0.17026782035827637,0.524089515209198,0.219261035323143,-0.02597934938967228,0.5001497864723206,0.22024443745613098,-0.04055572301149368,0.5132015347480774,0.23964984714984894,-0.14039108157157898,0.5064801573753357,0.2409001886844635,-0.14663448929786682,0.5482152104377747,0.2952514588832855,0.06392151117324829,0.4753492474555969,0.3011307120323181,0.019598685204982758,0.5616461038589478,0.38458219170570374,0.06849764287471771,0.4664927124977112,0.3934703469276428,-0.007600920740514994,0.5905419588088989,0.4401938319206238,-0.08119674026966095,0.43254441022872925,0.4519414007663727,-0.19540908932685852,0.6003248691558838,0.45503219962120056,-0.10823545604944229,0.4203900694847107,0.467512309551239,-0.2436424046754837,0.6020885705947876,0.45471760630607605,-0.14808040857315063,0.4168287217617035,0.4644410312175751,-0.27599582076072693,0.5975509881973267,0.44822514057159424,-0.09936068207025528,0.4220881462097168,0.4581814706325531,-0.21497409045696259,0.5318424701690674,0.4911835789680481,0.01604931242763996,0.49086862802505493,0.4895901381969452,-0.01629023067653179,0.5326248407363892,0.6657066345214844,-0.06692742556333542,0.48951077461242676,0.5878284573554993,-0.26554521918296814,0.5221702456474304,0.8263856768608093,0.030045127496123314,0.5005376935005188,0.6852553486824036,-0.01271597295999527,0.5172967314720154,0.8488174080848694,0.030607124790549278,0.503881573677063,0.6897475123405457,0.009179727174341679,0.5221208333969116,0.8645091652870178,-0.13227999210357666,0.5009387731552124,0.7455673813819885,-0.10297302901744843
frame_00086.jpg,0.5065580606460571,0.21756364405155182,-0.21721923351287842,0.5108519792556763,0.2041977196931839,-0.19181454181671143,0.5134280920028687,0.2038998305797577,-0.1920800507068634,0.5158637762069702,0.2037232667207718,-0.192033052444458,0.5042968988418579,0.2045995593070984,-0.1923268735408783,0.5014249086380005,0.20477810502052307,-0.19266024231910706,0.4983047544956207,0.20485568046569824,-0.19282491505146027,0.5221421122550964,0.20972415804862976,-0.05643201619386673,0.49705854058265686,0.21038053929805756,-0.057546693831682205,0.5108901858329773,0.2294156402349472,-0.1650395542383194,0.5028802156448364,0.23040392994880676,-0.16735883057117462,0.5454713702201843,0.2882906198501587,0.026041680946946144,0.4733251929283142,0.29459869861602783,0.014613509178161621,0.5606554746627808,0.379152774810791,0.04488769918680191,0.46375712752342224,0.3893250524997711,0.002585338894277811,0.5905944108963013,0.4377882778644562,-0.11135262250900269,0.42912930250167847,0.4502619802951813,-0.1575213521718979,0.6006269454956055,0.4540793001651764,-0.1429024040699005,0.4171072840690613,0.4670061767101288,-0.19888100028038025,0.6023408770561218,0.45440366864204407,-0.18115141987800598,0.41408801078796387,0.46366721391677856,-0.23717114329338074,0.5979494452476501,0.44651567935943604,-0.1296144425868988,0.4191618859767914,0.457733690738678,-0.17833168804645538,0.5290156006813049,0.47876298427581787,0.009229360148310661,0.488077312707901,0.4791218936443329,-0.00953679159283638,0.5317359566688538,0.6450167298316956,-0.06211845949292183,0.4902636408805847,0.6107611060142517,-0.07997175306081772,0.5203741788864136,0.7914515137672424,0.04698362201452255,0.5003504753112793,0.7345932126045227,0.09748934209346771,0.5164002776145935,0.8111726641654968,0.04904725402593613,0.5032658576965332,0.7433398962020874,0.10905157029628754,0.5186377763748169,0.8311998248100281,-0.10711365938186646,0.49349451065063477,0.790500819683075,-0.026172002777457237
frame_00087.jpg,0.5036864280700684,0.21700628101825714,-0.20687922835350037,0.5083147287368774,0.20397046208381653,-0.18256808817386627,0.510630190372467,0.2037775069475174,-0.18282964825630188,0.5127390623092651,0.20365838706493378,-0.18278327584266663,0.5018888115882874,0.20392951369285583,-0.1829904168844223,0.4992983341217041,0.20367686450481415,-0.18333303928375244,0.4965975880622864,0.20330777764320374,-0.18350142240524292,0.5178677439689636,0.20986372232437134,-0.053795911371707916,0.4960400462150574,0.20976987481117249,-0.053704310208559036,0.5076516270637512,0.22899651527404785,-0.15630657970905304,0.5003045797348022,0.22960172593593597,-0.15862345695495605,0.5424990653991699,0.291735976934433,0.030059456825256348,0.471492201089859,0.292268842458725,0.017794322222471237,0.556766152381897,0.37845578789711,0.05378096178174019,0.46289920806884766,0.38189584016799927,0.037091195583343506,0.5903642177581787,0.4309904873371124,-0.07845030725002289,0.42842307686805725,0.44194430112838745,-0.09449620544910431,0.6001009941101074,0.4453694224357605,-0.10641292482614517,0.4166490435600281,0.4597841501235962,-0.13081912696361542,0.6021395325660706,0.4448407292366028,-0.1449466347694397,0.4137519896030426,0.4576569199562073,-0.16801969707012177,0.5973490476608276,0.4375564455986023,-0.09631391614675522,0.41877880692481995,0.4513922929763794,-0.11388649046421051,0.5264334678649902,0.4740082621574402,0.008774559013545513,0.4871157705783844,0.47407761216163635,-0.009079978801310062,0.5315669178962708,0.632758378982544,-0.04060877487063408,0.49049168825149536,0.615366518497467,-0.07328196614980698,0.5194525122642517,0.7805507779121399,0.0887555330991745,0.49806031584739685,0.7523760199546814,0.0822291150689125,0.5175820589065552,0.7727416753768921,0.09308628737926483,0.5005968809127808,0.7614461779594421,0.09334177523851395,0.5186751484870911,0.8126287460327148,-0.05617738515138626,0.49359646439552307,0.8058417439460754,-0.041024450212717056
frame_00088.jpg,0.5030165910720825,0.22254794836044312,-0.21193835139274597,0.5073376297950745,0.20900201797485352,-0.18640343844890594,0.5098239183425903,0.20879463851451874,-0.18665650486946106,0.5120638608932495,0.20878417789936066,-0.18660934269428253,0.5000150203704834,0.2088586986064911,-0.18768735229969025,0.4969111979007721,0.2085244059562683,-0.1880236566066742,0.4939630925655365,0.20820550620555878,-0.18818143010139465,0.5174373984336853,0.21502427756786346,-0.049731235951185226,0.4941253662109375,0.2149484008550644,-0.05403069406747818,0.5074189901351929,0.2344856709241867,-0.1587935984134674,0.49910926818847656,0.23507578670978546,-0.16219718754291534,0.5419612526893616,0.29404979944229126,0.03555082902312279,0.4695223271846771,0.29444316029548645,0.01859133690595627,0.5531684160232544,0.38150426745414734,0.04169280454516411,0.46113237738609314,0.3810754418373108,0.028496738523244858,0.5887588858604431,0.4255963861942291,-0.1449851393699646,0.4271698594093323,0.435304194688797,-0.13280987739562988,0.5987806916236877,0.43736204504966736,-0.18430829048156738,0.4147082269191742,0.4508739709854126,-0.17493890225887299,0.6015604734420776,0.4355435371398926,-0.22127923369407654,0.411335289478302,0.4493601620197296,-0.21016228199005127,0.5967103838920593,0.4301486909389496,-0.1641513556241989,0.4172362685203552,0.44379088282585144,-0.15237165987491608,0.5257068872451782,0.4742129445075989,0.009287750348448753,0.48655110597610474,0.47417691349983215,-0.009586652740836143,0.5307385921478271,0.6237310171127319,-0.027662023901939392,0.4888792634010315,0.6154766082763672,-0.0964338630437851,0.5188556909561157,0.7536028027534485,0.15492984652519226,0.48672381043434143,0.7615363001823425,0.05939863249659538,0.5174956917762756,0.7397300004959106,0.1655799299478531,0.4893418848514557,0.7789697647094727,0.06311161816120148,0.5166033506393433,0.787952184677124,0.03110300935804844,0.4840334951877594,0.8123254179954529,-0.08311457931995392
frame_00089.jpg,0.5037153363227844,0.2506833076477051,-0.18531246483325958,0.5074552297592163,0.2382231205701828,-0.164455845952034,0.5087818503379822,0.2374453991651535,-0.16474929451942444,0.5096859335899353,0.23673492670059204,-0.16478529572486877,0.5017422437667847,0.24086546897888184,-0.17432944476604462,0.5015280246734619,0.24180778861045837,-0.17463628947734833,0.5015352964401245,0.24244427680969238,-0.17477305233478546,0.5111241936683655,0.24127666652202606,-0.04910937696695328,0.5011528134346008,0.24802057445049286,-0.07017301023006439,0.5071874856948853,0.2569747269153595,-0.1368110030889511,0.5006939172744751,0.2581332325935364,-0.15170207619667053,0.5292088985443115,0.3015316128730774,0.037264350801706314,0.46980977058410645,0.2960101366043091,-0.009266983717679977,0.5497181415557861,0.38504183292388916,0.05991721898317337,0.45712876319885254,0.3849603831768036,-0.03280402719974518,0.5865607261657715,0.4234963357448578,-0.0899181216955185,0.4244140684604645,0.43558600544929504,-0.16721968352794647,0.5982126593589783,0.43275243043899536,-0.11677731573581696,0.415374755859375,0.4434407353401184,-0.19925473630428314,0.6006382703781128,0.4297555983066559,-0.15141090750694275,0.4115811884403229,0.44001907110214233,-0.22116932272911072,0.5951460003852844,0.4259413182735443,-0.10718417167663574,0.41320282220840454,0.4421452283859253,-0.18270063400268555,0.5223783254623413,0.4773155450820923,0.023894784972071648,0.490947425365448,0.4754670560359955,-0.02415081299841404,0.5160372257232666,0.6308233737945557,0.019061986356973648,0.4877866804599762,0.6335421204566956,-0.12787887454032898,0.5092803239822388,0.7088431119918823,0.2137179672718048,0.48548802733421326,0.7940540909767151,-0.11153756082057953,0.5091789960861206,0.7071857452392578,0.22680585086345673,0.48738616704940796,0.8150812983512878,-0.11518222093582153,0.5039461851119995,0.756009042263031,0.1226699948310852,0.4859088361263275,0.845247209072113,-0.2665136456489563
frame_00090.jpg,0.49930882453918457,0.25613337755203247,-0.21314632892608643,0.5037365555763245,0.24379147589206696,-0.1928630769252777,0.5056135654449463,0.24351532757282257,-0.1931493580341339,0.5072774887084961,0.24328632652759552,-0.19316181540489197,0.49763354659080505,0.2448568344116211,-0.19611524045467377,0.49619555473327637,0.24521709978580475,-0.19639165699481964,0.494877427816391,0.2454034388065338,-0.19651244580745697,0.5106631517410278,0.2502557635307312,-0.06946630030870438,0.4946020543575287,0.25140389800071716,-0.08005045354366302,0.5031378865242004,0.26734113693237305,-0.1635306477546692,0.49585074186325073,0.2677217721939087,-0.1701054871082306,0.5315225720405579,0.31822529435157776,0.008884801529347897,0.46761393547058105,0.3161998689174652,-0.008650252595543861,0.5434802770614624,0.39948999881744385,-0.04356861114501953,0.4547792375087738,0.40003249049186707,-0.02505936101078987,0.5793514847755432,0.4240143597126007,-0.29121461510658264,0.4183202385902405,0.4359875023365021,-0.2013261318206787,0.5915250182151794,0.4291379153728485,-0.34197869896888733,0.4051053524017334,0.445805162191391,-0.24817046523094177,0.5927895307540894,0.425959050655365,-0.3754368722438812,0.40101176500320435,0.442329466342926,-0.2820896506309509,0.5871561765670776,0.42408183217048645,-0.31108906865119934,0.4058610498905182,0.4424797296524048,-0.2217143028974533,0.520851194858551,0.4998507797718048,0.021955760195851326,0.4859980046749115,0.5032726526260376,-0.022148372605443,0.5189478993415833,0.632281482219696,0.08174798637628555,0.48747071623802185,0.6622735261917114,-0.11317038536071777,0.509762704372406,0.6907773613929749,0.41982704401016235,0.48130136728286743,0.8344923853874207,-0.06492705643177032,0.5067269802093506,0.6987341046333313,0.4482958912849426,0.4878389835357666,0.8598268032073975,-0.06585715711116791,0.5044349431991577,0.7417621612548828,0.3721799850463867,0.4841153621673584,0.8817945718765259,-0.2233075201511383
frame_00091.jpg,0.49739202857017517,0.27424222230911255,-0.2173043042421341,0.5020886659622192,0.2600945830345154,-0.19471493363380432,0.5042550563812256,0.25970467925071716,-0.19499149918556213,0.5062124133110046,0.2594887316226959,-0.1949729323387146,0.4955630898475647,0.26091548800468445,-0.1990320235490799,0.4937323033809662,0.26086702942848206,-0.19933781027793884,0.4919779896736145,0.26070037484169006,-0.1994817554950714,0.5102366209030151,0.26569417119026184,-0.06464701145887375,0.4915970265865326,0.26491260528564453,-0.08439435064792633,0.5014154314994812,0.2849961519241333,-0.16591322422027588,0.4934212565422058,0.2854982614517212,-0.1740659475326538,0.5325646996498108,0.3378671407699585,0.020784232765436172,0.46524161100387573,0.3404824435710907,-0.021294714882969856,0.5412300825119019,0.41731399297714233,-0.004424418322741985,0.4501357078552246,0.41754141449928284,-0.04537122696638107,0.5748652815818787,0.4263850450515747,-0.20834076404571533,0.41627925634384155,0.44326847791671753,-0.22302523255348206,0.5863631963729858,0.4314883351325989,-0.24812328815460205,0.4042457044124603,0.44676652550697327,-0.2718128561973572,0.5877333879470825,0.4282723665237427,-0.2832097113132477,0.4004005789756775,0.4438548684120178,-0.3013972342014313,0.5829318761825562,0.42600104212760925,-0.2271568328142166,0.40539121627807617,0.4433611035346985,-0.24142630398273468,0.519905686378479,0.5176771283149719,0.03189793974161148,0.48357754945755005,0.5220787525177002,-0.0320490337908268,0.5194536447525024,0.6362382769584656,0.12179040908813477,0.48455825448036194,0.6782552003860474,-0.1266959011554718,0.5061527490615845,0.692819356918335,0.4566373825073242,0.47888556122779846,0.8486589193344116,-0.1167287603020668,0.5017207264900208,0.6930240988731384,0.48519444465637207,0.48723864555358887,0.8695131540298462,-0.12122286856174469,0.49932265281677246,0.7464340925216675,0.4175778925418854,0.48458394408226013,0.8976123332977295,-0.28245848417282104
frame_00092.jpg,0.4972227215766907,0.2802165150642395,-0.21276600658893585,0.5018713474273682,0.2682007849216461,-0.18952307105064392,0.5042932629585266,0.26808875799179077,-0.18979611992835999,0.5064886212348938,0.2681316137313843,-0.18976661562919617,0.494377076625824,0.26836490631103516,-0.19299808144569397,0.4915855824947357,0.26831215620040894,-0.19330796599388123,0.4887796938419342,0.26819664239883423,-0.19345024228096008,0.5111633539199829,0.27410805225372314,-0.05850605294108391,0.4865548014640808,0.2719372808933258,-0.0744471475481987,0.5014266967773438,0.29122525453567505,-0.16244646906852722,0.4917941093444824,0.2911650538444519,-0.16826662421226501,0.5323684215545654,0.34247443079948425,0.03658095374703407,0.4628545641899109,0.3422749638557434,-0.009336017072200775,0.539309024810791,0.4272640645503998,0.004901485983282328,0.45007357001304626,0.4208318591117859,-0.028738468885421753,0.575069785118103,0.42913347482681274,-0.22889287769794464,0.4166913628578186,0.4467393457889557,-0.2045896351337433,0.5856353044509888,0.43286094069480896,-0.27415651082992554,0.4049939215183258,0.44728797674179077,-0.2502143383026123,0.5866467952728271,0.4289138913154602,-0.3083871901035309,0.40032416582107544,0.4446276128292084,-0.2838554382324219,0.5817314386367798,0.42715173959732056,-0.24847419559955597,0.40645354986190796,0.44386765360832214,-0.22424249351024628,0.5187739133834839,0.5188130736351013,0.03295320272445679,0.481771320104599,0.5222848057746887,-0.03308854624629021,0.5203295350074768,0.6380818486213684,0.09169124066829681,0.4851410984992981,0.6746482849121094,-0.12320856004953384,0.5054289102554321,0.6980733275413513,0.4302597641944885,0.48034629225730896,0.8326146006584167,-0.06498490273952484,0.5001162886619568,0.6984882950782776,0.4593968987464905,0.4861595034599304,0.8563106656074524,-0.06397408246994019,0.4989168047904968,0.7481458783149719,0.3874127268791199,0.48539605736732483,0.8864328265190125,-0.21624615788459778
frame_00093.jpg,0.4937501847743988,0.2779339849948883,-0.2127644270658493,0.49895143508911133,0.2656717598438263,-0.18974974751472473,0.5012458562850952,0.2656581699848175,-0.190023735165596,0.5033465623855591,0.26568567752838135,-0.18999284505844116,0.49211087822914124,0.26580265164375305,-0.1935044527053833,0.4897255301475525,0.26577290892601013,-0.19381943345069885,0.487299382686615,0.265615314245224,-0.19395500421524048,0.5083304643630981,0.2727857232093811,-0.05952800437808037,0.4859897494316101,0.2708331048488617,-0.07709144055843353,0.4981094300746918,0.2904047966003418,-0.1618701070547104,0.48933473229408264,0.2899697422981262,-0.16861364245414734,0.5319110155105591,0.34302282333374023,0.0339910164475441,0.4627513885498047,0.3440108001232147,-0.012271557934582233,0.5380553007125854,0.4268878400325775,0.010182993486523628,0.44811898469924927,0.4230518937110901,-0.030461495742201805,0.5718607902526855,0.43628522753715515,-0.20471587777137756,0.4160291254520416,0.45114442706108093,-0.21073320508003235,0.5828571915626526,0.4379063844680786,-0.246605783700943,0.404762327671051,0.4524315893650055,-0.25912702083587646,0.5842422246932983,0.4315387010574341,-0.28176504373550415,0.4000118672847748,0.4490344822406769,-0.29072055220603943,0.5789431929588318,0.4314958155155182,-0.2239135503768921,0.4064030647277832,0.44818174839019775,-0.22975988686084747,0.5175155401229858,0.5202614665031433,0.030790111050009727,0.4811287820339203,0.5223524570465088,-0.030945444479584694,0.5209436416625977,0.6454084515571594,0.07271882146596909,0.4855503439903259,0.6744983792304993,-0.1107679232954979,0.5046789646148682,0.7185049057006836,0.387347012758255,0.4793509840965271,0.8359646201133728,-0.04760000854730606,0.49869269132614136,0.7217806577682495,0.41396623849868774,0.48574718832969666,0.8525822758674622,-0.045846126973629,0.5012165307998657,0.7660197615623474,0.3413008749485016,0.48490992188453674,0.8846918940544128,-0.1923399567604065
frame_00094.jpg,0.4938083291053772,0.2723621428012848,-0.23361334204673767,0.4987763464450836,0.2601543962955475,-0.21163253486156464,0.5011562705039978,0.26003602147102356,-0.21191377937793732,0.5033923983573914,0.2599606513977051,-0.2118821144104004,0.49134716391563416,0.2603822350502014,-0.21080029010772705,0.48843345046043396,0.26035648584365845,-0.21107926964759827,0.4855371117591858,0.260208398103714,-0.21119698882102966,0.5082989931106567,0.26672929525375366,-0.081974558532238,0.4842650890350342,0.2654927372932434,-0.07928087562322617,0.4979165196418762,0.284654825925827,-0.18255993723869324,0.4891154170036316,0.2845759391784668,-0.18350474536418915,0.5315448045730591,0.34282514452934265,-0.0077094510197639465,0.4631134867668152,0.33972403407096863,-0.010811343789100647,0.5377055406570435,0.42240965366363525,-0.07679256051778793,0.44955626130104065,0.41962698101997375,-0.028306016698479652,0.5681146383285522,0.4405655264854431,-0.32995957136154175,0.41587090492248535,0.4523572325706482,-0.21178174018859863,0.5790793299674988,0.4440283179283142,-0.3845202624797821,0.40485960245132446,0.45643866062164307,-0.2622426748275757,0.581069827079773,0.4385227859020233,-0.41587668657302856,0.4004547595977783,0.45300665497779846,-0.2974712550640106,0.5755642652511597,0.4383186995983124,-0.34870824217796326,0.4063069820404053,0.4510437250137329,-0.23296800255775452,0.517218291759491,0.516520082950592,0.01641029864549637,0.48067110776901245,0.5219963192939758,-0.016567151993513107,0.5217028856277466,0.6202077865600586,0.051332902163267136,0.48491913080215454,0.6662806272506714,-0.08415853977203369,0.5056532621383667,0.6821237802505493,0.3342234492301941,0.48049482703208923,0.828744113445282,-0.02137747034430504,0.4996322691440582,0.6930156946182251,0.35735535621643066,0.48034945130348206,0.8453359603881836,-0.024016063660383224,0.5023574829101562,0.7359964847564697,0.26868101954460144,0.48050427436828613,0.870757520198822,-0.18596915900707245
frame_00095.jpg,0.4915825426578522,0.25393566489219666,-0.20882734656333923,0.49738892912864685,0.24248449504375458,-0.18807290494441986,0.5001418590545654,0.2423620969057083,-0.18832284212112427,0.5027405619621277,0.24239274859428406,-0.1883305013179779,0.4890759587287903,0.242371067404747,-0.1765705645084381,0.48593440651893616,0.24212411046028137,-0.17683662474155426,0.48299551010131836,0.24173934757709503,-0.17691797018051147,0.5081180334091187,0.24642516672611237,-0.07936173677444458,0.4828190207481384,0.24388323724269867,-0.021634703502058983,0.4962800443172455,0.26581457257270813,-0.16419541835784912,0.4868760108947754,0.2657710909843445,-0.1502862125635147,0.5317615866661072,0.32693156599998474,-0.010992397554218769,0.46301189064979553,0.3249277174472809,0.07974864542484283,0.5382327437400818,0.41461944580078125,-0.06790825724601746,0.4504016935825348,0.40770015120506287,0.07802343368530273,0.5693400502204895,0.4423137605190277,-0.27834951877593994,0.4163495600223541,0.45183905959129333,-0.11072830855846405,0.5801859498023987,0.4503491222858429,-0.32851576805114746,0.4051816463470459,0.45894861221313477,-0.1512921303510666,0.5818392038345337,0.4468616843223572,-0.35746511816978455,0.4008135199546814,0.45642614364624023,-0.19103950262069702,0.5763174891471863,0.44453001022338867,-0.2947537302970886,0.4064907133579254,0.4526958763599396,-0.13350601494312286,0.5167449116706848,0.4955911338329315,-0.022037548944354057,0.4798099994659424,0.50320965051651,0.021715816110372543,0.5220796465873718,0.5864315032958984,-0.21715514361858368,0.48398661613464355,0.6591867804527283,-0.0292084701359272,0.5069396495819092,0.6727698445320129,0.020376311615109444,0.4815804064273834,0.8182908296585083,0.05835213512182236,0.5036045908927917,0.683904767036438,0.03882401064038277,0.47936883568763733,0.8370139598846436,0.059857964515686035,0.5030989646911621,0.7289801836013794,-0.07331140339374542,0.472113698720932,0.8640013337135315,-0.09471355378627777
frame_00096.jpg,0.4919484257698059,0.23712894320487976,-0.214565247297287,0.49713462591171265,0.2249801903963089,-0.19185933470726013,0.4997246265411377,0.2248724400997162,-0.1921045482158661,0.5021998882293701,0.224819153547287,-0.19212757050991058,0.48950737714767456,0.2248266488313675,-0.1846390664577484,0.4864603877067566,0.22471334040164948,-0.18490734696388245,0.4835321307182312,0.2245602011680603,-0.1849898248910904,0.5072694420814514,0.22983795404434204,-0.07104857265949249,0.4825551509857178,0.22860199213027954,-0.032289136201143265,0.4963276982307434,0.24826686084270477,-0.167188823223114,0.48736995458602905,0.24905623495578766,-0.15939360857009888,0.5320230722427368,0.31058984994888306,-0.0053721582517027855,0.46135076880455017,0.30863285064697266,0.04658970236778259,0.5385802984237671,0.40365779399871826,-0.04704342782497406,0.44987940788269043,0.39664116501808167,0.03932103514671326,0.569524884223938,0.4421805739402771,-0.1954190731048584,0.4161793291568756,0.4515868127346039,-0.1270882785320282,0.5805025696754456,0.45319312810897827,-0.23390614986419678,0.4051235318183899,0.46494168043136597,-0.16291114687919617,0.5827299356460571,0.45001155138015747,-0.26749032735824585,0.40108394622802734,0.46415528655052185,-0.2005360871553421,0.5774333477020264,0.44625112414360046,-0.2123100757598877,0.40682950615882874,0.45761576294898987,-0.14769883453845978,0.5165201425552368,0.48192787170410156,-0.014513848349452019,0.4797249734401703,0.48850563168525696,0.014165672473609447,0.5200831294059753,0.5681421160697937,-0.284911572933197,0.4830207824707031,0.6538929343223572,-0.04588150605559349,0.5074710845947266,0.6683105826377869,-0.10152964293956757,0.48181527853012085,0.8198660612106323,0.029638107866048813,0.5058556199073792,0.6825050711631775,-0.0887429416179657,0.47784700989723206,0.8361091613769531,0.030733218416571617,0.5035421252250671,0.7184579372406006,-0.2124471217393875,0.46964287757873535,0.8599918484687805,-0.12124860286712646
frame_00097.jpg,0.4926661550998688,0.22766204178333282,-0.24577584862709045,0.49749940633773804,0.214768648147583,-0.2211562693119049,0.4999525547027588,0.21474918723106384,-0.2214108407497406,0.502331018447876,0.21470923721790314,-0.2214234322309494,0.49026790261268616,0.2147364765405655,-0.2227746993303299,0.48731908202171326,0.21484628319740295,-0.2230640947818756,0.48437070846557617,0.2150535136461258,-0.22318831086158752,0.5075502991676331,0.22016943991184235,-0.08741901069879532,0.4824450612068176,0.2197415977716446,-0.09276223927736282,0.4968305230140686,0.23899896442890167,-0.1935402899980545,0.4882047176361084,0.23997601866722107,-0.197333425283432,0.5323091745376587,0.3035387396812439,-0.0007500635692849755,0.4603557586669922,0.2974451780319214,-0.019461579620838165,0.5392552018165588,0.39641258120536804,0.01789741776883602,0.4497585892677307,0.38888436555862427,-0.02079017646610737,0.5706073045730591,0.44181111454963684,-0.13062822818756104,0.41587191820144653,0.4514393210411072,-0.15987613797187805,0.5815593600273132,0.45565876364707947,-0.1628170907497406,0.4050258696079254,0.46682971715927124,-0.19087925553321838,0.5836255550384521,0.4524986147880554,-0.2031567543745041,0.4011123776435852,0.4662739634513855,-0.22805948555469513,0.5780259370803833,0.44721519947052,-0.1499650478363037,0.4068842828273773,0.4591536819934845,-0.17834195494651794,0.5162370204925537,0.4779786765575409,0.004864108748733997,0.4796296954154968,0.4821314513683319,-0.005211717449128628,0.524060070514679,0.5786737203598022,-0.15051308274269104,0.4825313687324524,0.6475907564163208,-0.06704185903072357,0.5101534724235535,0.6686787009239197,0.10096943378448486,0.4812643527984619,0.8155235052108765,0.019329378381371498,0.5083646774291992,0.6832035779953003,0.1192430704832077,0.47902345657348633,0.8322340250015259,0.02127530798316002,0.5036837458610535,0.7226312160491943,0.008773958310484886,0.47234582901000977,0.8601139187812805,-0.1298711597919464
frame_00098.jpg,0.4930649697780609,0.22832779586315155,-0.33401504158973694,0.49734658002853394,0.21524305641651154,-0.31330475211143494,0.499582439661026,0.2149505615234375,-0.31362563371658325,0.5018290281295776,0.21472208201885223,-0.3136211037635803,0.4907175898551941,0.21527042984962463,-0.3165397047996521,0.48786497116088867,0.21509887278079987,-0.3168441653251648,0.48495903611183167,0.21496346592903137,-0.3170030415058136,0.5069166421890259,0.21842460334300995,-0.18242701888084412,0.48287859559059143,0.21760062873363495,-0.19710811972618103,0.49686098098754883,0.2378121018409729,-0.28181225061416626,0.48874029517173767,0.23857219517230988,-0.288065105676651,0.5323511362075806,0.29726511240005493,-0.0780642181634903,0.45995545387268066,0.29296788573265076,-0.11219891160726547,0.5396443605422974,0.3910391628742218,-0.040943123400211334,0.44822192192077637,0.38643455505371094,-0.1128125935792923,0.5713497400283813,0.43891751766204834,-0.1668558120727539,0.41253623366355896,0.4523064196109772,-0.2546212375164032,0.5822336673736572,0.45441973209381104,-0.2025885134935379,0.4018140435218811,0.46939295530319214,-0.29539182782173157,0.5842646956443787,0.45116978883743286,-0.24115438759326935,0.3982905149459839,0.46827834844589233,-0.3328215479850769,0.578624427318573,0.44637879729270935,-0.18543599545955658,0.40413403511047363,0.4613269865512848,-0.2747722864151001,0.515303373336792,0.4715299606323242,0.0176016204059124,0.47985967993736267,0.4736626446247101,-0.017870046198368073,0.5232866406440735,0.5800154209136963,0.05428416281938553,0.4807089865207672,0.6280949711799622,-0.07721088081598282,0.5107995867729187,0.675190269947052,0.3140881657600403,0.47630271315574646,0.7970327138900757,-0.01005158107727766,0.5084341764450073,0.6863998174667358,0.3331191837787628,0.4770689606666565,0.8208925724029541,-0.01038234680891037,0.505142092704773,0.7135593295097351,0.23753027617931366,0.47242480516433716,0.8461549282073975,-0.16220708191394806
frame_00099.jpg,0.49334269762039185,0.22800090909004211,-0.283760666847229,0.49739089608192444,0.2156575471162796,-0.26232215762138367,0.499612420797348,0.21540498733520508,-0.26261740922927856,0.5018965601921082,0.21521322429180145,-0.26260828971862793,0.4909595847129822,0.21574993431568146,-0.26595261693000793,0.48817285895347595,0.21560528874397278,-0.26624777913093567,0.48527783155441284,0.2154334932565689,-0.26640671491622925,0.5071660280227661,0.21873663365840912,-0.1316303163766861,0.48266252875328064,0.21789664030075073,-0.14934054017066956,0.49705690145492554,0.23795387148857117,-0.2319505512714386,0.489098459482193,0.23825792968273163,-0.2388499230146408,0.5324373245239258,0.2965134084224701,-0.03466545790433884,0.45980510115623474,0.2911439836025238,-0.0813249796628952,0.5397065281867981,0.38934525847435,-0.029702331870794296,0.4477577805519104,0.38569512963294983,-0.09389235079288483,0.5714197158813477,0.4352933466434479,-0.19724231958389282,0.41085609793663025,0.4521108567714691,-0.2532954216003418,0.5825691819190979,0.45238998532295227,-0.23014016449451447,0.3988693058490753,0.46934187412261963,-0.29963356256484985,0.5843385457992554,0.4494640529155731,-0.27271294593811035,0.3952867388725281,0.467769056558609,-0.33573058247566223,0.579042375087738,0.4433247148990631,-0.21775582432746887,0.40126854181289673,0.4609203636646271,-0.27365291118621826,0.5156205892562866,0.47527462244033813,0.03292751684784889,0.4799852967262268,0.47760388255119324,-0.033122844994068146,0.522466778755188,0.5852867364883423,0.13805508613586426,0.4804099500179291,0.631912887096405,-0.10423020273447037,0.5098408460617065,0.6585213541984558,0.4128821790218353,0.4771559238433838,0.8121833801269531,-0.08260527998209,0.5071090459823608,0.671373724937439,0.4334890842437744,0.4765933156013489,0.8446747660636902,-0.08716101199388504,0.5041894316673279,0.7070471048355103,0.34195563197135925,0.4793616831302643,0.8730289936065674,-0.25664663314819336
frame_00100.jpg,0.493417352437973,0.22921623289585114,-0.2733406722545624,0.49752458930015564,0.21794597804546356,-0.24961793422698975,0.49961933493614197,0.21788428723812103,-0.24999794363975525,0.5017977356910706,0.21784064173698425,-0.250052273273468,0.49105650186538696,0.2178937941789627,-0.25203150510787964,0.48840680718421936,0.2177998125553131,-0.2523634731769562,0.48578470945358276,0.2176259458065033,-0.2524431645870209,0.5062724947929382,0.22199282050132751,-0.11977998912334442,0.48278313875198364,0.2210056483745575,-0.12539193034172058,0.4972746968269348,0.24051576852798462,-0.22268831729888916,0.48998743295669556,0.2409791350364685,-0.22037021815776825,0.5322348475456238,0.29912269115448,-0.004333815071731806,0.4600691795349121,0.29556804895401,-0.06805961579084396,0.5391052961349487,0.391203373670578,0.002448535757139325,0.4470723569393158,0.3872908055782318,-0.08915339410305023,0.5726289749145508,0.4327854514122009,-0.178083136677742,0.40862584114074707,0.4520760476589203,-0.24862952530384064,0.5844219923019409,0.44953662157058716,-0.2101515829563141,0.39556771516799927,0.4686609208583832,-0.2948330044746399,0.5872470140457153,0.4462672173976898,-0.2519519031047821,0.3916536271572113,0.46687307953834534,-0.32944348454475403,0.5819432139396667,0.4397616684436798,-0.19901691377162933,0.3980327248573303,0.4604860544204712,-0.26846879720687866,0.5156891942024231,0.4774286150932312,0.04091189056634903,0.4808911383152008,0.47965967655181885,-0.04109041765332222,0.5195353031158447,0.5904524922370911,0.1595618724822998,0.4796225428581238,0.6343215703964233,-0.13292071223258972,0.5074087977409363,0.6602804064750671,0.43572545051574707,0.4754389226436615,0.8125113844871521,-0.11303666979074478,0.5049861669540405,0.6750410795211792,0.45662814378738403,0.47554588317871094,0.8402611613273621,-0.11745121330022812,0.5035299062728882,0.7112589478492737,0.3709181547164917,0.48008203506469727,0.868201494216919,-0.28145572543144226
frame_00101.jpg,0.49362969398498535,0.2313878834247589,-0.21633000671863556,0.4974411427974701,0.21987386047840118,-0.19228674471378326,0.49942532181739807,0.21977834403514862,-0.19258618354797363,0.5015312433242798,0.2197188287973404,-0.19258496165275574,0.4912496507167816,0.21982774138450623,-0.19882024824619293,0.4884709417819977,0.21968065202236176,-0.19912870228290558,0.48598283529281616,0.21948112547397614,-0.19925737380981445,0.5058179497718811,0.22383388876914978,-0.05871008709073067,0.48290300369262695,0.22246931493282318,-0.0887683853507042,0.49724388122558594,0.2426438182592392,-0.16392695903778076,0.4901803135871887,0.24310581386089325,-0.17361783981323242,0.5319641828536987,0.3008761703968048,0.04098810628056526,0.46028727293014526,0.2977428138256073,-0.05774298310279846,0.5388244986534119,0.39142730832099915,0.03646229952573776,0.4473591446876526,0.3881479501724243,-0.06503420323133469,0.5742748975753784,0.43121445178985596,-0.16767850518226624,0.409672349691391,0.44991394877433777,-0.2367243766784668,0.5859418511390686,0.4436987042427063,-0.20477516949176788,0.39685240387916565,0.4655746519565582,-0.2859366834163666,0.5889034867286682,0.4407283663749695,-0.2459234744310379,0.3928961157798767,0.4632247984409332,-0.320029079914093,0.583445131778717,0.43575766682624817,-0.1891356110572815,0.3992295563220978,0.4572488069534302,-0.2566840350627899,0.5158296823501587,0.479550838470459,0.040397174656391144,0.4809497892856598,0.4832599461078644,-0.040579017251729965,0.5202980637550354,0.6183741092681885,0.12109438329935074,0.48292550444602966,0.6397601366043091,-0.14420662820339203,0.5032128095626831,0.6676665544509888,0.44543370604515076,0.47616857290267944,0.8207773566246033,-0.11584818363189697,0.4998362064361572,0.6823737025260925,0.47230610251426697,0.47464752197265625,0.8539106249809265,-0.11928664147853851,0.5008301734924316,0.7191265225410461,0.39937302470207214,0.4801308512687683,0.8783147931098938,-0.2802692949771881
frame_00102.jpg,0.49401983618736267,0.24638043344020844,-0.21686141192913055,0.4975522458553314,0.23438212275505066,-0.19262832403182983,0.4995589256286621,0.23397229611873627,-0.19292087852954865,0.5016566514968872,0.23374216258525848,-0.19291511178016663,0.4913980960845947,0.23477979004383087,-0.1997138261795044,0.48888736963272095,0.2346285879611969,-0.2000189572572708,0.4866398274898529,0.23442573845386505,-0.2001475989818573,0.5058885812759399,0.23945018649101257,-0.056826185435056686,0.48329028487205505,0.23874980211257935,-0.08956925570964813,0.4972679018974304,0.2584874927997589,-0.16345767676830292,0.4908773899078369,0.25888875126838684,-0.17480850219726562,0.5311753749847412,0.31054654717445374,0.039945732802152634,0.46060776710510254,0.3144340217113495,-0.04798518121242523,0.5385059714317322,0.4063159227371216,0.03952980414032936,0.44645899534225464,0.4041968584060669,-0.05793344974517822,0.5748412609100342,0.4320703446865082,-0.16382287442684174,0.41012129187583923,0.4482482373714447,-0.23061196506023407,0.5862194895744324,0.4426695704460144,-0.2007741630077362,0.3956252932548523,0.4598684310913086,-0.2784865200519562,0.5892253518104553,0.439536452293396,-0.2409743070602417,0.3914927840232849,0.45746374130249023,-0.31254714727401733,0.5840002298355103,0.4358404278755188,-0.1849178671836853,0.3979702293872833,0.4532672166824341,-0.25053006410598755,0.515334963798523,0.4928581118583679,0.04046287387609482,0.4806739389896393,0.4977385401725769,-0.040636565536260605,0.5109106302261353,0.6411467790603638,0.10561931133270264,0.4846605658531189,0.6538759469985962,-0.15449197590351105,0.4990261495113373,0.6701567769050598,0.4359731078147888,0.4733715057373047,0.8339831233024597,-0.13225588202476501,0.4964040219783783,0.6858348846435547,0.46400147676467896,0.4725456237792969,0.8604095578193665,-0.13609856367111206,0.4985086917877197,0.7224951386451721,0.39591091871261597,0.48014721274375916,0.8845179080963135,-0.29637762904167175
frame_00103.jpg,0.49464350938796997,0.26809775829315186,-0.21972890198230743,0.4984675943851471,0.2555088698863983,-0.19597217440605164,0.5005170106887817,0.255437433719635,-0.1962561160326004,0.5025978684425354,0.25566956400871277,-0.19624219834804535,0.49214133620262146,0.2559922933578491,-0.20096850395202637,0.48961716890335083,0.2561047375202179,-0.20127415657043457,0.4872647821903229,0.256227046251297,-0.20139892399311066,0.5063256621360779,0.26242154836654663,-0.06195100396871567,0.4833413064479828,0.26063764095306396,-0.08496421575546265,0.49786439538002014,0.2800263464450836,-0.16700264811515808,0.4909454882144928,0.2804321050643921,-0.17574363946914673,0.5312082767486572,0.33862289786338806,0.029358986765146255,0.4604858458042145,0.3382219672203064,-0.02474070154130459,0.5384212136268616,0.42679914832115173,0.005133000202476978,0.4460340142250061,0.4200650453567505,-0.05623963475227356,0.5745638608932495,0.4362158179283142,-0.22453422844409943,0.4105359613895416,0.4490274488925934,-0.2366296947002411,0.5858564376831055,0.4427947700023651,-0.26857835054397583,0.39642229676246643,0.45887696743011475,-0.2872144877910614,0.5887234807014465,0.4388793706893921,-0.30449822545051575,0.3923529386520386,0.45580238103866577,-0.31991153955459595,0.5838803052902222,0.43589287996292114,-0.24448402225971222,0.39872628450393677,0.4528205692768097,-0.2567734122276306,0.5150280594825745,0.5142372846603394,0.038237087428569794,0.47872066497802734,0.5172308087348938,-0.03847837075591087,0.5095981955528259,0.6424824595451355,0.07837565988302231,0.48450151085853577,0.6705381274223328,-0.1387205719947815,0.4978210926055908,0.6834391951560974,0.4007958769798279,0.4732030928134918,0.8459852933883667,-0.09970460832118988,0.49452391266822815,0.7072831988334656,0.4279986321926117,0.4729495048522949,0.8706734776496887,-0.10220219939947128,0.49606695771217346,0.7361164093017578,0.35317325592041016,0.4801424443721771,0.8933019042015076,-0.2628159523010254
frame_00104.jpg,0.4959932267665863,0.27906128764152527,-0.1437937468290329,0.5005307793617249,0.26713019609451294,-0.11623556911945343,0.5029129385948181,0.2674420475959778,-0.11643540859222412,0.5051866769790649,0.2679083049297333,-0.1164207011461258,0.4929625988006592,0.2672623097896576,-0.11894343048334122,0.4901339113712311,0.2675381004810333,-0.11923322826623917,0.4875263273715973,0.26778891682624817,-0.11930900812149048,0.5080460906028748,0.27529990673065186,0.01846945844590664,0.48356571793556213,0.2726210951805115,0.008471635170280933,0.49969062209129333,0.292012095451355,-0.09187909215688705,0.49098315834999084,0.29205217957496643,-0.09692013263702393,0.531341016292572,0.3512701988220215,0.08189930021762848,0.4600251615047455,0.34843242168426514,0.06540319323539734,0.537420392036438,0.4345010221004486,0.04330351948738098,0.44626927375793457,0.42556217312812805,0.007683373987674713,0.5712352991104126,0.443901002407074,-0.18613669276237488,0.4145582318305969,0.45112764835357666,-0.1876055896282196,0.5825913548469543,0.44642144441604614,-0.23389963805675507,0.39947110414505005,0.45900285243988037,-0.23025497794151306,0.5858486890792847,0.4407408833503723,-0.26428133249282837,0.3947167992591858,0.455929696559906,-0.2573201656341553,0.5810667276382446,0.4404052495956421,-0.20486560463905334,0.40172070264816284,0.4531708061695099,-0.20475360751152039,0.5149058699607849,0.5286262035369873,0.011798141524195671,0.47629204392433167,0.5315852761268616,-0.012153802439570427,0.510205864906311,0.594871461391449,-0.3960621654987335,0.4816530644893646,0.6969518661499023,-0.08068402856588364,0.4990333020687103,0.6860755681991577,-0.2249334305524826,0.475546270608902,0.849692165851593,0.011189780198037624,0.49573230743408203,0.7062703371047974,-0.21278846263885498,0.47628673911094666,0.8710048198699951,0.013007156550884247,0.4963008463382721,0.7364015579223633,-0.34814971685409546,0.47686076164245605,0.8952041268348694,-0.15769609808921814
frame_00105.jpg,0.4964171350002289,0.27597275376319885,-0.1724870502948761,0.5008719563484192,0.2652062475681305,-0.14902696013450623,0.5031643509864807,0.2655757665634155,-0.14929230511188507,0.5053478479385376,0.2659962773323059,-0.1492898166179657,0.4935843050479889,0.26560190320014954,-0.15171892940998077,0.4909120202064514,0.26606428623199463,-0.15201245248317719,0.48840928077697754,0.2663542330265045,-0.15212300419807434,0.5080568790435791,0.27579572796821594,-0.023105129599571228,0.4842298924922943,0.27375590801239014,-0.03603697940707207,0.4996943473815918,0.28936856985092163,-0.12416068464517593,0.49112653732299805,0.28901800513267517,-0.12974826991558075,0.5309698581695557,0.35460135340690613,0.067716084420681,0.45987558364868164,0.34878817200660706,0.025135312229394913,0.5374684929847717,0.4373573958873749,0.03745982050895691,0.44661974906921387,0.42813026905059814,-0.004589157644659281,0.5700620412826538,0.4477623403072357,-0.18645349144935608,0.4195576310157776,0.4529581069946289,-0.22363264858722687,0.5814456343650818,0.45012834668159485,-0.23369327187538147,0.4066983163356781,0.45907625555992126,-0.27423781156539917,0.5842187404632568,0.444208562374115,-0.26515889167785645,0.401873916387558,0.45611000061035156,-0.3022574186325073,0.579308807849884,0.4448019564151764,-0.20506639778614044,0.40880855917930603,0.4543696939945221,-0.2421255111694336,0.5149523615837097,0.5348523855209351,0.013958068564534187,0.4762745499610901,0.5379863977432251,-0.014233107678592205,0.5131661295890808,0.6279643177986145,-0.34925293922424316,0.48065418004989624,0.7006848454475403,-0.07219691574573517,0.4991644322872162,0.6980394124984741,0.2268359363079071,0.4760971963405609,0.8506249189376831,0.027202293276786804,0.4985641837120056,0.7271288633346558,0.2575247287750244,0.4750310480594635,0.8768312931060791,0.031124915927648544,0.4979247450828552,0.7427068948745728,0.18098920583724976,0.4730176031589508,0.8952253460884094,-0.116788849234581
frame_00106.jpg,0.4972929060459137,0.2709953188896179,-0.14609022438526154,0.5012998580932617,0.26024192571640015,-0.12428520619869232,0.5035372972488403,0.260417640209198,-0.12454403936862946,0.5056296586990356,0.2606702148914337,-0.1245354637503624,0.49425601959228516,0.26060158014297485,-0.12333808094263077,0.49176788330078125,0.26087287068367004,-0.1236102432012558,0.48935312032699585,0.2609924376010895,-0.12370612472295761,0.5082614421844482,0.2686783969402313,-0.00807363260537386,0.4853852689266205,0.26709967851638794,-0.002768892329186201,0.5005708932876587,0.28375139832496643,-0.10087162256240845,0.49257349967956543,0.28380393981933594,-0.10141602903604507,0.5317818522453308,0.3461405634880066,0.04947434365749359,0.46086031198501587,0.34233757853507996,0.05896608158946037,0.5367499589920044,0.4341563284397125,-0.004688332788646221,0.45140013098716736,0.4238547682762146,0.009566159918904305,0.5700843930244446,0.45190054178237915,-0.23094511032104492,0.42196178436279297,0.4549177587032318,-0.2081330269575119,0.5810369253158569,0.4551270604133606,-0.28023284673690796,0.4103364050388336,0.4591132402420044,-0.25887221097946167,0.5837769508361816,0.4484573304653168,-0.31058385968208313,0.40611743927001953,0.4564531743526459,-0.2885269522666931,0.5792267918586731,0.4482073187828064,-0.24858304858207703,0.4125087857246399,0.45552489161491394,-0.2279868870973587,0.5161702632904053,0.5259247422218323,0.006044344045221806,0.47639957070350647,0.5286258459091187,-0.006273066159337759,0.5225107073783875,0.62666916847229,-0.14239206910133362,0.48055440187454224,0.6890361905097961,-0.06979160010814667,0.5017343759536743,0.6994897127151489,0.16081061959266663,0.47364526987075806,0.8492580056190491,0.03534930571913719,0.5002898573875427,0.7243239879608154,0.18477663397789001,0.4741501212120056,0.8756887316703796,0.039559055119752884,0.49950870871543884,0.7447912693023682,0.08346661180257797,0.47828587889671326,0.8843507766723633,-0.11422024667263031
frame_00107.jpg,0.4962981641292572,0.26802220940589905,-0.1342059075832367,0.5006867051124573,0.2563312351703644,-0.10987969487905502,0.5031318068504333,0.2557235062122345,-0.1100916862487793,0.5054168105125427,0.2552860975265503,-0.11006928980350494,0.4932498335838318,0.25755560398101807,-0.10734560340642929,0.49058088660240173,0.25781384110450745,-0.10761876404285431,0.48791247606277466,0.25790780782699585,-0.10770146548748016,0.5084511041641235,0.2588101029396057,0.014847259037196636,0.48411041498184204,0.2618446350097656,0.02875363454222679,0.5002561211585999,0.2786884307861328,-0.08612751960754395,0.49194860458374023,0.27994295954704285,-0.0843130499124527,0.5345911383628845,0.33731114864349365,0.06601965427398682,0.4610311985015869,0.33345597982406616,0.08314169943332672,0.5370957851409912,0.430669367313385,-0.007009417749941349,0.45320925116539,0.41927796602249146,0.009235620498657227,0.570351779460907,0.45173245668411255,-0.2509467303752899,0.4223255515098572,0.45521143078804016,-0.21533890068531036,0.5809116959571838,0.4568157196044922,-0.3030214011669159,0.4114133417606354,0.46133965253829956,-0.26742449402809143,0.5837361812591553,0.45098647475242615,-0.3336707651615143,0.4076578617095947,0.45875972509384155,-0.2948123812675476,0.5793720483779907,0.4498203992843628,-0.26919907331466675,0.4137757420539856,0.4566296935081482,-0.23431634902954102,0.517081618309021,0.5167364478111267,0.0012958551524206996,0.4764864444732666,0.5188763737678528,-0.0015942720929160714,0.523642897605896,0.6038127541542053,-0.32791250944137573,0.4804602265357971,0.672519326210022,-0.08070973306894302,0.5047852396965027,0.6959619522094727,-0.11519746482372284,0.47384053468704224,0.826192319393158,0.01997571811079979,0.5025918483734131,0.7152847051620483,-0.09939342737197876,0.4745320677757263,0.8451128005981445,0.023056145757436752,0.500088632106781,0.7413646578788757,-0.23663219809532166,0.4792218804359436,0.8696873188018799,-0.14468668401241302
frame_00108.jpg,0.496474027633667,0.25395360589027405,-0.21308855712413788,0.5007699131965637,0.24134770035743713,-0.1878456175327301,0.5031992197036743,0.2406940907239914,-0.1880807876586914,0.5054839849472046,0.24012391269207,-0.18806996941566467,0.4935011863708496,0.24254924058914185,-0.1865546852350235,0.490919828414917,0.24295638501644135,-0.18687108159065247,0.48831063508987427,0.2432861179113388,-0.18700064718723297,0.5088548064231873,0.24417151510715485,-0.052859388291835785,0.48443904519081116,0.24873057007789612,-0.0409993901848793,0.5004863142967224,0.26443085074424744,-0.16107597947120667,0.4925256371498108,0.26606783270835876,-0.16057026386260986,0.5376400947570801,0.3207474648952484,0.020706089213490486,0.46143895387649536,0.3204743266105652,0.04713956266641617,0.5394169688224792,0.41491350531578064,-0.009992416948080063,0.45388728380203247,0.40939807891845703,-0.00026461243396624923,0.5725507140159607,0.45056840777397156,-0.22297365963459015,0.42210307717323303,0.4551991820335388,-0.20149242877960205,0.5815225839614868,0.4572615623474121,-0.2619690001010895,0.41061028838157654,0.4689960181713104,-0.24413350224494934,0.5849052667617798,0.45240920782089233,-0.29578688740730286,0.4067801535129547,0.4658779501914978,-0.27666324377059937,0.5805426239967346,0.4500815272331238,-0.23976178467273712,0.41301029920578003,0.46008652448654175,-0.2204064577817917,0.5180150270462036,0.49594390392303467,0.0005344920209608972,0.4777030348777771,0.4959474802017212,-0.0008901798282749951,0.5237075090408325,0.5943222045898438,-0.28520527482032776,0.480457067489624,0.6513689160346985,-0.0773363709449768,0.5094064474105835,0.6857566237449646,-0.07645205408334732,0.47334080934524536,0.8067537546157837,0.020906910300254822,0.5068626403808594,0.7029247283935547,-0.0613260455429554,0.4746633470058441,0.8290950655937195,0.023389441892504692,0.5039774775505066,0.741084098815918,-0.19119612872600555,0.4718574583530426,0.8517183661460876,-0.14064407348632812
frame_00109.jpg,0.4969824254512787,0.24814601242542267,-0.31719955801963806,0.501143217086792,0.23560526967048645,-0.2947230935096741,0.5034892559051514,0.23494043946266174,-0.2950085997581482,0.5057210326194763,0.23438717424869537,-0.29499512910842896,0.49444302916526794,0.23626478016376495,-0.2959054112434387,0.4921029508113861,0.23632583022117615,-0.29623734951019287,0.48962655663490295,0.23639726638793945,-0.2963971197605133,0.5096806287765503,0.2366420328617096,-0.15501286089420319,0.4857770502567291,0.24010466039180756,-0.15882620215415955,0.5009780526161194,0.25758782029151917,-0.2617229223251343,0.49339309334754944,0.25916001200675964,-0.2649502754211426,0.5399261713027954,0.30853575468063354,-0.049251489341259,0.46168485283851624,0.30928224325180054,-0.06323569267988205,0.5423511266708374,0.40002596378326416,-0.023849746212363243,0.4538078308105469,0.39959198236465454,-0.06884928047657013,0.5774619579315186,0.4473324716091156,-0.18568822741508484,0.42140060663223267,0.4550597369670868,-0.23554356396198273,0.5868427157402039,0.45661693811416626,-0.21708591282367706,0.41047248244285583,0.47178781032562256,-0.27727949619293213,0.5898195505142212,0.452482134103775,-0.2583407759666443,0.4063413739204407,0.4700178802013397,-0.31331878900527954,0.5851693749427795,0.4495224356651306,-0.20461416244506836,0.41281557083129883,0.46248191595077515,-0.2550131380558014,0.5191148519515991,0.4866299629211426,0.0021600755862891674,0.4791039526462555,0.48649075627326965,-0.002452051965519786,0.5247400999069214,0.5938072800636292,-0.1396476924419403,0.4804602265357971,0.6346805691719055,-0.08186443895101547,0.5125318169593811,0.6776227951049805,0.14640256762504578,0.47355833649635315,0.8022363781929016,0.007325166370719671,0.5100539326667786,0.6925942301750183,0.16854211688041687,0.4747352600097656,0.8236225247383118,0.009217138402163982,0.5066109299659729,0.7377230525016785,0.061486851423978806,0.4680537283420563,0.844964861869812,-0.15262147784233093
frame_00110.jpg,0.4999096393585205,0.23601296544075012,-0.3290070593357086,0.5031341314315796,0.22266250848770142,-0.3073769211769104,0.5052385330200195,0.22210322320461273,-0.30769258737564087,0.507232666015625,0.22156304121017456,-0.30768945813179016,0.4972170889377594,0.2228740006685257,-0.30953067541122437,0.4951551556587219,0.22271336615085602,-0.30984804034233093,0.49287915229797363,0.2225400060415268,-0.310004323720932,0.5106821060180664,0.22502025961875916,-0.1714506447315216,0.4888051450252533,0.2272617220878601,-0.18027013540267944,0.5034261345863342,0.24627543985843658,-0.27497032284736633,0.4970114827156067,0.24708697199821472,-0.2795538306236267,0.54119473695755,0.29738810658454895,-0.07514537870883942,0.4621865153312683,0.3006308376789093,-0.08228910714387894,0.5466080904006958,0.3870832026004791,-0.04333776980638504,0.4543447494506836,0.3932165205478668,-0.08714749664068222,0.5814863443374634,0.440100759267807,-0.18123619258403778,0.42131996154785156,0.4538789689540863,-0.24421770870685577,0.5901595950126648,0.4540401101112366,-0.2108519822359085,0.4103918671607971,0.4721948504447937,-0.28400206565856934,0.5934662222862244,0.45242682099342346,-0.25103819370269775,0.4060099124908447,0.4707448184490204,-0.320997416973114,0.5892544388771057,0.44796648621559143,-0.19957779347896576,0.41257062554359436,0.46253901720046997,-0.2640605568885803,0.5209628343582153,0.47888579964637756,0.004666553810238838,0.4815390110015869,0.4788641035556793,-0.004948350600898266,0.5245603322982788,0.5971957445144653,-0.05016423389315605,0.4804963171482086,0.6191487908363342,-0.07875899970531464,0.5152463316917419,0.6776407957077026,0.22084741294384003,0.473787784576416,0.7758969664573669,0.011329764500260353,0.5129021406173706,0.6918439269065857,0.24175147712230682,0.47706398367881775,0.7992489337921143,0.013727930374443531,0.5105323791503906,0.738885223865509,0.14498788118362427,0.4675199091434479,0.8228629231452942,-0.1318330019712448
frame_00111.jpg,0.5027100443840027,0.22931082546710968,-0.275456964969635,0.50528883934021,0.21548718214035034,-0.253005713224411,0.5073228478431702,0.2152189165353775,-0.25329071283340454,0.5092238783836365,0.21491923928260803,-0.25327250361442566,0.49943357706069946,0.21531900763511658,-0.25518786907196045,0.49747520685195923,0.2152954638004303,-0.25550538301467896,0.4952806532382965,0.2152920663356781,-0.25566381216049194,0.5122982263565063,0.2195456326007843,-0.12360694259405136,0.4913899004459381,0.22161464393138885,-0.13423272967338562,0.5061475038528442,0.2403988093137741,-0.22442731261253357,0.5003340244293213,0.24107639491558075,-0.22917835414409637,0.5424367189407349,0.29334813356399536,-0.03539351001381874,0.46477383375167847,0.29630371928215027,-0.06094168871641159,0.5487827062606812,0.3798317611217499,0.0042223273776471615,0.4554223418235779,0.38631078600883484,-0.06713936477899551,0.5842861533164978,0.4314102232456207,-0.10336043685674667,0.42131417989730835,0.4487359821796417,-0.21325019001960754,0.5935008525848389,0.44701242446899414,-0.12663988769054413,0.4101780354976654,0.47153007984161377,-0.24996249377727509,0.5965376496315002,0.4472169280052185,-0.16677580773830414,0.4065345823764801,0.4705486595630646,-0.2867822051048279,0.5922961235046387,0.44147709012031555,-0.12128809839487076,0.41265496611595154,0.4606183171272278,-0.23250027000904083,0.523064374923706,0.4732511639595032,0.010749783366918564,0.4852331280708313,0.4727638065814972,-0.011027960106730461,0.5250611305236816,0.6003215312957764,0.0021215914748609066,0.4883088171482086,0.597420871257782,-0.0707392618060112,0.5174369812011719,0.7122670412063599,0.17274560034275055,0.4780239164829254,0.7444888353347778,0.035600196570158005,0.5139033198356628,0.7231445908546448,0.16766199469566345,0.48836374282836914,0.7457571625709534,0.03991764411330223,0.5158118009567261,0.7758309245109558,0.030832191929221153,0.48618945479393005,0.778480589389801,-0.10013492405414581
frame_00112.jpg,0.504026472568512,0.22706349194049835,-0.2585899829864502,0.5073326826095581,0.2139536589384079,-0.2392287254333496,0.5099142789840698,0.21385900676250458,-0.2395181953907013,0.512486457824707,0.2137424498796463,-0.2394634187221527,0.5004764795303345,0.21371576189994812,-0.24297264218330383,0.49834299087524414,0.213848277926445,-0.24332833290100098,0.49606889486312866,0.21402890980243683,-0.2436147928237915,0.5152212381362915,0.2187463641166687,-0.11464937776327133,0.492133229970932,0.22108443081378937,-0.11908036470413208,0.5083087086677551,0.23827297985553741,-0.21351690590381622,0.5016894936561584,0.23936410248279572,-0.22015276551246643,0.543670654296875,0.2953408658504486,-0.023580437526106834,0.46634531021118164,0.2972525656223297,-0.04276009649038315,0.5493391752243042,0.37831059098243713,0.03192763403058052,0.4567263126373291,0.3859906494617462,-0.055455200374126434,0.5851290822029114,0.4238484799861908,-0.08271157741546631,0.4229366183280945,0.44336217641830444,-0.19837364554405212,0.5947216153144836,0.4384097456932068,-0.10777431726455688,0.41125279664993286,0.46700751781463623,-0.2379167079925537,0.5982636213302612,0.4391123950481415,-0.14707544445991516,0.40826496481895447,0.465380996465683,-0.27346867322921753,0.5936363935470581,0.43337056040763855,-0.1006622314453125,0.41404110193252563,0.45503678917884827,-0.21764197945594788,0.5262483358383179,0.4765888452529907,0.011009255424141884,0.4884409010410309,0.4759674668312073,-0.01127336360514164,0.5264946222305298,0.6097730994224548,0.0014028467703610659,0.4920220375061035,0.6060987114906311,-0.05414788797497749,0.5204592347145081,0.7344505190849304,0.15297181904315948,0.49168482422828674,0.7276831865310669,0.10107598453760147,0.5156712532043457,0.7491873502731323,0.1515476256608963,0.49461883306503296,0.7432652711868286,0.11065076291561127,0.5194916725158691,0.7829874753952026,0.00969273317605257,0.4894343316555023,0.7847775816917419,-0.023464273661375046
frame_00113.jpg,0.5046963095664978,0.2310272604227066,-0.2118084877729416,0.5084496736526489,0.2183278203010559,-0.18786892294883728,0.511184811592102,0.21815060079097748,-0.18813824653625488,0.5138682126998901,0.21797999739646912,-0.1881152242422104,0.5013445019721985,0.21828347444534302,-0.19262400269508362,0.49914059042930603,0.21837468445301056,-0.1929677426815033,0.4968298375606537,0.21848054230213165,-0.1931999772787094,0.5165899991989136,0.22225889563560486,-0.05639486387372017,0.4926542341709137,0.2245541214942932,-0.07531953603029251,0.5093768239021301,0.24193617701530457,-0.16109642386436462,0.5020811557769775,0.24312379956245422,-0.16879834234714508,0.5451987385749817,0.2986867129802704,0.03563578799366951,0.46760720014572144,0.29982078075408936,-0.018321700394153595,0.5511074662208557,0.38287314772605896,0.0772985965013504,0.4581860899925232,0.3879081904888153,-0.054424505680799484,0.5879229307174683,0.421136736869812,-0.04332945495843887,0.4248473048210144,0.4393433630466461,-0.2131461203098297,0.5993713140487671,0.4311642348766327,-0.06768323481082916,0.4125233590602875,0.4577813446521759,-0.25743332505226135,0.6023564338684082,0.43026167154312134,-0.10691235959529877,0.40956729650497437,0.45493820309638977,-0.28799790143966675,0.5969265699386597,0.42682012915611267,-0.061718810349702835,0.41552287340164185,0.4473057687282562,-0.2309131920337677,0.5280591249465942,0.47954991459846497,0.012220121920108795,0.49116235971450806,0.4789482653141022,-0.01245628111064434,0.5267135500907898,0.6292278170585632,-0.030030066147446632,0.494417667388916,0.6128718256950378,-0.06365010887384415,0.520227313041687,0.764041543006897,0.0863269716501236,0.4899964928627014,0.738068699836731,0.0938839241862297,0.5156732797622681,0.781708300113678,0.08874472230672836,0.49818044900894165,0.7423772811889648,0.10448358952999115,0.5205440521240234,0.8035776615142822,-0.047863077372312546,0.4876347482204437,0.7822458148002625,-0.017130466178059578
frame_00114.jpg,0.5051970481872559,0.23254582285881042,-0.16875112056732178,0.5086504220962524,0.22043685615062714,-0.15243032574653625,0.5109348893165588,0.2203027755022049,-0.1527174711227417,0.5132639408111572,0.22016048431396484,-0.15270152688026428,0.5032895803451538,0.2202618569135666,-0.1462985724210739,0.5017849206924438,0.22041882574558258,-0.14665400981903076,0.5001401305198669,0.22060690820217133,-0.14682717621326447,0.5161710977554321,0.22464559972286224,-0.05173174664378166,0.49738770723342896,0.22661826014518738,-0.023716535419225693,0.5092057585716248,0.24380315840244293,-0.12891468405723572,0.5030863881111145,0.24461258947849274,-0.1223406046628952,0.5463160276412964,0.30051887035369873,0.02776547148823738,0.4720814824104309,0.30229270458221436,0.06890948116779327,0.5511566996574402,0.38322025537490845,0.05556099861860275,0.4620433747768402,0.39092206954956055,0.09857355803251266,0.5935571193695068,0.422751784324646,-0.09914810955524445,0.4252683222293854,0.437040776014328,-0.06294640153646469,0.6063477396965027,0.4292386770248413,-0.1297025978565216,0.4122898578643799,0.44851794838905334,-0.09668560326099396,0.6088802218437195,0.4270869791507721,-0.16418206691741943,0.4091668128967285,0.4461689293384552,-0.13762089610099792,0.602948784828186,0.42496976256370544,-0.11571671068668365,0.4150344431400299,0.44194847345352173,-0.08512206375598907,0.5297616720199585,0.4923403859138489,-0.019611071795225143,0.4931062161922455,0.4888516664505005,0.01939229853451252,0.5269418358802795,0.6581989526748657,-0.09615233540534973,0.49665698409080505,0.6221552491188049,-0.03987785428762436,0.5232505202293396,0.8330504894256592,-0.034826166927814484,0.49294543266296387,0.7385942339897156,0.1752937287092209,0.516252338886261,0.8629078269004822,-0.03644402325153351,0.4983968138694763,0.7504098415374756,0.19238658249378204,0.5216013789176941,0.8614639043807983,-0.19210895895957947,0.49175888299942017,0.7786242365837097,0.08535391837358475
frame_00115.jpg,0.5088873505592346,0.24528448283672333,-0.17725908756256104,0.5128875970840454,0.23336167633533478,-0.1592629998922348,0.5152196288108826,0.23319868743419647,-0.15956488251686096,0.5174537897109985,0.23316937685012817,-0.15953794121742249,0.5070840716362,0.23442861437797546,-0.1530947983264923,0.5053536891937256,0.23501591384410858,-0.15344402194023132,0.5034341216087341,0.2354673445224762,-0.15360897779464722,0.5203759670257568,0.2401595264673233,-0.05509543418884277,0.5009249448776245,0.24282030761241913,-0.026311615481972694,0.5126645565032959,0.25633203983306885,-0.1360323131084442,0.5065363049507141,0.2579251825809479,-0.12966206669807434,0.5475350022315979,0.31504884362220764,0.02419046312570572,0.4765778183937073,0.3195436894893646,0.07754550874233246,0.5540538430213928,0.40051814913749695,0.03394805267453194,0.4658803939819336,0.4048158824443817,0.1330118477344513,0.596487820148468,0.42462852597236633,-0.09116359055042267,0.42970094084739685,0.4366675913333893,-0.005065671168267727,0.6086370348930359,0.4281401038169861,-0.12022393941879272,0.415607213973999,0.4424741864204407,-0.034457482397556305,0.6105159521102905,0.4231075346469879,-0.1515011489391327,0.4120652675628662,0.4400218427181244,-0.07383570075035095,0.6049551367759705,0.4228534400463104,-0.1057603508234024,0.41848841309547424,0.4383728802204132,-0.02594109997153282,0.5303197503089905,0.5055703520774841,-0.02741347625851631,0.49464306235313416,0.5019713640213013,0.02721208706498146,0.527325451374054,0.6701385974884033,-0.10285989195108414,0.4963034987449646,0.6291907429695129,-0.0318075455725193,0.5240045785903931,0.8406959772109985,-0.014054415747523308,0.4943329691886902,0.7195029854774475,0.26360079646110535,0.5198602676391602,0.8626917004585266,-0.012052467092871666,0.4995558261871338,0.7259325385093689,0.29087966680526733,0.5233492255210876,0.880318820476532,-0.15988293290138245,0.4929273724555969,0.7594087719917297,0.2082647979259491
frame_00116.jpg,0.5108001828193665,0.26532506942749023,-0.09728370606899261,0.5144338011741638,0.2527088224887848,-0.0779401957988739,0.5168981552124023,0.25265902280807495,-0.07824663072824478,0.5193624496459961,0.2528317868709564,-0.0782155767083168,0.5078505277633667,0.2532077729701996,-0.07083328068256378,0.5058624148368835,0.2535941004753113,-0.07115782052278519,0.5037286877632141,0.253927081823349,-0.07126130908727646,0.5225096940994263,0.2595072388648987,0.023963596671819687,0.5004521012306213,0.2603496313095093,0.0570884644985199,0.5148375034332275,0.27748623490333557,-0.057695306837558746,0.5076461434364319,0.27763864398002625,-0.05011619254946709,0.5492400527000427,0.33147332072257996,0.05816830322146416,0.47818511724472046,0.33315765857696533,0.1346316635608673,0.5580521821975708,0.417142778635025,0.019844748079776764,0.4676327109336853,0.41867494583129883,0.12175299972295761,0.5941932797431946,0.42492419481277466,-0.18392641842365265,0.4409496784210205,0.4376581609249115,-0.07894329726696014,0.6058345437049866,0.43037548661231995,-0.2319585382938385,0.4285360276699066,0.4432120621204376,-0.12166522443294525,0.6078070402145386,0.42573583126068115,-0.25649452209472656,0.4258536398410797,0.44083526730537415,-0.15574347972869873,0.6025611758232117,0.4250488579273224,-0.19874867796897888,0.4327189028263092,0.43976452946662903,-0.09972910583019257,0.5331531763076782,0.5166828632354736,-0.028077224269509315,0.4971686005592346,0.5157390236854553,0.027859538793563843,0.5296498537063599,0.6769648194313049,-0.11054210364818573,0.4973497986793518,0.6347504258155823,-0.027613993734121323,0.5250778794288635,0.8378986120223999,-0.01600429229438305,0.49883413314819336,0.7172034382820129,0.2906152606010437,0.5218410491943359,0.8636671304702759,-0.01379792857915163,0.5085379481315613,0.7163385152816772,0.3199077844619751,0.5246750116348267,0.8802184462547302,-0.16683004796504974,0.49783849716186523,0.7572399973869324,0.23817679286003113
frame_00117.jpg,0.5118049383163452,0.2795320153236389,-0.10356377065181732,0.515153169631958,0.26760104298591614,-0.0849272757768631,0.5174157023429871,0.2677701413631439,-0.0852218046784401,0.5196913480758667,0.26805752515792847,-0.08518841862678528,0.5088958740234375,0.2671770751476288,-0.07756455987691879,0.506839394569397,0.26713380217552185,-0.07788942754268646,0.504710853099823,0.2671087384223938,-0.07798692584037781,0.5227122902870178,0.27405282855033875,0.015143257565796375,0.5018599033355713,0.2728625237941742,0.04870600253343582,0.5151044726371765,0.291044682264328,-0.06454416364431381,0.5079140067100525,0.29093989729881287,-0.0568111315369606,0.548786461353302,0.34218108654022217,0.05079565569758415,0.48025378584861755,0.3427830636501312,0.1334291249513626,0.5612263083457947,0.42584916949272156,0.01744862273335457,0.4703766703605652,0.4283260405063629,0.13606899976730347,0.5938123464584351,0.4323500692844391,-0.16617578268051147,0.4443133473396301,0.4411977231502533,-0.055468522012233734,0.6050000786781311,0.43285268545150757,-0.2070668637752533,0.4334257245063782,0.44561368227005005,-0.09536079317331314,0.6065641641616821,0.42638441920280457,-0.23635073006153107,0.43049144744873047,0.44312241673469543,-0.12964120507240295,0.6015536189079285,0.4281797707080841,-0.18223147094249725,0.4374268054962158,0.4409172832965851,-0.07626299560070038,0.5324398279190063,0.5225092172622681,-0.028137024492025375,0.4994904100894928,0.5197595953941345,0.02792675793170929,0.5296909809112549,0.6816890239715576,-0.10604175180196762,0.49879223108291626,0.6473861932754517,-0.03568189963698387,0.524208664894104,0.8378506898880005,-0.0012604686198756099,0.4996957778930664,0.7289019227027893,0.23895259201526642,0.5207777619361877,0.8564643859863281,0.0022470680996775627,0.5059727430343628,0.7341505289077759,0.2634730637073517,0.523361325263977,0.87728351354599,-0.14248943328857422,0.5001493692398071,0.7706458568572998,0.17333434522151947
frame_00118.jpg,0.5114287734031677,0.27561601996421814,-0.09157036989927292,0.5150099396705627,0.26434841752052307,-0.07200819253921509,0.5172882080078125,0.2646138668060303,-0.0722886174917221,0.5195831060409546,0.26495763659477234,-0.07224598526954651,0.5089344382286072,0.2643083333969116,-0.06510746479034424,0.5069802403450012,0.2645933926105499,-0.06543270498514175,0.5049241781234741,0.264825701713562,-0.06552937626838684,0.5233226418495178,0.2727193236351013,0.028244953602552414,0.5020343065261841,0.27181342244148254,0.06022534519433975,0.514763355255127,0.28921759128570557,-0.05287621542811394,0.5077288746833801,0.28911226987838745,-0.045594729483127594,0.5496791005134583,0.34002766013145447,0.0653727650642395,0.4811207354068756,0.3466414511203766,0.13274157047271729,0.5626383423805237,0.4280393719673157,0.025479715317487717,0.4702092111110687,0.42917969822883606,0.12318652868270874,0.5938824415206909,0.4400166869163513,-0.15971705317497253,0.44051265716552734,0.4483371376991272,-0.07872382551431656,0.6046959757804871,0.439275324344635,-0.19993345439434052,0.4289688467979431,0.4470079243183136,-0.12147180736064911,0.6062058210372925,0.4330430328845978,-0.22920477390289307,0.42593008279800415,0.44373369216918945,-0.15688689053058624,0.6013377904891968,0.4351634979248047,-0.17595230042934418,0.43253883719444275,0.4436487555503845,-0.10028723627328873,0.5327770113945007,0.5192267894744873,-0.023018978536128998,0.500085711479187,0.5177388787269592,0.022798042744398117,0.5304418206214905,0.6800054311752319,-0.10193781554698944,0.5002671480178833,0.6468632221221924,-0.040489502251148224,0.5238898992538452,0.8328226804733276,0.0020538601092994213,0.49941760301589966,0.7325217127799988,0.20000550150871277,0.5202904343605042,0.8503812551498413,0.004763874225318432,0.5038442015647888,0.7391959428787231,0.2207053005695343,0.5234290361404419,0.8817529082298279,-0.14220048487186432,0.5006759762763977,0.7749412059783936,0.11884413659572601
frame_00119.jpg,0.5140444040298462,0.2714030146598816,-0.14068058133125305,0.5177136659622192,0.25944268703460693,-0.1058984026312828,0.5201510190963745,0.2595067620277405,-0.10608240216970444,0.5225414037704468,0.25967907905578613,-0.1058618575334549,0.5115604400634766,0.2595277428627014,-0.1196775883436203,0.5095623135566711,0.25972574949264526,-0.12001357972621918,0.5075101256370544,0.25989121198654175,-0.12022127956151962,0.5260041952133179,0.26652514934539795,0.0020957631058990955,0.5051199793815613,0.2662660777568817,-0.013724232092499733,0.5176028609275818,0.28385573625564575,-0.09015502780675888,0.510749876499176,0.2839682400226593,-0.10478053241968155,0.5525084137916565,0.3376455008983612,0.056863076984882355,0.4819243550300598,0.3409474790096283,0.029010463505983353,0.564407467842102,0.42688751220703125,0.053363554179668427,0.47283992171287537,0.42495861649513245,0.01064208522439003,0.5960012674331665,0.4471178948879242,-0.12561765313148499,0.44049501419067383,0.4526023864746094,-0.16408798098564148,0.6057694554328918,0.44988057017326355,-0.16054381430149078,0.42802533507347107,0.455229252576828,-0.2093666046857834,0.6074868440628052,0.44431689381599426,-0.19736745953559875,0.42465740442276,0.45308175683021545,-0.2421749383211136,0.6031922698020935,0.4446013867855072,-0.14450709521770477,0.4312286376953125,0.451828271150589,-0.1830075979232788,0.5333622694015503,0.5167325735092163,0.005014494992792606,0.5005505681037903,0.514992892742157,-0.00526899378746748,0.531433641910553,0.6738620400428772,-0.0565275177359581,0.5020613670349121,0.6355614066123962,-0.06710708886384964,0.5240895748138428,0.8293598890304565,0.02370634116232395,0.4985361695289612,0.727357804775238,0.1810518056154251,0.520097017288208,0.8469173312187195,0.028370220214128494,0.508123517036438,0.7175312042236328,0.20121411979198456,0.5237616300582886,0.8806544542312622,-0.12024905532598495,0.5073394775390625,0.7594984769821167,0.09787245839834213
frame_00120.jpg,0.5161296129226685,0.2535074055194855,-0.1905602365732193,0.5194405317306519,0.24224232137203217,-0.16546592116355896,0.5219706296920776,0.24238291382789612,-0.16573944687843323,0.5244932174682617,0.2425689846277237,-0.16563895344734192,0.5135409832000732,0.2422637790441513,-0.16551154851913452,0.5116046667098999,0.24265702068805695,-0.16580455005168915,0.5095224380493164,0.2430751621723175,-0.16595670580863953,0.5277931690216064,0.24766741693019867,-0.043494340032339096,0.5065706968307495,0.25004512071609497,-0.03559277579188347,0.5198463797569275,0.2665287256240845,-0.1427164375782013,0.5129980444908142,0.26846131682395935,-0.1432717740535736,0.5557685494422913,0.3309735357761383,0.016214119270443916,0.48242872953414917,0.3400053083896637,0.0315074548125267,0.5647215247154236,0.42595401406288147,-0.03480031341314316,0.4743013381958008,0.42318233847618103,0.006105686537921429,0.5951563119888306,0.4466656744480133,-0.2577773928642273,0.44030269980430603,0.4550400674343109,-0.2063591033220291,0.6051121950149536,0.45552152395248413,-0.30628639459609985,0.42718440294265747,0.4672795236110687,-0.25754159688949585,0.6071273684501648,0.4513654410839081,-0.33916541934013367,0.4233676791191101,0.4637042284011841,-0.29472970962524414,0.6027392745018005,0.4484804570674896,-0.275784432888031,0.4298118054866791,0.45903101563453674,-0.22828876972198486,0.5356669425964355,0.5151583552360535,0.002490885788574815,0.5000308752059937,0.5147166848182678,-0.0027057421393692493,0.53282231092453,0.6725825667381287,-0.06669378280639648,0.5015925765037537,0.6152715086936951,-0.0785081535577774,0.5257344245910645,0.8332796692848206,0.02335754781961441,0.5025240778923035,0.6867945194244385,0.23413613438606262,0.5202131271362305,0.8573148846626282,0.02588547393679619,0.5074537992477417,0.6937475204467773,0.26326483488082886,0.5245166420936584,0.8828943371772766,-0.1284903585910797,0.5053455829620361,0.7393584847450256,0.18058694899082184
frame_00121.jpg,0.5182790160179138,0.23289243876934052,-0.12015193700790405,0.5196808576583862,0.2220340520143509,-0.1002749651670456,0.5213607549667358,0.22215536236763,-0.1005329042673111,0.5234624743461609,0.22222988307476044,-0.10046956688165665,0.5168479681015015,0.22181804478168488,-0.09993869066238403,0.5161969661712646,0.22196632623672485,-0.1002458706498146,0.5155049562454224,0.22205182909965515,-0.10038994252681732,0.5274428129196167,0.2279491424560547,-0.004645584616810083,0.514479398727417,0.2295328825712204,-0.0018288545543327928,0.5205325484275818,0.2459915578365326,-0.08372075855731964,0.5172151327133179,0.24617865681648254,-0.08472885191440582,0.5567449331283569,0.31716251373291016,0.03897792845964432,0.48536163568496704,0.31901025772094727,0.03641679883003235,0.5645327568054199,0.41034841537475586,-0.0011719923932105303,0.476431667804718,0.41066208481788635,0.021893950179219246,0.5954152345657349,0.44631272554397583,-0.17746280133724213,0.441143661737442,0.45481595396995544,-0.17813436686992645,0.6053727269172668,0.4585503935813904,-0.2073172628879547,0.42774730920791626,0.4705160856246948,-0.23094944655895233,0.6085070371627808,0.45659610629081726,-0.23972442746162415,0.42346787452697754,0.46704015135765076,-0.26999610662460327,0.6040179133415222,0.45210781693458557,-0.1932096779346466,0.4297157824039459,0.4614359438419342,-0.20129390060901642,0.5351241230964661,0.5031434297561646,0.0031277784146368504,0.5030533075332642,0.4988206624984741,-0.0033295664470642805,0.5332558751106262,0.6697326302528381,-0.071995310485363,0.5006902813911438,0.5872386693954468,-0.20906665921211243,0.5272904634475708,0.8272647857666016,-0.012267256155610085,0.5047019720077515,0.6798585653305054,0.011737177148461342,0.5205157995223999,0.8571920990943909,-0.01461227796971798,0.507735550403595,0.6893642544746399,0.03099941648542881,0.5247671008110046,0.8698828220367432,-0.163869246840477,0.5049560070037842,0.7325879335403442,-0.062412042170763016
frame_00122.jpg,0.519463837146759,0.22254468500614166,-0.1562984436750412,0.5199663639068604,0.2121361941099167,-0.1362336426973343,0.5212112069129944,0.21216438710689545,-0.13650785386562347,0.5228888392448425,0.2121414840221405,-0.13645346462726593,0.5179794430732727,0.21210287511348724,-0.14277079701423645,0.5175653100013733,0.21225836873054504,-0.1430981606245041,0.5170745253562927,0.212325781583786,-0.14329242706298828,0.5267665982246399,0.21889659762382507,-0.036468446254730225,0.5166041851043701,0.2205260545015335,-0.05484377592802048,0.5212473273277283,0.23607128858566284,-0.11820284277200699,0.5190674662590027,0.23606787621974945,-0.1269073635339737,0.5562799572944641,0.30604609847068787,0.03625648841261864,0.4877029359340668,0.30555716156959534,-0.016963496804237366,0.564858078956604,0.39942705631256104,0.045201241970062256,0.4769365191459656,0.4001210331916809,-0.033651504665613174,0.5992423295974731,0.44557875394821167,-0.0924517884850502,0.44120922684669495,0.45471087098121643,-0.19259652495384216,0.6097224354743958,0.4586877226829529,-0.11746664345264435,0.4276188910007477,0.4702473282814026,-0.23608846962451935,0.6133288145065308,0.4574051797389984,-0.15862955152988434,0.42348694801330566,0.46715813875198364,-0.26976341009140015,0.6085854768753052,0.4523364007472992,-0.1115371584892273,0.4295629560947418,0.46104660630226135,-0.21137206256389618,0.5347875356674194,0.49624308943748474,0.011070432141423225,0.5042629241943359,0.49089333415031433,-0.011312773451209068,0.5338268876075745,0.6658087968826294,-0.05157005041837692,0.5031735897064209,0.5820147395133972,-0.1520249992609024,0.5268102884292603,0.8206013441085815,-0.006451009307056665,0.5043944120407104,0.679307758808136,0.1237320676445961,0.5216585397720337,0.8464826345443726,0.005351360887289047,0.5068464875221252,0.6921592950820923,0.14979830384254456,0.5245551466941833,0.8645279407501221,-0.13985276222229004,0.5035840272903442,0.7284725904464722,0.07590930163860321
frame_00123.jpg,0.5204306840896606,0.215884268283844,-0.12984974682331085,0.5210792422294617,0.2060163915157318,-0.10402528941631317,0.522215723991394,0.20601779222488403,-0.10425412654876709,0.5235912203788757,0.20596517622470856,-0.10418425500392914,0.5185381174087524,0.2058873027563095,-0.11200489103794098,0.517736554145813,0.20594967901706696,-0.11235065758228302,0.5167861580848694,0.20594339072704315,-0.1125396266579628,0.5262213945388794,0.21228140592575073,0.011536954902112484,0.5154545903205872,0.21342013776302338,-0.031743839383125305,0.5221062898635864,0.2286117821931839,-0.08710446953773499,0.5195598006248474,0.22861407697200775,-0.09983305633068085,0.5559190511703491,0.29867127537727356,0.08099614083766937,0.4891672730445862,0.29830196499824524,0.008411993272602558,0.5647457838058472,0.39255788922309875,0.09994025528430939,0.4771583080291748,0.3931126892566681,-0.01281439233571291,0.6010779142379761,0.4434562027454376,-0.022440169006586075,0.4406711459159851,0.45410892367362976,-0.1739901453256607,0.6117464303970337,0.45739156007766724,-0.03799482434988022,0.42715317010879517,0.4705328047275543,-0.21816396713256836,0.6154537200927734,0.4552764296531677,-0.07836635410785675,0.42311549186706543,0.4678596556186676,-0.25586363673210144,0.6106457710266113,0.450973242521286,-0.04001844674348831,0.42914849519729614,0.46105921268463135,-0.19444599747657776,0.5346435308456421,0.48868054151535034,0.026716291904449463,0.5050178170204163,0.4817694425582886,-0.02692035771906376,0.534414529800415,0.6597486138343811,-0.05399683862924576,0.5030617117881775,0.5494447350502014,-0.4446127414703369,0.5265101194381714,0.8174057602882385,-0.0037246898282319307,0.504243791103363,0.670005202293396,-0.30804136395454407,0.520473837852478,0.8414705991744995,-0.00534526351839304,0.5064574480056763,0.6861354112625122,-0.2973199486732483,0.5244973301887512,0.8627104163169861,-0.15873828530311584,0.5049587488174438,0.7154507040977478,-0.4208335280418396
frame_00124.jpg,0.5211398005485535,0.22099605202674866,-0.14568479359149933,0.523262083530426,0.2099558711051941,-0.11038495600223541,0.5252033472061157,0.21009165048599243,-0.11076007038354874,0.5272015333175659,0.21023760735988617,-0.11077805608510971,0.5183221101760864,0.2092955857515335,-0.1250324249267578,0.5169733762741089,0.20922806859016418,-0.12542520463466644,0.515537440776825,0.20926637947559357,-0.12564295530319214,0.5294176340103149,0.21503691375255585,0.005080051254481077,0.5139137506484985,0.21620342135429382,-0.030592922121286392,0.5238852500915527,0.23276355862617493,-0.09470297396183014,0.5190058946609497,0.23296917974948883,-0.11171834170818329,0.5563125014305115,0.29686686396598816,0.08754507452249527,0.48898324370384216,0.2979263365268707,0.013933161273598671,0.5649948716163635,0.38978734612464905,0.09642206132411957,0.47724419832229614,0.39100614190101624,-0.015218334272503853,0.6018251776695251,0.44045767188072205,-0.051863353699445724,0.4402591586112976,0.4527997672557831,-0.18280786275863647,0.6129401922225952,0.45623406767845154,-0.07281025499105453,0.4268428683280945,0.4695170819759369,-0.2263248860836029,0.6166208982467651,0.45452800393104553,-0.11209521442651749,0.42285531759262085,0.4668508768081665,-0.25924795866012573,0.6118217706680298,0.4506482779979706,-0.06966540962457657,0.4289925694465637,0.4605362117290497,-0.2010171115398407,0.5349954962730408,0.4876191020011902,0.03067147172987461,0.5046416521072388,0.4804755747318268,-0.030888203531503677,0.534913182258606,0.6599695682525635,-0.05579168722033501,0.5047281980514526,0.5549229979515076,-0.45456236600875854,0.5262076258659363,0.821125864982605,-0.02143031731247902,0.504606306552887,0.6692169308662415,-0.3164801597595215,0.5218918323516846,0.8471413850784302,-0.02556498348712921,0.5065234899520874,0.6868014931678772,-0.3059181272983551,0.524958610534668,0.8636343479156494,-0.1879541128873825,0.5041411519050598,0.7251805663108826,-0.4375503659248352
frame_00125.jpg,0.5209445357322693,0.2256954461336136,-0.16895994544029236,0.523588240146637,0.21455086767673492,-0.1383884996175766,0.525789201259613,0.21465136110782623,-0.1386711299419403,0.528093695640564,0.2147686779499054,-0.13860584795475006,0.5180649757385254,0.21412120759487152,-0.14897426962852478,0.5164682865142822,0.21413204073905945,-0.1493382751941681,0.5148078203201294,0.21419678628444672,-0.1495380699634552,0.5308316349983215,0.21958595514297485,-0.0011566015891730785,0.5128714442253113,0.22080878913402557,-0.04039444401860237,0.5241498947143555,0.23760265111923218,-0.11451216042041779,0.518405020236969,0.238018199801445,-0.12901097536087036,0.5571228861808777,0.2989940941333771,0.07695511728525162,0.4881509244441986,0.30086225271224976,0.003440165426582098,0.5651944875717163,0.3904608488082886,0.08106763660907745,0.47794461250305176,0.3925228714942932,-0.031765807420015335,0.6027811765670776,0.43655356764793396,-0.08645893633365631,0.440010130405426,0.44939327239990234,-0.2040197104215622,0.6134105920791626,0.4503897428512573,-0.11452553421258926,0.42667490243911743,0.4656756520271301,-0.24919745326042175,0.6168707609176636,0.44969961047172546,-0.15113557875156403,0.4227723479270935,0.4637391269207001,-0.2805292308330536,0.6119729280471802,0.4449930787086487,-0.10415112972259521,0.4288927912712097,0.4575207531452179,-0.2218027561903,0.5362256765365601,0.4884045720100403,0.025103339925408363,0.5044755935668945,0.48244816064834595,-0.025358151644468307,0.5349180698394775,0.659868597984314,-0.063656747341156,0.504558265209198,0.5572289228439331,-0.22153759002685547,0.5261912941932678,0.8203535079956055,-0.03341192007064819,0.5049509406089783,0.6785007119178772,-0.03563758730888367,0.5220935344696045,0.8480351567268372,-0.03810086101293564,0.5068670511245728,0.6946557760238647,-0.022568784654140472,0.5252270102500916,0.8625056743621826,-0.20224937796592712,0.49968546628952026,0.7333260774612427,-0.151748925447464
frame_00126.jpg,0.5203856825828552,0.23195959627628326,-0.13798730075359344,0.5230291485786438,0.22006715834140778,-0.11108746379613876,0.5251659154891968,0.2196752279996872,-0.11134938895702362,0.5273624658584595,0.2193126231431961,-0.11127427965402603,0.5175982117652893,0.22131462395191193,-0.11746573448181152,0.5159761309623718,0.2218507081270218,-0.11778620630502701,0.5142853260040283,0.2223653793334961,-0.1179574504494667,0.5302164554595947,0.2223721295595169,0.01556665264070034,0.5121842622756958,0.22724781930446625,-0.010060278698801994,0.5235646963119507,0.24264578521251678,-0.0890950858592987,0.5178488492965698,0.24469131231307983,-0.09869678318500519,0.5582610368728638,0.3000917434692383,0.09181805700063705,0.4878004491329193,0.3068926930427551,0.011575092561542988,0.5661194324493408,0.39249947667121887,0.07480324059724808,0.47761693596839905,0.3938118815422058,-0.03357655182480812,0.6024254560470581,0.4355704188346863,-0.11650290340185165,0.43983083963394165,0.44813695549964905,-0.23989224433898926,0.6132799386978149,0.447624534368515,-0.15394529700279236,0.4260636866092682,0.4613589644432068,-0.29243654012680054,0.6168088912963867,0.4462464153766632,-0.19290512800216675,0.4223800599575043,0.4589199125766754,-0.32157495617866516,0.612007737159729,0.44223594665527344,-0.13733436167240143,0.4287991523742676,0.45387932658195496,-0.2583927810192108,0.5378440618515015,0.4886111617088318,0.021936850622296333,0.5041016340255737,0.4848751425743103,-0.02217746153473854,0.5355689525604248,0.6603104472160339,-0.06555818766355515,0.5051401853561401,0.6072757840156555,-0.11302797496318817,0.5260264873504639,0.8225300312042236,-0.015218163840472698,0.5024377703666687,0.7214745283126831,0.10365830361843109,0.5220366716384888,0.8505592346191406,-0.016141364350914955,0.5046674013137817,0.7358333468437195,0.12037631124258041,0.5251984000205994,0.8630476593971252,-0.17313307523727417,0.4993652403354645,0.7649140954017639,0.0008115792879834771
frame_00127.jpg,0.5205002427101135,0.2486242651939392,-0.12571749091148376,0.5229664444923401,0.23657992482185364,-0.09718189388513565,0.525053858757019,0.23617759346961975,-0.09747059643268585,0.5271502733230591,0.23587213456630707,-0.09739825874567032,0.5175871253013611,0.23739734292030334,-0.10437679290771484,0.5158959031105042,0.237725168466568,-0.10472273826599121,0.5140897631645203,0.23812943696975708,-0.10487321764230728,0.5300847887992859,0.23889051377773285,0.0395672433078289,0.5116562247276306,0.24266502261161804,0.008203902281820774,0.5235240459442139,0.26028311252593994,-0.07337836921215057,0.5178107023239136,0.26102641224861145,-0.08440323173999786,0.5579022169113159,0.30767571926116943,0.12710830569267273,0.48736196756362915,0.3166252076625824,0.04193439334630966,0.5664226412773132,0.3997318148612976,0.12563428282737732,0.4772445559501648,0.39991122484207153,-0.02914533019065857,0.6020654439926147,0.4356786012649536,-0.07445897161960602,0.44055071473121643,0.4481382668018341,-0.21064376831054688,0.6133168935775757,0.44609078764915466,-0.11176320165395737,0.42593255639076233,0.4592566192150116,-0.26058533787727356,0.6163327097892761,0.44408363103866577,-0.14970262348651886,0.42228150367736816,0.456199586391449,-0.2900947034358978,0.611635148525238,0.4412989914417267,-0.09493045508861542,0.42888855934143066,0.4523782432079315,-0.22896619141101837,0.538109540939331,0.49481216073036194,0.020088227465748787,0.5049033164978027,0.4939836263656616,-0.02033337950706482,0.5356155633926392,0.6668367385864258,-0.072018101811409,0.5057836174964905,0.6225376725196838,-0.10394255071878433,0.5259032249450684,0.8310039639472961,-0.007485283073037863,0.502301037311554,0.7124966979026794,0.2101200520992279,0.521507740020752,0.8546161651611328,-0.00804886780679226,0.5047670602798462,0.7179529666900635,0.2390674352645874,0.5251736640930176,0.8674145936965942,-0.16417282819747925,0.49941349029541016,0.7483235597610474,0.15298381447792053
frame_00128.jpg,0.5215144753456116,0.2653932273387909,-0.14103254675865173,0.5244805812835693,0.2525317370891571,-0.10588933527469635,0.5266510248184204,0.25257667899131775,-0.10624073445796967,0.5288428664207458,0.2527981698513031,-0.10614987462759018,0.5183982849121094,0.25238388776779175,-0.12023899704217911,0.5164822936058044,0.25245484709739685,-0.12060859054327011,0.5144109725952148,0.25269168615341187,-0.1207524761557579,0.5315919518470764,0.2579713463783264,0.020538941025733948,0.5112720727920532,0.2583211660385132,-0.00011139690468553454,0.5245441198348999,0.27651792764663696,-0.07808909565210342,0.5179035663604736,0.2770426869392395,-0.0961034968495369,0.5576660633087158,0.3234679102897644,0.11051449924707413,0.4872171878814697,0.32805874943733215,0.04062243923544884,0.5674214959144592,0.4142693877220154,0.11709562689065933,0.47699981927871704,0.41527289152145386,-0.020442383363842964,0.6022726893424988,0.4372642934322357,-0.07590565830469131,0.4404085576534271,0.44968128204345703,-0.20075249671936035,0.6135210990905762,0.445771187543869,-0.11199525743722916,0.4257954955101013,0.45874443650245667,-0.24933096766471863,0.6162418723106384,0.4431743025779724,-0.14988574385643005,0.4219263195991516,0.4546276926994324,-0.27991384267807007,0.6116482615470886,0.4410828649997711,-0.09608246386051178,0.4288023114204407,0.45179691910743713,-0.21924999356269836,0.5381218194961548,0.5051339268684387,0.019495997577905655,0.5047222375869751,0.5075937509536743,-0.01973845809698105,0.5363112688064575,0.6746799349784851,-0.07152753323316574,0.5080320239067078,0.653972864151001,-0.09983144700527191,0.525816798210144,0.8339808583259583,0.01784307137131691,0.5101905465126038,0.718569815158844,0.25029468536376953,0.5214299559593201,0.8588968515396118,0.019745439291000366,0.5184539556503296,0.7163410782814026,0.2831805944442749,0.528487503528595,0.8873527646064758,-0.1361951380968094,0.5124003291130066,0.7579198479652405,0.19941546022891998
frame_00129.jpg,0.5224367380142212,0.2796567380428314,-0.14361713826656342,0.5258868932723999,0.2682622969150543,-0.11303514242172241,0.5281790494918823,0.2683508098125458,-0.11333984136581421,0.5304670333862305,0.2686713635921478,-0.11326342821121216,0.5193431377410889,0.26809826493263245,-0.122774638235569,0.5172067880630493,0.2681005597114563,-0.12312807887792587,0.5149641036987305,0.26823729276657104,-0.12327831983566284,0.5331125259399414,0.2732789218425751,0.018727701157331467,0.5114145278930664,0.2728988528251648,-0.00474220234900713,0.5255764126777649,0.29040059447288513,-0.08759435266256332,0.5180854201316833,0.29109811782836914,-0.10036003589630127,0.5576184988021851,0.3409139811992645,0.10974591970443726,0.4870404601097107,0.3416619598865509,0.036781664937734604,0.5675306916236877,0.4213002622127533,0.13037635385990143,0.47671112418174744,0.4250469505786896,-0.01552236545830965,0.6014515161514282,0.4407006800174713,-0.03962421417236328,0.4417182505130768,0.45225805044174194,-0.19675934314727783,0.6117708683013916,0.44616010785102844,-0.07093048840761185,0.4277285933494568,0.45871028304100037,-0.24443361163139343,0.6137220859527588,0.4431978464126587,-0.10815081745386124,0.4243873655796051,0.4545688331127167,-0.27548274397850037,0.6093116402626038,0.44152382016181946,-0.05856653302907944,0.4310474395751953,0.4518876075744629,-0.21510834991931915,0.5380001068115234,0.5180880427360535,0.02469616010785103,0.5053467750549316,0.5212965607643127,-0.02492620050907135,0.5367448329925537,0.6781728267669678,-0.053669948130846024,0.5087070465087891,0.6581460237503052,-0.1114245057106018,0.5255510210990906,0.8332332372665405,0.04772274196147919,0.5089799165725708,0.7482438683509827,0.16950343549251556,0.5205072164535522,0.855918824672699,0.050003476440906525,0.5165717005729675,0.7560240030288696,0.1940145194530487,0.5289002656936646,0.8843671679496765,-0.10252922773361206,0.5109780430793762,0.7914735078811646,0.09161833673715591
frame_00130.jpg,0.5227516293525696,0.28454822301864624,-0.1825680434703827,0.5261901021003723,0.2725776731967926,-0.15703067183494568,0.5285564661026001,0.272610604763031,-0.15731194615364075,0.5308942198753357,0.2728783190250397,-0.15723569691181183,0.5194047093391418,0.27250874042510986,-0.1602383404970169,0.5172075629234314,0.2726324498653412,-0.1605648696422577,0.5149027705192566,0.27298739552497864,-0.16071462631225586,0.5334421396255493,0.2771536707878113,-0.02654416486620903,0.5112196207046509,0.2779337763786316,-0.036471523344516754,0.5262501835823059,0.2947045862674713,-0.13118833303451538,0.5184702277183533,0.29538193345069885,-0.13667409121990204,0.5575257539749146,0.34276315569877625,0.056502532213926315,0.4867422580718994,0.3442813754081726,0.03097575344145298,0.5679469108581543,0.4224274754524231,0.04798898845911026,0.4758465886116028,0.4267769753932953,0.011312426999211311,0.5982396006584167,0.44296377897262573,-0.14666453003883362,0.44156044721603394,0.4574922025203705,-0.15727636218070984,0.6080654263496399,0.44780510663986206,-0.1859285682439804,0.42782488465309143,0.460905522108078,-0.20036888122558594,0.6093336343765259,0.444179505109787,-0.21884360909461975,0.4246145784854889,0.45587003231048584,-0.23539979755878448,0.6048610210418701,0.44297027587890625,-0.1639925092458725,0.43096238374710083,0.4542999267578125,-0.17672882974147797,0.5376189947128296,0.51894211769104,0.015437051653862,0.505238950252533,0.5187089443206787,-0.015720751136541367,0.536854088306427,0.6828469634056091,-0.059520572423934937,0.501291036605835,0.6491090655326843,-0.10152570903301239,0.5254935026168823,0.8361077904701233,0.04242757707834244,0.5083667039871216,0.7199157476425171,0.17333757877349854,0.5204716324806213,0.8558816313743591,0.04329483211040497,0.516416609287262,0.7361087203025818,0.19738537073135376,0.5297138690948486,0.8909226655960083,-0.1055859699845314,0.5095626711845398,0.7662720084190369,0.09983911365270615
frame_00131.jpg,0.5219448804855347,0.2801717221736908,-0.1734647899866104,0.5252783894538879,0.2703046202659607,-0.14798074960708618,0.5275563597679138,0.2699125409126282,-0.14825084805488586,0.5298135280609131,0.2699594497680664,-0.148178368806839,0.5189441442489624,0.2691139876842499,-0.15170297026634216,0.5168945789337158,0.26837724447250366,-0.15203653275966644,0.5147346258163452,0.26821157336235046,-0.15219369530677795,0.5327663421630859,0.2707764208316803,-0.019218023866415024,0.5110756158828735,0.27093178033828735,-0.03376491740345955,0.5258085131645203,0.2914404571056366,-0.1234930008649826,0.5183905363082886,0.2922843098640442,-0.12992160022258759,0.5573676824569702,0.33956700563430786,0.06324777007102966,0.48671379685401917,0.33991435170173645,0.02440069243311882,0.5677986145019531,0.422164648771286,0.060025669634342194,0.4760409891605377,0.4236949384212494,0.010607404634356499,0.5962424874305725,0.44479483366012573,-0.12972037494182587,0.4421357214450836,0.45827117562294006,-0.1656159907579422,0.6052147150039673,0.4516138434410095,-0.17236612737178802,0.4286515712738037,0.4641727805137634,-0.2101861536502838,0.6071125268936157,0.448123037815094,-0.21000561118125916,0.425576776266098,0.4600457549095154,-0.24339210987091064,0.602851152420044,0.4464608430862427,-0.15005344152450562,0.4316039979457855,0.45733755826950073,-0.184477761387825,0.537541389465332,0.5164114236831665,0.01853879541158676,0.5046687126159668,0.5156906247138977,-0.018796253949403763,0.5370509028434753,0.682779848575592,-0.05033732205629349,0.4981412887573242,0.6296847462654114,-0.24377688765525818,0.5254923105239868,0.836891770362854,0.054161977022886276,0.5079346895217896,0.7127199769020081,-0.007549811154603958,0.5203999280929565,0.8553036451339722,0.05626006796956062,0.5158383250236511,0.731456995010376,0.013288882561028004,0.5299680829048157,0.8869248628616333,-0.08857167512178421,0.5086867213249207,0.7615288496017456,-0.088969387114048
frame_00132.jpg,0.5178536176681519,0.2635764181613922,-0.14790037274360657,0.5219071507453918,0.25430724024772644,-0.12129509449005127,0.5243687629699707,0.2542380094528198,-0.1215251088142395,0.5267870426177979,0.25417646765708923,-0.12143242359161377,0.5158333778381348,0.25355690717697144,-0.12137166410684586,0.5139557719230652,0.2534547448158264,-0.12171623855829239,0.5120255351066589,0.2535724937915802,-0.12188692390918732,0.5315839052200317,0.2580670714378357,0.005366186611354351,0.5101878643035889,0.26276877522468567,0.0034392368979752064,0.5222266912460327,0.2773157060146332,-0.1008433923125267,0.5152746438980103,0.28057223558425903,-0.10318227112293243,0.557341456413269,0.3257041573524475,0.0641104131937027,0.4861776828765869,0.33765706419944763,0.05523078516125679,0.567445695400238,0.4091472625732422,0.05097530037164688,0.4763893485069275,0.42132923007011414,0.01357276737689972,0.5948858261108398,0.44476285576820374,-0.13019844889640808,0.442821741104126,0.4582599699497223,-0.18385854363441467,0.6042401790618896,0.45463886857032776,-0.16388092935085297,0.42928242683410645,0.46740999817848206,-0.23264345526695251,0.60667884349823,0.4521849751472473,-0.19787156581878662,0.42635488510131836,0.4636383056640625,-0.2650461494922638,0.6025327444076538,0.44937753677368164,-0.14681723713874817,0.4321679174900055,0.45949849486351013,-0.2034107744693756,0.5377217531204224,0.5114750862121582,0.01846671663224697,0.503115177154541,0.5083350539207458,-0.018732108175754547,0.5401449203491211,0.684701681137085,-0.05961300805211067,0.4938906729221344,0.5888674855232239,-0.4264020323753357,0.5252901315689087,0.8352367877960205,0.04206347465515137,0.5067466497421265,0.6952959299087524,-0.2446199357509613,0.5199136734008789,0.8544864058494568,0.04349279776215553,0.5123859643936157,0.7055483460426331,-0.22929653525352478,0.5297824144363403,0.8858827352523804,-0.08938001096248627,0.5085006356239319,0.7546259760856628,-0.35978180170059204
frame_00133.jpg,0.517732560634613,0.23841677606105804,-0.12615856528282166,0.5211185216903687,0.22910833358764648,-0.10143114626407623,0.5230141878128052,0.22877846658229828,-0.10166604816913605,0.5247750878334045,0.22853901982307434,-0.10159522294998169,0.5158368945121765,0.2295849323272705,-0.10430405288934708,0.5141066312789917,0.22964873909950256,-0.10463951528072357,0.5124738216400146,0.22961249947547913,-0.10481004416942596,0.528652548789978,0.23395031690597534,0.012934071011841297,0.5111651420593262,0.2374144047498703,0.00013428949750959873,0.521432638168335,0.25187864899635315,-0.0838194414973259,0.5153514742851257,0.2536811828613281,-0.08973130583763123,0.557263970375061,0.31439971923828125,0.06501954793930054,0.4860038161277771,0.3193434774875641,0.05183573439717293,0.5673448443412781,0.40410369634628296,0.05732040852308273,0.47663307189941406,0.412272185087204,0.012201220728456974,0.5949957966804504,0.44472378492355347,-0.11661962419748306,0.442497581243515,0.4580582082271576,-0.1716395914554596,0.6044885516166687,0.4563276469707489,-0.14007997512817383,0.42886027693748474,0.4722655117511749,-0.21533258259296417,0.6068697571754456,0.4540422260761261,-0.1739397943019867,0.42570194602012634,0.4690103232860565,-0.2481197565793991,0.6027523875236511,0.45016512274742126,-0.13134412467479706,0.4313696324825287,0.46332848072052,-0.19043543934822083,0.5370556116104126,0.49473074078559875,0.022829513996839523,0.5028153657913208,0.48930421471595764,-0.023056352511048317,0.5408176779747009,0.6727464199066162,-0.05778108164668083,0.4956538677215576,0.5676167011260986,-0.43310675024986267,0.5237623453140259,0.8205491304397583,0.037941742688417435,0.5055255889892578,0.6912420988082886,-0.28548333048820496,0.5175033807754517,0.841785192489624,0.04086972028017044,0.5104317665100098,0.7052375674247742,-0.27412527799606323,0.5268769860267639,0.8612051606178284,-0.10042613744735718,0.5074043869972229,0.7508789896965027,-0.4083026051521301
frame_00134.jpg,0.5177019238471985,0.22848859429359436,-0.19067685306072235,0.520685613155365,0.21835368871688843,-0.16638736426830292,0.5223697423934937,0.21838031709194183,-0.16665704548358917,0.5240060687065125,0.21841250360012054,-0.16660216450691223,0.5158437490463257,0.2178185135126114,-0.17302243411540985,0.51420658826828,0.21759453415870667,-0.17336370050907135,0.5126809477806091,0.21726728975772858,-0.17355035245418549,0.5277778506278992,0.22318974137306213,-0.04280949383974075,0.5112273097038269,0.2235969454050064,-0.07255000621080399,0.5210506916046143,0.24056752026081085,-0.1432175636291504,0.5154179334640503,0.24111208319664001,-0.15371093153953552,0.5570682287216187,0.3038226366043091,0.04694335162639618,0.48572152853012085,0.30593472719192505,-0.03134666010737419,0.5674982070922852,0.3963512182235718,0.07272906601428986,0.47638407349586487,0.401837557554245,-0.06451661139726639,0.5977962017059326,0.44445618987083435,-0.05765659362077713,0.44195690751075745,0.45776763558387756,-0.2241268903017044,0.6071547865867615,0.4568229019641876,-0.07960496842861176,0.4283596873283386,0.4761213958263397,-0.2674686312675476,0.6109616756439209,0.45522356033325195,-0.12187956273555756,0.424860417842865,0.47360092401504517,-0.2992023825645447,0.60636967420578,0.4502359628677368,-0.07681357860565186,0.4307521879673004,0.4662974178791046,-0.2418758124113083,0.5368374586105347,0.48591116070747375,0.02661610208451748,0.5028367042541504,0.4828851521015167,-0.026888787746429443,0.5383445024490356,0.654554545879364,-0.04031134024262428,0.499207079410553,0.5833900570869446,-0.1736895740032196,0.5246142745018005,0.811103880405426,0.037600982934236526,0.5054051280021667,0.6944186687469482,0.04061643034219742,0.5186626315116882,0.833019495010376,0.037936534732580185,0.5103247761726379,0.7071228623390198,0.05709705501794815,0.5277323722839355,0.8514562845230103,-0.10451991856098175,0.5071729421615601,0.7521892786026001,-0.06664397567510605
frame_00135.jpg,0.5172713994979858,0.2265937477350235,-0.20280352234840393,0.5200421810150146,0.2152697890996933,-0.17867141962051392,0.5216472744941711,0.21518760919570923,-0.1789274364709854,0.5232493877410889,0.21519018709659576,-0.17888857424259186,0.5155123472213745,0.21504762768745422,-0.18492689728736877,0.5139352679252625,0.21483980119228363,-0.18526601791381836,0.5123888850212097,0.21454207599163055,-0.18544413149356842,0.5269783139228821,0.2192886471748352,-0.04951488599181175,0.5108790993690491,0.21963348984718323,-0.0772598534822464,0.5203961730003357,0.23823955655097961,-0.15242096781730652,0.5151680111885071,0.23879753053188324,-0.16237767040729523,0.556357741355896,0.29929301142692566,0.04875395447015762,0.48464828729629517,0.29898586869239807,-0.02932008169591427,0.5672550201416016,0.3891738951206207,0.09467150270938873,0.474569171667099,0.39097368717193604,-0.048897646367549896,0.5989922285079956,0.44068005681037903,-0.025671035051345825,0.44031691551208496,0.45596063137054443,-0.2093406617641449,0.6088768243789673,0.4559284448623657,-0.04743945226073265,0.4275708794593811,0.47567665576934814,-0.25537174940109253,0.613054633140564,0.4548589289188385,-0.09123300015926361,0.4242514669895172,0.4736176133155823,-0.28601565957069397,0.6081969738006592,0.4484791159629822,-0.045468684285879135,0.4299827218055725,0.466191828250885,-0.22755539417266846,0.5362335443496704,0.4782806932926178,0.0279400497674942,0.5020958781242371,0.47668954730033875,-0.0282271858304739,0.5377097129821777,0.6394403576850891,-0.01259804330766201,0.5013912916183472,0.6184054017066956,-0.10274970531463623,0.5289400815963745,0.7864767909049988,0.08549246191978455,0.5054841637611389,0.7507336139678955,0.03184137120842934,0.5251596570014954,0.8050394058227539,0.08640053123235703,0.5094643235206604,0.7603598237037659,0.041922081261873245,0.5295411944389343,0.826112687587738,-0.061288636177778244,0.5068787336349487,0.8068017959594727,-0.09343802183866501
frame_00136.jpg,0.5168753862380981,0.22561056911945343,-0.21027567982673645,0.5195678472518921,0.21346920728683472,-0.1861039102077484,0.5212163329124451,0.21316459774971008,-0.18636015057563782,0.5228841304779053,0.21294894814491272,-0.18631792068481445,0.5149697661399841,0.21374252438545227,-0.19153134524822235,0.5132941603660583,0.21360014379024506,-0.19186413288116455,0.5115318894386292,0.21332977712154388,-0.19204142689704895,0.5265287160873413,0.21617501974105835,-0.057781051844358444,0.5095625519752502,0.21750156581401825,-0.08157102763652802,0.51983243227005,0.23639921844005585,-0.16050902009010315,0.5148058533668518,0.23739247024059296,-0.1692812144756317,0.5559724569320679,0.29531431198120117,0.036145906895399094,0.48351040482521057,0.2966581881046295,-0.03171101585030556,0.5650171041488647,0.3824954926967621,0.0805208832025528,0.47255244851112366,0.3873111307621002,-0.0473502017557621,0.599019467830658,0.4316806197166443,-0.05250464752316475,0.4385567605495453,0.45271244645118713,-0.20523416996002197,0.6093632578849792,0.44815003871917725,-0.0768633559346199,0.4267706274986267,0.4747813642024994,-0.25064051151275635,0.6134135127067566,0.44699642062187195,-0.11809973418712616,0.4237681031227112,0.47260719537734985,-0.28406840562820435,0.6083937883377075,0.4399067461490631,-0.07154515385627747,0.42925986647605896,0.46567049622535706,-0.22394342720508575,0.5347867012023926,0.47427186369895935,0.026836812496185303,0.500493049621582,0.4740830361843109,-0.027110964059829712,0.5374087691307068,0.6242120265960693,-0.008765809237957,0.5027782917022705,0.6074506044387817,-0.08477436006069183,0.5290038585662842,0.7590630054473877,0.1021478995680809,0.49909549951553345,0.7486924529075623,0.04949534684419632,0.5255485773086548,0.775802493095398,0.10453518480062485,0.5011900067329407,0.7649189829826355,0.05671856552362442,0.5291107892990112,0.8010726571083069,-0.041354380548000336,0.5042635202407837,0.7900789380073547,-0.08425264060497284
frame_00137.jpg,0.515741229057312,0.22421927750110626,-0.20836922526359558,0.5186396837234497,0.21167412400245667,-0.18394450843334198,0.520725667476654,0.21134063601493835,-0.1840527504682541,0.522773027420044,0.2110794335603714,-0.1840747594833374,0.5131084322929382,0.2120824009180069,-0.1882610023021698,0.5108611583709717,0.2121773511171341,-0.1885821670293808,0.5083946585655212,0.21221059560775757,-0.18876837193965912,0.5265554189682007,0.2148066908121109,-0.03548614680767059,0.5053340196609497,0.21657976508140564,-0.06632546335458755,0.519079327583313,0.23474624752998352,-0.14891719818115234,0.5129005312919617,0.23544664680957794,-0.16084904968738556,0.55556720495224,0.2935885488986969,0.06914739310741425,0.4824322760105133,0.29652488231658936,-0.02909219264984131,0.5626999139785767,0.38166582584381104,0.09507068991661072,0.47098398208618164,0.3861599266529083,-0.041415270417928696,0.5993446111679077,0.42584317922592163,-0.05871012061834335,0.43599170446395874,0.447872132062912,-0.18973828852176666,0.6103824973106384,0.44068682193756104,-0.08624880015850067,0.4246908724308014,0.47056668996810913,-0.23483233153820038,0.6140212416648865,0.43961817026138306,-0.12697766721248627,0.4216877520084381,0.46911102533340454,-0.2677783966064453,0.6088758707046509,0.4329005777835846,-0.07836838066577911,0.4270692765712738,0.46080702543258667,-0.20805814862251282,0.534345269203186,0.47472044825553894,0.026636376976966858,0.49872714281082153,0.47581958770751953,-0.026906277984380722,0.5364419221878052,0.6325932741165161,-0.015959886834025383,0.5035223364830017,0.6247368454933167,-0.10972857475280762,0.5287550091743469,0.7735656499862671,0.10686393082141876,0.4980352818965912,0.7719056010246277,0.03293589875102043,0.5254305601119995,0.7912395596504211,0.11077947914600372,0.5001725554466248,0.790766179561615,0.04543408378958702,0.52855384349823,0.8163720965385437,-0.03211987391114235,0.5004861354827881,0.8179965615272522,-0.09900983422994614
frame_00138.jpg,0.5146586298942566,0.22734853625297546,-0.2098085582256317,0.5176202654838562,0.21514135599136353,-0.1852491796016693,0.5198897123336792,0.21487657725811005,-0.1854909360408783,0.5221140384674072,0.2146894633769989,-0.18547293543815613,0.5116374492645264,0.21524600684642792,-0.1897275596857071,0.5094651579856873,0.2151745706796646,-0.19007009267807007,0.5071523785591125,0.2150617390871048,-0.1902577131986618,0.5259721875190735,0.2187281996011734,-0.04671245813369751,0.5049940943717957,0.21955259144306183,-0.06835074722766876,0.5184020400047302,0.2382500022649765,-0.15538688004016876,0.5123546123504639,0.23885796964168549,-0.16371718049049377,0.5532573461532593,0.2967172861099243,0.053442470729351044,0.48236268758773804,0.2991710901260376,-0.015742914751172066,0.5587128400802612,0.38417062163352966,0.06788890063762665,0.4700110852718353,0.387391597032547,-0.034451283514499664,0.5986440181732178,0.41989263892173767,-0.10428754985332489,0.4342566132545471,0.4445328116416931,-0.19158881902694702,0.6106537580490112,0.4318605065345764,-0.13789565861225128,0.421658456325531,0.4645750820636749,-0.23731935024261475,0.6139477491378784,0.43011564016342163,-0.17853602766990662,0.41861796379089355,0.46278542280197144,-0.27104589343070984,0.6088569164276123,0.42522430419921875,-0.12469508498907089,0.4243567883968353,0.45541319251060486,-0.2103976458311081,0.5341473817825317,0.4776228070259094,0.026410048827528954,0.4983642101287842,0.47599026560783386,-0.026703691110014915,0.5360702872276306,0.6379281878471375,0.011722720228135586,0.5035167336463928,0.6323474645614624,-0.09140593558549881,0.5286688804626465,0.7657175064086914,0.20840580761432648,0.4960564076900482,0.7766440510749817,0.05419766902923584,0.5253258943557739,0.7655965685844421,0.22037048637866974,0.498399019241333,0.7958371639251709,0.06315702944993973,0.5289414525032043,0.8095124959945679,0.0944780483841896,0.49598604440689087,0.8240721821784973,-0.0784292221069336
frame_00139.jpg,0.5147219300270081,0.24981752038002014,-0.21339169144630432,0.517650306224823,0.2354026734828949,-0.18971356749534607,0.5196157693862915,0.23478123545646667,-0.18998649716377258,0.5213618874549866,0.23434914648532867,-0.18996472656726837,0.5119772553443909,0.23638033866882324,-0.19523872435092926,0.5102185606956482,0.2365565448999405,-0.19556643068790436,0.5084543228149414,0.2367747724056244,-0.19572412967681885,0.5244290232658386,0.23965249955654144,-0.05748714879155159,0.5075669288635254,0.24146337807178497,-0.08261920511722565,0.5181475877761841,0.26033809781074524,-0.16142994165420532,0.5124308466911316,0.2611815333366394,-0.17066875100135803,0.5480365753173828,0.30855876207351685,0.035049423575401306,0.482357919216156,0.3125081956386566,-0.02301802858710289,0.5574305057525635,0.38998356461524963,0.04805219918489456,0.4660845696926117,0.39703547954559326,-0.05170704796910286,0.5975861549377441,0.4210755527019501,-0.1238776296377182,0.43295854330062866,0.4449108839035034,-0.23379091918468475,0.6106830835342407,0.42973020672798157,-0.15698347985744476,0.4182543158531189,0.46157771348953247,-0.28125327825546265,0.6138179898262024,0.42731523513793945,-0.19686350226402283,0.4148716926574707,0.45892247557640076,-0.31455060839653015,0.6088338494300842,0.42483413219451904,-0.14385417103767395,0.4217222332954407,0.45296695828437805,-0.25312817096710205,0.529755711555481,0.5019299983978271,0.026296507567167282,0.49822086095809937,0.5014698505401611,-0.026559283956885338,0.5328243374824524,0.6408253908157349,0.028244923800230026,0.5057676434516907,0.6473739147186279,-0.11375491321086884,0.5238491296768188,0.7619507312774658,0.25522246956825256,0.4963751435279846,0.792746901512146,-0.022817710414528847,0.5196076035499573,0.7698744535446167,0.2707597613334656,0.4985523819923401,0.812230110168457,-0.02120620384812355,0.523317813873291,0.8069064021110535,0.15645630657672882,0.49754753708839417,0.8387117385864258,-0.17384985089302063
frame_00140.jpg,0.5148882269859314,0.2700105607509613,-0.2015325129032135,0.5177764892578125,0.25678929686546326,-0.1705704778432846,0.519746720790863,0.25662845373153687,-0.17086166143417358,0.5214609503746033,0.2566710412502289,-0.170844167470932,0.5120963454246521,0.2562069594860077,-0.19207410514354706,0.5103477239608765,0.256182461977005,-0.19248522818088531,0.5085689425468445,0.25614386796951294,-0.1927333027124405,0.524516224861145,0.2624413073062897,-0.02504446543753147,0.507466197013855,0.2602761685848236,-0.07594422996044159,0.5181721448898315,0.2805779278278351,-0.14268764853477478,0.5124638676643372,0.2807774245738983,-0.162774458527565,0.5435091257095337,0.3337193429470062,0.08175470679998398,0.47953566908836365,0.3255324959754944,-0.03802982717752457,0.5551506280899048,0.4054144322872162,0.14762507379055023,0.4647061824798584,0.4093206822872162,-0.09350762516260147,0.5951340794563293,0.4229464828968048,0.02804180048406124,0.4335700571537018,0.4453653395175934,-0.26462477445602417,0.6103991270065308,0.43079859018325806,0.00857279822230339,0.41852736473083496,0.4553087651729584,-0.3134858310222626,0.6123314499855042,0.42705270648002625,-0.03339916840195656,0.4154251515865326,0.4527648091316223,-0.3368048667907715,0.6062559485435486,0.4251077473163605,0.008492168970406055,0.4229866564273834,0.4504667818546295,-0.27964359521865845,0.5297055840492249,0.5131433010101318,0.04830038547515869,0.4981667995452881,0.5148221254348755,-0.04852685332298279,0.5326417088508606,0.6412257552146912,0.07607696205377579,0.5068366527557373,0.6554192304611206,-0.1237110048532486,0.5112048387527466,0.7468836307525635,0.364428848028183,0.49264901876449585,0.8021146655082703,-0.04267619550228119,0.5037643909454346,0.7538356781005859,0.38794848322868347,0.49226298928260803,0.8214645385742188,-0.0371892936527729,0.5105360746383667,0.791912317276001,0.30665281414985657,0.49632105231285095,0.8455201983451843,-0.17500349879264832
frame_00141.jpg,0.512194037437439,0.28038230538368225,-0.1968780755996704,0.5149991512298584,0.2680055499076843,-0.1681479662656784,0.5169078707695007,0.26786738634109497,-0.1684296578168869,0.5186383128166199,0.26789912581443787,-0.16840000450611115,0.5090835094451904,0.2684703469276428,-0.18241791427135468,0.5070176720619202,0.2687458097934723,-0.182798832654953,0.5049316883087158,0.2690472900867462,-0.183018758893013,0.5208001732826233,0.2732909917831421,-0.025417828932404518,0.5029326677322388,0.27385351061820984,-0.07239267975091934,0.5152694582939148,0.29144832491874695,-0.14114919304847717,0.5088813900947571,0.291883647441864,-0.15683570504188538,0.5427960753440857,0.3516644239425659,0.07726110517978668,0.4754790663719177,0.3440307080745697,-0.031006181612610817,0.554928719997406,0.42394354939460754,0.07926662266254425,0.46254175901412964,0.4253123700618744,-0.08148039132356644,0.5900183916091919,0.42683520913124084,-0.12565040588378906,0.43423813581466675,0.44698530435562134,-0.258878231048584,0.6037188768386841,0.4325310289859772,-0.16204281151294708,0.421257346868515,0.4546189606189728,-0.30998772382736206,0.6045944690704346,0.42862415313720703,-0.19855213165283203,0.41627344489097595,0.45136651396751404,-0.33407095074653625,0.5981915593147278,0.4266573190689087,-0.14534935355186462,0.4240899980068207,0.4503568112850189,-0.2746564745903015,0.5282450914382935,0.522512674331665,0.04431619122624397,0.4969789385795593,0.5232120156288147,-0.04451807588338852,0.5325775146484375,0.6469075679779053,0.06925632059574127,0.5066998600959778,0.6683731079101562,-0.13302944600582123,0.5087242126464844,0.7182146310806274,0.3868480324745178,0.49199479818344116,0.8324577212333679,-0.08704002946615219,0.5026939511299133,0.7195731997489929,0.4141421318054199,0.4976208806037903,0.848198652267456,-0.08646944165229797,0.5080900192260742,0.7658698558807373,0.3421839475631714,0.49588531255722046,0.8824930787086487,-0.23471565544605255
frame_00142.jpg,0.5102810263633728,0.28821685910224915,-0.1878156214952469,0.5128835439682007,0.27547529339790344,-0.16115586459636688,0.5146993398666382,0.2753393352031708,-0.16143587231636047,0.516373872756958,0.27535662055015564,-0.16142137348651886,0.507082462310791,0.2761710286140442,-0.17385247349739075,0.5049980878829956,0.2765537202358246,-0.17418643832206726,0.5029758214950562,0.2769876718521118,-0.17434003949165344,0.5182339549064636,0.281684935092926,-0.025294601917266846,0.5008813142776489,0.28262534737586975,-0.06902123987674713,0.5126577615737915,0.2989552617073059,-0.13564176857471466,0.5067324042320251,0.29967668652534485,-0.15185894072055817,0.5416005849838257,0.3599437475204468,0.07200714945793152,0.4735866189002991,0.35144945979118347,-0.025511223822832108,0.5520374178886414,0.43699514865875244,0.062003444880247116,0.46329864859580994,0.4342425763607025,-0.07350724935531616,0.5852230191230774,0.43660229444503784,-0.13675330579280853,0.43440407514572144,0.45371538400650024,-0.26029548048973083,0.5977340936660767,0.4348756670951843,-0.17279726266860962,0.4214473366737366,0.45527660846710205,-0.3114998936653137,0.5979729294776917,0.42945194244384766,-0.2095765620470047,0.41633278131484985,0.4524344205856323,-0.337291955947876,0.592435896396637,0.42883163690567017,-0.15642915666103363,0.4242549538612366,0.45165392756462097,-0.27693572640419006,0.5274393558502197,0.5322023034095764,0.04077013581991196,0.49671801924705505,0.5314278602600098,-0.04098191112279892,0.530062735080719,0.6615098118782043,0.04804495722055435,0.5016916394233704,0.6736834645271301,-0.13730455935001373,0.5095533132553101,0.7265498638153076,0.35866275429725647,0.4922241270542145,0.832656979560852,-0.0825449600815773,0.5031841993331909,0.726932168006897,0.3857126235961914,0.5015454292297363,0.8589522242546082,-0.08190201222896576,0.5081559419631958,0.7725082039833069,0.3184492588043213,0.494753360748291,0.8818413019180298,-0.2244252860546112
frame_00143.jpg,0.5100307464599609,0.27891024947166443,-0.15638235211372375,0.5125960111618042,0.2679908573627472,-0.13090968132019043,0.5145137310028076,0.26818519830703735,-0.1311703622341156,0.5163322687149048,0.26843324303627014,-0.1311473697423935,0.5066263675689697,0.2681657373905182,-0.14056889712810516,0.5044698715209961,0.2685127258300781,-0.1408660113811493,0.5023534297943115,0.26881876587867737,-0.14098647236824036,0.5180889368057251,0.2748772203922272,-0.001692990423180163,0.4996865689754486,0.274947851896286,-0.043730828911066055,0.5126169919967651,0.2908616364002228,-0.1063484326004982,0.5065947771072388,0.29134589433670044,-0.12064453214406967,0.5408734083175659,0.3521178066730499,0.08258584886789322,0.47426047921180725,0.3455735146999359,-0.010466224513947964,0.5480397939682007,0.4356469511985779,0.06363606452941895,0.46341410279273987,0.4296857714653015,-0.06592170149087906,0.5819945335388184,0.44806432723999023,-0.13367941975593567,0.436016321182251,0.4564472436904907,-0.25410300493240356,0.5925699472427368,0.44729217886924744,-0.17397168278694153,0.42376095056533813,0.4561404287815094,-0.3073536455631256,0.5939604043960571,0.43929070234298706,-0.21157507598400116,0.41934046149253845,0.4530002474784851,-0.3323819637298584,0.5890436768531799,0.43992090225219727,-0.15428343415260315,0.42597898840904236,0.45332127809524536,-0.27053868770599365,0.5276776552200317,0.5283915400505066,0.03916145861148834,0.49553126096725464,0.5280873775482178,-0.0393642820417881,0.5299450755119324,0.6692684292793274,0.037109993398189545,0.5017670392990112,0.6705228090286255,-0.12647093832492828,0.5067375898361206,0.7355989217758179,0.34787940979003906,0.49208778142929077,0.8239225745201111,-0.03226984292268753,0.5031558871269226,0.7235231399536133,0.3771515190601349,0.5018849968910217,0.8442994356155396,-0.028139904141426086,0.5045305490493774,0.7725869417190552,0.3066380023956299,0.49432578682899475,0.8696483373641968,-0.16291329264640808
frame_00144.jpg,0.5082753300666809,0.2743571102619171,-0.14578498899936676,0.511106014251709,0.2633395791053772,-0.12300524860620499,0.5129122734069824,0.2634534239768982,-0.12327055633068085,0.5146579146385193,0.26363667845726013,-0.12325491011142731,0.5055330395698547,0.2634512186050415,-0.12889552116394043,0.5034843683242798,0.26369398832321167,-0.1291833370923996,0.501434862613678,0.2639189064502716,-0.12931004166603088,0.5171895623207092,0.26960787177085876,-0.004653714131563902,0.4993067681789398,0.2698894143104553,-0.032345183193683624,0.5111441612243652,0.2861635982990265,-0.10038280487060547,0.5052588582038879,0.2867625653743744,-0.1100243330001831,0.5405659079551697,0.3461713492870331,0.07773847132921219,0.4745984971523285,0.3412475287914276,0.0045376610942184925,0.547502875328064,0.4301597476005554,0.050168029963970184,0.4650886058807373,0.4259912073612213,-0.04144686833024025,0.5803769826889038,0.450863242149353,-0.1530083864927292,0.43608346581459045,0.45801791548728943,-0.23008456826210022,0.5908252596855164,0.4552888870239258,-0.19251549243927002,0.42403775453567505,0.4599834978580475,-0.28157249093055725,0.5923108458518982,0.44969579577445984,-0.22901514172554016,0.41991376876831055,0.45729321241378784,-0.3089359700679779,0.5872844457626343,0.4489961862564087,-0.17262355983257294,0.42604953050613403,0.45661622285842896,-0.24759705364704132,0.5279192328453064,0.5259701013565063,0.032532207667827606,0.49478691816329956,0.5272195935249329,-0.03273244947195053,0.5301483273506165,0.657487690448761,0.035311393439769745,0.5014540553092957,0.6635958552360535,-0.11424267292022705,0.5073450803756714,0.7221760153770447,0.2929249703884125,0.49232426285743713,0.8110187649726868,-0.02313976176083088,0.5072087049484253,0.7221527099609375,0.3142673671245575,0.4976109564304352,0.8296397924423218,-0.02025962993502617,0.5050464868545532,0.7740574479103088,0.2256563901901245,0.49281978607177734,0.858150064945221,-0.1512206792831421
frame_00145.jpg,0.508287250995636,0.26302221417427063,-0.16496625542640686,0.511143684387207,0.25181201100349426,-0.14077499508857727,0.5128990411758423,0.2516980767250061,-0.14103613793849945,0.5146272778511047,0.25167766213417053,-0.1410086452960968,0.5057024955749512,0.25155434012413025,-0.14780905842781067,0.5036609768867493,0.2513464093208313,-0.1480707824230194,0.5015770196914673,0.25106438994407654,-0.14819207787513733,0.5172208547592163,0.25650960206985474,-0.017976956441998482,0.49860668182373047,0.25590452551841736,-0.050129484385252,0.5109606385231018,0.2740114629268646,-0.11830782890319824,0.5051529407501221,0.27416372299194336,-0.1294548362493515,0.5409241914749146,0.3353307843208313,0.06826658546924591,0.47450709342956543,0.32688844203948975,-0.010300537571310997,0.5466849207878113,0.42369890213012695,0.050890810787677765,0.4653029441833496,0.41359296441078186,-0.04212532937526703,0.5790309309959412,0.4502192735671997,-0.1298128068447113,0.4361446797847748,0.45768940448760986,-0.20671001076698303,0.5892080068588257,0.45961588621139526,-0.16521841287612915,0.4243876039981842,0.46579691767692566,-0.25426170229911804,0.5911717414855957,0.4545961320400238,-0.20456817746162415,0.42073050141334534,0.4647643268108368,-0.28386348485946655,0.5861901044845581,0.4518757164478302,-0.1491415649652481,0.42640286684036255,0.4611196219921112,-0.2239076793193817,0.5280828475952148,0.4985125958919525,0.03251618891954422,0.4948555827140808,0.5007744431495667,-0.03271833062171936,0.5318392515182495,0.6310223937034607,0.04573681205511093,0.5011324286460876,0.6423338055610657,-0.0942779928445816,0.5222439765930176,0.7310057878494263,0.278926819562912,0.4994698464870453,0.7581430077552795,0.020661164075136185,0.5159978866577148,0.732262372970581,0.3051883280277252,0.49639779329299927,0.798291027545929,0.02656860090792179,0.5223270058631897,0.7781456112861633,0.20717322826385498,0.4982667565345764,0.7992270588874817,-0.10543954372406006
frame_00146.jpg,0.5069730877876282,0.24040798842906952,-0.19683679938316345,0.5086677074432373,0.23000048100948334,-0.1776675581932068,0.5097986459732056,0.22976285219192505,-0.1779772788286209,0.5109121203422546,0.22945855557918549,-0.17798851430416107,0.5051727294921875,0.23040376603603363,-0.18623492121696472,0.503675103187561,0.23046119511127472,-0.1865117847919464,0.5018945932388306,0.23026588559150696,-0.1866750717163086,0.5139241814613342,0.2360481470823288,-0.07248391956090927,0.49870723485946655,0.23717710375785828,-0.11198723316192627,0.5092743039131165,0.25308436155319214,-0.15571627020835876,0.5051651000976562,0.25328272581100464,-0.16895896196365356,0.5413371324539185,0.3133715093135834,0.011787411756813526,0.4741385877132416,0.3119566738605499,-0.08022847771644592,0.5462448596954346,0.40624865889549255,0.04549307003617287,0.4654007852077484,0.4039609134197235,-0.11353826522827148,0.5793679356575012,0.44906479120254517,-0.09299859404563904,0.43673601746559143,0.4571975767612457,-0.2614437937736511,0.588974118232727,0.46063709259033203,-0.11576642096042633,0.4250287115573883,0.4699704349040985,-0.3075947165489197,0.5915148258209229,0.45697540044784546,-0.1583540290594101,0.42169827222824097,0.4698471426963806,-0.3350912928581238,0.586847722530365,0.45271486043930054,-0.11230921745300293,0.4273732304573059,0.4636155962944031,-0.2776916027069092,0.5275460481643677,0.489692360162735,0.03665115311741829,0.49500590562820435,0.4918297231197357,-0.03684363141655922,0.5320935249328613,0.6147763729095459,0.1083420068025589,0.49887651205062866,0.6343296766281128,-0.09686168283224106,0.5219321250915527,0.6867973804473877,0.36673539876937866,0.49577292799949646,0.7626033425331116,-0.014802445657551289,0.5182137489318848,0.695444643497467,0.3872559666633606,0.4948917031288147,0.7993753552436829,-0.015110771171748638,0.5217090249061584,0.7395179867744446,0.3094443380832672,0.494133323431015,0.8048039078712463,-0.1470021903514862
frame_00147.jpg,0.5058861970901489,0.2317042201757431,-0.24302181601524353,0.5068123936653137,0.22257979214191437,-0.22469046711921692,0.507516622543335,0.22254076600074768,-0.224995419383049,0.5082277059555054,0.22240455448627472,-0.225002259016037,0.5046905279159546,0.2231616973876953,-0.2297145575284958,0.5036262273788452,0.22355714440345764,-0.23002123832702637,0.5021200180053711,0.22370126843452454,-0.23020954430103302,0.5113949775695801,0.23012198507785797,-0.11635240167379379,0.4994024634361267,0.23247362673282623,-0.13954997062683105,0.5076853632926941,0.24418671429157257,-0.20012810826301575,0.5050172805786133,0.244483083486557,-0.20864585041999817,0.5412315726280212,0.3049788177013397,-0.029478471726179123,0.4740409851074219,0.30460748076438904,-0.09078248590230942,0.5469828844070435,0.3989292085170746,0.0049727861769497395,0.4627213478088379,0.39784276485443115,-0.11208616197109222,0.5804059505462646,0.4484114348888397,-0.11352401971817017,0.4344870448112488,0.4581226110458374,-0.2584102153778076,0.5905332565307617,0.46206584572792053,-0.13312594592571259,0.42371201515197754,0.47714364528656006,-0.30229032039642334,0.5929508805274963,0.4595724642276764,-0.17595885694026947,0.42103925347328186,0.47666770219802856,-0.3323841392993927,0.5880123972892761,0.454231858253479,-0.13192355632781982,0.4262070655822754,0.4690152704715729,-0.27556854486465454,0.5262448191642761,0.48425570130348206,0.034613534808158875,0.4945894181728363,0.485791951417923,-0.034812577068805695,0.5321211814880371,0.6118778586387634,0.08089663088321686,0.4972246587276459,0.6259936094284058,-0.09506114572286606,0.5237144231796265,0.6823093295097351,0.32381880283355713,0.4948325753211975,0.7689557671546936,-0.014994611963629723,0.5208689570426941,0.6948753595352173,0.34188807010650635,0.49493923783302307,0.7965996861457825,-0.014973144046962261,0.5211383104324341,0.7388087511062622,0.2486772984266281,0.494121789932251,0.814069390296936,-0.15247902274131775
frame_00148.jpg,0.5058709383010864,0.22613614797592163,-0.22291448712348938,0.5068069696426392,0.21664588153362274,-0.2027323693037033,0.5077396035194397,0.2166658341884613,-0.2030026614665985,0.5086867809295654,0.2165820151567459,-0.20301994681358337,0.5043909549713135,0.21712051331996918,-0.20923557877540588,0.5033947825431824,0.2174915224313736,-0.20952865481376648,0.5020279288291931,0.21763639152050018,-0.20969562232494354,0.511919379234314,0.22373516857624054,-0.09014800190925598,0.49968594312667847,0.22609052062034607,-0.11948879808187485,0.5079188346862793,0.2385147660970688,-0.17837807536125183,0.5051560997962952,0.23881958425045013,-0.1886850744485855,0.5416164398193359,0.3004603087902069,0.001272094319574535,0.4734407067298889,0.30149516463279724,-0.07698968052864075,0.547458291053772,0.39439651370048523,0.011707885190844536,0.460907518863678,0.3958751857280731,-0.09592163562774658,0.5805417895317078,0.4480223059654236,-0.06966741383075714,0.4318229556083679,0.45821940898895264,-0.23952654004096985,0.5914009213447571,0.46222367882728577,-0.09026120603084564,0.4218129515647888,0.47812169790267944,-0.27737677097320557,0.5932997465133667,0.4602511525154114,-0.1344965398311615,0.4196220338344574,0.47739285230636597,-0.308484822511673,0.5886486768722534,0.45446252822875977,-0.0894133597612381,0.4244533181190491,0.46983563899993896,-0.25605088472366333,0.5259152054786682,0.48323094844818115,0.03474830090999603,0.49313440918922424,0.485515296459198,-0.034962914884090424,0.5338842272758484,0.5900068879127502,-0.03061704710125923,0.4976680278778076,0.6297397613525391,-0.09195460379123688,0.5235506892204285,0.6697498559951782,0.21991972625255585,0.49039798974990845,0.805439293384552,-0.021824905648827553,0.5209018588066101,0.6829122304916382,0.2396145761013031,0.4909990429878235,0.8308318853378296,-0.02267257496714592,0.5208953619003296,0.7253629565238953,0.14652860164642334,0.4909709393978119,0.8541051149368286,-0.17351241409778595
frame_00149.jpg,0.5061508417129517,0.22384825348854065,-0.2358989715576172,0.5073342323303223,0.214035764336586,-0.2164963185787201,0.5083735585212708,0.21394874155521393,-0.21678808331489563,0.5093937516212463,0.21380923688411713,-0.21679866313934326,0.5044618844985962,0.2143908590078354,-0.2257193773984909,0.5032563209533691,0.2146366536617279,-0.22599637508392334,0.5016991496086121,0.21468494832515717,-0.22617217898368835,0.512605607509613,0.22047853469848633,-0.10025663673877716,0.49919024109840393,0.22222180664539337,-0.1437084972858429,0.5082077980041504,0.2367473989725113,-0.18943992257118225,0.5052835941314697,0.23679614067077637,-0.20377559959888458,0.5417646169662476,0.2985957860946655,0.0025445963256061077,0.47143301367759705,0.2991555333137512,-0.10281388461589813,0.5477940440177917,0.39169877767562866,0.03356986865401268,0.460731565952301,0.394406795501709,-0.11228545755147934,0.5811334252357483,0.44491517543792725,-0.08140435814857483,0.43009287118911743,0.4580018222332001,-0.24370107054710388,0.5915112495422363,0.46089932322502136,-0.10766392946243286,0.4200803339481354,0.4768119156360626,-0.2858297526836395,0.5942903161048889,0.4583369493484497,-0.14947012066841125,0.41794633865356445,0.4756811857223511,-0.3181031346321106,0.5902916789054871,0.45342519879341125,-0.100521519780159,0.42284685373306274,0.46870237588882446,-0.2610311210155487,0.5258788466453552,0.48145416378974915,0.04666518792510033,0.49225491285324097,0.48507601022720337,-0.04681265726685524,0.534791111946106,0.5975157022476196,0.19686654210090637,0.4979720115661621,0.6299591660499573,-0.10310956090688705,0.5236933827400208,0.6717365980148315,0.4682174324989319,0.48843732476234436,0.8235939741134644,-0.09408856928348541,0.5210245847702026,0.6826028823852539,0.48879989981651306,0.49177080392837524,0.84595787525177,-0.09867143630981445,0.5205891132354736,0.7215803861618042,0.4126245081424713,0.4921317994594574,0.8723036050796509,-0.2561398148536682
frame_00150.jpg,0.5062869787216187,0.22908496856689453,-0.24176231026649475,0.5076314210891724,0.21840576827526093,-0.22019290924072266,0.5087875127792358,0.218416228890419,-0.22049304842948914,0.5099532008171082,0.21843856573104858,-0.22050051391124725,0.5045815110206604,0.21821413934230804,-0.22995296120643616,0.5033601522445679,0.21821607649326324,-0.23022499680519104,0.5017368793487549,0.21812479197978973,-0.23039694130420685,0.5127309560775757,0.2239365577697754,-0.09611476212739944,0.4984897971153259,0.22400501370429993,-0.1415875405073166,0.5082768797874451,0.24117933213710785,-0.1925998479127884,0.5053561329841614,0.24124713242053986,-0.20770935714244843,0.5414990186691284,0.30095237493515015,0.006012271624058485,0.4703889787197113,0.301628977060318,-0.09624895453453064,0.5478335618972778,0.3908560574054718,0.03413550555706024,0.46094369888305664,0.39395564794540405,-0.11617245525121689,0.5814322233200073,0.43799418210983276,-0.1142980307340622,0.42944931983947754,0.4527050256729126,-0.260822057723999,0.5931457281112671,0.4554019272327423,-0.14046601951122284,0.4181583821773529,0.4739009141921997,-0.3072349429130554,0.5964773297309875,0.45347297191619873,-0.1834610402584076,0.4156854748725891,0.4726932644844055,-0.3386879861354828,0.5919651985168457,0.44730597734451294,-0.1346072554588318,0.42116913199424744,0.4641624391078949,-0.278586208820343,0.5259937047958374,0.47944900393486023,0.048359405249357224,0.49168699979782104,0.4831934869289398,-0.04851164668798447,0.5348235964775085,0.5974155068397522,0.1860945224761963,0.4981551170349121,0.6322299838066101,-0.12644460797309875,0.5234848856925964,0.669279158115387,0.4629937708377838,0.48677587509155273,0.8179585337638855,-0.1115674376487732,0.5207585692405701,0.6822755336761475,0.48400211334228516,0.48802876472473145,0.8422698378562927,-0.11601176112890244,0.5202957391738892,0.720129132270813,0.4014192223548889,0.49238425493240356,0.8666966557502747,-0.27828410267829895
frame_00151.jpg,0.506157398223877,0.23665489256381989,-0.23005013167858124,0.5077326893806458,0.22497589886188507,-0.20960548520088196,0.5089157223701477,0.224964901804924,-0.20986449718475342,0.5101097226142883,0.22492434084415436,-0.2098439484834671,0.5046194791793823,0.2251529097557068,-0.21846501529216766,0.5034093856811523,0.2252458930015564,-0.21871976554393768,0.5018098950386047,0.22517816722393036,-0.2189044952392578,0.5127198100090027,0.23192812502384186,-0.0883478969335556,0.49862003326416016,0.23091629147529602,-0.137993723154068,0.5081083178520203,0.24922500550746918,-0.1843106746673584,0.5051255822181702,0.24940328299999237,-0.19776448607444763,0.5384265184402466,0.30279436707496643,0.012140228413045406,0.47071605920791626,0.30363908410072327,-0.07801021635532379,0.5478690266609192,0.39199909567832947,0.025130579248070717,0.46064168214797974,0.3951663672924042,-0.10444092750549316,0.5816037654876709,0.433992862701416,-0.14800165593624115,0.4270387589931488,0.45225560665130615,-0.2568989396095276,0.594627320766449,0.44825848937034607,-0.17769171297550201,0.41426196694374084,0.4711020290851593,-0.30222904682159424,0.5978668928146362,0.4466171860694885,-0.21650457382202148,0.4108496606349945,0.4689296782016754,-0.33349400758743286,0.592820405960083,0.44150930643081665,-0.16753031313419342,0.41723671555519104,0.4618507921695709,-0.2749840021133423,0.525680422782898,0.4801267683506012,0.04825563356280327,0.49228373169898987,0.48418277502059937,-0.04837896674871445,0.5307735204696655,0.6047945618629456,0.12798810005187988,0.49333763122558594,0.640075147151947,-0.14274367690086365,0.5207993984222412,0.6629936099052429,0.3814362585544586,0.4870547652244568,0.8221458792686462,-0.159880131483078,0.5151041746139526,0.6869063973426819,0.4016812741756439,0.4885834753513336,0.8565170168876648,-0.1680169403553009,0.5169621706008911,0.7118174433708191,0.3112937808036804,0.4921572208404541,0.8760525584220886,-0.3307216465473175
frame_00152.jpg,0.5057381391525269,0.24227212369441986,-0.2243468016386032,0.507331371307373,0.23134517669677734,-0.2017478495836258,0.5084988474845886,0.23155005276203156,-0.20207199454307556,0.5097048282623291,0.2317003607749939,-0.2020978033542633,0.5043188333511353,0.23141923546791077,-0.21083641052246094,0.5031798481941223,0.2316415160894394,-0.21109500527381897,0.5016889572143555,0.2316819578409195,-0.21124224364757538,0.5118362903594971,0.2394077628850937,-0.07400459051132202,0.4987819790840149,0.2383628487586975,-0.12035529315471649,0.5074756741523743,0.25489380955696106,-0.17566178739070892,0.504524290561676,0.25474244356155396,-0.18984374403953552,0.5357319116592407,0.31162914633750916,0.014228470623493195,0.4709451198577881,0.31428250670433044,-0.06502586603164673,0.54752516746521,0.3987501263618469,0.014108680188655853,0.4577654302120209,0.40562644600868225,-0.10122095048427582,0.5818398594856262,0.4328363835811615,-0.18608514964580536,0.4220493733882904,0.45226845145225525,-0.2762160003185272,0.5963541269302368,0.4434283673763275,-0.22215381264686584,0.4082328677177429,0.4685105085372925,-0.3248232901096344,0.599114716053009,0.4404030740261078,-0.2609962821006775,0.40395575761795044,0.4655762314796448,-0.3562603294849396,0.5937549471855164,0.4372389018535614,-0.20672695338726044,0.4106485843658447,0.4599437415599823,-0.29533302783966064,0.5242279767990112,0.4904553294181824,0.04662539064884186,0.4923022389411926,0.4935373067855835,-0.04677936062216759,0.5307586789131165,0.6154144406318665,0.12099132686853409,0.49158674478530884,0.65308678150177,-0.13685807585716248,0.5186350345611572,0.662649929523468,0.4128235876560211,0.4863560199737549,0.8268300294876099,-0.11784426867961884,0.5137646794319153,0.6919888854026794,0.43669015169143677,0.4874538779258728,0.8535459041595459,-0.12203244864940643,0.5135859251022339,0.7179399728775024,0.36336350440979004,0.4911576807498932,0.8777174353599548,-0.2775077223777771
frame_00153.jpg,0.5054042339324951,0.26881474256515503,-0.2210991382598877,0.5075139403343201,0.2562081217765808,-0.19904465973377228,0.508611798286438,0.2564745545387268,-0.19938023388385773,0.5099047422409058,0.25687846541404724,-0.19940730929374695,0.5038121938705444,0.2562926709651947,-0.20270280539989471,0.5022134780883789,0.25660860538482666,-0.2029847353696823,0.5002543926239014,0.2569420337677002,-0.20308955013751984,0.5121551156044006,0.26488247513771057,-0.07066036015748978,0.49702686071395874,0.26357048749923706,-0.08135998249053955,0.5075768828392029,0.2812040448188782,-0.1746002733707428,0.5029183626174927,0.28148335218429565,-0.17752104997634888,0.5362419486045837,0.3357481360435486,0.014490561559796333,0.46962881088256836,0.3368138074874878,-0.009267001412808895,0.5475977659225464,0.41386693716049194,0.004061236511915922,0.45642274618148804,0.42030131816864014,-0.034061022102832794,0.5819777250289917,0.4333549439907074,-0.1883689910173416,0.4172183871269226,0.45229747891426086,-0.22279150784015656,0.5963926315307617,0.4403935372829437,-0.22609302401542664,0.40250903367996216,0.46176502108573914,-0.26740652322769165,0.599145770072937,0.43562424182891846,-0.26194462180137634,0.3983379006385803,0.45705923438072205,-0.30148303508758545,0.5938242673873901,0.43448105454444885,-0.2074921876192093,0.40510043501853943,0.4550136923789978,-0.243403360247612,0.5243427157402039,0.5100409984588623,0.023386899381875992,0.49040788412094116,0.5128366351127625,-0.0235688965767622,0.5330694317817688,0.6156437993049622,0.00037060005706734955,0.4896754324436188,0.6710976362228394,-0.0821334570646286,0.5183109045028687,0.6656895875930786,0.2960025668144226,0.48669323325157166,0.8298285007476807,-0.015176750719547272,0.5142501592636108,0.6734312176704407,0.3209173083305359,0.48761487007141113,0.8519397974014282,-0.014124060980975628,0.5105056762695312,0.7225779294967651,0.2360256463289261,0.4874294400215149,0.8798626065254211,-0.1674347221851349
frame_00154.jpg,0.5055297017097473,0.275395005941391,-0.20776161551475525,0.507635772228241,0.2635572850704193,-0.18398353457450867,0.5086546540260315,0.26394492387771606,-0.18428602814674377,0.5101418495178223,0.2644486725330353,-0.18427516520023346,0.5037001371383667,0.2633540630340576,-0.18795454502105713,0.5019137859344482,0.2636464536190033,-0.1882432997226715,0.49974241852760315,0.2640121281147003,-0.1883614957332611,0.5127241611480713,0.2728077471256256,-0.05039967969059944,0.4953163266181946,0.2719278633594513,-0.07068464159965515,0.5076847076416016,0.2881243824958801,-0.1562965214252472,0.5028231143951416,0.2884434759616852,-0.1626857966184616,0.5392247438430786,0.34475889801979065,0.03326978534460068,0.46878185868263245,0.3421764373779297,-0.012581689283251762,0.5477116703987122,0.4253196120262146,0.012003260664641857,0.4569464325904846,0.4241020083427429,-0.05389391630887985,0.5822384357452393,0.43528661131858826,-0.20540539920330048,0.4212258756160736,0.4515027701854706,-0.25504690408706665,0.5945601463317871,0.44092854857444763,-0.24852201342582703,0.4073770046234131,0.4553372263908386,-0.3100765645503998,0.5966299772262573,0.43560945987701416,-0.2844470143318176,0.40273308753967285,0.4516642689704895,-0.3391006290912628,0.5921064019203186,0.43485239148139954,-0.2252943068742752,0.408774197101593,0.45178738236427307,-0.27445903420448303,0.524410605430603,0.5222446322441101,0.02639481984078884,0.4895598292350769,0.5247085690498352,-0.026581767946481705,0.53229820728302,0.6424180269241333,0.011257696896791458,0.4898808002471924,0.682996392250061,-0.09702114760875702,0.5174343585968018,0.6830624938011169,0.40751004219055176,0.4890385568141937,0.8382828831672668,-0.01583055779337883,0.5136883854866028,0.6784282326698303,0.4372352659702301,0.4881347715854645,0.8595789074897766,-0.012818272225558758,0.5090958476066589,0.7361334562301636,0.3596087098121643,0.4865836203098297,0.8868715763092041,-0.16613778471946716
frame_00155.jpg,0.5058872103691101,0.2786683440208435,-0.19163407385349274,0.5077431201934814,0.26818665862083435,-0.16891644895076752,0.5088211297988892,0.2685379683971405,-0.1692015677690506,0.5103262662887573,0.2689628303050995,-0.16918718814849854,0.5037488341331482,0.26819542050361633,-0.17631207406520844,0.501977264881134,0.26854124665260315,-0.17662809789180756,0.4998319149017334,0.26891425251960754,-0.1767762005329132,0.5129281282424927,0.27664169669151306,-0.04227093234658241,0.4956055283546448,0.2758845090866089,-0.07536645233631134,0.5080445408821106,0.291346937417984,-0.14172473549842834,0.5028607249259949,0.29118791222572327,-0.1533365100622177,0.5393351912498474,0.34952086210250854,0.0456683449447155,0.46887078881263733,0.3450189232826233,-0.024321671575307846,0.5472659468650818,0.4306822121143341,0.06464114040136337,0.4571896493434906,0.4239691197872162,-0.05948377400636673,0.581100583076477,0.43975046277046204,-0.09820912033319473,0.42516908049583435,0.45154350996017456,-0.25963422656059265,0.5917694568634033,0.4410642087459564,-0.12853996455669403,0.41329270601272583,0.455578476190567,-0.3110920786857605,0.5939794182777405,0.4365988075733185,-0.16713754832744598,0.40911611914634705,0.45259416103363037,-0.3379713296890259,0.5892002582550049,0.43556052446365356,-0.1174970418214798,0.4161970019340515,0.45221608877182007,-0.277058869600296,0.5244966745376587,0.5325754284858704,0.028043201193213463,0.488971084356308,0.5330708622932434,-0.028187286108732224,0.5322608351707458,0.6564988493919373,0.04366132616996765,0.4905502200126648,0.689403235912323,-0.10267748683691025,0.5173300504684448,0.6989802122116089,0.38830870389938354,0.4902610182762146,0.8434804677963257,-0.0303175188601017,0.5129464268684387,0.6990925073623657,0.41532331705093384,0.48844781517982483,0.861095130443573,-0.027537818998098373,0.5096222758293152,0.7618049383163452,0.3435969948768616,0.4864169955253601,0.8921872973442078,-0.17212200164794922
frame_00156.jpg,0.5056905746459961,0.2731929123401642,-0.17522911727428436,0.5077581405639648,0.26277899742126465,-0.15396185219287872,0.5089857578277588,0.26294055581092834,-0.15425334870815277,0.5105189681053162,0.2631724178791046,-0.15423870086669922,0.5034981966018677,0.2631446421146393,-0.1546178162097931,0.5017119646072388,0.2635277509689331,-0.15489767491817474,0.4995882511138916,0.2638475000858307,-0.15501829981803894,0.51295405626297,0.27021610736846924,-0.036216430366039276,0.4957178235054016,0.27010849118232727,-0.03869505599141121,0.5080909729003906,0.28553104400634766,-0.1292509138584137,0.5028312802314758,0.285759299993515,-0.13211075961589813,0.5413684248924255,0.34405210614204407,0.030257612466812134,0.4689123034477234,0.3413838744163513,0.021444810554385185,0.5463317036628723,0.43126773834228516,-0.03645447641611099,0.45990294218063354,0.42205026745796204,-0.019625870510935783,0.5794471502304077,0.4447454512119293,-0.2782304584980011,0.42837661504745483,0.452354371547699,-0.23576340079307556,0.5895794630050659,0.44588610529899597,-0.33008986711502075,0.41676679253578186,0.4564996063709259,-0.29118824005126953,0.5916998386383057,0.4396275281906128,-0.3620832562446594,0.41281700134277344,0.45363855361938477,-0.3233124315738678,0.587266743183136,0.43956413865089417,-0.29705098271369934,0.41913098096847534,0.4526252746582031,-0.2567116320133209,0.5250816345214844,0.5251146554946899,0.015829745680093765,0.4891003668308258,0.5260064601898193,-0.015973573550581932,0.532241940498352,0.6505905389785767,0.05207011103630066,0.4905892312526703,0.6872445344924927,-0.08162394911050797,0.5174307823181152,0.6979182362556458,0.3987276554107666,0.49026861786842346,0.8414732813835144,0.01151304505765438,0.5131327509880066,0.6987432241439819,0.42830365896224976,0.48844853043556213,0.8586180210113525,0.015448855236172676,0.5101013779640198,0.7586022019386292,0.35704752802848816,0.4878482222557068,0.886201024055481,-0.1271364539861679
frame_00157.jpg,0.5056562423706055,0.27218130230903625,-0.18264594674110413,0.5078133940696716,0.26151853799819946,-0.15994328260421753,0.5090990662574768,0.2620183527469635,-0.16022835671901703,0.5105770826339722,0.2625552713871002,-0.1602107286453247,0.5033162832260132,0.26151132583618164,-0.16315355896949768,0.5014861822128296,0.26195794343948364,-0.16343705356121063,0.4993169903755188,0.2623409628868103,-0.16355977952480316,0.5135551691055298,0.2668400704860687,-0.03509799763560295,0.49565815925598145,0.26868996024131775,-0.049277838319540024,0.5081526041030884,0.2851102948188782,-0.13450786471366882,0.5029087662696838,0.2850554883480072,-0.14060847461223602,0.5418142080307007,0.341450035572052,0.03284190967679024,0.46921291947364807,0.3406553268432617,0.006254840642213821,0.5453007817268372,0.4294407069683075,-0.010288773104548454,0.4605664610862732,0.4216793179512024,-0.025713607668876648,0.5792250633239746,0.44572022557258606,-0.22918514907360077,0.42883196473121643,0.45454877614974976,-0.27362048625946045,0.589180052280426,0.4500259459018707,-0.2739850878715515,0.41913747787475586,0.4590722620487213,-0.3290310502052307,0.5912116765975952,0.4451946020126343,-0.3088880181312561,0.4154897630214691,0.45542871952056885,-0.3575744926929474,0.5865786671638489,0.4444147050380707,-0.24847054481506348,0.42060843110084534,0.4542958438396454,-0.2927287518978119,0.526515543460846,0.5243028402328491,0.016620125621557236,0.48923271894454956,0.5256340503692627,-0.016803838312625885,0.5322467088699341,0.6338889002799988,-0.028066184371709824,0.49185067415237427,0.6774865388870239,-0.08577974140644073,0.5182610750198364,0.6976557970046997,0.26971670985221863,0.49013644456863403,0.8371604681015015,-0.0030303187668323517,0.5147417187690735,0.700372576713562,0.2941429018974304,0.48826757073402405,0.8566854000091553,-0.0007839563186280429,0.5103994607925415,0.7570916414260864,0.20696881413459778,0.4878915250301361,0.8719844818115234,-0.1461348533630371
frame_00158.jpg,0.5058696269989014,0.25602835416793823,-0.23223833739757538,0.5081506371498108,0.24381951987743378,-0.20727725327014923,0.509594202041626,0.2436470091342926,-0.20756764709949493,0.5111788511276245,0.24357178807258606,-0.20753245055675507,0.5035321116447449,0.24423572421073914,-0.21225205063819885,0.5017322301864624,0.24444468319416046,-0.2125578671693802,0.49961477518081665,0.2445932775735855,-0.21270473301410675,0.5145238041877747,0.24700698256492615,-0.07447437942028046,0.49587756395339966,0.2495419830083847,-0.09613101929426193,0.5085269212722778,0.26709261536598206,-0.18117362260818481,0.5030808448791504,0.2681034803390503,-0.18956241011619568,0.5432647466659546,0.3204422891139984,0.013190468773245811,0.469423770904541,0.32803216576576233,-0.03170549497008324,0.5461782217025757,0.41255807876586914,0.021999910473823547,0.46061190962791443,0.4106330871582031,-0.02737073227763176,0.5791544318199158,0.44567304849624634,-0.12544767558574677,0.42884373664855957,0.4545958638191223,-0.23636093735694885,0.5890198945999146,0.4520590007305145,-0.15525272488594055,0.4194272458553314,0.46358639001846313,-0.2818835377693176,0.5908918380737305,0.4492087662220001,-0.1941472738981247,0.4160630702972412,0.46024224162101746,-0.3122684061527252,0.5862659811973572,0.44732239842414856,-0.14367783069610596,0.4209516942501068,0.45685118436813354,-0.2541041970252991,0.5266315340995789,0.4994469881057739,0.01955730840563774,0.4893310070037842,0.5034042596817017,-0.019728654995560646,0.5324990153312683,0.6263229250907898,0.0023877646308392286,0.49348124861717224,0.6381378769874573,-0.0907277762889862,0.5209226012229919,0.6973389387130737,0.2571558952331543,0.488313764333725,0.7777092456817627,0.016444871202111244,0.5177358984947205,0.7035866379737854,0.2764139771461487,0.4920986294746399,0.7743809223175049,0.021973775699734688,0.51381516456604,0.7570582032203674,0.17852561175823212,0.48577985167503357,0.8226801753044128,-0.11374454200267792
frame_00159.jpg,0.5082128643989563,0.23950065672397614,-0.2208494395017624,0.5092793703079224,0.22771278023719788,-0.19786414504051208,0.5102660655975342,0.22752299904823303,-0.19815723598003387,0.5113982558250427,0.2273811250925064,-0.19814011454582214,0.5063416361808777,0.22843188047409058,-0.20516562461853027,0.5053936243057251,0.22878749668598175,-0.20548108220100403,0.5043336153030396,0.2290618121623993,-0.20564886927604675,0.5145425796508789,0.23343589901924133,-0.07559439539909363,0.502784013748169,0.237387552857399,-0.1136445552110672,0.510851263999939,0.2518143653869629,-0.17242535948753357,0.5070103406906128,0.2533568739891052,-0.18416360020637512,0.543099045753479,0.3128729462623596,0.013433682732284069,0.4723213315010071,0.3128662109375,-0.0664287582039833,0.5488362908363342,0.3984261751174927,0.05485105514526367,0.4611968994140625,0.3996645510196686,-0.08495061099529266,0.5794293284416199,0.44543758034706116,-0.06446705758571625,0.4297826886177063,0.45460471510887146,-0.23590627312660217,0.5893005132675171,0.4542243778705597,-0.08654402941465378,0.4206992983818054,0.4695112109184265,-0.27831125259399414,0.5910190343856812,0.4521125853061676,-0.127507746219635,0.4180930554866791,0.46670979261398315,-0.3073170781135559,0.5863929986953735,0.44857022166252136,-0.08310119807720184,0.42283353209495544,0.4603710174560547,-0.25252825021743774,0.5266767740249634,0.49210596084594727,0.024821341037750244,0.48995286226272583,0.4937352240085602,-0.025037407875061035,0.532192587852478,0.6271671652793884,0.02012716606259346,0.49563008546829224,0.6398533582687378,-0.09062953293323517,0.5216621160507202,0.7250691652297974,0.2548246383666992,0.4905577600002289,0.7900908589363098,0.009891156107187271,0.5192272663116455,0.7092759609222412,0.2692488729953766,0.4916869103908539,0.7993026375770569,0.014459858648478985,0.5144596695899963,0.7621783018112183,0.16833707690238953,0.489258348941803,0.8342458009719849,-0.11960051208734512
frame_00160.jpg,0.5104855298995972,0.2256375253200531,-0.1690370738506317,0.5102011561393738,0.21445345878601074,-0.14806613326072693,0.5106335878372192,0.21421264111995697,-0.14832572638988495,0.5114666223526001,0.21386870741844177,-0.14830169081687927,0.5093376040458679,0.21509461104869843,-0.158778578042984,0.5092042684555054,0.21540597081184387,-0.1590879112482071,0.5089937448501587,0.2154930680990219,-0.15925270318984985,0.5143170952796936,0.22081877291202545,-0.03957279026508331,0.508097231388092,0.22428323328495026,-0.09413762390613556,0.5127418041229248,0.23914064466953278,-0.12612779438495636,0.5104051232337952,0.23958846926689148,-0.1420065015554428,0.5441522002220154,0.29897990822792053,0.04681192338466644,0.47564560174942017,0.29862213134765625,-0.05353853851556778,0.5534871220588684,0.3879249393939972,0.0947134867310524,0.4622337818145752,0.39263877272605896,-0.08316368609666824,0.5842603445053101,0.44509202241897583,-0.030119800940155983,0.43036216497421265,0.45432567596435547,-0.20893792808055878,0.5921508073806763,0.4545062482357025,-0.05185962840914726,0.42116299271583557,0.4708387553691864,-0.25063130259513855,0.5950706005096436,0.45326119661331177,-0.09398481249809265,0.41885581612586975,0.4686988294124603,-0.27927833795547485,0.5905474424362183,0.44884076714515686,-0.049528125673532486,0.42353639006614685,0.46177998185157776,-0.22489464282989502,0.5273842811584473,0.4834534525871277,0.03142688423395157,0.4930942952632904,0.4834681451320648,-0.031632401049137115,0.5321966409683228,0.6264723539352417,0.04222908616065979,0.4987620711326599,0.6361466646194458,-0.09996761381626129,0.5222619771957397,0.7277153134346008,0.24630232155323029,0.49014511704444885,0.7867259383201599,0.0002546717878431082,0.5191447734832764,0.735641598701477,0.25811687111854553,0.4917142391204834,0.8047835826873779,0.004568274132907391,0.5177145600318909,0.773419976234436,0.14877620339393616,0.48717308044433594,0.8361016511917114,-0.1323154717683792
frame_00161.jpg,0.5117345452308655,0.21603721380233765,-0.12648671865463257,0.5105119347572327,0.20584392547607422,-0.11374733597040176,0.5106576681137085,0.20556743443012238,-0.11402197927236557,0.5109803080558777,0.20516353845596313,-0.114021897315979,0.5119432210922241,0.20625105500221252,-0.12388201802968979,0.512744665145874,0.20629629492759705,-0.12417452037334442,0.5135570764541626,0.20608685910701752,-0.12433602660894394,0.5118340253829956,0.21187731623649597,-0.03995199874043465,0.5142936706542969,0.21415400505065918,-0.09278998523950577,0.5129976868629456,0.22914239764213562,-0.09685517102479935,0.51258385181427,0.22903701663017273,-0.11187458038330078,0.541481077671051,0.2886284291744232,0.034479785710573196,0.47934794425964355,0.29032957553863525,-0.06965552270412445,0.5548404455184937,0.38409653306007385,0.06950419396162033,0.46473199129104614,0.38929474353790283,-0.1048811823129654,0.5883309841156006,0.4403151571750641,-0.03829183429479599,0.432992547750473,0.45153120160102844,-0.21503126621246338,0.5981798768043518,0.45434167981147766,-0.056312721222639084,0.4218292832374573,0.4703700840473175,-0.26581597328186035,0.6023961901664734,0.4531359076499939,-0.09740068018436432,0.4192064702510834,0.4683883786201477,-0.295060932636261,0.5973383188247681,0.44879382848739624,-0.057222507894039154,0.42474156618118286,0.4616899788379669,-0.23408520221710205,0.5249260663986206,0.4719497263431549,0.033443696796894073,0.5032134056091309,0.47256675362586975,-0.03361968323588371,0.5299248099327087,0.6233846545219421,0.0777810737490654,0.5028091073036194,0.6147192716598511,-0.07767795026302338,0.5222896933555603,0.7308441400527954,0.19971728324890137,0.4965192675590515,0.761327862739563,0.008002804592251778,0.5191487073898315,0.7421161532402039,0.20292122662067413,0.5008981823921204,0.7594617605209351,0.010472338646650314,0.5213771462440491,0.7876447439193726,0.08400122076272964,0.5026729106903076,0.8068870306015015,-0.12075828015804291
frame_00162.jpg,0.5121749639511108,0.21880578994750977,-0.11608590930700302,0.5106090307235718,0.20791095495224,-0.10323482751846313,0.5106489062309265,0.20747265219688416,-0.10350620746612549,0.5106149911880493,0.20693574845790863,-0.10350923240184784,0.512626588344574,0.20839646458625793,-0.11273989826440811,0.5135774612426758,0.20834822952747345,-0.11303085088729858,0.5145394802093506,0.2080555260181427,-0.11318662017583847,0.5109988451004028,0.21285150945186615,-0.03185098245739937,0.5155029296875,0.21485765278339386,-0.07872824370861053,0.5131144523620605,0.230937197804451,-0.08619232475757599,0.5134474635124207,0.23135314881801605,-0.10033327341079712,0.5428680181503296,0.2898472845554352,0.033710699528455734,0.47950053215026855,0.2900810241699219,-0.06218486279249191,0.5563863515853882,0.3811878263950348,0.07298609614372253,0.46589794754981995,0.3858778774738312,-0.09629210829734802,0.5927057266235352,0.43508803844451904,-0.02543923631310463,0.4333215653896332,0.44996848702430725,-0.21882815659046173,0.6028363704681396,0.4517576992511749,-0.04258564114570618,0.42184990644454956,0.47004756331443787,-0.2599673271179199,0.6068409085273743,0.4509514272212982,-0.08416570723056793,0.4192167818546295,0.4680190682411194,-0.28878581523895264,0.6017675995826721,0.4452044665813446,-0.044436585158109665,0.42472997307777405,0.4612805247306824,-0.23603323101997375,0.5250303149223328,0.4749215245246887,0.03390379995107651,0.5027475357055664,0.4754126965999603,-0.03407403081655502,0.5298336744308472,0.6234983801841736,0.07718874514102936,0.5024421215057373,0.6156614422798157,-0.0791589766740799,0.5232599377632141,0.7407594919204712,0.19174747169017792,0.49767082929611206,0.7543830275535583,0.02608649805188179,0.5204653739929199,0.7543927431106567,0.19779184460639954,0.5025755763053894,0.7582911849021912,0.031057819724082947,0.5228803753852844,0.7871935963630676,0.08228687942028046,0.5054154396057129,0.8000356554985046,-0.09459464997053146
frame_00163.jpg,0.5148969888687134,0.22413389384746552,-0.19761714339256287,0.5154093503952026,0.21312390267848969,-0.17346470057964325,0.5167039632797241,0.2128201127052307,-0.17374292016029358,0.5180303454399109,0.21250790357589722,-0.17371007800102234,0.5135049223899841,0.21338100731372833,-0.18262049555778503,0.5132656097412109,0.21331144869327545,-0.18295125663280487,0.5132206082344055,0.21310195326805115,-0.18315258622169495,0.5193756222724915,0.2176864892244339,-0.04561660438776016,0.5136141777038574,0.21917624771595,-0.08927234262228012,0.5178418159484863,0.23560450971126556,-0.14696809649467468,0.5144794583320618,0.23625248670578003,-0.16050605475902557,0.5486633777618408,0.29353970289230347,0.03730842471122742,0.479428231716156,0.2929806411266327,-0.05748593062162399,0.5580487847328186,0.38208264112472534,0.07072877138853073,0.46731191873550415,0.3870081305503845,-0.09114264696836472,0.593889057636261,0.4288271963596344,-0.06383315473794937,0.43418088555336,0.4444963335990906,-0.22588792443275452,0.6044386625289917,0.4437241852283478,-0.0879739373922348,0.4221936762332916,0.46460390090942383,-0.26484304666519165,0.6079846620559692,0.44395115971565247,-0.12848663330078125,0.41952967643737793,0.4624309241771698,-0.29525038599967957,0.6032263040542603,0.4388718903064728,-0.08305446058511734,0.42524832487106323,0.45483288168907166,-0.2422122061252594,0.5297126770019531,0.47757408022880554,0.03144438937306404,0.5014646053314209,0.4764547646045685,-0.031671203672885895,0.5314139723777771,0.6236098408699036,-0.014823496341705322,0.49788132309913635,0.6057647466659546,-0.08205421268939972,0.5278928279876709,0.7578943967819214,0.0940069928765297,0.4970870018005371,0.727632462978363,0.07912173867225647,0.5245490074157715,0.774017870426178,0.09759178012609482,0.501133143901825,0.7405344247817993,0.09163873642683029,0.5291048288345337,0.8019834756851196,-0.03655655309557915,0.506168007850647,0.7657222151756287,-0.02522512897849083
frame_00164.jpg,0.5152519345283508,0.22716403007507324,-0.16431361436843872,0.5169097185134888,0.21614977717399597,-0.1367591917514801,0.5189685225486755,0.2158871293067932,-0.13699641823768616,0.5211057662963867,0.21562649309635162,-0.1369403898715973,0.5131962895393372,0.21642747521400452,-0.14606523513793945,0.5126433372497559,0.2164193093776703,-0.14639674127101898,0.512604832649231,0.21628430485725403,-0.14658550918102264,0.52367103099823,0.22090965509414673,-0.0032665333710610867,0.5135291218757629,0.222553089261055,-0.04416000843048096,0.5190911889076233,0.23876844346523285,-0.11220443248748779,0.5142121911048889,0.23945049941539764,-0.1257714033126831,0.55198734998703,0.2957291901111603,0.09092570096254349,0.47954249382019043,0.29445749521255493,-0.018342439085245132,0.559656023979187,0.3855600953102112,0.10097876936197281,0.4680439829826355,0.38757508993148804,-0.0883588045835495,0.5948615670204163,0.42763030529022217,-0.0691080242395401,0.43477869033813477,0.44351908564567566,-0.26261046528816223,0.6064140200614929,0.43882083892822266,-0.09792865067720413,0.42229580879211426,0.4607817232608795,-0.3137345016002655,0.6095880270004272,0.4379982054233551,-0.13819709420204163,0.41942963004112244,0.4578200876712799,-0.34042876958847046,0.6047201752662659,0.43453484773635864,-0.08930737525224686,0.4252122938632965,0.45091110467910767,-0.2791652977466583,0.5326371788978577,0.47903019189834595,0.03158560395240784,0.5007703304290771,0.47930413484573364,-0.031819045543670654,0.5336980819702148,0.6390383243560791,-0.03624951094388962,0.5007603764533997,0.6120021343231201,-0.086971215903759,0.5295748710632324,0.8001206517219543,0.04326498508453369,0.49713629484176636,0.7485397458076477,0.07272680103778839,0.5251907110214233,0.8203964829444885,0.04267488420009613,0.500515341758728,0.7630529999732971,0.08418811857700348,0.5311028957366943,0.8416911959648132,-0.10847093909978867,0.5039297342300415,0.7913827300071716,-0.042216502130031586
frame_00165.jpg,0.5152852535247803,0.25511154532432556,-0.1979188770055771,0.5180467367172241,0.24263207614421844,-0.1720539927482605,0.5205560922622681,0.2424495667219162,-0.1722913384437561,0.5231202244758606,0.24250277876853943,-0.1722322702407837,0.5128920078277588,0.24359679222106934,-0.17397239804267883,0.5124505758285522,0.24415349960327148,-0.17432758212089539,0.511644721031189,0.24469102919101715,-0.17451876401901245,0.5257657766342163,0.24950167536735535,-0.03340615704655647,0.5097013711929321,0.25160786509513855,-0.05528362840414047,0.519623875617981,0.26624995470046997,-0.14644600450992584,0.5138550996780396,0.2671460807323456,-0.15049955248832703,0.5539976954460144,0.3168804943561554,0.058965496718883514,0.4792824387550354,0.3170689642429352,0.0011317479657009244,0.562552273273468,0.3930911421775818,0.057180266827344894,0.4677655100822449,0.408355712890625,-0.03785570710897446,0.5969618558883667,0.4283360242843628,-0.09332288801670074,0.43472233414649963,0.44333383440971375,-0.24681058526039124,0.6082361936569214,0.4362318217754364,-0.12122802436351776,0.4198426604270935,0.45449909567832947,-0.2966028153896332,0.6112189888954163,0.4340784251689911,-0.1552395522594452,0.41684263944625854,0.44981011748313904,-0.33101049065589905,0.6065160632133484,0.4324602782726288,-0.10991112142801285,0.4236970841884613,0.44591328501701355,-0.26695215702056885,0.5337859392166138,0.4950450658798218,0.020763305947184563,0.5003443360328674,0.49282076954841614,-0.02096780575811863,0.5381302237510681,0.6701748967170715,-0.05365873500704765,0.4965946078300476,0.6192744374275208,-0.2044212818145752,0.530791699886322,0.8132316470146179,0.024008676409721375,0.4968905448913574,0.7342120409011841,-0.055319227278232574,0.5247007608413696,0.8405962586402893,0.0233314149081707,0.5058946013450623,0.7410566806793213,-0.04451201111078262,0.5346952080726624,0.8530164957046509,-0.12910166382789612,0.5031707882881165,0.7759554982185364,-0.17404158413410187
frame_00166.jpg,0.5151393413543701,0.2693193852901459,-0.11881300061941147,0.5185552835464478,0.25768834352493286,-0.09631110727787018,0.5211206078529358,0.2579710781574249,-0.09660191088914871,0.5236221551895142,0.25852319598197937,-0.09656071662902832,0.5127756595611572,0.2580578923225403,-0.09430043399333954,0.5121175646781921,0.2586435377597809,-0.0946560949087143,0.5115432143211365,0.25927892327308655,-0.09478742629289627,0.5275274515151978,0.26603564620018005,0.022273140028119087,0.5095466375350952,0.2660965919494629,0.029692869633436203,0.519501805305481,0.2805125415325165,-0.07295970618724823,0.513809084892273,0.2822103202342987,-0.07212036848068237,0.5560968518257141,0.33447328209877014,0.08755846321582794,0.4804759621620178,0.33354660868644714,0.08663390576839447,0.5667300820350647,0.41679847240448,0.04416181147098541,0.46801644563674927,0.4180554747581482,0.04959544539451599,0.5966361165046692,0.42899224162101746,-0.17539426684379578,0.43620824813842773,0.4438816010951996,-0.16378413140773773,0.607745885848999,0.43677109479904175,-0.22231081128120422,0.42046451568603516,0.4518185555934906,-0.21303129196166992,0.6101881265640259,0.4318949580192566,-0.25099387764930725,0.4173826277256012,0.4467312693595886,-0.24505560100078583,0.6054395437240601,0.4314183294773102,-0.19286245107650757,0.4245886206626892,0.44465285539627075,-0.1838407814502716,0.536052405834198,0.5163305401802063,0.0016841336619108915,0.5011917948722839,0.5127875804901123,-0.0018939657602459192,0.5379735231399536,0.6839398145675659,-0.08303333073854446,0.50166916847229,0.6380869150161743,-0.0904466062784195,0.5300624966621399,0.8469217419624329,-0.00820155255496502,0.49665379524230957,0.7345917820930481,0.21615183353424072,0.5233645439147949,0.8730498552322388,-0.009115362539887428,0.5048821568489075,0.7417460083961487,0.24269524216651917,0.5340522527694702,0.8754605054855347,-0.17128244042396545,0.5005084872245789,0.7772656083106995,0.145855113863945
frame_00167.jpg,0.5155550837516785,0.28170549869537354,-0.05561734363436699,0.5201224088668823,0.2705383896827698,-0.03211401030421257,0.5229796171188354,0.27100667357444763,-0.03236453980207443,0.5256897211074829,0.27159959077835083,-0.03230985254049301,0.5130614042282104,0.2702201306819916,-0.030233820900321007,0.5118993520736694,0.2706363797187805,-0.03054245188832283,0.5112172365188599,0.271187424659729,-0.030654072761535645,0.5297241806983948,0.2779669463634491,0.07863681018352509,0.5094188451766968,0.2782936990261078,0.08768711984157562,0.5202243328094482,0.29359087347984314,-0.013544621877372265,0.5135209560394287,0.2943166494369507,-0.012689189985394478,0.5562293529510498,0.35079777240753174,0.12440480291843414,0.4823201596736908,0.3479492962360382,0.12134610116481781,0.5666353702545166,0.4282243847846985,0.04575222358107567,0.4679469168186188,0.4238017797470093,0.06029089167714119,0.5958472490310669,0.43145596981048584,-0.19401879608631134,0.4406627118587494,0.44518378376960754,-0.15323077142238617,0.606875479221344,0.43782028555870056,-0.24468305706977844,0.42724913358688354,0.45228344202041626,-0.20317316055297852,0.6088281869888306,0.433129221200943,-0.2703055739402771,0.42438364028930664,0.44799360632896423,-0.2310115545988083,0.604162335395813,0.43237289786338806,-0.210854172706604,0.431419312953949,0.44591808319091797,-0.17190977931022644,0.5367866158485413,0.5338742733001709,0.005515470169484615,0.5019616484642029,0.5281382203102112,-0.005725892260670662,0.5378407835960388,0.6993980407714844,-0.0844632089138031,0.5045582056045532,0.6521407961845398,-0.09804170578718185,0.5296007394790649,0.8578184247016907,-0.014121447689831257,0.4999462068080902,0.7450049519538879,0.15545624494552612,0.5225955843925476,0.878108024597168,-0.015227079391479492,0.504453718662262,0.7539945840835571,0.17800472676753998,0.5348931550979614,0.8887848258018494,-0.1685597002506256,0.5028036236763,0.7883307933807373,0.08060546219348907
frame_00168.jpg,0.5161921381950378,0.2810658812522888,-0.0783023089170456,0.5217012763023376,0.2698499262332916,-0.04649437963962555,0.5248342752456665,0.27021464705467224,-0.04668513685464859,0.5278282761573792,0.2707518935203552,-0.046243418008089066,0.5138864517211914,0.27071380615234375,-0.06662614643573761,0.512214720249176,0.2716555893421173,-0.066815584897995,0.5110082030296326,0.2726515233516693,-0.06686829030513763,0.5320550203323364,0.27832746505737305,0.050211019814014435,0.5092989206314087,0.2805570960044861,0.019985724240541458,0.5210521221160889,0.2939445376396179,-0.018722673878073692,0.5134282112121582,0.2951401174068451,-0.056556809693574905,0.5567919015884399,0.3548557162284851,0.09636847674846649,0.4848986566066742,0.34839943051338196,0.0735180675983429,0.5657286643981934,0.434366911649704,0.05954296514391899,0.4717261791229248,0.4252319633960724,0.09952433407306671,0.5954322218894958,0.4381939768791199,-0.13158586621284485,0.449759304523468,0.4468899071216583,-0.01951773464679718,0.6065952181816101,0.44082745909690857,-0.1744842231273651,0.440865695476532,0.4529999792575836,-0.055257998406887054,0.6076401472091675,0.43342849612236023,-0.20142391324043274,0.4369385242462158,0.44918492436408997,-0.08558576554059982,0.6028100848197937,0.43401211500167847,-0.14676997065544128,0.4428528845310211,0.44620922207832336,-0.0362330824136734,0.5362207293510437,0.537784218788147,0.007530677132308483,0.5017337799072266,0.5343433022499084,-0.007725273724645376,0.5377334356307983,0.702262818813324,-0.05258175730705261,0.5048574805259705,0.6725814938545227,-0.08069027960300446,0.5295428037643433,0.8485227823257446,0.055793654173612595,0.5012946128845215,0.7783222794532776,0.17814534902572632,0.5212486982345581,0.8720359206199646,0.05179659277200699,0.5056659579277039,0.7881467938423157,0.20017316937446594,0.5369035005569458,0.9010788798332214,-0.06520207226276398,0.5051372051239014,0.8275526762008667,0.08813022077083588
frame_00169.jpg,0.5184915065765381,0.2742507755756378,-0.12996861338615417,0.5242413282394409,0.26327505707740784,-0.09430649876594543,0.5273111462593079,0.2635118365287781,-0.09448540210723877,0.5302196741104126,0.2638525366783142,-0.09417964518070221,0.5157519578933716,0.2639094889163971,-0.1108793169260025,0.5133732557296753,0.26458364725112915,-0.11119691282510757,0.5113694667816162,0.2652339041233063,-0.11133788526058197,0.53316730260849,0.27064234018325806,0.023859936743974686,0.5091158151626587,0.2727373540401459,0.0007188098388724029,0.5229992270469666,0.28693291544914246,-0.06404758244752884,0.5147349238395691,0.2878613770008087,-0.09306904673576355,0.5578734278678894,0.34809595346450806,0.0902048870921135,0.48486247658729553,0.3426327109336853,0.04234376922249794,0.5649921894073486,0.4301172196865082,0.06768646836280823,0.47873932123184204,0.424906462430954,-0.004614417441189289,0.5950576066970825,0.4439811408519745,-0.13030506670475006,0.4502830505371094,0.44971439242362976,-0.18304786086082458,0.606094241142273,0.44900211691856384,-0.16984882950782776,0.4389493465423584,0.45320865511894226,-0.23115262389183044,0.6072200536727905,0.4412907063961029,-0.20103731751441956,0.434997022151947,0.4498245418071747,-0.2593092620372772,0.6024030447006226,0.4406023323535919,-0.1472056657075882,0.4412016272544861,0.44799190759658813,-0.19997289776802063,0.5359973311424255,0.529952883720398,0.017748622223734856,0.5017005801200867,0.5280743837356567,-0.017970925197005272,0.537524938583374,0.6876155138015747,-0.052975695580244064,0.5062981843948364,0.6239756345748901,-0.18138252198696136,0.5280510783195496,0.8339784145355225,0.035129569470882416,0.5009519457817078,0.7542657256126404,0.03923521935939789,0.5195237994194031,0.8533646464347839,0.035236965864896774,0.5084222555160522,0.7491043210029602,0.05801013857126236,0.5341376662254333,0.8751916885375977,-0.10733558982610703,0.5044028162956238,0.8018621802330017,-0.04668501764535904
frame_00170.jpg,0.5189300179481506,0.2726310193538666,-0.18945130705833435,0.524192214012146,0.2621777355670929,-0.16324584186077118,0.5270501375198364,0.2626836597919464,-0.16348843276500702,0.5297296047210693,0.26334816217422485,-0.16338269412517548,0.5163258910179138,0.2637348473072052,-0.16868838667869568,0.5139540433883667,0.26333242654800415,-0.1690516471862793,0.5117128491401672,0.2629099190235138,-0.1692335456609726,0.5332353115081787,0.26475635170936584,-0.026130935177206993,0.5088809728622437,0.26526039838790894,-0.04478435590863228,0.5231716632843018,0.28635266423225403,-0.13349255919456482,0.5151563882827759,0.2875317931175232,-0.14322660863399506,0.5598379373550415,0.33731749653816223,0.07178052514791489,0.48454031348228455,0.33634504675865173,0.016193944960832596,0.5666539072990417,0.428676038980484,0.07192449271678925,0.47963422536849976,0.42440691590309143,-0.02242995798587799,0.5949999690055847,0.44726821780204773,-0.09153269231319427,0.449576199054718,0.45072680711746216,-0.19592449069023132,0.6058067083358765,0.4537802040576935,-0.12150163948535919,0.43779754638671875,0.4546099901199341,-0.24029752612113953,0.6069304943084717,0.44965609908103943,-0.1576698124408722,0.4332163333892822,0.45227187871932983,-0.2695431411266327,0.602154552936554,0.44808509945869446,-0.10918492078781128,0.4397248327732086,0.4495334029197693,-0.21297188103199005,0.536254346370697,0.5148452520370483,0.017687229439616203,0.501871645450592,0.5135020017623901,-0.017924128100275993,0.5366305112838745,0.6846809387207031,-0.07661767303943634,0.5063381195068359,0.622951865196228,-0.14474287629127502,0.5277853012084961,0.8285152316093445,-0.04560113325715065,0.500696063041687,0.7437224984169006,0.046951111406087875,0.5195561647415161,0.8491841554641724,-0.05166270583868027,0.510452151298523,0.7414063215255737,0.06107482314109802,0.5324474573135376,0.8675866723060608,-0.2163621187210083,0.5038071870803833,0.7883242964744568,-0.05678560212254524
frame_00171.jpg,0.5210952758789062,0.2506634294986725,-0.1454840898513794,0.524531900882721,0.23987244069576263,-0.11777321994304657,0.5267826914787292,0.24033202230930328,-0.11799198389053345,0.5289990305900574,0.24078109860420227,-0.11788604408502579,0.5190178155899048,0.23912930488586426,-0.12341582775115967,0.5174326300621033,0.23869457840919495,-0.12376163899898529,0.5157716274261475,0.23823457956314087,-0.12391938269138336,0.532278299331665,0.24445073306560516,0.013593653216958046,0.5125637650489807,0.24341890215873718,-0.010959824547171593,0.5242872834205627,0.26297077536582947,-0.09513154625892639,0.518306314945221,0.2628891170024872,-0.10494329780340195,0.5604887008666992,0.32037484645843506,0.08719849586486816,0.4856780171394348,0.3208441734313965,0.03196883946657181,0.56728196144104,0.4168897271156311,0.070101298391819,0.48004597425460815,0.41490083932876587,-0.018178101629018784,0.5951656699180603,0.4475533664226532,-0.12098076194524765,0.4482274651527405,0.4524550437927246,-0.1992395520210266,0.6055159568786621,0.45732176303863525,-0.15193594992160797,0.43641138076782227,0.46635696291923523,-0.2461698055267334,0.6071709990501404,0.4544607400894165,-0.18760016560554504,0.4319106936454773,0.46319282054901123,-0.2772741913795471,0.6023362278938293,0.4512990415096283,-0.1383093297481537,0.4383924603462219,0.4568806290626526,-0.21731968224048615,0.5364530086517334,0.5083891749382019,0.02030124142765999,0.5023218393325806,0.505119800567627,-0.02054423652589321,0.5364428162574768,0.6831693649291992,-0.0765659362077713,0.5063884854316711,0.5853433012962341,-0.36321255564689636,0.5282747149467468,0.8335710763931274,-0.038738153874874115,0.5066170692443848,0.6922160983085632,-0.1961216926574707,0.5201963186264038,0.8563099503517151,-0.04423936828970909,0.5106798410415649,0.7060558199882507,-0.18290682137012482,0.5287553071975708,0.8714179992675781,-0.2084181010723114,0.5109209418296814,0.7479488849639893,-0.3052210211753845
frame_00172.jpg,0.5229718089103699,0.23716284334659576,-0.11783518642187119,0.5249971151351929,0.22611361742019653,-0.09135305136442184,0.5267457962036133,0.22615207731723785,-0.09156928956508636,0.5285805463790894,0.22617384791374207,-0.09147264063358307,0.5210808515548706,0.22587408125400543,-0.09812851250171661,0.5199741721153259,0.22574833035469055,-0.09848038852214813,0.518760085105896,0.22553469240665436,-0.09864525496959686,0.5316644906997681,0.23133842647075653,0.032266732305288315,0.5160151720046997,0.23210415244102478,0.0008041483233682811,0.5256118774414062,0.24906258285045624,-0.07139293104410172,0.5211373567581177,0.24928133189678192,-0.08258574455976486,0.561147153377533,0.31047141551971436,0.10121526569128036,0.4879894256591797,0.3064612150192261,0.033426083624362946,0.5700093507766724,0.4050908386707306,0.08508532494306564,0.47997355461120605,0.4064990282058716,-0.017116036266088486,0.5977998971939087,0.44706347584724426,-0.09260281920433044,0.44732457399368286,0.45246201753616333,-0.20085148513317108,0.6075426936149597,0.45981597900390625,-0.11920668184757233,0.43555036187171936,0.4712390601634979,-0.24779215455055237,0.6100881695747375,0.4580748677253723,-0.15646125376224518,0.43112921714782715,0.46821850538253784,-0.27866166830062866,0.6051916480064392,0.4532087445259094,-0.11026040464639664,0.4375540614128113,0.46047672629356384,-0.21874788403511047,0.5367493629455566,0.4995838403701782,0.026384547352790833,0.502716064453125,0.4942575991153717,-0.026619035750627518,0.5364304184913635,0.6795479655265808,-0.0784849300980568,0.5082647204399109,0.54471755027771,-0.45054125785827637,0.5284121632575989,0.8388881087303162,-0.040429987013339996,0.5082039833068848,0.6773020625114441,-0.3057935833930969,0.5203670263290405,0.8631026148796082,-0.04575502499938011,0.5108857750892639,0.6920969486236572,-0.2944217026233673,0.5310770869255066,0.8894504308700562,-0.2076454609632492,0.5140931606292725,0.7276792526245117,-0.4202291965484619
frame_00173.jpg,0.5234171152114868,0.23152413964271545,-0.1402292400598526,0.5254797339439392,0.21947525441646576,-0.1094709262251854,0.5272510647773743,0.21919986605644226,-0.1096651554107666,0.5290287137031555,0.21894104778766632,-0.10952766984701157,0.5211735963821411,0.21974699199199677,-0.11852157115936279,0.5198150277137756,0.21974626183509827,-0.11889846622943878,0.518273115158081,0.219681978225708,-0.11908568441867828,0.5320677757263184,0.2235342562198639,0.02327805571258068,0.5151634216308594,0.225731760263443,-0.012443284504115582,0.526288628578186,0.24299171566963196,-0.08900003880262375,0.5214345455169678,0.2435561567544937,-0.10257778316736221,0.5613422989845276,0.3058209717273712,0.09450390934944153,0.4883808195590973,0.3004332482814789,0.021057013422250748,0.5704318881034851,0.3961539566516876,0.10230710357427597,0.4791799485683441,0.3981964886188507,-0.024518677964806557,0.6018931865692139,0.44668716192245483,-0.05342686176300049,0.44673728942871094,0.4518502950668335,-0.2070770561695099,0.6115092635154724,0.4597497284412384,-0.07733146846294403,0.434866338968277,0.4727657735347748,-0.2541860044002533,0.6146020293235779,0.45878496766090393,-0.11784573644399643,0.43081608414649963,0.47013938426971436,-0.28517886996269226,0.6097428202629089,0.4532229006290436,-0.07205601036548615,0.4373190402984619,0.4619259238243103,-0.2248735874891281,0.5373615026473999,0.49393168091773987,0.02729359269142151,0.5026298761367798,0.48860177397727966,-0.027553746476769447,0.5363832712173462,0.6789000034332275,-0.07465822994709015,0.5026856660842896,0.5702347159385681,-0.3395823836326599,0.5283328294754028,0.8447648882865906,-0.03962378948926926,0.5080491304397583,0.6737833619117737,-0.1499113291501999,0.5213701725006104,0.8613898754119873,-0.04538679122924805,0.510210394859314,0.6900977492332458,-0.13422542810440063,0.5320388674736023,0.8953859806060791,-0.2128598690032959,0.5128985643386841,0.7249164581298828,-0.251585990190506
frame_00174.jpg,0.5239148736000061,0.22833380103111267,-0.11108146607875824,0.5255059003829956,0.21669688820838928,-0.08726535737514496,0.5270317196846008,0.21650072932243347,-0.08751402050256729,0.5287176966667175,0.21636095643043518,-0.08743848651647568,0.5220870971679688,0.21691057085990906,-0.0965205579996109,0.5210580825805664,0.21689075231552124,-0.09686845541000366,0.519892692565918,0.21680229902267456,-0.09705181419849396,0.5319674015045166,0.22078004479408264,0.023456867784261703,0.5174347758293152,0.22221684455871582,-0.01346212811768055,0.5262604355812073,0.2396792322397232,-0.0691654235124588,0.5222160220146179,0.24017898738384247,-0.08298030495643616,0.5611289143562317,0.30202946066856384,0.09759592264890671,0.48917800188064575,0.2983001172542572,0.0005587820196524262,0.5705084800720215,0.3921833336353302,0.12160489708185196,0.4786103367805481,0.39351919293403625,-0.05561216548085213,0.6058316826820374,0.4461992084980011,-0.015833904966711998,0.44635820388793945,0.45109814405441284,-0.22403784096240997,0.6157566905021667,0.4589889645576477,-0.03532643988728523,0.43432316184043884,0.47280997037887573,-0.2689288258552551,0.6191534996032715,0.45819607377052307,-0.07842401415109634,0.43037930130958557,0.4701884388923645,-0.2971004247665405,0.6143709421157837,0.4526628255844116,-0.03572997450828552,0.43683353066444397,0.4621451199054718,-0.24041974544525146,0.5364145040512085,0.4899843633174896,0.02856861986219883,0.5030860304832458,0.48647040128707886,-0.02886219322681427,0.5363020300865173,0.6683819890022278,-0.07625381648540497,0.49967676401138306,0.5842763185501099,-0.19361329078674316,0.5280619859695435,0.8403728604316711,-0.07809054106473923,0.5101011395454407,0.6833559274673462,-0.02696388028562069,0.521497368812561,0.855598509311676,-0.08745943754911423,0.511541485786438,0.702402651309967,-0.014796036295592785,0.5285016298294067,0.8846870064735413,-0.2476438730955124,0.5122861862182617,0.7386749386787415,-0.12019729614257812
frame_00175.jpg,0.5247622728347778,0.2280196249485016,-0.11248286813497543,0.5260555148124695,0.21676982939243317,-0.08869429677724838,0.5272865891456604,0.21657545864582062,-0.0889519453048706,0.528677225112915,0.21643273532390594,-0.0888717919588089,0.5232671499252319,0.21704281866550446,-0.09751100838184357,0.5224183201789856,0.21701639890670776,-0.09786515682935715,0.5214604139328003,0.21686235070228577,-0.09804163873195648,0.5316632390022278,0.22054338455200195,0.021944187581539154,0.5195632576942444,0.22186578810214996,-0.013829352334141731,0.5268344283103943,0.23936012387275696,-0.07029246538877487,0.5234931707382202,0.24020059406757355,-0.08345729112625122,0.5610404014587402,0.3009207546710968,0.09809747338294983,0.49023208022117615,0.29823920130729675,-0.001178906997665763,0.570848822593689,0.39350128173828125,0.12726184725761414,0.47833600640296936,0.3927931785583496,-0.053607989102602005,0.6103430390357971,0.4444160461425781,-0.003848846536129713,0.4461161494255066,0.45031705498695374,-0.21920272707939148,0.6209079027175903,0.45890679955482483,-0.02211625501513481,0.4327414035797119,0.47189223766326904,-0.2628963589668274,0.6243339776992798,0.45733463764190674,-0.06530867516994476,0.4291786253452301,0.46931517124176025,-0.2913001775741577,0.6190990209579468,0.4523051977157593,-0.023790137842297554,0.43570342659950256,0.46174943447113037,-0.2356324940919876,0.5363765358924866,0.49033433198928833,0.027987536042928696,0.5056675672531128,0.4868505597114563,-0.02828212082386017,0.5362676978111267,0.6643520593643188,-0.08874277770519257,0.49923181533813477,0.5814974904060364,-0.15291839838027954,0.5278351902961731,0.8405361175537109,-0.11756245791912079,0.5109379887580872,0.6747749447822571,0.03739193454384804,0.5214882493019104,0.8593119978904724,-0.12934830784797668,0.511969804763794,0.6933263540267944,0.05231373384594917,0.5301344990730286,0.8893808722496033,-0.2920123040676117,0.5121087431907654,0.7311239838600159,-0.04541201889514923
frame_00176.jpg,0.5244892239570618,0.23102834820747375,-0.10605280101299286,0.5265047550201416,0.2199668139219284,-0.07883651554584503,0.5280580520629883,0.21983760595321655,-0.0790812149643898,0.5296861529350281,0.21977075934410095,-0.07899589836597443,0.5228410363197327,0.22006137669086456,-0.08771553635597229,0.5217970609664917,0.22002282738685608,-0.08805078268051147,0.520717442035675,0.21990352869033813,-0.08820585906505585,0.5325797200202942,0.22431179881095886,0.047136254608631134,0.5187304019927979,0.2253076583147049,0.0082863699644804,0.5268219113349915,0.24223865568637848,-0.05841973423957825,0.5229141116142273,0.24251629412174225,-0.07155168801546097,0.5606346726417542,0.3038773536682129,0.12731581926345825,0.48990321159362793,0.29927313327789307,0.02466467395424843,0.5730236768722534,0.3952105939388275,0.13412342965602875,0.47862762212753296,0.3940257132053375,-0.05214457958936691,0.6107223033905029,0.44098156690597534,-0.03622017055749893,0.4450545310974121,0.4499882161617279,-0.21735186874866486,0.6211725473403931,0.4519701898097992,-0.06309837102890015,0.43029341101646423,0.47047287225723267,-0.26433899998664856,0.6243579983711243,0.45115047693252563,-0.10349514335393906,0.42744818329811096,0.4685216546058655,-0.29280391335487366,0.6191617846488953,0.4470808207988739,-0.05618664622306824,0.434325635433197,0.46068668365478516,-0.23431730270385742,0.5369287133216858,0.49157169461250305,0.027644023299217224,0.5057469606399536,0.48851028084754944,-0.02792195975780487,0.5362239480018616,0.6642609238624573,-0.09482169896364212,0.4991677701473236,0.5972146987915039,-0.11462433636188507,0.5271874666213989,0.8375909328460693,-0.08699148148298264,0.5135447978973389,0.6820889711380005,0.09957899898290634,0.5213029980659485,0.8559772968292236,-0.09461987018585205,0.5153545141220093,0.7020321488380432,0.11676564067602158,0.5271710157394409,0.8863556385040283,-0.2545973062515259,0.5117729306221008,0.7322319746017456,0.015495958738029003
frame_00177.jpg,0.5243759751319885,0.2523095905780792,-0.1554853618144989,0.5263209939002991,0.23858755826950073,-0.1276433765888214,0.5279876589775085,0.23767997324466705,-0.1279047429561615,0.5298159718513489,0.23702742159366608,-0.12782177329063416,0.5223461389541626,0.23957787454128265,-0.13153931498527527,0.5206657648086548,0.2394920289516449,-0.13187284767627716,0.5188635587692261,0.23942430317401886,-0.13201749324798584,0.5329744815826416,0.23917151987552643,0.012022019363939762,0.5157948732376099,0.24304267764091492,-0.000948944129049778,0.5266637802124023,0.26159098744392395,-0.10269036144018173,0.522199273109436,0.262405663728714,-0.10925237834453583,0.5605310201644897,0.30980342626571655,0.09554405510425568,0.4892807900905609,0.3137472867965698,0.03586144000291824,0.573094367980957,0.3957280218601227,0.07835429906845093,0.4784800410270691,0.400689959526062,-0.01482123602181673,0.6096805334091187,0.4369100034236908,-0.12237632274627686,0.4429783821105957,0.4494877755641937,-0.2168806493282318,0.6208102703094482,0.4455033242702484,-0.1587759405374527,0.42684316635131836,0.463143527507782,-0.26163384318351746,0.6234099864959717,0.4442881941795349,-0.1957072913646698,0.42364582419395447,0.4603555500507355,-0.2896915078163147,0.6180940866470337,0.4412524104118347,-0.1415310800075531,0.4308217167854309,0.45584169030189514,-0.23176249861717224,0.5379955172538757,0.49249154329299927,0.01689750701189041,0.5056107044219971,0.48995038866996765,-0.017192337661981583,0.5362282395362854,0.6635052561759949,-0.1009959951043129,0.5042170286178589,0.5977650284767151,-0.12484146654605865,0.5269230604171753,0.836373507976532,-0.07157851755619049,0.5159605741500854,0.6854636669158936,0.0896565392613411,0.5210014581680298,0.8543093800544739,-0.07733024656772614,0.5185557007789612,0.7049385905265808,0.10682833194732666,0.5288833379745483,0.8853161334991455,-0.24154779314994812,0.511908233165741,0.7350470423698425,-0.0006124997162260115
frame_00178.jpg,0.5234297513961792,0.26448825001716614,-0.1313047707080841,0.5262309312820435,0.25152388215065,-0.10478848218917847,0.527908980846405,0.2511012852191925,-0.10512039810419083,0.5296829342842102,0.25087711215019226,-0.10507283359766006,0.521710991859436,0.2519836127758026,-0.10344588756561279,0.5197680592536926,0.2519075274467468,-0.1037953719496727,0.5176671147346497,0.2518334984779358,-0.10388529300689697,0.5329035520553589,0.25518715381622314,0.029166046530008316,0.5140188932418823,0.2560274302959442,0.03145863488316536,0.5262219309806824,0.27458715438842773,-0.07953464239835739,0.5203755497932434,0.2752397656440735,-0.08003756403923035,0.5605211853981018,0.3194175362586975,0.09605603665113449,0.48850783705711365,0.3226787745952606,0.09898936748504639,0.5757063627243042,0.41138955950737,0.06690941005945206,0.4779021739959717,0.40943965315818787,0.06623103469610214,0.6128746867179871,0.4368501305580139,-0.1438131481409073,0.4429587423801422,0.44917887449264526,-0.14658209681510925,0.6246086359024048,0.4431968033313751,-0.18803082406520844,0.4268394112586975,0.45775020122528076,-0.19424091279506683,0.6259765028953552,0.4393220841884613,-0.22014038264751434,0.4236130118370056,0.45388832688331604,-0.2288137674331665,0.6209396719932556,0.43769368529319763,-0.16217584908008575,0.43082085251808167,0.45189225673675537,-0.16762271523475647,0.5379428863525391,0.4999645948410034,-0.006293408572673798,0.505518913269043,0.49836546182632446,0.006019908469170332,0.536206066608429,0.668039858341217,-0.1206413134932518,0.5077455043792725,0.6368309259414673,-0.06566184759140015,0.5271061658859253,0.8356356024742126,-0.059626854956150055,0.5156426429748535,0.6939312219619751,0.28202590346336365,0.5211829543113708,0.8549856543540955,-0.06255222856998444,0.5211752653121948,0.7007280588150024,0.3144192397594452,0.5299990177154541,0.8866531848907471,-0.22300179302692413,0.5141185522079468,0.7434157729148865,0.23733404278755188
frame_00179.jpg,0.523297131061554,0.2731780409812927,-0.12103614956140518,0.5262199640274048,0.2608663737773895,-0.09490270167589188,0.528043270111084,0.26078248023986816,-0.09519200772047043,0.5299444198608398,0.26095443964004517,-0.09514526277780533,0.5215277671813965,0.2614413797855377,-0.09694734960794449,0.5196396708488464,0.26169756054878235,-0.09726710617542267,0.5176047682762146,0.26202112436294556,-0.09739993512630463,0.532947301864624,0.2660755217075348,0.03331347182393074,0.5139247179031372,0.26674434542655945,0.02215028926730156,0.5261242985725403,0.28392860293388367,-0.07153353840112686,0.5200873017311096,0.2847802937030792,-0.07612670958042145,0.5599959492683411,0.33542105555534363,0.09835083782672882,0.48815998435020447,0.3329142928123474,0.07156796753406525,0.5755869150161743,0.4247630536556244,0.07312839478254318,0.47788047790527344,0.41847121715545654,0.028564706444740295,0.6116476655006409,0.436935156583786,-0.1313771903514862,0.4538913667201996,0.44792526960372925,-0.1679285317659378,0.6230757832527161,0.44146525859832764,-0.17254474759101868,0.44401901960372925,0.4518710672855377,-0.21556749939918518,0.6250316500663757,0.43583112955093384,-0.20583447813987732,0.44101041555404663,0.4486219584941864,-0.2460579127073288,0.6199172735214233,0.43542689085006714,-0.14976198971271515,0.4455736577510834,0.447524756193161,-0.1866874098777771,0.5374987721443176,0.5120542049407959,0.0018001239513978362,0.5056079030036926,0.5124497413635254,-0.0020736628212034702,0.5358965992927551,0.6732243299484253,-0.08512090891599655,0.5101466178894043,0.651587724685669,-0.08775510638952255,0.5266474485397339,0.8348707556724548,0.047681618481874466,0.5150163173675537,0.7042487263679504,0.23518744111061096,0.5201974511146545,0.8539255261421204,0.05341562628746033,0.521253764629364,0.6959259510040283,0.2657336890697479,0.5302897691726685,0.8869130611419678,-0.08535633981227875,0.5144050121307373,0.7473042607307434,0.18884383141994476
frame_00180.jpg,0.5231835246086121,0.27622219920158386,-0.13331866264343262,0.5263493061065674,0.26393523812294006,-0.10551033914089203,0.528439462184906,0.26414281129837036,-0.10579065978527069,0.5305930376052856,0.2645604908466339,-0.1057233065366745,0.5214488506317139,0.2638746500015259,-0.10756627470254898,0.5194819569587708,0.2641005218029022,-0.10789940506219864,0.5171934366226196,0.26443424820899963,-0.10801976919174194,0.5336451530456543,0.2704010605812073,0.032179780304431915,0.5128623843193054,0.2703256905078888,0.014526091516017914,0.5262550711631775,0.28762340545654297,-0.08146913349628448,0.5198071002960205,0.2878808379173279,-0.08563011884689331,0.5599228143692017,0.34122297167778015,0.09803251922130585,0.48801618814468384,0.3358503580093384,0.06363631784915924,0.5754506587982178,0.4247824251651764,0.08174490183591843,0.47775667905807495,0.4196620285511017,0.025690779089927673,0.6090232133865356,0.4370262026786804,-0.12218071520328522,0.4531508982181549,0.44777363538742065,-0.16643652319908142,0.6187537908554077,0.44106557965278625,-0.16208596527576447,0.4434064030647278,0.4508885443210602,-0.21431823074817657,0.6177458763122559,0.4352750778198242,-0.19980373978614807,0.4402880072593689,0.4482515752315521,-0.24315288662910461,0.6129078269004822,0.4350714385509491,-0.1373465359210968,0.44538912177085876,0.44732314348220825,-0.18434128165245056,0.5374670028686523,0.510742723941803,0.004460002761334181,0.5055071115493774,0.5107356309890747,-0.004734009504318237,0.5358814597129822,0.673299252986908,-0.09521250426769257,0.5095893144607544,0.6402900218963623,-0.07624952495098114,0.5257951021194458,0.8339027762413025,0.023440111428499222,0.5144741535186768,0.7054089307785034,0.21927902102470398,0.51973956823349,0.8509148359298706,0.01856139674782753,0.5201254487037659,0.7007725238800049,0.24556100368499756,0.5302711725234985,0.8857710361480713,-0.11266791820526123,0.5089890360832214,0.7584267854690552,0.15145085752010345
frame_00181.jpg,0.521848201751709,0.2730456292629242,-0.16692034900188446,0.5257006883621216,0.2610909342765808,-0.13896816968917847,0.52790766954422,0.2612166106700897,-0.13923509418964386,0.5301553010940552,0.2614857256412506,-0.139161616563797,0.520161509513855,0.26146674156188965,-0.14213010668754578,0.5179978013038635,0.2619091868400574,-0.14245237410068512,0.5155612230300903,0.26242169737815857,-0.14259666204452515,0.5332738161087036,0.267919659614563,-0.002930703340098262,0.5107887983322144,0.2697681486606598,-0.016715077683329582,0.525072455406189,0.2850579619407654,-0.1155952662229538,0.5180164575576782,0.2856813669204712,-0.12120155245065689,0.5597333312034607,0.3393894135951996,0.07077127695083618,0.4869006276130676,0.33624476194381714,0.03998762369155884,0.5751646757125854,0.42395126819610596,0.03221063315868378,0.4769443869590759,0.4197845458984375,-0.0032173029612749815,0.6032823920249939,0.43707120418548584,-0.19670245051383972,0.4505731463432312,0.4483889937400818,-0.21012863516807556,0.6121358871459961,0.4414946436882019,-0.24208267033100128,0.4410085082054138,0.4520476758480072,-0.26171597838401794,0.6114334464073181,0.4356645941734314,-0.2758656442165375,0.4369455873966217,0.44909822940826416,-0.2920750677585602,0.6068404316902161,0.43531733751296997,-0.2154591828584671,0.4425550401210785,0.4477454721927643,-0.22918453812599182,0.5368167757987976,0.5097445249557495,0.0063614314422011375,0.5045228600502014,0.5094273090362549,-0.00663714949041605,0.5360504388809204,0.673577606678009,-0.0817628875374794,0.5079191327095032,0.6338444948196411,-0.09985093772411346,0.5256791710853577,0.830452561378479,0.026194429025053978,0.5098201036453247,0.7049819231033325,0.15984472632408142,0.5197128653526306,0.8475065231323242,0.027245257049798965,0.5120015740394592,0.7024206519126892,0.18218311667442322,0.5294222831726074,0.8824720978736877,-0.12801216542720795,0.5076215267181396,0.7541746497154236,0.08359949290752411
frame_00182.jpg,0.5192230343818665,0.26993539929389954,-0.1581287831068039,0.5234923958778381,0.25828173756599426,-0.13303962349891663,0.5257919430732727,0.257904976606369,-0.1333061158657074,0.528145432472229,0.25752294063568115,-0.13323301076889038,0.5177117586135864,0.2595885396003723,-0.13244092464447021,0.5155511498451233,0.260351300239563,-0.13276538252830505,0.5131331086158752,0.26104170083999634,-0.13290610909461975,0.5323161482810974,0.263678640127182,-0.009581007063388824,0.5095168948173523,0.2683488726615906,0.0025843947660177946,0.5225316286087036,0.2832746207714081,-0.11077489703893661,0.5157803297042847,0.2846607565879822,-0.11189882457256317,0.5596985816955566,0.3365241289138794,0.03643704205751419,0.4865686297416687,0.33394986391067505,0.07936704903841019,0.5745028257369995,0.4234600365161896,-0.055597275495529175,0.4767361581325531,0.41816017031669617,0.04711002856492996,0.5990267992019653,0.4370909035205841,-0.3090275526046753,0.4490785598754883,0.4493243992328644,-0.17493928968906403,0.6083470582962036,0.44164106249809265,-0.3643774688243866,0.43788447976112366,0.45281466841697693,-0.22534210979938507,0.6092857122421265,0.4361339807510376,-0.3911178708076477,0.4343511164188385,0.4499920606613159,-0.2621482312679291,0.6047705411911011,0.4355318248271942,-0.3257337510585785,0.4399051070213318,0.4486449360847473,-0.19743309915065765,0.5370069742202759,0.5072212815284729,-0.010093564167618752,0.5026445984840393,0.5055881142616272,0.009885565377771854,0.5362610816955566,0.6731125116348267,-0.10337194055318832,0.5053945183753967,0.623992919921875,-0.11698272079229355,0.5255823135375977,0.8304952383041382,0.014309590682387352,0.5057179927825928,0.7048885226249695,0.14828774333000183,0.519665539264679,0.8469100594520569,0.010590147227048874,0.5085608959197998,0.7039149403572083,0.17044752836227417,0.5287207961082458,0.8831498622894287,-0.14553511142730713,0.5048567652702332,0.753294825553894,0.04760817065834999
frame_00183.jpg,0.5192784070968628,0.2538536489009857,-0.17677843570709229,0.5235205888748169,0.24312256276607513,-0.1495969593524933,0.5258675217628479,0.24285054206848145,-0.1498466432094574,0.5282517075538635,0.2425651103258133,-0.1497460901737213,0.517716109752655,0.24380077421665192,-0.15337911248207092,0.5155470371246338,0.24413400888442993,-0.15372660756111145,0.5131176710128784,0.24432215094566345,-0.15389089286327362,0.5324815511703491,0.245589941740036,-0.01313562411814928,0.5093769431114197,0.24878674745559692,-0.027042949572205544,0.5225774049758911,0.26603323221206665,-0.12438981235027313,0.5159064531326294,0.26781150698661804,-0.13093984127044678,0.5593408942222595,0.3189792335033417,0.05044785141944885,0.4868031442165375,0.3166867196559906,0.03007890284061432,0.5721749067306519,0.4049627184867859,0.031717486679553986,0.4778514802455902,0.40904635190963745,0.0055841305293142796,0.5978063344955444,0.4374891519546509,-0.1552565097808838,0.4474753439426422,0.44976744055747986,-0.1777663677930832,0.6068806648254395,0.4456263780593872,-0.18766875565052032,0.4331880211830139,0.45869213342666626,-0.2253560572862625,0.608964204788208,0.4420272707939148,-0.22574205696582794,0.42954158782958984,0.4560439884662628,-0.25930988788604736,0.6045957803726196,0.43935054540634155,-0.17400655150413513,0.4361041486263275,0.45209547877311707,-0.19806091487407684,0.5369981527328491,0.4945510923862457,0.006426618434488773,0.5025378465652466,0.49147000908851624,-0.006758805364370346,0.5358246564865112,0.661575198173523,-0.08754609525203705,0.504583477973938,0.6067396998405457,-0.1180603876709938,0.5253696441650391,0.8282083868980408,-0.018289493396878242,0.5025635361671448,0.7007960081100464,0.08917377889156342,0.5195835828781128,0.8462706208229065,-0.024130236357450485,0.5051819682121277,0.7048159837722778,0.10492776334285736,0.5280059576034546,0.8774685263633728,-0.19533587992191315,0.5025452375411987,0.7514276504516602,-0.017614074051380157
frame_00184.jpg,0.5193125009536743,0.23884224891662598,-0.1990606188774109,0.5233860611915588,0.22776685655117035,-0.17094452679157257,0.5256749987602234,0.2275000959634781,-0.17119300365447998,0.5280100107192993,0.22733384370803833,-0.17110341787338257,0.5176926255226135,0.22818239033222198,-0.1789955198764801,0.5155524015426636,0.22822074592113495,-0.17935733497142792,0.5131435990333557,0.22813865542411804,-0.17953947186470032,0.5324077606201172,0.23000851273536682,-0.025762081146240234,0.5093278884887695,0.23093381524085999,-0.06128848344087601,0.5226293802261353,0.2505258619785309,-0.14285698533058167,0.516060471534729,0.25228288769721985,-0.15506568551063538,0.5580402612686157,0.30499470233917236,0.06344433128833771,0.4871830344200134,0.3044513463973999,-0.012034205719828606,0.5695673227310181,0.39499759674072266,0.12042884528636932,0.4782034456729889,0.40129902958869934,-0.03678542748093605,0.5972164869308472,0.43759357929229736,-0.020351609215140343,0.44496679306030273,0.4501696228981018,-0.1915944516658783,0.6066772937774658,0.4493919014930725,-0.04311700910329819,0.4302404820919037,0.46567636728286743,-0.23593518137931824,0.6091785430908203,0.44718411564826965,-0.08697908371686935,0.42647966742515564,0.46346616744995117,-0.26858869194984436,0.6046678423881531,0.44208604097366333,-0.040557827800512314,0.4326910376548767,0.45769456028938293,-0.2093801498413086,0.535825252532959,0.48257848620414734,0.023886989802122116,0.5022215843200684,0.4802609384059906,-0.024241508916020393,0.5350790619850159,0.6499841213226318,-0.05718565732240677,0.5041306614875793,0.6084686517715454,-0.11941008269786835,0.5254566669464111,0.819501519203186,-0.01810304820537567,0.5026787519454956,0.7246327996253967,0.051089685410261154,0.5180932283401489,0.8358013033866882,-0.022741707041859627,0.5049840807914734,0.733242392539978,0.06299398839473724,0.5253089070320129,0.8542085289955139,-0.19060075283050537,0.4970225393772125,0.7795782089233398,-0.067574143409729
frame_00185.jpg,0.5183287262916565,0.23776958882808685,-0.21043047308921814,0.5221002697944641,0.22551456093788147,-0.18429146707057953,0.5245139598846436,0.22523236274719238,-0.18453329801559448,0.5270425081253052,0.22503767907619476,-0.18445518612861633,0.5157569050788879,0.22600439190864563,-0.19193200767040253,0.5133373141288757,0.22599762678146362,-0.19229133427143097,0.5105660557746887,0.2258508950471878,-0.1924682855606079,0.5321146249771118,0.2264934629201889,-0.03868621587753296,0.5067833662033081,0.22754189372062683,-0.07277687638998032,0.5217986702919006,0.2487671971321106,-0.1529887616634369,0.5151056051254272,0.25021931529045105,-0.1647200882434845,0.5564627051353455,0.3010499179363251,0.06841164827346802,0.4859956204891205,0.29890188574790955,-0.020953834056854248,0.5674812197685242,0.3899760842323303,0.11796287447214127,0.4773493707180023,0.39503583312034607,-0.04950999468564987,0.5976036787033081,0.4382442831993103,-0.027671515941619873,0.4411240518093109,0.4511784315109253,-0.20627334713935852,0.6071719527244568,0.45413461327552795,-0.052706826478242874,0.42772096395492554,0.47056689858436584,-0.25120633840560913,0.6095380187034607,0.45321398973464966,-0.0966595709323883,0.42405980825424194,0.4680269956588745,-0.28355175256729126,0.6049188375473022,0.4464356005191803,-0.0482100211083889,0.4297623634338379,0.4615999460220337,-0.22386780381202698,0.5353332757949829,0.4827694296836853,0.02925809845328331,0.5014073848724365,0.4807741045951843,-0.029587719589471817,0.5349199175834656,0.6487287282943726,-0.04580215364694595,0.5042027235031128,0.6266149878501892,-0.1203589215874672,0.5251197218894958,0.8200144171714783,-0.008900782093405724,0.5030649900436401,0.769675612449646,0.028470296412706375,0.5181108117103577,0.8352556228637695,-0.015617914497852325,0.505279004573822,0.7871636748313904,0.03678124397993088,0.5248302817344666,0.8549322485923767,-0.1885213553905487,0.50505530834198,0.8145354390144348,-0.10669080168008804
frame_00186.jpg,0.5176094174385071,0.232209712266922,-0.21164467930793762,0.5209542512893677,0.21993954479694366,-0.18529465794563293,0.5234507322311401,0.2196696400642395,-0.18554235994815826,0.5261127352714539,0.2195417732000351,-0.18547388911247253,0.5143059492111206,0.22048373520374298,-0.19399316608905792,0.5116363167762756,0.22054442763328552,-0.19434866309165955,0.5087829232215881,0.2204606980085373,-0.19453151524066925,0.5314204692840576,0.22106103599071503,-0.039914146065711975,0.5048170685768127,0.2217661589384079,-0.07939228415489197,0.5209060907363892,0.24340274930000305,-0.15428055822849274,0.5142600536346436,0.24483749270439148,-0.16759657859802246,0.5522580742835999,0.295134961605072,0.0688164234161377,0.4855502247810364,0.29430997371673584,-0.03379692882299423,0.5644902586936951,0.3844809830188751,0.13212336599826813,0.4764961302280426,0.3887343108654022,-0.05568631738424301,0.5977525115013123,0.43665701150894165,-0.0013103545643389225,0.43873175978660583,0.4498860239982605,-0.2029278576374054,0.6074641942977905,0.45365598797798157,-0.023030174896121025,0.425978422164917,0.46978700160980225,-0.24813465774059296,0.6098302602767944,0.45226553082466125,-0.06810206919908524,0.4226611256599426,0.4672347605228424,-0.28002816438674927,0.6052125692367554,0.4462808668613434,-0.022105563431978226,0.42815127968788147,0.46097370982170105,-0.22056464850902557,0.5336476564407349,0.47981521487236023,0.03923867270350456,0.5007773041725159,0.4789453148841858,-0.039515428245067596,0.5343651175498962,0.643384575843811,0.012075576931238174,0.5042001605033875,0.6352431178092957,-0.12141811847686768,0.5237242579460144,0.7954109907150269,0.12581118941307068,0.498975932598114,0.7835137844085693,0.01469622366130352,0.5172240138053894,0.8131567239761353,0.12816105782985687,0.4992016851902008,0.8026923537254333,0.02195943146944046,0.5247628688812256,0.8361077904701233,-0.018912555649876595,0.5047547221183777,0.8308080434799194,-0.12553411722183228
frame_00187.jpg,0.5166788697242737,0.23220756649971008,-0.20677053928375244,0.5196306109428406,0.22008086740970612,-0.18063202500343323,0.5221923589706421,0.219948872923851,-0.1808834969997406,0.5249025225639343,0.2198580801486969,-0.18081624805927277,0.5126994252204895,0.22020132839679718,-0.18884241580963135,0.5099647045135498,0.22012333571910858,-0.1891869157552719,0.5071597695350647,0.2199360579252243,-0.18936023116111755,0.5302327871322632,0.22153528034687042,-0.036877863109111786,0.5035713315010071,0.22212384641170502,-0.07412371784448624,0.520336389541626,0.24340566992759705,-0.1501285433769226,0.5133696794509888,0.24478217959403992,-0.16284038126468658,0.5505279302597046,0.2952791154384613,0.07133804261684418,0.48463401198387146,0.2943602502346039,-0.02706512250006199,0.5624269843101501,0.38070422410964966,0.12433382123708725,0.4741043150424957,0.38779839873313904,-0.04820666462182999,0.597281277179718,0.4326627850532532,-0.01950673945248127,0.43574652075767517,0.4484609067440033,-0.20097383856773376,0.607426643371582,0.44988250732421875,-0.04399418830871582,0.4231937527656555,0.46914181113243103,-0.24651356041431427,0.6099469065666199,0.44904059171676636,-0.08802487701177597,0.4201746881008148,0.4665459096431732,-0.2782460153102875,0.6052858233451843,0.4423406720161438,-0.040140725672245026,0.4257495403289795,0.4604700207710266,-0.2187519371509552,0.5327585935592651,0.4797126352787018,0.03925587236881256,0.4993460774421692,0.4787399172782898,-0.039510585367679596,0.5343382358551025,0.6396562457084656,0.027474766597151756,0.5042098760604858,0.6351154446601868,-0.11521659046411514,0.5237909555435181,0.7787359356880188,0.1867629587650299,0.4997941553592682,0.7720211744308472,0.036578722298145294,0.5175455212593079,0.7956551909446716,0.19423715770244598,0.5005213022232056,0.783309280872345,0.045811887830495834,0.524563193321228,0.8048168420791626,0.05693865939974785,0.504595160484314,0.8227800130844116,-0.09831800311803818
frame_00188.jpg,0.5166118741035461,0.2347569465637207,-0.19095338881015778,0.5196728110313416,0.2226814478635788,-0.1616988182067871,0.522251307964325,0.22254961729049683,-0.16191914677619934,0.5249708294868469,0.22246798872947693,-0.1618449091911316,0.512604832649231,0.222896009683609,-0.18030515313148499,0.5099479556083679,0.22289147973060608,-0.18064595758914948,0.5071325302124023,0.22277529537677765,-0.18081580102443695,0.530187726020813,0.2246207296848297,-0.008859699591994286,0.5032881498336792,0.22545266151428223,-0.06134244054555893,0.5202990770339966,0.24597333371639252,-0.12955321371555328,0.5132267475128174,0.24716387689113617,-0.15416762232780457,0.5505661368370056,0.2984842360019684,0.1123422384262085,0.48187199234962463,0.2962183356285095,-0.021717706695199013,0.5599610805511475,0.3834674060344696,0.15589560568332672,0.4711097180843353,0.388571172952652,-0.062328409403562546,0.5968330502510071,0.4288807511329651,-0.0027096967678517103,0.4353531002998352,0.44458961486816406,-0.22686293721199036,0.6074234247207642,0.4431925117969513,-0.027331892400979996,0.42179831862449646,0.4646126627922058,-0.27646827697753906,0.6100021004676819,0.44198116660118103,-0.07158887386322021,0.4187016487121582,0.46230947971343994,-0.3040836453437805,0.605185866355896,0.4361085891723633,-0.02410169132053852,0.42508038878440857,0.45533567667007446,-0.24314124882221222,0.5323261618614197,0.4807140529155731,0.04957496374845505,0.4985690116882324,0.47973936796188354,-0.04981429874897003,0.5339703559875488,0.6358611583709717,0.04667618125677109,0.5040722489356995,0.6358512043952942,-0.14085590839385986,0.5209426283836365,0.762262761592865,0.23653170466423035,0.5002966523170471,0.7816352248191833,-0.032809168100357056,0.5136851072311401,0.7628958225250244,0.24794891476631165,0.4935532510280609,0.8096039891242981,-0.028016457334160805,0.5191210508346558,0.796719491481781,0.12287386506795883,0.5033910274505615,0.8378049731254578,-0.18341690301895142
frame_00189.jpg,0.5159175992012024,0.24058689177036285,-0.15795116126537323,0.5185697674751282,0.22834651172161102,-0.1305258572101593,0.5208888053894043,0.22774414718151093,-0.1307515949010849,0.5233321785926819,0.22708214819431305,-0.13068345189094543,0.5120628476142883,0.22881180047988892,-0.13954558968544006,0.509631335735321,0.2285744994878769,-0.13986875116825104,0.5069374442100525,0.22817082703113556,-0.13999195396900177,0.5285314917564392,0.2279798686504364,0.013406330719590187,0.5033223032951355,0.23098421096801758,-0.02117394469678402,0.5194988250732422,0.25142335891723633,-0.10151821374893188,0.5126854181289673,0.25254902243614197,-0.11485613882541656,0.550796627998352,0.30279776453971863,0.11482485383749008,0.48103398084640503,0.30144035816192627,0.02094467170536518,0.5574247241020203,0.3853910267353058,0.11909043788909912,0.469113826751709,0.3898671865463257,-0.02211204543709755,0.5943804383277893,0.427826851606369,-0.12521405518054962,0.4338711202144623,0.4428725242614746,-0.21709895133972168,0.6057623624801636,0.43855202198028564,-0.1686733067035675,0.41958150267601013,0.45806872844696045,-0.26578834652900696,0.608644425868988,0.4354653060436249,-0.208682581782341,0.41619282960891724,0.45670241117477417,-0.2958686351776123,0.6034213304519653,0.43151789903640747,-0.14729878306388855,0.423227459192276,0.45124301314353943,-0.23385338485240936,0.5323721170425415,0.4823097884654999,0.04253535717725754,0.4969215989112854,0.4798593819141388,-0.04278670251369476,0.5334745049476624,0.6392883658409119,0.028110215440392494,0.5038514733314514,0.639282763004303,-0.13946615159511566,0.5134837031364441,0.7625058889389038,0.24183782935142517,0.4998020529747009,0.8070457577705383,-0.05328955128788948,0.5049976110458374,0.771152913570404,0.2559017539024353,0.4946073591709137,0.8213629126548767,-0.05146215483546257,0.5103451013565063,0.8079687356948853,0.13119670748710632,0.49526089429855347,0.8609764575958252,-0.21608257293701172
frame_00190.jpg,0.5134525299072266,0.26442936062812805,-0.17224302887916565,0.5171419382095337,0.2507410943508148,-0.14725945889949799,0.5197328925132751,0.24997085332870483,-0.14750289916992188,0.522310733795166,0.24945230782032013,-0.14746609330177307,0.5099836587905884,0.25111836194992065,-0.1547529548406601,0.5072355270385742,0.25093910098075867,-0.15505486726760864,0.5043100714683533,0.2507217526435852,-0.15513862669467926,0.5278003215789795,0.25076404213905334,-0.0015584734501317143,0.500603973865509,0.25168704986572266,-0.03402860090136528,0.517382025718689,0.2735319435596466,-0.1135345846414566,0.5085107088088989,0.27433934807777405,-0.12585243582725525,0.5490044355392456,0.3195093274116516,0.10594125837087631,0.477515310049057,0.32050472497940063,0.01659199222922325,0.5558649301528931,0.4032335579395294,0.08336685597896576,0.46650153398513794,0.40212124586105347,-0.01791594736278057,0.5942818522453308,0.42850378155708313,-0.15185998380184174,0.43225663900375366,0.4430459439754486,-0.21314089000225067,0.6054280996322632,0.4367430508136749,-0.19467654824256897,0.41766899824142456,0.4550630748271942,-0.26374948024749756,0.6082482933998108,0.43206343054771423,-0.23333577811717987,0.4132607579231262,0.45314154028892517,-0.2937780022621155,0.6031814813613892,0.42934462428092957,-0.17317211627960205,0.42107319831848145,0.4485936164855957,-0.2314365655183792,0.5314429998397827,0.4994749426841736,0.040679462254047394,0.49548178911209106,0.5002591013908386,-0.04089062288403511,0.5316424369812012,0.6426622867584229,0.05393680930137634,0.5039218068122864,0.6569458246231079,-0.14823557436466217,0.5046049952507019,0.7213121652603149,0.3702538013458252,0.49902835488319397,0.8298677802085876,-0.09528220444917679,0.4975299835205078,0.7246067523956299,0.39663368463516235,0.49477729201316833,0.8523194193840027,-0.09608206897974014,0.5032849907875061,0.7715674638748169,0.31532803177833557,0.4935886859893799,0.8826728463172913,-0.25535035133361816
frame_00191.jpg,0.508985161781311,0.2763524055480957,-0.1905791312456131,0.5138646364212036,0.2635665833950043,-0.1655891239643097,0.5169205069541931,0.26339420676231384,-0.16584336757659912,0.5198304653167725,0.26343122124671936,-0.16580833494663239,0.5051584243774414,0.26332542300224304,-0.17362628877162933,0.5019749402999878,0.26309067010879517,-0.1739540994167328,0.499042272567749,0.26286786794662476,-0.17408064007759094,0.5260879397392273,0.2672097384929657,-0.024340825155377388,0.4965028166770935,0.2650716304779053,-0.06188978627324104,0.5137303471565247,0.28592872619628906,-0.1342431604862213,0.5033571720123291,0.28650420904159546,-0.14746463298797607,0.5473973155021667,0.3408033549785614,0.08993624895811081,0.47427240014076233,0.33449825644493103,-0.007052227854728699,0.5535033345222473,0.4187838137149811,0.0933041051030159,0.46446290612220764,0.414143443107605,-0.018069330602884293,0.5918481349945068,0.4300617277622223,-0.10333295911550522,0.43289369344711304,0.44413068890571594,-0.1797449141740799,0.6030223369598389,0.4375690221786499,-0.13444429636001587,0.41860049962997437,0.45366382598876953,-0.22460532188415527,0.6046697497367859,0.43248260021209717,-0.17089079320430756,0.414473295211792,0.45107871294021606,-0.25051259994506836,0.5993608236312866,0.43021008372306824,-0.12211364507675171,0.42193537950515747,0.44839614629745483,-0.19525451958179474,0.5299608707427979,0.5136277079582214,0.04498631879687309,0.49470752477645874,0.5129619836807251,-0.04516828805208206,0.5316099524497986,0.6430670619010925,0.09567989408969879,0.5036425590515137,0.6668925881385803,-0.1658458411693573,0.5042415261268616,0.7068977952003479,0.43322721123695374,0.4986286163330078,0.8450868129730225,-0.14671623706817627,0.4978742003440857,0.7105639576911926,0.4625963270664215,0.4955179691314697,0.8610321879386902,-0.15005874633789062,0.5015340447425842,0.7604500651359558,0.40152615308761597,0.49247899651527405,0.8969593048095703,-0.30420559644699097
frame_00192.jpg,0.5066666603088379,0.28198233246803284,-0.1895315945148468,0.5115492939949036,0.26997730135917664,-0.1648033857345581,0.514335036277771,0.27022942900657654,-0.16506920754909515,0.5170401334762573,0.27061787247657776,-0.1650368869304657,0.5035049915313721,0.2692955732345581,-0.17112725973129272,0.500481128692627,0.269132137298584,-0.17145554721355438,0.49755650758743286,0.2690015435218811,-0.17158178985118866,0.5230022668838501,0.27568063139915466,-0.029444489628076553,0.4951821267604828,0.27264603972435,-0.057387322187423706,0.5109902024269104,0.2926548421382904,-0.13568657636642456,0.5013402104377747,0.29293009638786316,-0.14608855545520782,0.5475444197654724,0.34671565890312195,0.06931125372648239,0.472086101770401,0.3447023630142212,-0.003698521526530385,0.551895797252655,0.42958587408065796,0.07943378388881683,0.46097058057785034,0.423607736825943,-0.015693746507167816,0.585297167301178,0.43767860531806946,-0.11270590126514435,0.43301811814308167,0.4455208480358124,-0.18459907174110413,0.596884548664093,0.4398064613342285,-0.14890435338020325,0.4227024018764496,0.45319727063179016,-0.23004333674907684,0.5975977778434753,0.4334612488746643,-0.18562886118888855,0.4168620705604553,0.4503607451915741,-0.2583647668361664,0.5926116108894348,0.43366336822509766,-0.13162292540073395,0.424797922372818,0.44838979840278625,-0.20104487240314484,0.52864009141922,0.5185089707374573,0.04420315474271774,0.4938564896583557,0.5171037316322327,-0.04434751719236374,0.5307889580726624,0.649120032787323,0.061041902750730515,0.5033358335494995,0.6649224162101746,-0.16540366411209106,0.5068717002868652,0.7190724611282349,0.4009293019771576,0.4917827248573303,0.8411524891853333,-0.1089930534362793,0.5005286931991577,0.7187328338623047,0.4309033751487732,0.4959792494773865,0.8512983322143555,-0.11109855026006699,0.5051597952842712,0.7646417021751404,0.366387277841568,0.49708327651023865,0.8874970078468323,-0.2631451189517975
frame_00193.jpg,0.5064332485198975,0.27836015820503235,-0.1695767045021057,0.5112386345863342,0.266533225774765,-0.14600390195846558,0.514052152633667,0.2666122019290924,-0.14626416563987732,0.5167076587677002,0.26676639914512634,-0.14624252915382385,0.5035279989242554,0.26586785912513733,-0.1463075429201126,0.5003845691680908,0.2657060921192169,-0.14658008515834808,0.4972829818725586,0.2656400501728058,-0.14663681387901306,0.5225655436515808,0.2711745500564575,-0.014895500615239143,0.49444133043289185,0.26952072978019714,-0.015005966648459435,0.5103918313980103,0.29000723361968994,-0.11747733503580093,0.5008838176727295,0.2905716300010681,-0.11996164172887802,0.5473191142082214,0.34163394570350647,0.06708263605833054,0.47185641527175903,0.34103333950042725,0.05442558974027634,0.5521278381347656,0.42705821990966797,0.009651517495512962,0.4615505635738373,0.4200763702392578,0.01982492208480835,0.5841803550720215,0.43963003158569336,-0.2562312185764313,0.4334321916103363,0.4456479847431183,-0.1852991282939911,0.5946608781814575,0.4422224462032318,-0.3127698302268982,0.42260676622390747,0.45216694474220276,-0.24093537032604218,0.5955126881599426,0.4340583384037018,-0.3439733386039734,0.4171615242958069,0.449371337890625,-0.27247849106788635,0.5904098153114319,0.4346816837787628,-0.27541908621788025,0.42492038011550903,0.4478197395801544,-0.2049330770969391,0.5287912487983704,0.5143806338310242,0.02434825897216797,0.4930495619773865,0.514167845249176,-0.024480542168021202,0.5307625532150269,0.6509928107261658,0.028005927801132202,0.5025062561035156,0.6619793176651001,-0.12118548154830933,0.5096867680549622,0.7238518595695496,0.3711703419685364,0.492523729801178,0.8254016637802124,-0.0683063492178917,0.5039728879928589,0.723267674446106,0.40234747529029846,0.490398645401001,0.8541275858879089,-0.06384051591157913,0.5067033767700195,0.7667990326881409,0.32770657539367676,0.49934592843055725,0.8784109354019165,-0.21228215098381042
frame_00194.jpg,0.5072221159934998,0.26970916986465454,-0.1030547022819519,0.5106524229049683,0.2635379433631897,-0.0795326828956604,0.5124062299728394,0.2638164758682251,-0.07978443801403046,0.5139434337615967,0.2639726400375366,-0.0797550156712532,0.5041617155075073,0.26448383927345276,-0.08912758529186249,0.500946044921875,0.26527929306030273,-0.08941999822854996,0.4995715022087097,0.26519718766212463,-0.08952752500772476,0.5167163610458374,0.2681296467781067,0.03561927750706673,0.4989073872566223,0.26586565375328064,-0.006104864180088043,0.510585606098175,0.28372159600257874,-0.05821998789906502,0.5018264055252075,0.28500834107398987,-0.07274028658866882,0.5391340851783752,0.339861661195755,0.11048352718353271,0.47435879707336426,0.3383907079696655,0.037262532860040665,0.5484477877616882,0.4229215383529663,0.09686022251844406,0.4622916281223297,0.418235182762146,-0.026490936055779457,0.5801708698272705,0.44057586789131165,-0.0989282876253128,0.43371543288230896,0.4457104802131653,-0.18847784399986267,0.5918444395065308,0.44533902406692505,-0.1315453052520752,0.4226485788822174,0.4525313675403595,-0.24120521545410156,0.5938400030136108,0.43934908509254456,-0.16804291307926178,0.4173108637332916,0.4496484696865082,-0.2706385850906372,0.5882910490036011,0.43894752860069275,-0.11833114922046661,0.4249740540981293,0.4478940963745117,-0.20525483787059784,0.5239412784576416,0.5119057893753052,0.039447247982025146,0.49763980507850647,0.5125554203987122,-0.03963257744908333,0.5303996801376343,0.6553993821144104,0.05575888603925705,0.5089739561080933,0.658816933631897,-0.15370455384254456,0.5074722766876221,0.7267788648605347,0.3034222424030304,0.49033889174461365,0.8174982070922852,-0.1178346499800682,0.5017660856246948,0.7333642244338989,0.3254011273384094,0.4881258010864258,0.8395649790763855,-0.1188483014702797,0.5056957006454468,0.7676220536231995,0.2278873473405838,0.4993937015533447,0.8626803755760193,-0.25681358575820923
frame_00195.jpg,0.5074978470802307,0.25530532002449036,-0.15505538880825043,0.510970950126648,0.2475806176662445,-0.1277696192264557,0.5128819942474365,0.24762888252735138,-0.12804049253463745,0.5146602988243103,0.24773427844047546,-0.12801335752010345,0.5045926570892334,0.24742788076400757,-0.13276109099388123,0.5016493797302246,0.24735374748706818,-0.1329738199710846,0.4999743103981018,0.24688927829265594,-0.13305716216564178,0.5180343985557556,0.25082144141197205,0.0012122078333050013,0.49841099977493286,0.24878019094467163,-0.02237737737596035,0.5108599066734314,0.26789119839668274,-0.1067676916718483,0.5026946663856506,0.26840469241142273,-0.11547543853521347,0.5402717590332031,0.32599058747291565,0.07060133665800095,0.4739680886268616,0.3267320692539215,0.025666240602731705,0.5495906472206116,0.40996232628822327,0.03789765387773514,0.46280336380004883,0.4076370596885681,-0.04581335559487343,0.5797182321548462,0.4403420090675354,-0.18315525352954865,0.43319249153137207,0.4457375705242157,-0.25058111548423767,0.5904676914215088,0.44784754514694214,-0.2270621359348297,0.4219600260257721,0.45544353127479553,-0.306132972240448,0.5926543474197388,0.4431880712509155,-0.26345115900039673,0.4171852469444275,0.45247137546539307,-0.33520424365997314,0.5873535871505737,0.4411759674549103,-0.20291432738304138,0.4237891733646393,0.4487547278404236,-0.2690276503562927,0.5270649194717407,0.4925746023654938,0.030904138460755348,0.4965062737464905,0.4968682527542114,-0.03114059939980507,0.5380938053131104,0.6125391721725464,0.02513767220079899,0.5041319131851196,0.6435891389846802,-0.1062987893819809,0.5216636657714844,0.683066725730896,0.2884212136268616,0.49163317680358887,0.8172730207443237,-0.04798278585076332,0.5177688002586365,0.6954219937324524,0.3066633343696594,0.48917660117149353,0.8212926387786865,-0.04987376183271408,0.5152804851531982,0.7389065027236938,0.2056286633014679,0.4989338517189026,0.8543554544448853,-0.20419113337993622
frame_00196.jpg,0.5077953338623047,0.24398334324359894,-0.21880534291267395,0.5112766623497009,0.23332759737968445,-0.19097156822681427,0.5132232308387756,0.23329155147075653,-0.19123202562332153,0.5149565935134888,0.2333410233259201,-0.19119451940059662,0.5049340128898621,0.23285743594169617,-0.1984209418296814,0.5021054744720459,0.23266632854938507,-0.19869938492774963,0.5002362728118896,0.23232045769691467,-0.1988178938627243,0.5187644362449646,0.23620544373989105,-0.045956991612911224,0.4973532557487488,0.23492325842380524,-0.07926152646541595,0.5112015008926392,0.2556246221065521,-0.16308610141277313,0.5032394528388977,0.25614482164382935,-0.17472165822982788,0.5411813855171204,0.3110808730125427,0.05094181373715401,0.4730026125907898,0.31242066621780396,-0.01952975243330002,0.550377607345581,0.39432013034820557,0.049905575811862946,0.46310147643089294,0.39856016635894775,-0.051938362419605255,0.5805855393409729,0.43967023491859436,-0.15384124219417572,0.43239980936050415,0.44554251432418823,-0.23018738627433777,0.5903522968292236,0.44775334000587463,-0.19461679458618164,0.4213261604309082,0.4589146673679352,-0.28125184774398804,0.5925323367118835,0.44396936893463135,-0.23109884560108185,0.4170382618904114,0.45668527483940125,-0.31090047955513,0.5873553156852722,0.44121503829956055,-0.17361637949943542,0.42318692803382874,0.4506552815437317,-0.24814236164093018,0.5286551713943481,0.47851085662841797,0.030707906931638718,0.49565425515174866,0.4835053086280823,-0.030956974253058434,0.5417754650115967,0.5981833338737488,0.007999393157660961,0.5014969706535339,0.6290405988693237,-0.10043313354253769,0.5252420902252197,0.6803058981895447,0.255420982837677,0.49240684509277344,0.7902378439903259,-0.029596712440252304,0.5217313766479492,0.6959535479545593,0.2733629643917084,0.487987220287323,0.8175328373908997,-0.029506370425224304,0.5186469554901123,0.732387363910675,0.1744743436574936,0.4858704209327698,0.8382613062858582,-0.17980609834194183
frame_00197.jpg,0.5079522728919983,0.23161759972572327,-0.23765423893928528,0.5113612413406372,0.21940532326698303,-0.21233776211738586,0.5134653449058533,0.21915645897388458,-0.2126045674085617,0.5153798460960388,0.21902745962142944,-0.21257495880126953,0.5049247145652771,0.21945030987262726,-0.2183907926082611,0.5022788047790527,0.2194654643535614,-0.21868953108787537,0.5002361536026001,0.21955041587352753,-0.21882382035255432,0.5192739963531494,0.2231629639863968,-0.07400623708963394,0.496687114238739,0.22461093962192535,-0.1013878732919693,0.5114381909370422,0.24299918115139008,-0.18403556942939758,0.5036044120788574,0.24365104734897614,-0.1939454823732376,0.5414606928825378,0.30077314376831055,0.02641015313565731,0.472496896982193,0.30378520488739014,-0.04209320619702339,0.5508460998535156,0.3852632939815521,0.030789878219366074,0.4623437523841858,0.3937138617038727,-0.06459522992372513,0.5816000699996948,0.43707412481307983,-0.16040317714214325,0.43083101511001587,0.44673556089401245,-0.236408993601799,0.591407835483551,0.44769012928009033,-0.1974460780620575,0.4202992916107178,0.46552199125289917,-0.28641587495803833,0.5936875343322754,0.444439560174942,-0.23790688812732697,0.4166409969329834,0.46398457884788513,-0.3193393051624298,0.5885613560676575,0.4411219656467438,-0.18093876540660858,0.42228275537490845,0.45646730065345764,-0.2552962899208069,0.5289705991744995,0.4737948775291443,0.03075225278735161,0.494378000497818,0.4776970446109772,-0.031000396236777306,0.539279580116272,0.6100778579711914,0.05427045375108719,0.4999109208583832,0.6266356706619263,-0.10914671421051025,0.5267217755317688,0.6915916204452515,0.3132832646369934,0.4893870949745178,0.7972038984298706,-0.06593123823404312,0.5236329436302185,0.701306164264679,0.33191943168640137,0.4883739948272705,0.8263871073722839,-0.06983861327171326,0.5198543667793274,0.744845449924469,0.22877255082130432,0.48625701665878296,0.8431748151779175,-0.236160010099411
frame_00198.jpg,0.5080897808074951,0.23095332086086273,-0.27966412901878357,0.5115150809288025,0.21812723577022552,-0.2560858130455017,0.5136445760726929,0.21780304610729218,-0.2563667893409729,0.515495240688324,0.2176768183708191,-0.25634729862213135,0.5049206018447876,0.2182794213294983,-0.2620857357978821,0.5023295283317566,0.21831060945987701,-0.2623785138130188,0.5000908374786377,0.2183201014995575,-0.26253199577331543,0.5195993185043335,0.22090111672878265,-0.1169670820236206,0.49591851234436035,0.22233839333057404,-0.14436443150043488,0.5115990042686462,0.2420831024646759,-0.2247651070356369,0.5038365721702576,0.24285919964313507,-0.23467767238616943,0.5422037243843079,0.296252578496933,-0.006888534873723984,0.47235822677612305,0.3009638786315918,-0.07380861788988113,0.5517176389694214,0.38282012939453125,0.015163677744567394,0.4619380533695221,0.3919807970523834,-0.08213148266077042,0.5820819735527039,0.4357543885707855,-0.15823721885681152,0.42961257696151733,0.4488323926925659,-0.24384279549121857,0.5918886661529541,0.4478440284729004,-0.1925329864025116,0.41951996088027954,0.4697566032409668,-0.292155921459198,0.5939269661903381,0.44550126791000366,-0.23426882922649384,0.41622233390808105,0.46828189492225647,-0.32669052481651306,0.5892680287361145,0.4412587881088257,-0.17869217693805695,0.4214491844177246,0.4605112373828888,-0.26308876276016235,0.5296403765678406,0.4721676707267761,0.03120969608426094,0.49409157037734985,0.47618627548217773,-0.031448815017938614,0.5399779081344604,0.5986002683639526,0.08889613300561905,0.4990316927433014,0.6287802457809448,-0.10630752891302109,0.5275746583938599,0.6724565029144287,0.3672265410423279,0.4902741312980652,0.8017610907554626,-0.06266184151172638,0.5244548916816711,0.6857702136039734,0.3880314230918884,0.49056172370910645,0.8271232843399048,-0.06539423018693924,0.5219013094902039,0.7263319492340088,0.2887480854988098,0.4902311861515045,0.8459364771842957,-0.23285500705242157
frame_00199.jpg,0.5081743001937866,0.22762230038642883,-0.28343701362609863,0.5115553140640259,0.2148636132478714,-0.25964218378067017,0.5139094591140747,0.21471795439720154,-0.2599373459815979,0.5161615610122681,0.21483613550662994,-0.25992143154144287,0.5050382018089294,0.21507614850997925,-0.2666824162006378,0.5024744272232056,0.215274840593338,-0.2669621706008911,0.500167727470398,0.2154238075017929,-0.2671186327934265,0.5197147130966187,0.21854285895824432,-0.11988812685012817,0.4955647885799408,0.22038477659225464,-0.15289685130119324,0.5116910934448242,0.24007533490657806,-0.22843196988105774,0.5039927363395691,0.24065090715885162,-0.2399766892194748,0.5427907705307007,0.29745903611183167,-0.008022375404834747,0.4720832407474518,0.3001294732093811,-0.0899043008685112,0.5531821250915527,0.3833519518375397,0.005942293908447027,0.4617560803890228,0.3923884630203247,-0.10699044167995453,0.5848831534385681,0.4351201057434082,-0.1766221970319748,0.4289611279964447,0.4504120945930481,-0.27599889039993286,0.5940738320350647,0.4481743276119232,-0.2108711451292038,0.4185120165348053,0.4719190299510956,-0.3280898332595825,0.596908688545227,0.446281373500824,-0.2534369230270386,0.41538625955581665,0.46998071670532227,-0.36218956112861633,0.592403769493103,0.44146332144737244,-0.1974630206823349,0.4204433858394623,0.46221429109573364,-0.2955631613731384,0.5300135612487793,0.473819375038147,0.0402066744863987,0.49373990297317505,0.47663381695747375,-0.040384210646152496,0.5404962301254272,0.6020750403404236,0.16023819148540497,0.4989519715309143,0.6305842995643616,-0.12657253444194794,0.5268377661705017,0.6644699573516846,0.48722773790359497,0.49066033959388733,0.8104652166366577,-0.0972321555018425,0.5233697295188904,0.6764653325080872,0.5132735371589661,0.4873749315738678,0.8420285582542419,-0.10109515488147736,0.5215237736701965,0.7178316116333008,0.4256046414375305,0.4910782277584076,0.8642677664756775,-0.2776934504508972
frame_00200.jpg,0.5081232786178589,0.2301756590604782,-0.26259052753448486,0.511536717414856,0.21791094541549683,-0.23744745552539825,0.5140398740768433,0.21774764358997345,-0.23774445056915283,0.5163341760635376,0.2177588790655136,-0.23772382736206055,0.5047677159309387,0.21816988289356232,-0.24374961853027344,0.5022367238998413,0.21833567321300507,-0.24402622878551483,0.4998035430908203,0.21843597292900085,-0.24417369067668915,0.5199835896492004,0.2217375636100769,-0.09629388153553009,0.4951803684234619,0.22374483942985535,-0.1259150356054306,0.5117775201797485,0.2429361194372177,-0.20756058394908905,0.5041092038154602,0.24340717494487762,-0.21814386546611786,0.5436234474182129,0.30031001567840576,0.009009154513478279,0.47127801179885864,0.3023967444896698,-0.06657945364713669,0.5541269183158875,0.38639819622039795,0.011125427670776844,0.46156302094459534,0.39346808195114136,-0.10101549327373505,0.5879289507865906,0.43475469946861267,-0.18945129215717316,0.4290615916252136,0.45089420676231384,-0.29991987347602844,0.5968984365463257,0.4482235014438629,-0.22835907340049744,0.4180557131767273,0.4714042842388153,-0.3578554689884186,0.5997568368911743,0.44636666774749756,-0.2705816626548767,0.41493457555770874,0.4693942666053772,-0.3904951512813568,0.5951514840126038,0.4414319097995758,-0.21084627509117126,0.4200770854949951,0.462201327085495,-0.31999528408050537,0.5308284759521484,0.47654423117637634,0.040633030235767365,0.4936685562133789,0.4789579510688782,-0.040794361382722855,0.5418001413345337,0.6084195971488953,0.15243865549564362,0.49879613518714905,0.6411792039871216,-0.13156947493553162,0.5261045694351196,0.6658397912979126,0.4988704323768616,0.4907376766204834,0.8149636387825012,-0.09788573533296585,0.5223293900489807,0.6763283610343933,0.5271378755569458,0.4885597825050354,0.8391631841659546,-0.10138367116451263,0.5211292505264282,0.7152652144432068,0.4406862258911133,0.4907284677028656,0.8665891289710999,-0.27830880880355835
frame_00201.jpg,0.5081907510757446,0.23237279057502747,-0.25381970405578613,0.5115809440612793,0.2203184813261032,-0.22910642623901367,0.5141327381134033,0.2194405049085617,-0.22941163182258606,0.5164952278137207,0.2187233865261078,-0.2293945997953415,0.5047823190689087,0.22134828567504883,-0.23681025207042694,0.5022830367088318,0.2213059365749359,-0.2370842695236206,0.4998242259025574,0.22113725543022156,-0.23723945021629333,0.5201268196105957,0.22267158329486847,-0.08838184177875519,0.4951286315917969,0.2257823795080185,-0.12485171854496002,0.5118468403816223,0.24439504742622375,-0.19859319925308228,0.5041905045509338,0.2451246678829193,-0.21108822524547577,0.5440095067024231,0.30142560601234436,0.01635260507464409,0.4708583950996399,0.30852213501930237,-0.06675901263952255,0.5541651844978333,0.38742730021476746,0.014715413562953472,0.4616321623325348,0.39971667528152466,-0.10079507529735565,0.589257538318634,0.43457555770874023,-0.18949565291404724,0.4284099042415619,0.45291370153427124,-0.28863662481307983,0.5980592370033264,0.4471451938152313,-0.22772260010242462,0.41596612334251404,0.4715268015861511,-0.34372350573539734,0.6009761095046997,0.44555148482322693,-0.2682097256183624,0.41285523772239685,0.46940141916275024,-0.3754311800003052,0.5965036749839783,0.44087234139442444,-0.210372656583786,0.41853490471839905,0.4628540873527527,-0.3080255389213562,0.5319707989692688,0.47902554273605347,0.04478266090154648,0.4937105178833008,0.48364993929862976,-0.044907137751579285,0.5418283343315125,0.6110004186630249,0.19394013285636902,0.49887752532958984,0.6467477679252625,-0.1488468050956726,0.5256727337837219,0.6633668541908264,0.5565503835678101,0.4911178648471832,0.8179904818534851,-0.12003926187753677,0.52167147397995,0.6697753071784973,0.5868927240371704,0.485765278339386,0.8480783104896545,-0.12357281148433685,0.5209733247756958,0.7157837748527527,0.5151094198226929,0.491142213344574,0.8711660504341125,-0.2948295474052429
frame_00202.jpg,0.5080603361129761,0.24933406710624695,-0.23835130035877228,0.5113468170166016,0.23689238727092743,-0.21358880400657654,0.5138300657272339,0.23635676503181458,-0.21392235159873962,0.5162453055381775,0.23599308729171753,-0.21392564475536346,0.5046311616897583,0.23729448020458221,-0.22776421904563904,0.5021761059761047,0.23716293275356293,-0.2279892861843109,0.499729722738266,0.23695401847362518,-0.22815683484077454,0.5199545621871948,0.2411053329706192,-0.07517898827791214,0.4949077069759369,0.2427341490983963,-0.11304718255996704,0.511488676071167,0.2621668875217438,-0.18352390825748444,0.5039476156234741,0.2626626789569855,-0.20539851486682892,0.5425794720649719,0.3151001036167145,0.03177962452173233,0.4710121750831604,0.3235456645488739,-0.05751136690378189,0.5537248253822327,0.4004087746143341,0.04771009087562561,0.4605356752872467,0.41350820660591125,-0.08776508271694183,0.5898674130439758,0.4346793591976166,-0.1459730565547943,0.42672547698020935,0.4560684263706207,-0.2662017345428467,0.5989464521408081,0.44617730379104614,-0.1794520914554596,0.41329288482666016,0.47152653336524963,-0.3145022690296173,0.6014577150344849,0.4442751705646515,-0.21981343626976013,0.4101545214653015,0.4690702259540558,-0.34409841895103455,0.5970408916473389,0.44057974219322205,-0.16669760644435883,0.41646790504455566,0.46336185932159424,-0.2839813530445099,0.5319902300834656,0.4923080801963806,0.047752153128385544,0.49419277906417847,0.49831923842430115,-0.047874171286821365,0.5422745943069458,0.6116073131561279,0.18100373446941376,0.49894818663597107,0.6598659157752991,-0.14874742925167084,0.5254039168357849,0.6638165712356567,0.5439265966415405,0.4914923310279846,0.8221152424812317,-0.11707554012537003,0.5212342739105225,0.6677383184432983,0.575360894203186,0.489013135433197,0.8466257452964783,-0.11964698880910873,0.5207263827323914,0.7094374299049377,0.5172706246376038,0.49640369415283203,0.8729248046875,-0.2795928716659546
frame_00203.jpg,0.5066765546798706,0.2664899230003357,-0.23583833873271942,0.5100851058959961,0.2529189884662628,-0.21080216765403748,0.5124402642250061,0.2525937557220459,-0.21111345291137695,0.5148628950119019,0.25255730748176575,-0.21110543608665466,0.5037665963172913,0.25341710448265076,-0.22713308036327362,0.5014912486076355,0.253519743680954,-0.22736486792564392,0.49907368421554565,0.2536347806453705,-0.2275368869304657,0.5195894241333008,0.2575974464416504,-0.0748479962348938,0.4947868287563324,0.25762948393821716,-0.09454600512981415,0.5102969408035278,0.2777823209762573,-0.18103671073913574,0.5028394460678101,0.27853766083717346,-0.19868524372577667,0.5430220365524292,0.332284539937973,0.022613462060689926,0.471248060464859,0.33567991852760315,-0.020528048276901245,0.5533894300460815,0.4233637750148773,-0.0060934042558074,0.4610362648963928,0.42207473516464233,-0.0309516042470932,0.5901915431022644,0.437714546918869,-0.24232248961925507,0.4275129437446594,0.4569597542285919,-0.2174580842256546,0.5999009013175964,0.4458572566509247,-0.28891199827194214,0.4138394892215729,0.4711264371871948,-0.2678230404853821,0.6027461290359497,0.4407573938369751,-0.3249967098236084,0.4106699824333191,0.46875885128974915,-0.30157801508903503,0.5981947183609009,0.43882474303245544,-0.2624208629131317,0.4168815016746521,0.46311408281326294,-0.2379148304462433,0.5319376587867737,0.5097097754478455,0.03814490884542465,0.4941645562648773,0.5127201080322266,-0.03822007775306702,0.537091851234436,0.6404572129249573,0.14398348331451416,0.49890607595443726,0.6723659038543701,-0.13733452558517456,0.5251194834709167,0.6713953018188477,0.5122683048248291,0.4923264980316162,0.8340854644775391,-0.08548074960708618,0.5210402011871338,0.6775386929512024,0.5459949970245361,0.4902574419975281,0.8527448773384094,-0.0858374610543251,0.5205703377723694,0.7141912579536438,0.48009997606277466,0.49651122093200684,0.8850144743919373,-0.2489110678434372
frame_00204.jpg,0.5063761472702026,0.2867114841938019,-0.2176152467727661,0.509881854057312,0.2746567726135254,-0.19223423302173615,0.5121772289276123,0.2740999460220337,-0.19251026213169098,0.514576256275177,0.2738133668899536,-0.19246912002563477,0.503641664981842,0.27534934878349304,-0.20385804772377014,0.5013715028762817,0.2752324938774109,-0.20414939522743225,0.4989260137081146,0.27518174052238464,-0.2042892873287201,0.5194368958473206,0.27567216753959656,-0.04776984825730324,0.49448180198669434,0.27742451429367065,-0.08544839918613434,0.5098372101783752,0.29723602533340454,-0.15982845425605774,0.5024248361587524,0.2979736924171448,-0.1755439043045044,0.5425587892532349,0.3431588411331177,0.06283922493457794,0.47101321816444397,0.3453594744205475,-0.023496733978390694,0.5533679723739624,0.4320169985294342,0.05202464014291763,0.4608452320098877,0.4335605502128601,-0.043999187648296356,0.5882065892219543,0.4433295428752899,-0.19643647968769073,0.4275205135345459,0.4639871418476105,-0.22525207698345184,0.5976659655570984,0.44674327969551086,-0.2440759837627411,0.41414445638656616,0.47366032004356384,-0.27624326944351196,0.6002127528190613,0.44097191095352173,-0.2771129310131073,0.41093316674232483,0.470374196767807,-0.30675846338272095,0.5956947207450867,0.44028961658477783,-0.21705546975135803,0.4170675277709961,0.4666600823402405,-0.24388809502124786,0.5315767526626587,0.5250446796417236,0.04452867805957794,0.4937903881072998,0.5280530452728271,-0.04464367404580116,0.5348387956619263,0.651820182800293,0.13315266370773315,0.498786598443985,0.6900778412818909,-0.14613603055477142,0.5209416747093201,0.6841026544570923,0.47489023208618164,0.49306949973106384,0.8495518565177917,-0.0948600023984909,0.5171254277229309,0.6838445663452148,0.5050631761550903,0.49031439423561096,0.8643875122070312,-0.09533316642045975,0.516017735004425,0.7314192056655884,0.4327315390110016,0.49663370847702026,0.897978663444519,-0.2583543658256531
frame_00205.jpg,0.5058157444000244,0.28600040078163147,-0.20782816410064697,0.5096867680549622,0.2722671329975128,-0.18301823735237122,0.5119179487228394,0.2719007730484009,-0.18328586220741272,0.5143031477928162,0.2717756927013397,-0.18324562907218933,0.5034133195877075,0.2729693055152893,-0.18738333880901337,0.5011525750160217,0.27313530445098877,-0.18769536912441254,0.4987064003944397,0.2734261155128479,-0.18781255185604095,0.5192268490791321,0.2765130400657654,-0.042295221239328384,0.4944775104522705,0.27865228056907654,-0.058778636157512665,0.5092543959617615,0.29770681262016296,-0.15213993191719055,0.5015825033187866,0.29876983165740967,-0.1597801148891449,0.5426625609397888,0.3463002145290375,0.05649947002530098,0.4710502028465271,0.34797149896621704,0.01425194926559925,0.5527846813201904,0.43289440870285034,0.052947718650102615,0.46089863777160645,0.43291154503822327,-0.009366098791360855,0.585593581199646,0.4475870430469513,-0.15479396283626556,0.4302615225315094,0.46488702297210693,-0.20704540610313416,0.5945425629615784,0.4491734802722931,-0.19869615137577057,0.4168175756931305,0.4736393690109253,-0.25887441635131836,0.5969452857971191,0.44284331798553467,-0.23354193568229675,0.4127713143825531,0.4704185426235199,-0.29043805599212646,0.5925613641738892,0.44295915961265564,-0.1738896518945694,0.4192183017730713,0.46712595224380493,-0.22651247680187225,0.5317075252532959,0.5287916660308838,0.030931290239095688,0.49372291564941406,0.5325124859809875,-0.03107432648539543,0.5341256856918335,0.6789376139640808,0.06032995134592056,0.4988076686859131,0.6919516921043396,-0.11905380338430405,0.5239734649658203,0.7478688955307007,0.3876238167285919,0.49557408690452576,0.8472651839256287,-0.01248245034366846,0.5183451771736145,0.7543506026268005,0.4145990312099457,0.4930700361728668,0.8628066778182983,-0.007871663197875023,0.5247200131416321,0.7908909916877747,0.32484298944473267,0.4943993091583252,0.8918722867965698,-0.16178113222122192
frame_00206.jpg,0.507611870765686,0.28160160779953003,-0.18615826964378357,0.5108041167259216,0.2684953808784485,-0.1601414531469345,0.5129343867301941,0.26794299483299255,-0.16041669249534607,0.515086829662323,0.26765045523643494,-0.16037151217460632,0.5047059655189514,0.2696487307548523,-0.16787715256214142,0.5023735761642456,0.2699703276157379,-0.16815629601478577,0.49991902709007263,0.2703137695789337,-0.16825808584690094,0.5192604660987854,0.272704541683197,-0.02193061076104641,0.4955085217952728,0.2753423750400543,-0.05666261911392212,0.5108577013015747,0.2939516603946686,-0.1323513686656952,0.5033462643623352,0.29470768570899963,-0.14467164874076843,0.5427216291427612,0.34392601251602173,0.06090090423822403,0.470858633518219,0.3460644781589508,-0.0029834434390068054,0.5519161820411682,0.4297543466091156,0.02026025950908661,0.46093592047691345,0.43099120259284973,-0.05605946108698845,0.5829163789749146,0.4487864077091217,-0.233940988779068,0.4302540719509125,0.4673255681991577,-0.26879191398620605,0.5918492078781128,0.45247364044189453,-0.28349024057388306,0.4168754518032074,0.4751565754413605,-0.3267863392829895,0.5937564373016357,0.4465622305870056,-0.31928858160972595,0.41295138001441956,0.47244569659233093,-0.35537609457969666,0.5892058610916138,0.4463525116443634,-0.25490549206733704,0.41935795545578003,0.4696636199951172,-0.2876155972480774,0.5322742462158203,0.5257728099822998,0.031213413923978806,0.49380892515182495,0.5294576287269592,-0.031384602189064026,0.538521945476532,0.6633293032646179,0.06585058569908142,0.4987034201622009,0.6897247433662415,-0.12184759229421616,0.5242652297019958,0.746966540813446,0.42720040678977966,0.495677649974823,0.8439461588859558,-0.041223011910915375,0.519612729549408,0.7445476055145264,0.45623230934143066,0.49330538511276245,0.8612176179885864,-0.039685361087322235,0.5239865779876709,0.780181348323822,0.37779781222343445,0.49348410964012146,0.8878563642501831,-0.1973484754562378
frame_00207.jpg,0.5101263523101807,0.26372450590133667,-0.1946859359741211,0.513033926486969,0.25374674797058105,-0.17059656977653503,0.5152401924133301,0.253787100315094,-0.1708751618862152,0.5174372792243958,0.25409385561943054,-0.1708386093378067,0.5067494511604309,0.2540467381477356,-0.17557376623153687,0.5045084953308105,0.2543771266937256,-0.1758514791727066,0.5021689534187317,0.25477632880210876,-0.17596518993377686,0.5205166935920715,0.25851720571517944,-0.024339919909834862,0.4978269934654236,0.2601759731769562,-0.06282501667737961,0.5136003494262695,0.2765171229839325,-0.14322307705879211,0.5060822367668152,0.2777273952960968,-0.15254759788513184,0.5451403856277466,0.3378906846046448,0.030077779665589333,0.47327977418899536,0.34050795435905457,-0.008346877060830593,0.5519428253173828,0.4260539412498474,-0.024617059156298637,0.46234026551246643,0.4267632067203522,-0.05334969609975815,0.5825908184051514,0.4494006931781769,-0.27015358209609985,0.4298159182071686,0.4669962227344513,-0.2573156952857971,0.591537594795227,0.4560494124889374,-0.3211154639720917,0.41704097390174866,0.47748443484306335,-0.3123202621936798,0.5939761400222778,0.4516587555408478,-0.35661107301712036,0.41333335638046265,0.4745084345340729,-0.34304651618003845,0.5893846154212952,0.4500398635864258,-0.290432333946228,0.41938915848731995,0.4707259237766266,-0.27637219429016113,0.5334970355033875,0.5253149271011353,0.026669159531593323,0.4940548837184906,0.5282555222511292,-0.02684977278113365,0.5384600758552551,0.6384891867637634,0.058633141219615936,0.49788975715637207,0.6874544620513916,-0.08359973132610321,0.5264903903007507,0.7171938419342041,0.3669537901878357,0.4957030415534973,0.8420736193656921,-0.010794403031468391,0.5230505466461182,0.7292094826698303,0.3914368152618408,0.4933962821960449,0.8597150444984436,-0.010163567028939724,0.5236722230911255,0.7729900479316711,0.29968374967575073,0.49166426062583923,0.8869186043739319,-0.17003324627876282
frame_00208.jpg,0.5140500664710999,0.2528494596481323,-0.23835846781730652,0.517022430896759,0.2411537766456604,-0.21375803649425507,0.5193178057670593,0.24112628400325775,-0.21404150128364563,0.5216103792190552,0.2412692904472351,-0.21400496363639832,0.5101427435874939,0.24096114933490753,-0.21900200843811035,0.507719874382019,0.24088673293590546,-0.21930567920207977,0.5052813291549683,0.24089118838310242,-0.21944713592529297,0.5232027173042297,0.2441118210554123,-0.07288796454668045,0.500740110874176,0.24526816606521606,-0.09892971813678741,0.517900824546814,0.2645828127861023,-0.1842840015888214,0.5099143981933594,0.26492229104042053,-0.19325077533721924,0.5484520196914673,0.3234361410140991,0.018089625984430313,0.47589200735092163,0.32569167017936707,-0.03205842524766922,0.5556386709213257,0.41312798857688904,-0.0003093654231633991,0.46341174840927124,0.41564273834228516,-0.05333884805440903,0.5846823453903198,0.44905322790145874,-0.22812111675739288,0.42988649010658264,0.46626901626586914,-0.23290041089057922,0.5931879281997681,0.45711466670036316,-0.2648872435092926,0.417675256729126,0.4779135286808014,-0.28242045640945435,0.5961151719093323,0.4539346992969513,-0.308223158121109,0.41434818506240845,0.4755004942417145,-0.31677067279815674,0.59172123670578,0.4513011574745178,-0.24852952361106873,0.41986459493637085,0.4708048403263092,-0.252309113740921,0.5340551733970642,0.5130732655525208,0.027838697656989098,0.4943663477897644,0.5136268734931946,-0.028028398752212524,0.5395507216453552,0.6358842253684998,0.06612623482942581,0.49761533737182617,0.6562901139259338,-0.09146420657634735,0.5281209349632263,0.703831136226654,0.36482059955596924,0.49138087034225464,0.8178174495697021,-0.02411981299519539,0.5247961282730103,0.7283176183700562,0.38834279775619507,0.4934060573577881,0.8404674530029297,-0.02397196739912033,0.5240764021873474,0.760953962802887,0.29850029945373535,0.4929925799369812,0.8445476293563843,-0.18036265671253204
frame_00209.jpg,0.5170849561691284,0.23831377923488617,-0.27088502049446106,0.5203264951705933,0.22556321322917938,-0.24683566391468048,0.5229514241218567,0.22579702734947205,-0.24714148044586182,0.5255836248397827,0.22607217729091644,-0.24711093306541443,0.512369692325592,0.22529055178165436,-0.25408825278282166,0.509626030921936,0.22556713223457336,-0.2543867230415344,0.5070031881332397,0.22592240571975708,-0.25453776121139526,0.5259603261947632,0.2313750833272934,-0.10720087587833405,0.5023000240325928,0.2329833060503006,-0.1414451003074646,0.5209981203079224,0.25206688046455383,-0.21622392535209656,0.5124250650405884,0.2514173686504364,-0.22808416187763214,0.5487281084060669,0.30704793334007263,-0.001987036317586899,0.4778245985507965,0.30925971269607544,-0.07762999832630157,0.5577160716056824,0.3948937952518463,0.0075449286960065365,0.465459406375885,0.40525349974632263,-0.09153791517019272,0.5889226198196411,0.44888612627983093,-0.16159409284591675,0.4303579330444336,0.4661726653575897,-0.25360211730003357,0.5969764590263367,0.45694592595100403,-0.19241417944431305,0.4184282422065735,0.478630006313324,-0.3021724820137024,0.6010751724243164,0.4557446539402008,-0.23598797619342804,0.4152401089668274,0.4766896665096283,-0.33679303526878357,0.5961625576019287,0.45162126421928406,-0.18221594393253326,0.4205115735530853,0.4710148572921753,-0.27273714542388916,0.5347577333450317,0.4969251751899719,0.03497546166181564,0.4958729147911072,0.4976333975791931,-0.03516923636198044,0.5407136678695679,0.6254047155380249,0.13860443234443665,0.4990389347076416,0.647949755191803,-0.09646174311637878,0.5281603336334229,0.6896530985832214,0.4644100069999695,0.48993802070617676,0.8125447630882263,-0.049632541835308075,0.524570107460022,0.7034587860107422,0.49096888303756714,0.49161219596862793,0.8373408913612366,-0.0514906644821167,0.5306978821754456,0.741394579410553,0.4160771369934082,0.49365782737731934,0.8504855036735535,-0.20805302262306213
frame_00210.jpg,0.5192246437072754,0.21876949071884155,-0.25163406133651733,0.5225251913070679,0.20733219385147095,-0.2269744873046875,0.5253239870071411,0.20763500034809113,-0.2272661030292511,0.5280231833457947,0.2079726904630661,-0.22723543643951416,0.5146382451057434,0.20722660422325134,-0.23465371131896973,0.5117391347885132,0.20765456557273865,-0.23495285212993622,0.5089246034622192,0.20805053412914276,-0.23509755730628967,0.5274884104728699,0.21621450781822205,-0.08927889168262482,0.5036276578903198,0.217406764626503,-0.12798011302947998,0.5229666233062744,0.23436260223388672,-0.19790393114089966,0.5146569013595581,0.23343154788017273,-0.21067149937152863,0.549956202507019,0.29814645648002625,0.00953543372452259,0.4791983664035797,0.30183282494544983,-0.07654383033514023,0.5615512728691101,0.38834720849990845,0.06509660929441452,0.467114120721817,0.39827486872673035,-0.08969617635011673,0.5964334011077881,0.44674211740493774,-0.08152743428945541,0.4311014711856842,0.46301984786987305,-0.24997679889202118,0.6060328483581543,0.4568459689617157,-0.10779460519552231,0.41940635442733765,0.4782254099845886,-0.295234739780426,0.6104965209960938,0.4561654329299927,-0.1540830433368683,0.4162231385707855,0.47628048062324524,-0.33026066422462463,0.6053675413131714,0.4513322710990906,-0.10314182192087173,0.4213871955871582,0.47075575590133667,-0.2682858109474182,0.535861074924469,0.484482079744339,0.04162157326936722,0.49744707345962524,0.4856158196926117,-0.041822291910648346,0.5404163002967834,0.6172125935554504,0.12735135853290558,0.4988645613193512,0.6388465762138367,-0.10842341184616089,0.5287230014801025,0.7103942632675171,0.4303877353668213,0.4900731146335602,0.8088024258613586,-0.05720875412225723,0.5244362354278564,0.7219821214675903,0.44993215799331665,0.491055965423584,0.8343437314033508,-0.058487243950366974,0.5328802466392517,0.7513935565948486,0.36394166946411133,0.49523410201072693,0.8504838347434998,-0.21426287293434143
frame_00211.jpg,0.5209015607833862,0.21318338811397552,-0.26253393292427063,0.5241458415985107,0.20175333321094513,-0.2376158982515335,0.5268153548240662,0.2021532952785492,-0.2379266917705536,0.5293564200401306,0.20253154635429382,-0.2379031628370285,0.5166329741477966,0.20150308310985565,-0.2465389221906662,0.5138968229293823,0.2019275575876236,-0.24683602154254913,0.5111244916915894,0.2023356705904007,-0.24701182544231415,0.5283935070037842,0.21030913293361664,-0.10425561666488647,0.5060416460037231,0.21113495528697968,-0.14590921998023987,0.5242918729782104,0.22881469130516052,-0.21098141372203827,0.5165238380432129,0.22816289961338043,-0.224875807762146,0.5504475831985474,0.29219764471054077,-0.005352283827960491,0.48071661591529846,0.29763221740722656,-0.09057141095399857,0.5627890229225159,0.3820607364177704,0.057431746274232864,0.46857714653015137,0.38902074098587036,-0.10067254304885864,0.6003482341766357,0.4382757246494293,-0.05925125628709793,0.43272653222084045,0.45260876417160034,-0.24967996776103973,0.6099720597267151,0.4512965977191925,-0.0803053081035614,0.4209291338920593,0.4723310172557831,-0.2895990312099457,0.6137356162071228,0.45156601071357727,-0.12540599703788757,0.4177049696445465,0.4707123339176178,-0.3240308165550232,0.6088564991950989,0.44615793228149414,-0.07943472266197205,0.4228482246398926,0.4641162157058716,-0.2675073742866516,0.5364345908164978,0.47426679730415344,0.04103858023881912,0.5004591941833496,0.47608646750450134,-0.041264161467552185,0.5409749746322632,0.6050878763198853,0.12006513774394989,0.49982866644859314,0.6107541918754578,-0.08850525319576263,0.5323165655136108,0.7082791924476624,0.34382182359695435,0.4937777519226074,0.7614700794219971,0.0017116144299507141,0.5281888842582703,0.7192482352256775,0.3583138883113861,0.4951627254486084,0.7827882766723633,0.0046186381950974464,0.5371071696281433,0.7485169768333435,0.25617915391921997,0.4998987317085266,0.8051364421844482,-0.13805565237998962
frame_00212.jpg,0.5215172171592712,0.21520647406578064,-0.23377195000648499,0.5250371694564819,0.2035696655511856,-0.20808430016040802,0.5278327465057373,0.20392099022865295,-0.20836806297302246,0.5304262638092041,0.20428729057312012,-0.20832455158233643,0.517661988735199,0.2032535970211029,-0.2132207602262497,0.515042781829834,0.2035457342863083,-0.21351587772369385,0.5123609900474548,0.20382772386074066,-0.213688924908638,0.5300062298774719,0.21128329634666443,-0.0796467661857605,0.5076783895492554,0.2115027755498886,-0.1017071008682251,0.5255008935928345,0.229628324508667,-0.18488532304763794,0.5174863934516907,0.22909072041511536,-0.19317443668842316,0.5515463948249817,0.2916465699672699,0.0034210856538265944,0.48215728998184204,0.2959285378456116,-0.039403460919857025,0.564008891582489,0.3806060552597046,0.05849533528089523,0.47006335854530334,0.3860754072666168,-0.03854795917868614,0.6025294661521912,0.43197739124298096,-0.06896189600229263,0.43341803550720215,0.44627901911735535,-0.1859060525894165,0.612306535243988,0.44653668999671936,-0.0945528894662857,0.4214010238647461,0.46556204557418823,-0.2265123426914215,0.6159895658493042,0.4469437897205353,-0.1358213722705841,0.41829609870910645,0.46385082602500916,-0.26156023144721985,0.6111036539077759,0.4411516487598419,-0.08809413015842438,0.42356204986572266,0.4570240080356598,-0.20494575798511505,0.5381575226783752,0.46979302167892456,0.025362331420183182,0.5021695494651794,0.4708346724510193,-0.025620292872190475,0.540904700756073,0.6063960790634155,0.029666516929864883,0.5040481090545654,0.6118185520172119,-0.04219026491045952,0.5320993661880493,0.7202869653701782,0.23873476684093475,0.5012053847312927,0.7248945832252502,0.13285009562969208,0.5281293988227844,0.7327917814254761,0.25285229086875916,0.5023993849754333,0.7364955544471741,0.1447601169347763,0.5355729460716248,0.7596307396888733,0.1373962163925171,0.5024734735488892,0.7737687826156616,0.016230160370469093
frame_00213.jpg,0.5254778861999512,0.21731843054294586,-0.21504178643226624,0.5282680988311768,0.20560680329799652,-0.18658198416233063,0.5310053825378418,0.20594877004623413,-0.1868450939655304,0.5335508584976196,0.20635159313678741,-0.18678870797157288,0.5206466317176819,0.20471888780593872,-0.19681501388549805,0.5180065035820007,0.20473870635032654,-0.19712071120738983,0.5152838826179504,0.2048073410987854,-0.19729961454868317,0.5338261127471924,0.2127496302127838,-0.0464693047106266,0.5100876092910767,0.21209421753883362,-0.09238128364086151,0.5294114351272583,0.2305881232023239,-0.16173964738845825,0.5214463472366333,0.23012572526931763,-0.17683742940425873,0.5526872873306274,0.29259318113327026,0.05309773609042168,0.48550844192504883,0.2952166199684143,-0.04140271618962288,0.5651907920837402,0.38050535321235657,0.1160452738404274,0.4729911684989929,0.3850984275341034,-0.047822367399930954,0.6022181510925293,0.42858561873435974,-0.005191314499825239,0.43515077233314514,0.44193804264068604,-0.20148639380931854,0.6137219667434692,0.4427202343940735,-0.025698572397232056,0.4230968952178955,0.45828351378440857,-0.24419650435447693,0.6170547008514404,0.4427241086959839,-0.06933294236660004,0.42023220658302307,0.45675426721572876,-0.2759144902229309,0.6118385195732117,0.43753373622894287,-0.025275055319070816,0.4256192743778229,0.45084401965141296,-0.21896502375602722,0.5405300855636597,0.4672147035598755,0.026040751487016678,0.5048202872276306,0.46586158871650696,-0.0263805091381073,0.541433572769165,0.6091553568840027,0.019203390926122665,0.506491482257843,0.5977834463119507,-0.0594806969165802,0.5362080931663513,0.7288241982460022,0.17268963158130646,0.5061110854148865,0.7145919799804688,0.12044987827539444,0.5312603712081909,0.7374650835990906,0.18061763048171997,0.5076286792755127,0.7306634187698364,0.13329088687896729,0.5351003408432007,0.7775100469589233,0.05727300047874451,0.5021405220031738,0.7667821049690247,0.012789739295840263
frame_00214.jpg,0.5282884836196899,0.2193523496389389,-0.2173108160495758,0.5304419994354248,0.20828889310359955,-0.190793976187706,0.5331905484199524,0.20858263969421387,-0.1910773664712906,0.5358129143714905,0.20893080532550812,-0.19103768467903137,0.5230854749679565,0.20741787552833557,-0.19978812336921692,0.5203185081481934,0.20746585726737976,-0.2000964879989624,0.5176087021827698,0.20757590234279633,-0.20027871429920197,0.5363587141036987,0.21459104120731354,-0.055070679634809494,0.5127589106559753,0.21429601311683655,-0.09510169178247452,0.5319578647613525,0.23207832872867584,-0.16519922018051147,0.5240364074707031,0.23175038397312164,-0.17858269810676575,0.555348813533783,0.2953176200389862,0.04288081079721451,0.48752665519714355,0.297972708940506,-0.04209855943918228,0.5672019720077515,0.38365840911865234,0.08180410414934158,0.4748360514640808,0.38833338022232056,-0.08016689121723175,0.604656457901001,0.42950794100761414,-0.0710260421037674,0.4359324872493744,0.44024571776390076,-0.25216418504714966,0.6170064210891724,0.44293516874313354,-0.09908885508775711,0.4231813848018646,0.45423951745033264,-0.29809993505477905,0.6199855208396912,0.4421692192554474,-0.1412355601787567,0.42012548446655273,0.45297273993492126,-0.32861071825027466,0.6145798563957214,0.43765130639076233,-0.09131719172000885,0.4258832335472107,0.44786328077316284,-0.2698161005973816,0.5414984226226807,0.4695349931716919,0.021960800513625145,0.5061239004135132,0.47198450565338135,-0.022231169044971466,0.5415712594985962,0.6316930055618286,-0.03460334613919258,0.5038448572158813,0.6085103154182434,-0.018741661682724953,0.5351524949073792,0.7769248485565186,0.08159638941287994,0.5047765970230103,0.7079776525497437,0.23569095134735107,0.5303146839141846,0.7961782217025757,0.0858219712972641,0.5090185403823853,0.7118899822235107,0.2567664086818695,0.5342589616775513,0.814148485660553,-0.05004537105560303,0.5040084719657898,0.7400877475738525,0.16007795929908752
frame_00215.jpg,0.5300940275192261,0.22190462052822113,-0.1760144829750061,0.5325142741203308,0.21000578999519348,-0.15170301496982574,0.5353299379348755,0.21015150845050812,-0.15198157727718353,0.5379595160484314,0.2103603333234787,-0.15194767713546753,0.524533212184906,0.2094065099954605,-0.1556887924671173,0.5214928388595581,0.20948775112628937,-0.15599992871284485,0.5186423063278198,0.2096382975578308,-0.1562143862247467,0.5382335186004639,0.21592050790786743,-0.028192657977342606,0.5140558481216431,0.2163364589214325,-0.04470304772257805,0.5339769124984741,0.23474787175655365,-0.12846171855926514,0.5255738496780396,0.23434855043888092,-0.1349537968635559,0.5586435794830322,0.29852011799812317,0.043621547520160675,0.48876675963401794,0.300784170627594,0.010427841916680336,0.5695688724517822,0.38909074664115906,0.05375121906399727,0.4767124056816101,0.38929805159568787,-0.006032460834830999,0.6031602621078491,0.4304259717464447,-0.1193501204252243,0.43740564584732056,0.44160133600234985,-0.1711307168006897,0.6149141788482666,0.4415416419506073,-0.15617361664772034,0.42393460869789124,0.4534333646297455,-0.21386487782001495,0.617888331413269,0.43963637948036194,-0.1889750063419342,0.42059993743896484,0.4512004554271698,-0.24712073802947998,0.6125839352607727,0.4364979863166809,-0.13675877451896667,0.4263552129268646,0.44687625765800476,-0.189866840839386,0.5426186323165894,0.4897778332233429,0.006329521536827087,0.5061414241790771,0.4893895387649536,-0.006548219360411167,0.5423294901847839,0.6617470979690552,-0.06363016366958618,0.5056546926498413,0.6208841800689697,-0.022363265976309776,0.5365118980407715,0.8308480381965637,0.0018418047111481428,0.5037823915481567,0.6792440414428711,0.355784147977829,0.5320780277252197,0.8523207902908325,0.0013436113949865103,0.507323682308197,0.6804200410842896,0.3931107521057129,0.5357354879379272,0.8622267246246338,-0.14400732517242432,0.5034825205802917,0.7156963348388672,0.3403138816356659
frame_00216.jpg,0.530387282371521,0.2493242472410202,-0.16217097640037537,0.5336135029792786,0.2374970018863678,-0.13471348583698273,0.5364521741867065,0.23712995648384094,-0.13498981297016144,0.538974404335022,0.2367839217185974,-0.13492938876152039,0.5254312753677368,0.2371877282857895,-0.14328892529010773,0.5224494934082031,0.2366773784160614,-0.1436099112033844,0.5195422768592834,0.23628023266792297,-0.1438046097755432,0.539812445640564,0.23862743377685547,0.004966407082974911,0.5155600309371948,0.23847779631614685,-0.033041611313819885,0.5345789194107056,0.25998660922050476,-0.10806276649236679,0.5261856317520142,0.25985705852508545,-0.12078215926885605,0.5591822862625122,0.31214743852615356,0.09791849553585052,0.4905714988708496,0.3139429986476898,0.012281881645321846,0.5697899460792542,0.4024471044540405,0.11270823329687119,0.47885456681251526,0.40120285749435425,-0.027199869975447655,0.6022921800613403,0.4336301386356354,-0.06472213566303253,0.4430011808872223,0.44289645552635193,-0.19493374228477478,0.6135224103927612,0.4418378174304962,-0.09841786324977875,0.4272519648075104,0.4544771909713745,-0.23877950012683868,0.616629958152771,0.4401795566082001,-0.13477322459220886,0.4239603877067566,0.45161134004592896,-0.2734813392162323,0.6114515066146851,0.4369722604751587,-0.0837581679224968,0.43043404817581177,0.4474569261074066,-0.21405120193958282,0.5430876612663269,0.5037978887557983,0.013621501624584198,0.5074795484542847,0.504389226436615,-0.01383459847420454,0.5425493717193604,0.6765727996826172,-0.06024162098765373,0.5083104968070984,0.6443737745285034,-0.04352666437625885,0.5383991599082947,0.8465356826782227,-0.00044373879791237414,0.5121594667434692,0.6744393706321716,0.3428017199039459,0.5338922739028931,0.8648664951324463,-0.0018928799545392394,0.5081877112388611,0.6735066175460815,0.38462817668914795,0.5372697710990906,0.8738101720809937,-0.1546020805835724,0.5133486390113831,0.7210531830787659,0.3344622254371643
frame_00217.jpg,0.5343734622001648,0.27917131781578064,-0.15558797121047974,0.5372153520584106,0.2684224247932434,-0.1271032989025116,0.5396363139152527,0.2685510218143463,-0.12737621366977692,0.5417605042457581,0.26880452036857605,-0.12730273604393005,0.529911994934082,0.26746246218681335,-0.1365080177783966,0.5271595120429993,0.26703009009361267,-0.13681748509407043,0.5245274901390076,0.26666516065597534,-0.13699617981910706,0.5419604778289795,0.27310970425605774,0.009157082065939903,0.5205711722373962,0.27184152603149414,-0.032531220465898514,0.5377932786941528,0.28974172472953796,-0.10363656282424927,0.5295956134796143,0.2887174189090729,-0.11746472120285034,0.5609340667724609,0.34512853622436523,0.09163054078817368,0.49134594202041626,0.3436231017112732,0.010635009035468102,0.571223258972168,0.42266932129859924,0.1164555773139,0.479658842086792,0.4215182363986969,-0.03502326458692551,0.6018033027648926,0.4450106620788574,-0.04252303019165993,0.4477790892124176,0.45208415389060974,-0.2035762071609497,0.612689733505249,0.4516493082046509,-0.072634257376194,0.4335916042327881,0.4608207941055298,-0.24921974539756775,0.6158737540245056,0.44619229435920715,-0.10965637862682343,0.4306955933570862,0.4567638635635376,-0.28092241287231445,0.610762894153595,0.4446096122264862,-0.06124068424105644,0.43702107667922974,0.45390594005584717,-0.22232437133789062,0.543953537940979,0.5239427089691162,0.015991175547242165,0.5076066851615906,0.5196592211723328,-0.016231359913945198,0.5432959198951721,0.6810570359230042,-0.06847257167100906,0.5092242956161499,0.642154335975647,-0.048748552799224854,0.5383713841438293,0.8380339741706848,-0.006872847676277161,0.5147619843482971,0.6758831143379211,0.3324376940727234,0.5342243909835815,0.8587700128555298,-0.007746760733425617,0.5156174302101135,0.6737774014472961,0.370120644569397,0.5351792573928833,0.8687455058097839,-0.1551356315612793,0.5157633423805237,0.7140079140663147,0.3182213604450226
frame_00218.jpg,0.5349645614624023,0.29210177063941956,-0.08553696423768997,0.5376850366592407,0.28078970313072205,-0.05781276151537895,0.5399081707000732,0.2809520959854126,-0.0580555684864521,0.5419394969940186,0.28124430775642395,-0.057982124388217926,0.530901312828064,0.2803044021129608,-0.06816963106393814,0.5283347964286804,0.28016358613967896,-0.06845859438180923,0.5259498357772827,0.27994638681411743,-0.0686093270778656,0.5418676137924194,0.2869476079940796,0.06589917838573456,0.5218209624290466,0.28609606623649597,0.019374515861272812,0.5383919477462769,0.30333343148231506,-0.03877424821257591,0.5299060344696045,0.3023810088634491,-0.05397986248135567,0.5610233545303345,0.35698285698890686,0.13589507341384888,0.4930005967617035,0.35673782229423523,0.040328457951545715,0.5710274577140808,0.43264853954315186,0.1561623364686966,0.4836856424808502,0.4324364960193634,-0.017801282927393913,0.6014349460601807,0.4557262659072876,-0.0066415490582585335,0.4523511528968811,0.46238720417022705,-0.19157586991786957,0.6121636033058167,0.46507224440574646,-0.03551347926259041,0.43764862418174744,0.47151505947113037,-0.2375430166721344,0.6156457662582397,0.45984795689582825,-0.0722121074795723,0.4347032904624939,0.46741822361946106,-0.26236245036125183,0.6104781627655029,0.45770135521888733,-0.02534276247024536,0.4416379928588867,0.4644118845462799,-0.20724499225616455,0.5448077917098999,0.5312359929084778,0.017290014773607254,0.5084163546562195,0.5289897322654724,-0.017555827274918556,0.5435930490493774,0.6868173480033875,-0.06304559856653214,0.5093705058097839,0.6517494916915894,-0.09451927244663239,0.5378861427307129,0.8363050818443298,0.01380130648612976,0.5150481462478638,0.6982381343841553,0.2526484429836273,0.5337289571762085,0.8606249094009399,0.014865326695144176,0.5176993608474731,0.7013967633247375,0.2858414947986603,0.535521388053894,0.881914496421814,-0.12430944293737411,0.5155784487724304,0.737016499042511,0.22363340854644775
frame_00219.jpg,0.53679358959198,0.30011358857154846,-0.12795013189315796,0.5398925542831421,0.2883319854736328,-0.09998365491628647,0.5421139001846313,0.28853723406791687,-0.10023655742406845,0.5440524220466614,0.28886741399765015,-0.10016584396362305,0.5327465534210205,0.28788790106773376,-0.10993454605340958,0.53010094165802,0.2877650260925293,-0.11023185402154922,0.5276534557342529,0.2875809073448181,-0.11039435863494873,0.5440576076507568,0.2945510149002075,0.03275017440319061,0.523388147354126,0.2934698760509491,-0.01203018706291914,0.5407467484474182,0.3108973801136017,-0.07744570076465607,0.5316997766494751,0.3100811243057251,-0.09209549427032471,0.5634241104125977,0.3609156310558319,0.11161595582962036,0.49349460005760193,0.35984620451927185,0.020891454070806503,0.5739421248435974,0.4401024580001831,0.13128985464572906,0.4855015277862549,0.4374091923236847,-0.04146208241581917,0.6043628454208374,0.46594300866127014,-0.031003093346953392,0.45223742723464966,0.47016000747680664,-0.23973508179187775,0.615432858467102,0.47593382000923157,-0.06002970412373543,0.43783825635910034,0.4825681447982788,-0.28908416628837585,0.6182114481925964,0.470607191324234,-0.09832601249217987,0.43492287397384644,0.4786927103996277,-0.3134116530418396,0.6135194897651672,0.46831387281417847,-0.050249822437763214,0.44143232703208923,0.4742954671382904,-0.25563231110572815,0.5452954769134521,0.5358396768569946,0.018558939918875694,0.5082871317863464,0.5328067541122437,-0.01880916766822338,0.5436018109321594,0.694692850112915,-0.07272382080554962,0.5093293190002441,0.649278461933136,-0.10807577520608902,0.5376547574996948,0.8416737914085388,0.0005834906478412449,0.5155174732208252,0.7062485218048096,0.22285768389701843,0.5344672799110413,0.8635868430137634,0.0005822792300023139,0.5192212462425232,0.7115094661712646,0.25247302651405334,0.5304551124572754,0.8756498694419861,-0.14561660587787628,0.5151600241661072,0.7465124130249023,0.1780834048986435
frame_00220.jpg,0.5355914235115051,0.286958783864975,-0.1215997189283371,0.5389131307601929,0.2764427363872528,-0.09604151546955109,0.541124701499939,0.27659130096435547,-0.09628088772296906,0.5431371331214905,0.27682366967201233,-0.09620264917612076,0.5319468975067139,0.27619317173957825,-0.10116428136825562,0.5294603109359741,0.2762066721916199,-0.10146339237689972,0.5270624160766602,0.27616164088249207,-0.10162119567394257,0.5437798500061035,0.2831459045410156,0.02602555975317955,0.5234657526016235,0.2829151451587677,0.0022872125264257193,0.5392695665359497,0.2984529733657837,-0.07554866373538971,0.53104567527771,0.2979121506214142,-0.08408553153276443,0.5656130909919739,0.35489198565483093,0.09656895697116852,0.49386659264564514,0.3522130250930786,0.03746382147073746,0.5756868720054626,0.43850019574165344,0.11278307437896729,0.4842337667942047,0.43409958481788635,-0.012113749049603939,0.6063807010650635,0.4719730019569397,-0.046666231006383896,0.4504147469997406,0.4745807945728302,-0.19543969631195068,0.6172560453414917,0.48281368613243103,-0.07250122725963593,0.43644946813583374,0.4895516037940979,-0.24029143154621124,0.620777428150177,0.4780832827091217,-0.10089518129825592,0.43354836106300354,0.4849243760108948,-0.26845091581344604,0.6165515184402466,0.4752553403377533,-0.06071984022855759,0.439657062292099,0.4791862368583679,-0.21270263195037842,0.5459681749343872,0.533579409122467,0.01888336054980755,0.5083701014518738,0.5299244523048401,-0.01911689154803753,0.5446407794952393,0.6909897923469543,-0.05287916213274002,0.5096346139907837,0.6376585364341736,-0.16789290308952332,0.5383442044258118,0.8442275524139404,0.03965829685330391,0.515035092830658,0.7058592438697815,0.1365220546722412,0.5351170897483826,0.8627709746360779,0.04115018993616104,0.5175939202308655,0.7114802598953247,0.16525277495384216,0.528275728225708,0.8734546303749084,-0.1054634228348732,0.5152415037155151,0.750288724899292,0.08465918898582458
frame_00221.jpg,0.5353016257286072,0.28168800473213196,-0.20592451095581055,0.5383067727088928,0.26961860060691833,-0.182697132229805,0.5405577421188354,0.2698935866355896,-0.18295684456825256,0.542677104473114,0.26981934905052185,-0.18288710713386536,0.5315622687339783,0.26912036538124084,-0.1874854564666748,0.5291235446929932,0.2696806490421295,-0.18779098987579346,0.5267816781997681,0.27064505219459534,-0.1879582405090332,0.5434956550598145,0.2721356153488159,-0.05537498742341995,0.5232779383659363,0.2759527266025543,-0.0755186527967453,0.5387328267097473,0.29040443897247314,-0.1561853587627411,0.5311280488967896,0.29252302646636963,-0.16374032199382782,0.5663836002349854,0.34041064977645874,0.033580031245946884,0.4942842125892639,0.33537426590919495,-0.01686784438788891,0.5765537023544312,0.4320472776889801,0.05838817358016968,0.48469218611717224,0.43017908930778503,-0.04460752755403519,0.6060962677001953,0.4680344760417938,-0.08788000047206879,0.4496597647666931,0.4724118411540985,-0.21551664173603058,0.6181826591491699,0.4801705479621887,-0.1167849451303482,0.43627864122390747,0.4900745451450348,-0.25939688086509705,0.622419536113739,0.4777834117412567,-0.1552285999059677,0.4333341121673584,0.4867766797542572,-0.292371928691864,0.6174300312995911,0.47413933277130127,-0.1059577688574791,0.4391952157020569,0.47953036427497864,-0.23395033180713654,0.5459244251251221,0.5238183736801147,0.014718870632350445,0.5086321234703064,0.5202635526657104,-0.014973998069763184,0.5445491075515747,0.6829414367675781,-0.07670073211193085,0.5094730257987976,0.6338911056518555,-0.07056450843811035,0.5388647317886353,0.8376113772392273,-0.023381849750876427,0.5159922242164612,0.7080562114715576,0.2583141028881073,0.536262571811676,0.858094334602356,-0.026890555396676064,0.5190634727478027,0.7138398289680481,0.2877655327320099,0.5271535515785217,0.8706316351890564,-0.1944843828678131,0.5157466530799866,0.7529169321060181,0.19900739192962646
frame_00222.jpg,0.5346862077713013,0.24799519777297974,-0.1972612589597702,0.5377044081687927,0.23658734560012817,-0.17231810092926025,0.5399886965751648,0.23688633739948273,-0.17257753014564514,0.542140543460846,0.23705743253231049,-0.17251266539096832,0.5309560298919678,0.23651941120624542,-0.17833903431892395,0.5286497473716736,0.2370811551809311,-0.17865465581417084,0.5264089703559875,0.2377338856458664,-0.17881843447685242,0.5431016683578491,0.24391458928585052,-0.044848598539829254,0.5227846503257751,0.2468993216753006,-0.07128456979990005,0.5381503105163574,0.2624056935310364,-0.1483822762966156,0.5307303667068481,0.2626773715019226,-0.1577596366405487,0.5666650533676147,0.3228079080581665,0.043035801500082016,0.49469128251075745,0.31947001814842224,-0.02351294457912445,0.5767816305160522,0.4208638072013855,0.06676804274320602,0.4841190278530121,0.4210416078567505,-0.05354819819331169,0.6080024242401123,0.4669843316078186,-0.05924065783619881,0.4492552876472473,0.47071680426597595,-0.2204323709011078,0.6207840442657471,0.48116081953048706,-0.0828247219324112,0.4356285631656647,0.48936083912849426,-0.26448702812194824,0.6252657771110535,0.4795778691768646,-0.12688884139060974,0.43265169858932495,0.4863314926624298,-0.29758039116859436,0.6198097467422485,0.47552624344825745,-0.07917749136686325,0.4386873245239258,0.4791903495788574,-0.2387557327747345,0.5468947887420654,0.5105383992195129,0.016006391495466232,0.5091192722320557,0.506632387638092,-0.01624118722975254,0.54448401927948,0.6792387366294861,-0.06835776567459106,0.5094251036643982,0.6229159832000732,-0.08955075591802597,0.5392702221870422,0.8302503228187561,-0.007434086408466101,0.5154661536216736,0.7098240256309509,0.16733121871948242,0.5370370149612427,0.8505159616470337,-0.009904241189360619,0.518231213092804,0.7155027985572815,0.18874458968639374,0.530035674571991,0.8690189719200134,-0.1707475632429123,0.5150524377822876,0.75464928150177,0.08519767224788666
frame_00223.jpg,0.5344821214675903,0.239813432097435,-0.20141196250915527,0.5374113917350769,0.22733284533023834,-0.17803341150283813,0.5397090911865234,0.22732339799404144,-0.17828957736492157,0.5418918132781982,0.22722439467906952,-0.17823448777198792,0.5305250287055969,0.22739890217781067,-0.18115875124931335,0.5282219648361206,0.22761893272399902,-0.181472510099411,0.5260019898414612,0.22784358263015747,-0.18164223432540894,0.542890191078186,0.23230202496051788,-0.05294175073504448,0.5223031044006348,0.23405665159225464,-0.06664486974477768,0.5379077792167664,0.25408419966697693,-0.1527629792690277,0.5303135514259338,0.2539065182209015,-0.15828068554401398,0.5685811638832092,0.3128582537174225,0.033488210290670395,0.49436482787132263,0.3120517134666443,-0.02271760068833828,0.5776507258415222,0.40896496176719666,0.059560976922512054,0.48377424478530884,0.410460501909256,-0.02572430670261383,0.6093976497650146,0.4646860659122467,-0.08154027163982391,0.4483184218406677,0.47001808881759644,-0.19021688401699066,0.622189462184906,0.4785483181476593,-0.11047009378671646,0.435340940952301,0.4876485764980316,-0.2337782382965088,0.6265795826911926,0.47709351778030396,-0.1530621349811554,0.4323887825012207,0.4849916100502014,-0.2694058120250702,0.6211234331130981,0.47300150990486145,-0.10116088390350342,0.4378547668457031,0.47791746258735657,-0.2096305638551712,0.5475997924804688,0.5049506425857544,0.010741965845227242,0.5089712142944336,0.5003476738929749,-0.011013390496373177,0.5444977879524231,0.6784802079200745,-0.08456742018461227,0.5093383193016052,0.6304512619972229,-0.055196840316057205,0.539196789264679,0.8335987329483032,-0.01400818396359682,0.5148913860321045,0.7094817757606506,0.27791059017181396,0.5370675325393677,0.8514121174812317,-0.015386787243187428,0.5174210071563721,0.7165338397026062,0.3084290623664856,0.5260916948318481,0.8679680228233337,-0.17807893455028534,0.5142204761505127,0.7550345063209534,0.22222332656383514
frame_00224.jpg,0.5344200730323792,0.23120643198490143,-0.23173503577709198,0.5373691320419312,0.218605175614357,-0.2088201940059662,0.5396285653114319,0.21854384243488312,-0.209109827876091,0.5418350696563721,0.21848350763320923,-0.2090526819229126,0.5303016901016235,0.21893197298049927,-0.20950615406036377,0.5279294848442078,0.219207763671875,-0.20983123779296875,0.5256768465042114,0.21947257220745087,-0.21000519394874573,0.5426512956619263,0.22391380369663239,-0.08473673462867737,0.5219340920448303,0.22552074491977692,-0.08631149679422379,0.5377235412597656,0.2461012750864029,-0.1838829666376114,0.5300337672233582,0.24544277787208557,-0.1861194670200348,0.5684238076210022,0.3070966601371765,-0.00015081308083608747,0.49439412355422974,0.30740654468536377,-0.01968512125313282,0.5783381462097168,0.3994952440261841,0.03882821649312973,0.4836031496524811,0.4027306139469147,-0.01446630246937275,0.611885666847229,0.46248024702072144,-0.0895816907286644,0.4476737082004547,0.4636184573173523,-0.1687346249818802,0.6243432760238647,0.4778580069541931,-0.11690795421600342,0.4348815977573395,0.48563089966773987,-0.2087465524673462,0.6287804841995239,0.4753264784812927,-0.1590268909931183,0.4319356083869934,0.4842505156993866,-0.24675452709197998,0.623298704624176,0.4719051122665405,-0.10844507068395615,0.43724188208580017,0.47605594992637634,-0.18889255821704865,0.547538161277771,0.5002291798591614,0.004273582715541124,0.5088544487953186,0.49517327547073364,-0.004595587961375713,0.5444794297218323,0.6753897070884705,-0.077984519302845,0.5095528364181519,0.6028462648391724,-0.05190255120396614,0.5391490459442139,0.8335655331611633,-0.013988912105560303,0.5146034955978394,0.6800312399864197,0.27711594104766846,0.5369918346405029,0.8502840399742126,-0.01607012376189232,0.5172169208526611,0.6893024444580078,0.3073578178882599,0.5228759050369263,0.8689059615135193,-0.1790599822998047,0.5139558911323547,0.7300966382026672,0.22864565253257751
frame_00225.jpg,0.5340736508369446,0.23206599056720734,-0.24442672729492188,0.5372097492218018,0.21893125772476196,-0.22238266468048096,0.5395957827568054,0.2188320904970169,-0.22267727553844452,0.5416291952133179,0.21875697374343872,-0.2226247489452362,0.530068576335907,0.21920354664325714,-0.22228491306304932,0.5278043150901794,0.2193816751241684,-0.2226068079471588,0.5256179571151733,0.21952252089977264,-0.22277483344078064,0.5425118207931519,0.2236248403787613,-0.09969396889209747,0.5218840837478638,0.22476080060005188,-0.0974617525935173,0.5374374389648438,0.2459758073091507,-0.19675728678703308,0.5300276279449463,0.2454591542482376,-0.19799163937568665,0.5680782794952393,0.30317285656929016,-0.019351381808519363,0.49430838227272034,0.306828111410141,-0.018364958465099335,0.5781266689300537,0.3963259160518646,0.01583259180188179,0.48361021280288696,0.4004838764667511,-0.010126873850822449,0.6131827235221863,0.4554344713687897,-0.1099373921751976,0.4462094306945801,0.4572659432888031,-0.16694167256355286,0.6256451606750488,0.4700905680656433,-0.13747934997081757,0.433646023273468,0.4773696959018707,-0.2056187391281128,0.6297405362129211,0.4687041640281677,-0.17781586945056915,0.43077850341796875,0.47578200697898865,-0.24460776150226593,0.6241711378097534,0.4645012617111206,-0.12799417972564697,0.4359261095523834,0.46831971406936646,-0.18769246339797974,0.5473849177360535,0.4933261275291443,-0.002515035681426525,0.50920569896698,0.4900500178337097,0.002192947780713439,0.5441107153892517,0.6637302041053772,-0.08553223311901093,0.5100099444389343,0.5941921472549438,-0.04820691794157028,0.5378528237342834,0.8293493986129761,-0.02282329834997654,0.5144067406654358,0.6690078377723694,0.26656532287597656,0.5309939980506897,0.8474599719047546,-0.025046324357390404,0.5169345736503601,0.6774084568023682,0.2949989438056946,0.5246654748916626,0.8657204508781433,-0.18925093114376068,0.5136728882789612,0.7214926481246948,0.21112604439258575
frame_00226.jpg,0.5339089632034302,0.23047031462192535,-0.23687031865119934,0.5371055006980896,0.21869629621505737,-0.2120167315006256,0.5395260453224182,0.21904493868350983,-0.21230454742908478,0.5416272878646851,0.21931242942810059,-0.21223905682563782,0.5299781560897827,0.21790245175361633,-0.2152131348848343,0.5277775526046753,0.21793629229068756,-0.2155301570892334,0.5255675315856934,0.21800078451633453,-0.21569840610027313,0.5429843664169312,0.22393201291561127,-0.08011157810688019,0.5217970609664917,0.22412876784801483,-0.09227766841650009,0.5373631715774536,0.24431198835372925,-0.18566060066223145,0.5300034284591675,0.24344483017921448,-0.19113673269748688,0.5677691698074341,0.3017362654209137,0.005868799984455109,0.4941878318786621,0.30630943179130554,-0.01821829006075859,0.5781556963920593,0.3945028483867645,0.03753309324383736,0.48356905579566956,0.3994179666042328,-0.016389274969697,0.6125396490097046,0.44885656237602234,-0.10000084340572357,0.44468221068382263,0.4531126320362091,-0.17250798642635345,0.624879777431488,0.4614359736442566,-0.1281861513853073,0.43151625990867615,0.4693202078342438,-0.21216997504234314,0.6287443041801453,0.46027806401252747,-0.16825516521930695,0.42838698625564575,0.4671486020088196,-0.2489962875843048,0.623288094997406,0.45599400997161865,-0.11850488185882568,0.4342488646507263,0.4611220061779022,-0.19229188561439514,0.5472925305366516,0.49084553122520447,0.0016939801862463355,0.5092774629592896,0.4876117706298828,-0.0019968298729509115,0.5438687205314636,0.6573998928070068,-0.07634320110082626,0.5105460286140442,0.6008150577545166,-0.03882013261318207,0.5359199047088623,0.8204079866409302,-0.01579546555876732,0.5142441987991333,0.6622743010520935,0.29678329825401306,0.530964195728302,0.8342563509941101,-0.018501637503504753,0.5166991949081421,0.670731782913208,0.3275730013847351,0.5250617265701294,0.8591428995132446,-0.18453869223594666,0.513620913028717,0.718286395072937,0.24557054042816162
frame_00227.jpg,0.5336269736289978,0.2340051829814911,-0.20877091586589813,0.5370667576789856,0.2222103774547577,-0.18242689967155457,0.53947913646698,0.222471684217453,-0.18269917368888855,0.5415383577346802,0.2226720154285431,-0.18261456489562988,0.5298703908920288,0.2216208577156067,-0.18712326884269714,0.527667760848999,0.2216826230287552,-0.18745991587638855,0.5254523158073425,0.22176484763622284,-0.18765144050121307,0.5428946614265442,0.22749868035316467,-0.047253336757421494,0.5216451287269592,0.22766700387001038,-0.06642843782901764,0.5372121930122375,0.24734178185462952,-0.15620845556259155,0.5297455787658691,0.24677875638008118,-0.16356560587882996,0.567726731300354,0.3037970960140228,0.045092158019542694,0.49377164244651794,0.3082301914691925,-0.008126098662614822,0.5778942704200745,0.39630696177482605,0.06790681183338165,0.4834650158882141,0.40078502893447876,-0.0183175690472126,0.6125131845474243,0.44616368412971497,-0.0861319750547409,0.4442990720272064,0.44967129826545715,-0.187544047832489,0.6245628595352173,0.4548604190349579,-0.11437587440013885,0.4298093318939209,0.46066951751708984,-0.2302933931350708,0.6281790137290955,0.4528965651988983,-0.15401749312877655,0.42599695920944214,0.4573116600513458,-0.2635352313518524,0.622843325138092,0.4500087797641754,-0.10507730394601822,0.4326513707637787,0.453413188457489,-0.206255704164505,0.5471372604370117,0.4916478395462036,0.005377606023102999,0.5092657804489136,0.4890609085559845,-0.005705609451979399,0.5438185334205627,0.6568167805671692,-0.07927985489368439,0.5110551118850708,0.6052811741828918,-0.04155220836400986,0.5350428223609924,0.8202672600746155,-0.048490725457668304,0.5143459439277649,0.6635131239891052,0.2700122892856598,0.5307570695877075,0.8343671560287476,-0.05441264435648918,0.5171298980712891,0.6737139225006104,0.29994407296180725,0.5256608724594116,0.8601834177970886,-0.2265746295452118,0.5142272114753723,0.7199894785881042,0.21704396605491638
frame_00228.jpg,0.5320738554000854,0.24248796701431274,-0.19308488070964813,0.5360004901885986,0.23194676637649536,-0.16902640461921692,0.5386006236076355,0.23205848038196564,-0.16931982338428497,0.540797770023346,0.23220126330852509,-0.16925343871116638,0.5292471647262573,0.23227642476558685,-0.16817067563533783,0.5271722078323364,0.2325921505689621,-0.1684817671775818,0.5250154733657837,0.23280955851078033,-0.16863945126533508,0.5428618788719177,0.23563459515571594,-0.03970800340175629,0.5212937593460083,0.23622113466262817,-0.034387972205877304,0.5359703302383423,0.2554997205734253,-0.14291757345199585,0.5287584662437439,0.2559225559234619,-0.14307601749897003,0.5678545832633972,0.30529966950416565,0.03541339561343193,0.4931224286556244,0.3117973506450653,0.0396256186068058,0.5778858065605164,0.402871310710907,0.0026670098304748535,0.4834187924861908,0.4011289179325104,0.003518447745591402,0.6126896739006042,0.4447530210018158,-0.18860962986946106,0.44632014632225037,0.44587448239326477,-0.19233062863349915,0.6242702007293701,0.45016488432884216,-0.23059897124767303,0.43037930130958557,0.4534186124801636,-0.23931476473808289,0.6278005838394165,0.44620969891548157,-0.2631746530532837,0.4263080656528473,0.4504934251308441,-0.2727539837360382,0.6226956844329834,0.44420549273490906,-0.2062007635831833,0.4335658550262451,0.4478374123573303,-0.2127978801727295,0.5472074747085571,0.492986261844635,-0.008392328396439552,0.5092411041259766,0.4904077351093292,0.008118344470858574,0.5438055396080017,0.657110333442688,-0.10777570307254791,0.5112335681915283,0.6076242327690125,-0.00867144763469696,0.5342915058135986,0.8157357573509216,-0.04902971163392067,0.5146551132202148,0.6678837537765503,0.3465145230293274,0.530177652835846,0.8331406116485596,-0.051594119518995285,0.5173062086105347,0.673420250415802,0.3794098496437073,0.5258198976516724,0.8618007302284241,-0.22224998474121094,0.5143187642097473,0.7198790311813354,0.29900118708610535
frame_00229.jpg,0.5317821502685547,0.25905194878578186,-0.1541270911693573,0.5359776616096497,0.24830816686153412,-0.1258387267589569,0.5384902954101562,0.24804559350013733,-0.12611684203147888,0.5406793355941772,0.24796158075332642,-0.12603555619716644,0.5288554430007935,0.24916952848434448,-0.131154865026474,0.5266426801681519,0.24941399693489075,-0.13149088621139526,0.5242828130722046,0.24972423911094666,-0.13164359331130981,0.5427650213241577,0.2518071234226227,0.01565597578883171,0.5199552774429321,0.2535610795021057,-0.007647708058357239,0.5359467267990112,0.2713543772697449,-0.09972354769706726,0.5281073451042175,0.27137574553489685,-0.10825574398040771,0.5676248073577881,0.32168588042259216,0.1029021143913269,0.4930761754512787,0.31895628571510315,0.04739794880151749,0.5780425071716309,0.41576674580574036,0.11364974081516266,0.48375874757766724,0.401578426361084,0.004737619310617447,0.6124655604362488,0.4450128376483917,-0.06252333521842957,0.4547427296638489,0.44383832812309265,-0.1885514259338379,0.6240025758743286,0.4479466378688812,-0.09806112200021744,0.4379712641239166,0.44892793893814087,-0.2372209131717682,0.6276142597198486,0.44365575909614563,-0.13444991409778595,0.4333171248435974,0.4474366009235382,-0.26663511991500854,0.6226153373718262,0.4430151581764221,-0.08169903606176376,0.4421335756778717,0.44575223326683044,-0.20689542591571808,0.5471758842468262,0.49963632225990295,-0.0019516125321388245,0.5092191696166992,0.4983171224594116,0.0016947261756286025,0.5437722206115723,0.6617065072059631,-0.0923621654510498,0.5117948651313782,0.6230690479278564,-0.009656248614192009,0.5331364870071411,0.8169451355934143,-0.025903690606355667,0.5164903402328491,0.668880820274353,0.30893582105636597,0.5291888117790222,0.8348899483680725,-0.027749598026275635,0.5195555686950684,0.6844432950019836,0.3418760895729065,0.5267326831817627,0.8633090853691101,-0.1904374063014984,0.513303279876709,0.7273235321044922,0.2611122727394104
frame_00230.jpg,0.5320297479629517,0.28070199489593506,-0.11718946695327759,0.536374568939209,0.2689765393733978,-0.08589226007461548,0.5388752222061157,0.26921623945236206,-0.08615399152040482,0.5412615537643433,0.26968666911125183,-0.08606678992509842,0.5288170576095581,0.2681773900985718,-0.095474012196064,0.5266258716583252,0.26825666427612305,-0.09580625593662262,0.5241107940673828,0.2686483561992645,-0.0959184393286705,0.5430639982223511,0.2748923897743225,0.06149880215525627,0.5178878903388977,0.2752012014389038,0.01800566539168358,0.5361546277999878,0.2931064963340759,-0.06119292229413986,0.5279515981674194,0.2921069264411926,-0.07564139366149902,0.5653665065765381,0.34617742896080017,0.14560408890247345,0.49228328466415405,0.33694666624069214,0.05645745247602463,0.5773397088050842,0.426570326089859,0.13518929481506348,0.4837431311607361,0.41349586844444275,-0.00015751195314805955,0.6104377508163452,0.44622161984443665,-0.0696910098195076,0.4604484438896179,0.44522374868392944,-0.2138734757900238,0.6214093565940857,0.4498230814933777,-0.10698981583118439,0.44612520933151245,0.45111358165740967,-0.2676413357257843,0.6228654384613037,0.44592419266700745,-0.1434553861618042,0.4417320787906647,0.448702335357666,-0.2896929085254669,0.6183963418006897,0.4446716606616974,-0.08948329836130142,0.45049095153808594,0.4473952353000641,-0.22926604747772217,0.5471926927566528,0.5138334035873413,0.01488735992461443,0.5087321996688843,0.5120946168899536,-0.015127497725188732,0.5436677932739258,0.6703615188598633,-0.08935730904340744,0.5118507742881775,0.6480438113212585,-0.08786658942699432,0.5324587821960449,0.8188365697860718,-3.9964761526789516e-05,0.5164616703987122,0.7248604893684387,0.1545255184173584,0.5281180739402771,0.8353607654571533,9.12046671146527e-05,0.519478440284729,0.7287901043891907,0.1745695322751999,0.529333233833313,0.8684001564979553,-0.1624649465084076,0.5114408731460571,0.7807547450065613,0.058205746114254
frame_00231.jpg,0.5319260358810425,0.2924596071243286,-0.1474011391401291,0.536342978477478,0.2809668779373169,-0.11920471489429474,0.538859486579895,0.281230092048645,-0.11946199834346771,0.5412413477897644,0.28169509768486023,-0.11937955766916275,0.528608500957489,0.28051069378852844,-0.12561291456222534,0.526180624961853,0.2807706892490387,-0.1259324848651886,0.5233983397483826,0.28129708766937256,-0.1260727494955063,0.5430183410644531,0.2874014675617218,0.019355157390236855,0.5166221857070923,0.2881461977958679,-0.009074919857084751,0.5359117984771729,0.3045903146266937,-0.09437759220600128,0.5273308157920837,0.3042294681072235,-0.10451309382915497,0.564254105091095,0.35910797119140625,0.10133010149002075,0.4919450879096985,0.3515818417072296,0.04011143743991852,0.5744736194610596,0.4326481521129608,0.08367864042520523,0.48347872495651245,0.42362919449806213,0.0018668168922886252,0.6043453216552734,0.4503549039363861,-0.1399599015712738,0.4591236114501953,0.4480196237564087,-0.1760983169078827,0.6142551898956299,0.4507139325141907,-0.180482417345047,0.447700172662735,0.453403502702713,-0.22405068576335907,0.6140847206115723,0.44691330194473267,-0.21387819945812225,0.4435254633426666,0.4508041739463806,-0.2493206262588501,0.6096847653388977,0.4470026195049286,-0.1584121286869049,0.45041409134864807,0.4488275945186615,-0.1919611543416977,0.5473092198371887,0.5341991186141968,0.01808375120162964,0.5085569024085999,0.5306299924850464,-0.018270904198288918,0.5435132384300232,0.6888046264648438,-0.041004691272974014,0.5119878053665161,0.6463222503662109,-0.16983941197395325,0.5316040515899658,0.8213510513305664,0.10700087249279022,0.5163509249687195,0.7206059098243713,0.08858604729175568,0.526850163936615,0.8406366109848022,0.11432640254497528,0.5193202495574951,0.7278528213500977,0.11175167560577393,0.5313228368759155,0.8770977258682251,-0.02532569132745266,0.5107761025428772,0.7797601222991943,0.010360741056501865
frame_00232.jpg,0.531018078327179,0.28763312101364136,-0.1503271758556366,0.5356770753860474,0.2773016691207886,-0.12392351776361465,0.5382546186447144,0.2775007486343384,-0.12416918575763702,0.5406270623207092,0.27792614698410034,-0.12408305704593658,0.5281211137771606,0.27730444073677063,-0.12830576300621033,0.5257601141929626,0.27748268842697144,-0.1286121904850006,0.5231140851974487,0.27769890427589417,-0.1287495493888855,0.5429297685623169,0.28534549474716187,0.008325926028192043,0.5165451169013977,0.28364938497543335,-0.012220269069075584,0.5352180600166321,0.301423043012619,-0.10005497932434082,0.5267210006713867,0.3006547689437866,-0.10763617604970932,0.563310980796814,0.35551002621650696,0.0892067402601242,0.4917573928833008,0.3505646884441376,0.03878793492913246,0.5735070705413818,0.4333173930644989,0.06241289898753166,0.48344558477401733,0.42636510729789734,0.007696087472140789,0.6041809320449829,0.4552626311779022,-0.14638108015060425,0.4579610228538513,0.4515383541584015,-0.16805115342140198,0.6137501001358032,0.4561120569705963,-0.18553809821605682,0.44616085290908813,0.4547024965286255,-0.2141972780227661,0.6145013570785522,0.45259344577789307,-0.21802513301372528,0.4420505166053772,0.4520840346813202,-0.24206896126270294,0.6102346181869507,0.4525403082370758,-0.16403904557228088,0.44904670119285583,0.44920364022254944,-0.1849583238363266,0.5472816824913025,0.5304214358329773,0.018752580508589745,0.5082364082336426,0.5270386934280396,-0.018921082839369774,0.5432854890823364,0.6899527907371521,-0.037197764962911606,0.511762797832489,0.6437435150146484,-0.19152507185935974,0.5306503176689148,0.8241601586341858,0.10486658662557602,0.5146843791007996,0.708301842212677,0.0971163883805275,0.5244235396385193,0.8426710367202759,0.1115073561668396,0.516955554485321,0.7150266766548157,0.12382698059082031,0.5317686796188354,0.8815500140190125,-0.03492506593465805,0.5131922364234924,0.779438853263855,0.025658611208200455
frame_00233.jpg,0.5280973315238953,0.2862061858177185,-0.19830745458602905,0.5320548415184021,0.2770605981349945,-0.17147213220596313,0.5346177220344543,0.27630308270454407,-0.17170847952365875,0.5373944640159607,0.276204913854599,-0.171624094247818,0.5255736708641052,0.27521514892578125,-0.17370586097240448,0.5234295129776001,0.2750496566295624,-0.17402306199073792,0.5211390852928162,0.2750665545463562,-0.17418716847896576,0.5409124493598938,0.27824458479881287,-0.032707180827856064,0.5159190893173218,0.27884891629219055,-0.04407685995101929,0.5322030782699585,0.296624094247818,-0.14575116336345673,0.5247834920883179,0.29854443669319153,-0.15087276697158813,0.5631274580955505,0.3477749526500702,0.045979298651218414,0.49156689643859863,0.34538978338241577,0.02028929814696312,0.5735087990760803,0.43175968527793884,0.014777934178709984,0.48397764563560486,0.4243699312210083,-0.02264700084924698,0.6029437780380249,0.45732101798057556,-0.18128184974193573,0.4572025239467621,0.45180729031562805,-0.22281882166862488,0.6125442385673523,0.46158602833747864,-0.21749544143676758,0.44483351707458496,0.45536693930625916,-0.2728986442089081,0.614350438117981,0.45763009786605835,-0.2508526146411896,0.4408426880836487,0.4535657465457916,-0.30315589904785156,0.6100424528121948,0.45618802309036255,-0.19818450510501862,0.4477826952934265,0.45042476058006287,-0.241421177983284,0.5466724634170532,0.5214318037033081,0.018190721049904823,0.5081533193588257,0.517105758190155,-0.01836327463388443,0.5421891212463379,0.6861873269081116,-0.04066597670316696,0.5070849657058716,0.6070482730865479,-0.34100446105003357,0.5297133922576904,0.8251851797103882,0.09398714452981949,0.5123826265335083,0.693501889705658,-0.0786517783999443,0.5238733887672424,0.8437974452972412,0.09907405078411102,0.5147038698196411,0.7010102868080139,-0.054669253528118134,0.5315194129943848,0.8782398104667664,-0.05855628103017807,0.5131264925003052,0.7652347087860107,-0.1684994399547577
frame_00234.jpg,0.5259619951248169,0.25366461277008057,-0.18961738049983978,0.5294976830482483,0.2425532191991806,-0.16339130699634552,0.532200038433075,0.24207963049411774,-0.16365350782871246,0.5351914167404175,0.24197465181350708,-0.1635751575231552,0.5226604342460632,0.24216079711914062,-0.16727156937122345,0.520330548286438,0.24211914837360382,-0.1675942987203598,0.5176036357879639,0.24213840067386627,-0.16774742305278778,0.5392208695411682,0.24755977094173431,-0.026478301733732224,0.5127657651901245,0.2504505515098572,-0.03649478033185005,0.5305951833724976,0.2678590714931488,-0.13752791285514832,0.5223994851112366,0.2675636112689972,-0.14398184418678284,0.5625766515731812,0.33147284388542175,0.05217254161834717,0.4907446503639221,0.3337269723415375,0.021347500383853912,0.5732775330543518,0.42398887872695923,0.007966405712068081,0.48384109139442444,0.4240792691707611,-0.0451287142932415,0.6023069620132446,0.4573967158794403,-0.19940616190433502,0.4554523825645447,0.45183950662612915,-0.27853938937187195,0.6123723983764648,0.46373632550239563,-0.23671598732471466,0.44140616059303284,0.4612070322036743,-0.33513352274894714,0.6148773431777954,0.45929357409477234,-0.2709038257598877,0.4378933906555176,0.4586516320705414,-0.3651168942451477,0.6103559136390686,0.4570351839065552,-0.21693842113018036,0.44425350427627563,0.45325782895088196,-0.2980368435382843,0.545913815498352,0.504668653011322,0.01820864900946617,0.5069271922111511,0.5020020008087158,-0.01836768537759781,0.5410872101783752,0.677832305431366,-0.04654104262590408,0.5024951696395874,0.5777400135993958,-0.43606036901474,0.5298871994018555,0.8231121897697449,0.07435198128223419,0.5103731155395508,0.6800101399421692,-0.22136190533638,0.5242413282394409,0.8434500098228455,0.07802602648735046,0.513289213180542,0.6883766055107117,-0.2024756222963333,0.5310387015342712,0.873332142829895,-0.0825653225183487,0.5119541883468628,0.7392418384552002,-0.3294427990913391
frame_00235.jpg,0.5251579284667969,0.23502619564533234,-0.24290020763874054,0.5282094478607178,0.22365523874759674,-0.21627561748027802,0.5310177206993103,0.22310103476047516,-0.21654701232910156,0.5342658162117004,0.2227465957403183,-0.21648037433624268,0.5215916633605957,0.2238909900188446,-0.22299297153949738,0.5194298028945923,0.22380095720291138,-0.22331061959266663,0.516884982585907,0.22362111508846283,-0.2234983891248703,0.5378607511520386,0.22693952918052673,-0.07506495714187622,0.512194037437439,0.23079638183116913,-0.10389064252376556,0.529792308807373,0.2488999217748642,-0.18839888274669647,0.5221273303031921,0.24791373312473297,-0.19860431551933289,0.559771716594696,0.31176361441612244,0.02810670994222164,0.49031883478164673,0.31516358256340027,-0.04658590257167816,0.5721079111099243,0.40533921122550964,0.031356945633888245,0.4835590422153473,0.4119158983230591,-0.06955400854349136,0.602637529373169,0.4565979540348053,-0.10153889656066895,0.45215949416160583,0.45102658867836,-0.2409326136112213,0.6127259135246277,0.4644137918949127,-0.12829895317554474,0.4381677508354187,0.46391406655311584,-0.2946472764015198,0.6152552962303162,0.4608583450317383,-0.17078541219234467,0.4353119730949402,0.46160316467285156,-0.3228052258491516,0.6107342839241028,0.45727676153182983,-0.12136218696832657,0.4413788914680481,0.45434245467185974,-0.2595864534378052,0.5441839098930359,0.4960712194442749,0.01908588409423828,0.5068684816360474,0.49380069971084595,-0.01929577626287937,0.540202260017395,0.6616512537002563,-0.04640333354473114,0.503381073474884,0.6124462485313416,-0.10916529595851898,0.5300225019454956,0.8178768754005432,0.027600053697824478,0.5089340806007385,0.6698739528656006,0.2735300362110138,0.5233806371688843,0.8447309732437134,0.02565050683915615,0.5127817988395691,0.6756886839866638,0.31055182218551636,0.5258375406265259,0.8657615184783936,-0.13233473896980286,0.5089493989944458,0.7206746339797974,0.24657230079174042
frame_00236.jpg,0.5235204696655273,0.2225143015384674,-0.2741272747516632,0.5264506936073303,0.2115602195262909,-0.24687032401561737,0.5291891694068909,0.21120254695415497,-0.2471591681241989,0.5323165655136108,0.2109110802412033,-0.24708890914916992,0.5201798677444458,0.21165204048156738,-0.2531701624393463,0.5180062055587769,0.21148629486560822,-0.253499835729599,0.5154988765716553,0.2112979143857956,-0.2536953091621399,0.5364466905593872,0.21595428884029388,-0.10074840486049652,0.5110915899276733,0.21904748678207397,-0.12900778651237488,0.5280054807662964,0.23661701381206512,-0.2180469036102295,0.5208396911621094,0.2355787754058838,-0.2280089408159256,0.5592201948165894,0.2993508279323578,0.007034192327409983,0.4895350933074951,0.30380779504776,-0.06435002386569977,0.570870578289032,0.3931211829185486,0.038627222180366516,0.48292428255081177,0.40054851770401,-0.0889853909611702,0.6028632521629333,0.45006734132766724,-0.10156798362731934,0.44815364480018616,0.44911321997642517,-0.25260335206985474,0.6130408048629761,0.46399986743927,-0.12813229858875275,0.43531370162963867,0.4643830955028534,-0.29913100600242615,0.6155077219009399,0.4606829285621643,-0.17040900886058807,0.4324871897697449,0.462636262178421,-0.332076758146286,0.6110454797744751,0.4560907185077667,-0.12103348970413208,0.43832817673683167,0.45449694991111755,-0.2712332606315613,0.5414911508560181,0.4874195456504822,0.020979924127459526,0.505821704864502,0.4858667552471161,-0.021220175549387932,0.5399709939956665,0.6565997004508972,-0.037805646657943726,0.5026818513870239,0.5985394716262817,-0.12743525207042694,0.5301111340522766,0.8145815134048462,0.029591158032417297,0.5070441961288452,0.6549147963523865,0.1955520212650299,0.5226995944976807,0.8443418145179749,0.028534475713968277,0.5106979608535767,0.6588423848152161,0.22923946380615234,0.5248972177505493,0.8619821071624756,-0.12791438400745392,0.5071329474449158,0.7022548317909241,0.15448860824108124
frame_00237.jpg,0.523651659488678,0.2124023288488388,-0.27153414487838745,0.5266543626785278,0.20076747238636017,-0.24402162432670593,0.5293675661087036,0.20044615864753723,-0.24432282149791718,0.5325537919998169,0.20031429827213287,-0.24426904320716858,0.5202504992485046,0.20048481225967407,-0.25021085143089294,0.5179857015609741,0.20028114318847656,-0.2505261301994324,0.5154476165771484,0.1999955028295517,-0.25070345401763916,0.536383867263794,0.2068408876657486,-0.09891115128993988,0.5102667212486267,0.20849628746509552,-0.12627194821834564,0.5280648469924927,0.2262560874223709,-0.2157825529575348,0.5205130577087402,0.22543935477733612,-0.22557632625102997,0.5590431690216064,0.2938748598098755,0.0018284522229805589,0.4886823296546936,0.29426977038383484,-0.05886329337954521,0.5702950954437256,0.3834494352340698,0.040982846170663834,0.4797123372554779,0.38897326588630676,-0.06771568208932877,0.6030030846595764,0.4403037428855896,-0.10158556699752808,0.4436185956001282,0.4459265470504761,-0.22218844294548035,0.6132127642631531,0.45657750964164734,-0.1299898773431778,0.4315783381462097,0.4643712341785431,-0.26427093148231506,0.6158055663108826,0.45426052808761597,-0.17277352511882782,0.42930740118026733,0.4626155197620392,-0.30208033323287964,0.6112688183784485,0.448416143655777,-0.1216784119606018,0.43461957573890686,0.4545939862728119,-0.24206951260566711,0.5405534505844116,0.4768466055393219,0.02052794210612774,0.5039418935775757,0.4761640429496765,-0.020765889436006546,0.5395850539207458,0.6407714486122131,0.001649155979976058,0.5030757188796997,0.6020411252975464,-0.050724130123853683,0.5322039127349854,0.7669297456741333,0.16574636101722717,0.5061689615249634,0.6666206121444702,0.24700546264648438,0.5229143500328064,0.7975426316261292,0.17475779354572296,0.508135199546814,0.6828879117965698,0.2733664810657501,0.5249983072280884,0.8176892995834351,0.04047747701406479,0.49948063492774963,0.7193192839622498,0.17829090356826782
frame_00238.jpg,0.523044764995575,0.21036550402641296,-0.27957507967948914,0.5258584022521973,0.19917017221450806,-0.2543169856071472,0.5282374620437622,0.19905570149421692,-0.25461480021476746,0.5310556292533875,0.1989976465702057,-0.25457942485809326,0.5196778774261475,0.19881628453731537,-0.25764137506484985,0.5174344182014465,0.19867366552352905,-0.25796711444854736,0.514818549156189,0.19859495759010315,-0.2581609785556793,0.5353634357452393,0.20611143112182617,-0.11780562251806259,0.5098315477371216,0.2068937122821808,-0.13195514678955078,0.5268220901489258,0.22368399798870087,-0.22709229588508606,0.5194826126098633,0.22402693331241608,-0.23306182026863098,0.5581960082054138,0.2911756634712219,-0.025286931544542313,0.48779863119125366,0.29005974531173706,-0.05752316117286682,0.5677912831306458,0.38130810856819153,0.007475435733795166,0.4776211678981781,0.3824029862880707,-0.059467948973178864,0.6027438044548035,0.43133610486984253,-0.12440893799066544,0.44016233086586,0.4415624439716339,-0.2038482427597046,0.6130985021591187,0.4475848078727722,-0.15099307894706726,0.42790132761001587,0.46304580569267273,-0.24339628219604492,0.615913987159729,0.44515910744667053,-0.19332966208457947,0.42528438568115234,0.4619748890399933,-0.28145909309387207,0.6112200617790222,0.4391551613807678,-0.14380639791488647,0.4312424063682556,0.4532548487186432,-0.2240281105041504,0.5386072397232056,0.46782881021499634,0.015150067396461964,0.5028522610664368,0.46670663356781006,-0.015411791391670704,0.5390137434005737,0.6160615086555481,-0.008978378027677536,0.5033202767372131,0.5897268652915955,-0.03678267449140549,0.5360735654830933,0.7326230406761169,0.14158666133880615,0.5062835812568665,0.6906872391700745,0.2001277506351471,0.5308111310005188,0.7422122359275818,0.14895901083946228,0.5085092782974243,0.6962053179740906,0.2231539487838745,0.5282962322235107,0.7913431525230408,0.012000380083918571,0.5001140236854553,0.7405293583869934,0.17685748636722565
frame_00239.jpg,0.521369218826294,0.21844598650932312,-0.2549375891685486,0.5247071981430054,0.20629923045635223,-0.22868037223815918,0.5271503925323486,0.20608952641487122,-0.22896245121955872,0.5297696590423584,0.20603011548519135,-0.22890910506248474,0.5182004570960999,0.206321582198143,-0.23316292464733124,0.5157178044319153,0.20631994307041168,-0.23348276317119598,0.5127909779548645,0.20635399222373962,-0.23366351425647736,0.5338850617408752,0.2120649665594101,-0.0902799516916275,0.508412778377533,0.21212106943130493,-0.1102793961763382,0.5253193974494934,0.23047274351119995,-0.2019311934709549,0.5170726180076599,0.23077784478664398,-0.20931217074394226,0.5572668313980103,0.2919458746910095,-0.0045074899680912495,0.4861983358860016,0.2904859185218811,-0.04485645890235901,0.565290629863739,0.37929728627204895,0.03381834179162979,0.4747832715511322,0.3798828721046448,-0.056596606969833374,0.6017324328422546,0.4241555631160736,-0.09994977712631226,0.44053220748901367,0.4328087270259857,-0.20657500624656677,0.6127403974533081,0.4391036033630371,-0.12700910866260529,0.42782267928123474,0.4523276388645172,-0.2488577663898468,0.6158379316329956,0.4363211393356323,-0.1687925010919571,0.4250648021697998,0.45096513628959656,-0.2839902639389038,0.6109808683395386,0.4308822751045227,-0.11975826323032379,0.4313899874687195,0.4423004388809204,-0.22590991854667664,0.5373161435127258,0.4664882719516754,0.01931753195822239,0.501707911491394,0.4661669135093689,-0.019560128450393677,0.5384755730628967,0.6157494187355042,0.013159473426640034,0.5035536885261536,0.5947298407554626,-0.054691243916749954,0.5359799265861511,0.7259433269500732,0.17776980996131897,0.506386399269104,0.7142031788825989,0.13017915189266205,0.530351996421814,0.7354725003242493,0.18641865253448486,0.5087262392044067,0.7246941328048706,0.14120250940322876,0.5281978249549866,0.780482828617096,0.05547405034303665,0.5010935068130493,0.7603746652603149,0.01557206641882658
frame_00240.jpg,0.5209519267082214,0.22022005915641785,-0.2415076047182083,0.5238040685653687,0.2080533355474472,-0.21726766228675842,0.5259769558906555,0.207908496260643,-0.21754491329193115,0.5283380150794983,0.20788541436195374,-0.2176096886396408,0.5179283022880554,0.20800867676734924,-0.22734539210796356,0.5154433846473694,0.20807191729545593,-0.22761277854442596,0.5125317573547363,0.2081867754459381,-0.2277689427137375,0.5320295095443726,0.2134011834859848,-0.08209280669689178,0.5077217817306519,0.2133091390132904,-0.10279040038585663,0.524130642414093,0.23174339532852173,-0.18812216818332672,0.5167706608772278,0.2318197339773178,-0.20278243720531464,0.5560031533241272,0.29308509826660156,0.01802372746169567,0.4857107102870941,0.29291072487831116,-0.04508252069354057,0.5621514320373535,0.3796866536140442,0.035143494606018066,0.4737040102481842,0.38008517026901245,-0.08278390020132065,0.6001704335212708,0.4200965464115143,-0.144926518201828,0.4396039843559265,0.4303646981716156,-0.26217055320739746,0.6117927432060242,0.4329768717288971,-0.180141419172287,0.42621874809265137,0.44609251618385315,-0.31250715255737305,0.615196704864502,0.43001967668533325,-0.2206549197435379,0.42322587966918945,0.44463008642196655,-0.34304291009902954,0.6102419495582581,0.425144225358963,-0.165953129529953,0.4298328459262848,0.43815740942955017,-0.28050100803375244,0.5364497303962708,0.4707168638706207,0.03093549981713295,0.501908004283905,0.4710948169231415,-0.031113985925912857,0.5385957956314087,0.6147058606147766,0.06454334408044815,0.5036933422088623,0.6150753498077393,-0.08818668127059937,0.5338603258132935,0.6866310238838196,0.3372020423412323,0.5010507106781006,0.7741744518280029,-0.027719711884856224,0.5291135311126709,0.6894485354423523,0.35823097825050354,0.502066433429718,0.7972780466079712,-0.02733205258846283,0.5309034585952759,0.7469183802604675,0.2683110237121582,0.4998679757118225,0.8168589472770691,-0.17606106400489807
frame_00241.jpg,0.5186120271682739,0.22270719707012177,-0.22625532746315002,0.5216138362884521,0.20992587506771088,-0.20504920184612274,0.523891031742096,0.2093033343553543,-0.20534208416938782,0.5262143015861511,0.20885442197322845,-0.2054295539855957,0.5151852369308472,0.21036489307880402,-0.2073064148426056,0.5124770998954773,0.21040639281272888,-0.20754630863666534,0.5096166729927063,0.2104661762714386,-0.20770032703876495,0.5306181907653809,0.21498924493789673,-0.07845450937747955,0.5065635442733765,0.216185063123703,-0.08186907321214676,0.5218467116355896,0.234669491648674,-0.17623783648014069,0.5145426392555237,0.23459067940711975,-0.1812014877796173,0.55613774061203,0.2954789102077484,0.013115371577441692,0.4842100739479065,0.29321226477622986,-0.015367552638053894,0.5596071481704712,0.38295799493789673,-0.029907986521720886,0.47202807664871216,0.3836383819580078,-0.055428244173526764,0.597361147403717,0.4207812249660492,-0.26727861166000366,0.4380652904510498,0.43175968527793884,-0.2532806098461151,0.6088662147521973,0.4309709966182709,-0.3170020580291748,0.4240512251853943,0.4445948600769043,-0.30658942461013794,0.6131564378738403,0.42676055431365967,-0.35220867395401,0.4204410910606384,0.44179657101631165,-0.3405509889125824,0.6081060767173767,0.42264753580093384,-0.28761062026023865,0.42687374353408813,0.4371172785758972,-0.27401190996170044,0.5367178916931152,0.4726119935512543,0.02923513948917389,0.5013989210128784,0.4748324453830719,-0.029523009434342384,0.5405579805374146,0.6216133236885071,0.07660173624753952,0.5034722089767456,0.6331159472465515,-0.09017229080200195,0.5338677167892456,0.697236180305481,0.40883326530456543,0.4975484311580658,0.802433431148529,-0.01362850796431303,0.5289725065231323,0.6826450228691101,0.4362451136112213,0.502843976020813,0.8247125744819641,-0.012384274043142796,0.5359867215156555,0.7369247078895569,0.3506211042404175,0.49954143166542053,0.8455560803413391,-0.1695844531059265
frame_00242.jpg,0.5155045390129089,0.2392909824848175,-0.2191050946712494,0.5193601846694946,0.22855286300182343,-0.1986670196056366,0.5217299461364746,0.2283371388912201,-0.1989489495754242,0.5240658521652222,0.22810927033424377,-0.1990138739347458,0.5125512480735779,0.2281116098165512,-0.19880004227161407,0.5099220275878906,0.2278129756450653,-0.1990506947040558,0.5073114633560181,0.22741465270519257,-0.19920311868190765,0.528562068939209,0.23382070660591125,-0.07828272879123688,0.5055937170982361,0.2326318919658661,-0.07187341153621674,0.5192104578018188,0.2521291971206665,-0.16895970702171326,0.5110809206962585,0.25098901987075806,-0.1713118702173233,0.5550998449325562,0.30587366223335266,0.012974603101611137,0.4829052984714508,0.3084724545478821,0.00015002672444097698,0.556618332862854,0.39566776156425476,-0.04048946872353554,0.4695994257926941,0.3916492164134979,-0.03387763351202011,0.5959797501564026,0.4237237572669983,-0.28784817457199097,0.43828877806663513,0.4328131377696991,-0.24376103281974792,0.6066403985023499,0.43140947818756104,-0.3398691713809967,0.4244450628757477,0.4463358223438263,-0.29618585109710693,0.6107916235923767,0.42664435505867004,-0.37382423877716064,0.42048078775405884,0.4435123801231384,-0.3296588063240051,0.6055830717086792,0.42374667525291443,-0.3078294098377228,0.42724132537841797,0.43913331627845764,-0.2640787661075592,0.535713791847229,0.4884978234767914,0.027201468124985695,0.49914687871932983,0.4930984377861023,-0.027331557124853134,0.5388073921203613,0.6284539103507996,0.06860422343015671,0.5035802125930786,0.6569821238517761,-0.09377443790435791,0.5336832404136658,0.7109572887420654,0.4075911045074463,0.49863067269325256,0.8232998251914978,-0.024895410984754562,0.5288301110267639,0.7147695422172546,0.4359518885612488,0.5037155747413635,0.8447874188423157,-0.024336840957403183,0.5355923175811768,0.7511529326438904,0.35238388180732727,0.5063570737838745,0.8709740042686462,-0.18288257718086243
frame_00243.jpg,0.5146368145942688,0.267412394285202,-0.20174041390419006,0.5184727907180786,0.2548381984233856,-0.18012145161628723,0.5208262205123901,0.25484415888786316,-0.18040022253990173,0.5231415033340454,0.2550562620162964,-0.18041718006134033,0.5118933916091919,0.2544950842857361,-0.18411222100257874,0.5095222592353821,0.2542681097984314,-0.1843702495098114,0.507189154624939,0.25401777029037476,-0.1845008134841919,0.527422308921814,0.2609331011772156,-0.05908898264169693,0.5051503777503967,0.2588779032230377,-0.0730547159910202,0.5179846882820129,0.27945640683174133,-0.15305310487747192,0.5102174878120422,0.2793559730052948,-0.1604781299829483,0.550446629524231,0.340353399515152,0.019326472654938698,0.48042458295822144,0.3335105776786804,-0.00475233793258667,0.5565767288208008,0.4219425916671753,-0.02353152632713318,0.4672519564628601,0.4128184914588928,-0.05874226242303848,0.592284083366394,0.4302724599838257,-0.26103729009628296,0.4401480555534363,0.4400128424167633,-0.25690561532974243,0.6020151376724243,0.4336419701576233,-0.3082185387611389,0.42753902077674866,0.4472865164279938,-0.3097987174987793,0.6048548817634583,0.4298386871814728,-0.3423820734024048,0.42356759309768677,0.4440535604953766,-0.3387907147407532,0.6004998087882996,0.4263714849948883,-0.28089630603790283,0.4309152662754059,0.44226565957069397,-0.2756071388721466,0.533863365650177,0.5110127329826355,0.03013204038143158,0.49847349524497986,0.5122895836830139,-0.030238676816225052,0.5408464074134827,0.6306399703025818,0.10142965614795685,0.5036283135414124,0.6673327088356018,-0.10239027440547943,0.525812029838562,0.6917932033538818,0.424125999212265,0.4997336268424988,0.8320304751396179,-0.06758451461791992,0.5218531489372253,0.6979244947433472,0.45088109374046326,0.5038847327232361,0.8481517434120178,-0.06946828961372375,0.5246950387954712,0.733436644077301,0.3764297068119049,0.5072832107543945,0.8756584525108337,-0.22577735781669617
frame_00244.jpg,0.512811541557312,0.2822585701942444,-0.18762069940567017,0.5172379612922668,0.270715594291687,-0.16218841075897217,0.5198813676834106,0.27115118503570557,-0.16244572401046753,0.522356390953064,0.2717343866825104,-0.16241569817066193,0.5097441673278809,0.26983508467674255,-0.16846205294132233,0.506813645362854,0.26980501413345337,-0.16875426471233368,0.504145085811615,0.26981717348098755,-0.16887201368808746,0.5273087024688721,0.27731746435165405,-0.022909369319677353,0.501645565032959,0.2737489938735962,-0.05184514448046684,0.5161927938461304,0.2934649586677551,-0.13287819921970367,0.5073486566543579,0.2940122187137604,-0.14335207641124725,0.5490505695343018,0.35218653082847595,0.07085347175598145,0.4769347608089447,0.34656113386154175,0.012078545056283474,0.5540164709091187,0.4403497278690338,0.06560680270195007,0.46629634499549866,0.425753653049469,-0.02975669875741005,0.590048611164093,0.4436267018318176,-0.15131202340126038,0.43996986746788025,0.45401301980018616,-0.22982963919639587,0.599612832069397,0.442411869764328,-0.1932099163532257,0.4276309013366699,0.4566168487071991,-0.28413456678390503,0.6022974252700806,0.4344237744808197,-0.22966976463794708,0.4237462878227234,0.4509917199611664,-0.3084511458873749,0.5978555679321289,0.4344574213027954,-0.1712927669286728,0.4306190013885498,0.45133668184280396,-0.2465633898973465,0.5323218107223511,0.5177098512649536,0.02932707592844963,0.49717918038368225,0.5185322761535645,-0.02946234866976738,0.5355916619300842,0.6541067361831665,0.06500406563282013,0.5033245086669922,0.6742087602615356,-0.10318346321582794,0.5226559638977051,0.7097087502479553,0.3866240382194519,0.5025991201400757,0.8275333642959595,-0.01675562933087349,0.5178101658821106,0.713476836681366,0.4164627194404602,0.5046921372413635,0.8444444537162781,-0.01302267424762249,0.5169682502746582,0.7537620663642883,0.34167739748954773,0.5075340867042542,0.8797999620437622,-0.16063392162322998
frame_00245.jpg,0.5134187340736389,0.2859608829021454,-0.18420498073101044,0.5176249742507935,0.2749103903770447,-0.1577044427394867,0.5201083421707153,0.2753255069255829,-0.1579614132642746,0.5224480032920837,0.2759169042110443,-0.15792803466320038,0.5104069113731384,0.27383190393447876,-0.16308584809303284,0.5076072812080383,0.2735627591609955,-0.16335247457027435,0.5049278736114502,0.27336522936820984,-0.1634419858455658,0.5272042155265808,0.28283581137657166,-0.017259154468774796,0.5014258623123169,0.27823302149772644,-0.04170963168144226,0.5164412260055542,0.29811355471611023,-0.12956781685352325,0.5077795386314392,0.29781028628349304,-0.13868913054466248,0.5479379296302795,0.3537432849407196,0.0613260492682457,0.4752878248691559,0.3491038978099823,0.023290693759918213,0.5523105263710022,0.44140398502349854,0.028431406244635582,0.46630534529685974,0.4284127652645111,-0.028237491846084595,0.5859237909317017,0.4553639590740204,-0.232864111661911,0.43991127610206604,0.46195685863494873,-0.23672902584075928,0.5953847169876099,0.4566585123538971,-0.28470057249069214,0.42774420976638794,0.4665014147758484,-0.2934491038322449,0.5972094535827637,0.4482284486293793,-0.3178732991218567,0.4238373339176178,0.46094971895217896,-0.32018429040908813,0.5930083990097046,0.4479067921638489,-0.2527506649494171,0.43039512634277344,0.46021568775177,-0.2549092769622803,0.5326289534568787,0.5184937715530396,0.026239022612571716,0.4966309070587158,0.5207309126853943,-0.026342296972870827,0.5427111983299255,0.6522851586341858,0.04914483800530434,0.5028418898582458,0.6752344965934753,-0.10363923013210297,0.5231611132621765,0.7164285778999329,0.3320086598396301,0.5033774971961975,0.8174505829811096,-0.0023283888585865498,0.5246773958206177,0.7287958860397339,0.3554929792881012,0.5050631165504456,0.8337879776954651,0.001993675949051976,0.5258474349975586,0.7622576951980591,0.25855016708374023,0.5071507096290588,0.8665127158164978,-0.1490916758775711
frame_00246.jpg,0.5107443332672119,0.27915048599243164,-0.15217986702919006,0.5154201984405518,0.2688332796096802,-0.13048888742923737,0.5178736448287964,0.2690638601779938,-0.13074849545955658,0.52024245262146,0.26939818263053894,-0.13073237240314484,0.5084922909736633,0.26775696873664856,-0.1259654462337494,0.5059911012649536,0.26734620332717896,-0.12621548771858215,0.5035685896873474,0.2669319808483124,-0.1262957602739334,0.5254551768302917,0.27533280849456787,-0.011776966974139214,0.5012944936752319,0.27210763096809387,0.008422146551311016,0.5140224695205688,0.291716605424881,-0.10635191202163696,0.5059946775436401,0.29068437218666077,-0.10240288078784943,0.5480225086212158,0.34573841094970703,0.04214628040790558,0.47578755021095276,0.3442343473434448,0.08594364672899246,0.5514280796051025,0.4352455735206604,-0.04765871912240982,0.46456289291381836,0.4287162125110626,0.04408129304647446,0.5855528116226196,0.46128547191619873,-0.29469072818756104,0.43772196769714355,0.46430185437202454,-0.1861090511083603,0.5949344635009766,0.4672453999519348,-0.35149946808815,0.4261426031589508,0.47092917561531067,-0.23918084800243378,0.5971158742904663,0.4597960412502289,-0.3792041838169098,0.42216286063194275,0.465878963470459,-0.273525595664978,0.5929018259048462,0.4577239155769348,-0.3119834363460541,0.4277455806732178,0.4638367295265198,-0.2084554135799408,0.5322047472000122,0.514914333820343,-0.0014000863302499056,0.4958566129207611,0.516420304775238,0.001254177768714726,0.5437024831771851,0.6544348001480103,-0.00472537474706769,0.502405047416687,0.6687673926353455,-0.0859680324792862,0.5249844789505005,0.7203167080879211,0.270210862159729,0.5036523342132568,0.8159298300743103,0.012464742176234722,0.5270575881004333,0.7531225085258484,0.29141685366630554,0.5051565766334534,0.8270453810691833,0.02134833112359047,0.5259334444999695,0.7663715481758118,0.17590221762657166,0.5069040656089783,0.8660542368888855,-0.1254884898662567
frame_00247.jpg,0.5114432573318481,0.2734682857990265,-0.1745559275150299,0.515608012676239,0.2630036473274231,-0.15081819891929626,0.5178758502006531,0.26323285698890686,-0.1510787457227707,0.5200898051261902,0.26356878876686096,-0.15105898678302765,0.5091165900230408,0.2621626555919647,-0.15164224803447723,0.5066457986831665,0.26186245679855347,-0.15191377699375153,0.5041515827178955,0.2615346312522888,-0.15202835202217102,0.5245543122291565,0.26953843235969543,-0.024137509986758232,0.501545786857605,0.266633003950119,-0.022090058773756027,0.5145663022994995,0.2859920859336853,-0.12535420060157776,0.5068431496620178,0.2851988971233368,-0.1276382952928543,0.5467992424964905,0.34156274795532227,0.04092101752758026,0.47641950845718384,0.3400975167751312,0.07148254662752151,0.5501804351806641,0.43159881234169006,-0.02500128746032715,0.46494388580322266,0.42452070116996765,-0.0016975445905700326,0.5846697092056274,0.46514469385147095,-0.22175438702106476,0.4364851117134094,0.4650501012802124,-0.19144873321056366,0.5932421684265137,0.4749962389469147,-0.2624153196811676,0.4250301420688629,0.47710737586021423,-0.25251197814941406,0.5959736108779907,0.47091519832611084,-0.2965420186519623,0.42126837372779846,0.4728746712207794,-0.28565141558647156,0.5919376611709595,0.4677121937274933,-0.24004778265953064,0.4264914095401764,0.4685496687889099,-0.2156762182712555,0.531883716583252,0.510715901851654,0.00402218010276556,0.4958485960960388,0.5138531923294067,-0.004107360262423754,0.5435402393341064,0.6382858753204346,-0.04468061402440071,0.5017105340957642,0.6655178666114807,-0.09123551100492477,0.5253931879997253,0.7188922762870789,0.15914252400398254,0.5037621259689331,0.8068838119506836,-0.016132120043039322,0.5270345211029053,0.731177568435669,0.17257115244865417,0.5012897253036499,0.8247471451759338,-0.01455380953848362,0.5258709192276001,0.7686128616333008,0.05554883927106857,0.494332492351532,0.8551102876663208,-0.1643044650554657
frame_00248.jpg,0.5108763575553894,0.2631949484348297,-0.23257842659950256,0.5149247646331787,0.25195351243019104,-0.2083798199892044,0.5172134637832642,0.25201624631881714,-0.20863816142082214,0.5194554328918457,0.2521510422229767,-0.20859622955322266,0.5081018209457397,0.25092920660972595,-0.20835602283477783,0.5054918527603149,0.2503195106983185,-0.20866060256958008,0.5029170513153076,0.24970540404319763,-0.20880873501300812,0.5240245461463928,0.25555354356765747,-0.07278285920619965,0.500840961933136,0.25249430537223816,-0.07025635987520218,0.5143162608146667,0.2743486762046814,-0.18010619282722473,0.5063459873199463,0.2740350663661957,-0.18165092170238495,0.5472395420074463,0.3310057520866394,0.010871373116970062,0.47672852873802185,0.3328704535961151,0.019740866497159004,0.5505871176719666,0.4292396903038025,-0.01953410543501377,0.46460914611816406,0.4156333804130554,-0.011542069725692272,0.5847024917602539,0.463644802570343,-0.22274525463581085,0.43603333830833435,0.462763249874115,-0.19994230568408966,0.5931203365325928,0.47505292296409607,-0.26544827222824097,0.4242956042289734,0.4773762822151184,-0.25100070238113403,0.5960051417350769,0.4721433222293854,-0.30173367261886597,0.4205457270145416,0.47500962018966675,-0.2859979271888733,0.5918775200843811,0.4682517349720001,-0.24186646938323975,0.4259451925754547,0.4693165719509125,-0.22108232975006104,0.5318626165390015,0.5031120181083679,0.005718117114156485,0.49502333998680115,0.5073142647743225,-0.00590140838176012,0.5397436618804932,0.6384363174438477,-0.020770568400621414,0.5015721917152405,0.6574151515960693,-0.061673931777477264,0.5280526876449585,0.7254387140274048,0.18049569427967072,0.5029001235961914,0.804761528968811,0.06751228868961334,0.5282313823699951,0.7346988320350647,0.19259539246559143,0.4982641339302063,0.8180367350578308,0.07414041459560394,0.5253332853317261,0.7691137790679932,0.06349808722734451,0.4964706301689148,0.8485010266304016,-0.07052072882652283
frame_00249.jpg,0.5099108815193176,0.24680031836032867,-0.2406412810087204,0.5136517286300659,0.2338642030954361,-0.21623516082763672,0.5158010721206665,0.23361751437187195,-0.21649646759033203,0.5179235935211182,0.23339644074440002,-0.21646606922149658,0.5073389410972595,0.23379693925380707,-0.2199661284685135,0.5048478841781616,0.23353531956672668,-0.22027747333049774,0.5022823214530945,0.23315183818340302,-0.2204308956861496,0.5220237970352173,0.23837444186210632,-0.08046729117631912,0.500027060508728,0.23749497532844543,-0.09700733423233032,0.5132368803024292,0.2585991621017456,-0.18793314695358276,0.5057770013809204,0.2592639625072479,-0.1946345865726471,0.5471445322036743,0.3154039680957794,0.015634657815098763,0.4756077229976654,0.31805750727653503,-0.02981514297425747,0.5504992008209229,0.41203242540359497,0.024800781160593033,0.46291112899780273,0.4039904773235321,-0.038830406963825226,0.5854017734527588,0.46086356043815613,-0.1455199420452118,0.4338391423225403,0.46158304810523987,-0.2045471966266632,0.5940296053886414,0.47305214405059814,-0.17947249114513397,0.4229159355163574,0.47811588644981384,-0.2523445188999176,0.5970722436904907,0.4700607657432556,-0.220380038022995,0.4195312559604645,0.47724613547325134,-0.28656095266342163,0.5929557681083679,0.46530672907829285,-0.16552197933197021,0.4250514507293701,0.47017017006874084,-0.22417668998241425,0.5314821004867554,0.4910374581813812,0.017669353634119034,0.49449267983436584,0.49410420656204224,-0.017911195755004883,0.5382362604141235,0.6333973407745361,0.029606441035866737,0.500533938407898,0.6476837992668152,-0.07502113282680511,0.5289332866668701,0.7244938611984253,0.24694857001304626,0.4955146908760071,0.8008626699447632,0.022399025037884712,0.5281767845153809,0.7341769933700562,0.25979870557785034,0.4958550035953522,0.8190866708755493,0.025197014212608337,0.5248187780380249,0.7707594037055969,0.13542667031288147,0.4923679232597351,0.8480650186538696,-0.12639129161834717
frame_00250.jpg,0.5103298425674438,0.23444172739982605,-0.24600525200366974,0.5136524438858032,0.2223702073097229,-0.22167594730854034,0.5156474709510803,0.22206799685955048,-0.22194406390190125,0.5176711678504944,0.22176115214824677,-0.2219332754611969,0.5077371001243591,0.22251799702644348,-0.22981739044189453,0.5052326917648315,0.2222994863986969,-0.2301362305879593,0.5025608539581299,0.22194962203502655,-0.23030385375022888,0.5215477347373962,0.22668728232383728,-0.08757804334163666,0.5003422498703003,0.2262503057718277,-0.12501415610313416,0.5134654641151428,0.24597734212875366,-0.19368550181388855,0.5059808492660522,0.2464989274740219,-0.20617055892944336,0.546639084815979,0.3006821870803833,0.017093632370233536,0.4758812487125397,0.30691972374916077,-0.07220631092786789,0.5504618287086487,0.3971007764339447,0.059271831065416336,0.4613316059112549,0.39757123589515686,-0.09296318143606186,0.5859618782997131,0.4578070044517517,-0.07239527255296707,0.42935997247695923,0.4607396125793457,-0.23000724613666534,0.594539999961853,0.47072744369506836,-0.09493687003850937,0.4185604453086853,0.4803185760974884,-0.27114611864089966,0.5972762703895569,0.46766743063926697,-0.1377623975276947,0.4164702892303467,0.48015424609184265,-0.3027707636356354,0.5934511423110962,0.46292322874069214,-0.09208544343709946,0.4216478765010834,0.4721772074699402,-0.2468746453523636,0.5287320017814636,0.47933703660964966,0.031254541128873825,0.49445009231567383,0.483202189207077,-0.03153511509299278,0.5353189706802368,0.6147652864456177,0.038764696568250656,0.4998311996459961,0.6333367228507996,-0.0961049497127533,0.5286991000175476,0.7073787450790405,0.24199911952018738,0.49317485094070435,0.7984306812286377,-0.027234729379415512,0.5269310474395752,0.7204874753952026,0.25450077652931213,0.4947928786277771,0.8176345825195312,-0.026131218299269676,0.5277587175369263,0.7709300518035889,0.1428077071905136,0.49107035994529724,0.8488486409187317,-0.16838158667087555
frame_00251.jpg,0.5103775858879089,0.22809277474880219,-0.26311808824539185,0.513817548751831,0.21576546132564545,-0.24157771468162537,0.5155501961708069,0.2155703753232956,-0.24186423420906067,0.5172775387763977,0.21536287665367126,-0.2418733388185501,0.5080111026763916,0.21591594815254211,-0.24915842711925507,0.5062044858932495,0.21589922904968262,-0.24946729838848114,0.5043487548828125,0.21578192710876465,-0.24961921572685242,0.5205610990524292,0.2215104103088379,-0.11827951669692993,0.5026291012763977,0.22212648391723633,-0.15339431166648865,0.5137559175491333,0.240538090467453,-0.21450725197792053,0.5074857473373413,0.24104738235473633,-0.2265511304140091,0.545872151851654,0.300392210483551,-0.017068151384592056,0.47611522674560547,0.3042357563972473,-0.09894119203090668,0.5505853891372681,0.39392176270484924,0.04053450748324394,0.4607604146003723,0.3954007923603058,-0.11223731935024261,0.5863085985183716,0.4505733251571655,-0.10405077040195465,0.4277111887931824,0.4605262577533722,-0.2512531578540802,0.5955017805099487,0.4677118957042694,-0.1277470886707306,0.4167184829711914,0.4793272912502289,-0.2923775315284729,0.5983051061630249,0.4663955569267273,-0.17088060081005096,0.4146532118320465,0.4785107970237732,-0.3261586129665375,0.5945031046867371,0.45998236536979675,-0.12385425716638565,0.419481098651886,0.47087445855140686,-0.2694251537322998,0.5267871022224426,0.4779682159423828,0.03697912022471428,0.49444228410720825,0.48210424184799194,-0.03722767159342766,0.5334386825561523,0.6103054285049438,0.07548636943101883,0.49630260467529297,0.6357209086418152,-0.1181907206773758,0.5258946418762207,0.6994343996047974,0.3186142146587372,0.49231043457984924,0.8175137639045715,-0.09316020458936691,0.522485613822937,0.7086440324783325,0.33643823862075806,0.493743360042572,0.8416821956634521,-0.09727215766906738,0.5278802514076233,0.7469626069068909,0.24525368213653564,0.4924336373806,0.8731743097305298,-0.2579199969768524
frame_00252.jpg,0.5106419324874878,0.23184357583522797,-0.2535346448421478,0.5138356685638428,0.21927672624588013,-0.23137135803699493,0.5154114961624146,0.21908973157405853,-0.23165452480316162,0.5169640183448792,0.21897463500499725,-0.23165631294250488,0.5081941485404968,0.2189900279045105,-0.23641511797904968,0.5062752366065979,0.21866323053836823,-0.23671698570251465,0.5046185255050659,0.21827192604541779,-0.23686306178569794,0.5199110507965088,0.22383342683315277,-0.10345011949539185,0.5027560591697693,0.22293993830680847,-0.1264498382806778,0.5136445760726929,0.24309954047203064,-0.20325040817260742,0.5075600743293762,0.24332474172115326,-0.2119216024875641,0.5450778603553772,0.3006960153579712,-0.010895153507590294,0.47630277276039124,0.30421099066734314,-0.06271390616893768,0.5507818460464478,0.3928689658641815,0.0019402658799663186,0.46112409234046936,0.3918936848640442,-0.08077697455883026,0.5864360332489014,0.43844136595726013,-0.1667744517326355,0.42758432030677795,0.4556570053100586,-0.245762437582016,0.595903754234314,0.45498764514923096,-0.19851092994213104,0.4159209132194519,0.4768907427787781,-0.2906492054462433,0.5987876653671265,0.4542544186115265,-0.23957279324531555,0.41377514600753784,0.47540709376335144,-0.32148027420043945,0.5947357416152954,0.4472392499446869,-0.18693122267723083,0.4188745617866516,0.4669398367404938,-0.26301223039627075,0.5270500779151917,0.4813424348831177,0.033201564103364944,0.49449363350868225,0.48246344923973083,-0.033436939120292664,0.5327020883560181,0.6148975491523743,0.06450143456459045,0.4960714280605316,0.6365827322006226,-0.0957910567522049,0.5237815380096436,0.7018862366676331,0.32572120428085327,0.49227985739707947,0.8124994039535522,-0.05494990199804306,0.5197726488113403,0.7095715999603271,0.3457566201686859,0.49343228340148926,0.8359496593475342,-0.05770605057477951,0.5264660120010376,0.7480164766311646,0.2548368573188782,0.493276447057724,0.8651084303855896,-0.21619045734405518
frame_00253.jpg,0.5102894902229309,0.23353753983974457,-0.2258879691362381,0.5132747888565063,0.22130346298217773,-0.2057933509349823,0.5147469639778137,0.22114522755146027,-0.20607611536979675,0.5162423253059387,0.22111310064792633,-0.20608505606651306,0.5082460045814514,0.22089196741580963,-0.20991334319114685,0.506400465965271,0.22042793035507202,-0.2102087438106537,0.504703938961029,0.21987375617027283,-0.21033577620983124,0.5194989442825317,0.22531065344810486,-0.08766031265258789,0.5026570558547974,0.22318051755428314,-0.10656112432479858,0.5129578113555908,0.24435561895370483,-0.17774884402751923,0.5074971914291382,0.24431897699832916,-0.18534442782402039,0.5447841882705688,0.30061399936676025,-0.00350302760489285,0.47644615173339844,0.3055863380432129,-0.04422323778271675,0.550326943397522,0.3914470374584198,0.004751204047352076,0.46143651008605957,0.39167410135269165,-0.0467693991959095,0.5871706008911133,0.4326143264770508,-0.17380836606025696,0.4281842112541199,0.4502122700214386,-0.203876331448555,0.5978840589523315,0.4449014663696289,-0.20870551466941833,0.4158962368965149,0.46824994683265686,-0.2469996213912964,0.5997399687767029,0.44372767210006714,-0.24735936522483826,0.4133937954902649,0.46643170714378357,-0.2816450595855713,0.59477698802948,0.43788835406303406,-0.1935408115386963,0.4187071919441223,0.4598641097545624,-0.22317934036254883,0.5273486971855164,0.4825822710990906,0.03100549802184105,0.4948808252811432,0.48407962918281555,-0.031231055036187172,0.5330489277839661,0.6170083284378052,0.07273104786872864,0.49858641624450684,0.6356433629989624,-0.09757382422685623,0.5231959819793701,0.7024195194244385,0.35436826944351196,0.4915603697299957,0.8122469186782837,-0.061034124344587326,0.5184263586997986,0.7095696926116943,0.37683939933776855,0.49218469858169556,0.8362201452255249,-0.06356854736804962,0.5264591574668884,0.7475202679634094,0.2958463728427887,0.49418243765830994,0.8628209829330444,-0.21724584698677063
frame_00254.jpg,0.5104499459266663,0.23503881692886353,-0.23440749943256378,0.5133048295974731,0.22262617945671082,-0.21276500821113586,0.514858603477478,0.22226516902446747,-0.2130473405122757,0.5164600014686584,0.2220861315727234,-0.21305465698242188,0.5083410143852234,0.2224215865135193,-0.21839049458503723,0.5065138339996338,0.22194084525108337,-0.21869289875030518,0.5047826170921326,0.22139351069927216,-0.21885696053504944,0.5198497176170349,0.2261304259300232,-0.0850115418434143,0.5026737451553345,0.22357535362243652,-0.10951939970254898,0.5131163001060486,0.24482960999011993,-0.18292048573493958,0.5075864791870117,0.24478361010551453,-0.19239899516105652,0.5449026226997375,0.30328452587127686,0.004203347489237785,0.47651737928390503,0.30891725420951843,-0.04657691717147827,0.55027836561203,0.3941943943500519,0.015523788519203663,0.46132999658584595,0.39179787039756775,-0.05785282701253891,0.5878027081489563,0.43197163939476013,-0.1720646768808365,0.427166610956192,0.44889289140701294,-0.22027960419654846,0.598636269569397,0.43921762704849243,-0.20726585388183594,0.4132748246192932,0.46321889758110046,-0.2659193277359009,0.6007286310195923,0.4363974928855896,-0.246928408741951,0.40997952222824097,0.4606632888317108,-0.3014262020587921,0.5957746505737305,0.4335799813270569,-0.19261543452739716,0.41584864258766174,0.45623448491096497,-0.24027720093727112,0.5281364321708679,0.4837402403354645,0.0347878560423851,0.4949210286140442,0.4851229786872864,-0.034961383789777756,0.5339154601097107,0.6190225481987,0.10279399156570435,0.4987892210483551,0.6349974870681763,-0.12350903451442719,0.5229082107543945,0.7051724195480347,0.3989660143852234,0.4918995499610901,0.8214032053947449,-0.08996722102165222,0.5176287889480591,0.7131206393241882,0.42224469780921936,0.492421954870224,0.8463083505630493,-0.09307978302240372,0.5263880491256714,0.7508023977279663,0.33413490653038025,0.4943936765193939,0.8714384436607361,-0.25826284289360046
frame_00255.jpg,0.5112978219985962,0.2530806362628937,-0.18779096007347107,0.513762891292572,0.24115021526813507,-0.16480407118797302,0.5151452422142029,0.24105988442897797,-0.16508005559444427,0.5165567398071289,0.24107766151428223,-0.1650630384683609,0.5096792578697205,0.24119096994400024,-0.17512795329093933,0.5083237886428833,0.24105331301689148,-0.1754268854856491,0.507064163684845,0.24087992310523987,-0.1755608171224594,0.5200185179710388,0.2474168986082077,-0.03748833015561104,0.5045549869537354,0.24576690793037415,-0.08582153916358948,0.5131838917732239,0.2636813819408417,-0.13721045851707458,0.5083850622177124,0.26342159509658813,-0.1529657393693924,0.5437482595443726,0.3149491250514984,0.053589336574077606,0.4767375588417053,0.3190675973892212,-0.044437162578105927,0.5470955967903137,0.40436238050460815,0.04570169374346733,0.46150192618370056,0.4005487263202667,-0.06878386437892914,0.5849270820617676,0.4306006133556366,-0.16393132507801056,0.42779380083084106,0.44680550694465637,-0.23785445094108582,0.5969559550285339,0.434162437915802,-0.20126357674598694,0.41422098875045776,0.45805299282073975,-0.2861868441104889,0.5982094407081604,0.43055760860443115,-0.2400108128786087,0.4107399880886078,0.45595550537109375,-0.31653836369514465,0.592714250087738,0.4296320080757141,-0.18491579592227936,0.41679030656814575,0.45215335488319397,-0.25595518946647644,0.5283774137496948,0.4980166256427765,0.041677325963974,0.4950612485408783,0.500981867313385,-0.041818924248218536,0.5342215895652771,0.6329256892204285,0.10665582120418549,0.4963356554508209,0.6555508971214294,-0.1476995050907135,0.5205806493759155,0.7197149991989136,0.3902607560157776,0.4921974241733551,0.8297933340072632,-0.12091509997844696,0.513839602470398,0.7268756628036499,0.4126877784729004,0.4927700161933899,0.8538271188735962,-0.12427864968776703,0.5259149670600891,0.7633401155471802,0.33334410190582275,0.4951854348182678,0.8784469366073608,-0.28061649203300476
frame_00256.jpg,0.5119898319244385,0.2739165425300598,-0.1929623931646347,0.5152823328971863,0.26172778010368347,-0.16911962628364563,0.5172367095947266,0.26206693053245544,-0.16939333081245422,0.5191482901573181,0.26237818598747253,-0.1693759560585022,0.509886622428894,0.26093313097953796,-0.1780112087726593,0.5083343982696533,0.26085275411605835,-0.17832309007644653,0.5069729089736938,0.2609112858772278,-0.1784643828868866,0.5220035314559937,0.26820310950279236,-0.039847493171691895,0.5040585994720459,0.2667185068130493,-0.08327450603246689,0.513788640499115,0.2854077219963074,-0.14218473434448242,0.5083826780319214,0.28536510467529297,-0.15635080635547638,0.5432953238487244,0.3471907079219818,0.05226559564471245,0.4767318665981293,0.33585870265960693,-0.04361899942159653,0.5471836924552917,0.4237349331378937,0.07431651651859283,0.4610728323459625,0.41226187348365784,-0.07722661644220352,0.5808476805686951,0.43234050273895264,-0.08523060381412506,0.43277305364608765,0.4465755820274353,-0.25656038522720337,0.5929869413375854,0.43623998761177063,-0.11452613770961761,0.4218294024467468,0.4539068043231964,-0.30623918771743774,0.5934669971466064,0.4315008521080017,-0.15074889361858368,0.415985643863678,0.45164725184440613,-0.3312276005744934,0.5888208150863647,0.4310799837112427,-0.10330688953399658,0.4232150912284851,0.4495913088321686,-0.2728204131126404,0.5281444191932678,0.5187087655067444,0.04185282811522484,0.49479907751083374,0.5195918083190918,-0.042001985013484955,0.5297098755836487,0.6495842337608337,0.10776833444833755,0.49669450521469116,0.6863906383514404,-0.13928791880607605,0.5208279490470886,0.7289578318595886,0.39655134081840515,0.49559885263442993,0.8565183877944946,-0.10537613928318024,0.5144463777542114,0.7364448308944702,0.41986513137817383,0.49278154969215393,0.8772602677345276,-0.10800983756780624,0.5257902145385742,0.7706139087677002,0.3423895239830017,0.4956764280796051,0.9015234112739563,-0.26531970500946045
frame_00257.jpg,0.5089315176010132,0.2923918664455414,-0.1999412477016449,0.5139676928520203,0.2809203267097473,-0.176398366689682,0.5163522362709045,0.28100767731666565,-0.17668326199054718,0.5186541080474854,0.28125154972076416,-0.17669472098350525,0.5073840022087097,0.28087806701660156,-0.18404561281204224,0.5052976608276367,0.28088921308517456,-0.18435890972614288,0.5032501816749573,0.2808877229690552,-0.1844988763332367,0.5220414400100708,0.28648287057876587,-0.04450828582048416,0.5008460283279419,0.28540506958961487,-0.06742498278617859,0.5116294622421265,0.30342596769332886,-0.14850807189941406,0.5043277740478516,0.30326518416404724,-0.16105422377586365,0.5427663326263428,0.3660697937011719,0.04470694810152054,0.47541409730911255,0.3614541292190552,0.017380241304636,0.5475993156433105,0.43480488657951355,0.044927068054676056,0.45837822556495667,0.4303368926048279,0.10076489299535751,0.5707931518554688,0.43375593423843384,-0.11684639751911163,0.4332377016544342,0.4506974220275879,0.05103421211242676,0.5819246768951416,0.4380051791667938,-0.15013253688812256,0.423494428396225,0.4553794264793396,0.026373624801635742,0.5815773606300354,0.43409040570259094,-0.19052420556545258,0.417059987783432,0.4530506432056427,-0.0032477998174726963,0.5775707364082336,0.43287497758865356,-0.139000803232193,0.424602210521698,0.45046859979629517,0.03646136820316315,0.5277034640312195,0.5300412178039551,0.023193154484033585,0.49320968985557556,0.5310367941856384,-0.02331792563199997,0.5296872854232788,0.6713585257530212,0.05915503948926926,0.4969101548194885,0.6896596550941467,-0.0869460478425026,0.5227661728858948,0.7551040649414062,0.33825674653053284,0.4965839385986328,0.8428869247436523,0.004950421396642923,0.5166407823562622,0.7634228467941284,0.3619573712348938,0.49356216192245483,0.863134503364563,0.008756627328693867,0.5273750424385071,0.796924889087677,0.27758049964904785,0.5035221576690674,0.8926442861557007,-0.13383038341999054
frame_00258.jpg,0.5090838670730591,0.29673001170158386,-0.20180948078632355,0.5139894485473633,0.2841798961162567,-0.17769581079483032,0.51651531457901,0.2845832407474518,-0.17800107598304749,0.5189777612686157,0.285176157951355,-0.1780654489994049,0.5075291395187378,0.28349077701568604,-0.18486741185188293,0.5053765177726746,0.2834095060825348,-0.1851661652326584,0.503167450428009,0.28341731429100037,-0.18529930710792542,0.5226178169250488,0.29116618633270264,-0.049706973135471344,0.49983423948287964,0.28831514716148376,-0.07349223643541336,0.5118340253829956,0.3081449568271637,-0.15138360857963562,0.5041153430938721,0.30787086486816406,-0.16292127966880798,0.542896568775177,0.36230871081352234,0.04286026582121849,0.4744252562522888,0.35986173152923584,-0.0014920083340257406,0.5469917058944702,0.4404110908508301,0.048743266612291336,0.45844346284866333,0.4316137731075287,0.014884764328598976,0.5738193988800049,0.43843066692352295,-0.12436206638813019,0.4345000386238098,0.4525105655193329,-0.11421805620193481,0.5845725536346436,0.4388238787651062,-0.15850065648555756,0.42429351806640625,0.4560336172580719,-0.15423083305358887,0.5848913788795471,0.4355470538139343,-0.19430848956108093,0.41867595911026,0.45370757579803467,-0.1830485761165619,0.5805169343948364,0.43313515186309814,-0.14322377741336823,0.42601925134658813,0.451130747795105,-0.13059812784194946,0.5277515053749084,0.5312221646308899,0.023767372593283653,0.49278903007507324,0.5346119999885559,-0.023915331810712814,0.5320398807525635,0.6610171794891357,0.059710435569286346,0.49774011969566345,0.6897547841072083,-0.08458154648542404,0.5218015909194946,0.7310941219329834,0.34750574827194214,0.49762558937072754,0.8369153738021851,-0.00023218593560159206,0.5168746709823608,0.7356289029121399,0.371329128742218,0.4946174621582031,0.8574477434158325,0.002727705519646406,0.5262560248374939,0.7919721007347107,0.29019421339035034,0.5078262686729431,0.8866880536079407,-0.13971759378910065
frame_00259.jpg,0.5091326832771301,0.2875869870185852,-0.2002631425857544,0.5140076875686646,0.2759719491004944,-0.17687489092350006,0.5165919065475464,0.2761361002922058,-0.17713770270347595,0.5191202759742737,0.27637577056884766,-0.17713186144828796,0.507604718208313,0.27554434537887573,-0.17900756001472473,0.5054376125335693,0.27535831928253174,-0.17929957807064056,0.503219485282898,0.2751427888870239,-0.17940780520439148,0.5231456756591797,0.28204503655433655,-0.04663154482841492,0.499991238117218,0.2799665629863739,-0.05173128843307495,0.5120238065719604,0.29958683252334595,-0.14897601306438446,0.5044175982475281,0.29910868406295776,-0.15355446934700012,0.5447629690170288,0.353361040353775,0.04236678406596184,0.47457438707351685,0.352292001247406,0.020771333947777748,0.5457243919372559,0.4373842179775238,0.0014298699097707868,0.4614454209804535,0.42827895283699036,-0.004020870663225651,0.5740322470664978,0.44520649313926697,-0.21660761535167694,0.43448883295059204,0.45533791184425354,-0.20139041543006897,0.5851922631263733,0.44442805647850037,-0.2628863751888275,0.42420515418052673,0.4564448893070221,-0.2522851526737213,0.586464524269104,0.4394978880882263,-0.29520922899246216,0.4187644124031067,0.4543269872665405,-0.28328803181648254,0.5818622708320618,0.43976107239723206,-0.2348845899105072,0.42591261863708496,0.45169514417648315,-0.2211480587720871,0.5301042199134827,0.5245082378387451,0.01798051968216896,0.49283432960510254,0.5272428393363953,-0.01814206689596176,0.53261798620224,0.636053204536438,-0.04157518595457077,0.4989776611328125,0.6842271685600281,-0.08907843381166458,0.5233638286590576,0.7010703682899475,0.2736346423625946,0.49799180030822754,0.8348726034164429,0.013238409534096718,0.5192838907241821,0.7111676931381226,0.30005112290382385,0.4949032664299011,0.8551521301269531,0.017545834183692932,0.52556312084198,0.7570197582244873,0.20681674778461456,0.498687744140625,0.8857610821723938,-0.13716764748096466
frame_00260.jpg,0.5106517672538757,0.28394097089767456,-0.18191038072109222,0.5146669149398804,0.2740294635295868,-0.16012413799762726,0.5171653032302856,0.2736172080039978,-0.16037984192371368,0.5195848941802979,0.27332010865211487,-0.16034182906150818,0.5084604620933533,0.27524110674858093,-0.1600928008556366,0.5064703226089478,0.2748611271381378,-0.16036847233772278,0.5044608116149902,0.27436667680740356,-0.1604706346988678,0.5231966376304626,0.27549514174461365,-0.040657512843608856,0.5016762614250183,0.27726003527641296,-0.03969890624284744,0.514259934425354,0.2950039803981781,-0.13545408844947815,0.5066586136817932,0.2971806228160858,-0.13721290230751038,0.5457234978675842,0.3457551598548889,0.022898856550455093,0.4769437909126282,0.34331172704696655,0.02837430313229561,0.5458307266235352,0.42933228611946106,-0.0394027903676033,0.4636352062225342,0.4217521846294403,-0.0020168363116681576,0.5743950605392456,0.44582033157348633,-0.2598991096019745,0.4344978928565979,0.455535352230072,-0.19775798916816711,0.5846240520477295,0.44753900170326233,-0.30699455738067627,0.42405351996421814,0.45840635895729065,-0.2461564838886261,0.5869519710540771,0.44233638048171997,-0.33601585030555725,0.4189811646938324,0.45561206340789795,-0.27380767464637756,0.5822561979293823,0.4421434700489044,-0.2766484320163727,0.4258759021759033,0.4529636800289154,-0.21459069848060608,0.5306031107902527,0.5096757411956787,0.00823745597153902,0.49405771493911743,0.514483630657196,-0.008425668813288212,0.5332275629043579,0.624963104724884,-0.046858709305524826,0.5010799765586853,0.6439343094825745,-0.09271644055843353,0.5245255827903748,0.7023201584815979,0.1955447494983673,0.495112806558609,0.7828160524368286,0.01787419244647026,0.5219951868057251,0.7117401957511902,0.21349719166755676,0.49490728974342346,0.8038552403450012,0.02352660708129406,0.5253223776817322,0.7528330683708191,0.11019153892993927,0.49006885290145874,0.8238705396652222,-0.11265313625335693
frame_00261.jpg,0.5115966796875,0.2592511475086212,-0.21564793586730957,0.5156211256980896,0.24535717070102692,-0.19065514206886292,0.5185045599937439,0.24491970241069794,-0.19091811776161194,0.5211252570152283,0.24478475749492645,-0.19088028371334076,0.5089145302772522,0.24682727456092834,-0.19602862000465393,0.5068061351776123,0.24712902307510376,-0.1963481307029724,0.5047470331192017,0.24732404947280884,-0.1965271234512329,0.5239641070365906,0.25055721402168274,-0.05955039709806442,0.5017049908638,0.25262343883514404,-0.08306372165679932,0.5159462094306946,0.2713333070278168,-0.1652401238679886,0.5076655149459839,0.2718895971775055,-0.1739848256111145,0.5477569699287415,0.3227778673171997,0.023739641532301903,0.47875580191612244,0.3248978555202484,-0.024345142766833305,0.5475582480430603,0.4094151556491852,0.05438266322016716,0.4646642804145813,0.4086081385612488,-0.03029748424887657,0.5751438736915588,0.4462480843067169,-0.07323108613491058,0.43449053168296814,0.4549649953842163,-0.17974428832530975,0.5852624773979187,0.45165249705314636,-0.09716801345348358,0.42399826645851135,0.4621223211288452,-0.2182513177394867,0.5870795249938965,0.44884923100471497,-0.13456840813159943,0.41898083686828613,0.45937439799308777,-0.24925842881202698,0.5824398994445801,0.44675642251968384,-0.09039968252182007,0.42578524351119995,0.45511966943740845,-0.1962326467037201,0.5316335558891296,0.4861689805984497,0.018094871193170547,0.4956509470939636,0.48912087082862854,-0.01839108020067215,0.5344051718711853,0.6182279586791992,-0.013492569327354431,0.5011454820632935,0.6155728101730347,-0.10211770236492157,0.5274388790130615,0.7226783037185669,0.18484698235988617,0.4951332211494446,0.7611216902732849,0.016809631139039993,0.5237787365913391,0.7196258306503296,0.19429361820220947,0.4954444468021393,0.7806961536407471,0.017865121364593506,0.5250270366668701,0.7549436688423157,0.0840301662683487,0.4930395483970642,0.8071996569633484,-0.13894954323768616
frame_00262.jpg,0.515466570854187,0.2292821705341339,-0.18971529603004456,0.5183843970298767,0.2177516520023346,-0.16353996098041534,0.520825982093811,0.217365100979805,-0.16377900540828705,0.5231386423110962,0.21711604297161102,-0.16374985873699188,0.5122665166854858,0.21929962933063507,-0.17558175325393677,0.5102063417434692,0.21997179090976715,-0.17590385675430298,0.508090615272522,0.22055377066135406,-0.17607857286930084,0.5248684287071228,0.2241201549768448,-0.03234989196062088,0.5046161413192749,0.22811561822891235,-0.08131818473339081,0.5196002721786499,0.24208055436611176,-0.1392863690853119,0.5122824311256409,0.2431384176015854,-0.15691986680030823,0.54854816198349,0.3046274483203888,0.07046432793140411,0.4819764494895935,0.3028711974620819,-0.04684380069375038,0.5503369569778442,0.39575278759002686,0.12402109801769257,0.4661385416984558,0.39651572704315186,-0.07698126137256622,0.5805472135543823,0.4460819661617279,-0.005053798668086529,0.4345216155052185,0.4521773159503937,-0.21764378249645233,0.5904070138931274,0.4560187757015228,-0.025623593479394913,0.42393213510513306,0.4651840329170227,-0.2614743113517761,0.5936938524246216,0.4545087218284607,-0.06885950267314911,0.419628769159317,0.4634428024291992,-0.28966888785362244,0.5887499451637268,0.4498547613620758,-0.02508051134645939,0.4258762001991272,0.45686960220336914,-0.2332606017589569,0.5322722792625427,0.48160621523857117,0.038419418036937714,0.4967699944972992,0.482120156288147,-0.03867523744702339,0.5343753099441528,0.6213928461074829,0.01914745196700096,0.5000967383384705,0.62718266248703,-0.1176217794418335,0.5261240601539612,0.744359016418457,0.18461978435516357,0.49309006333351135,0.7792762517929077,-0.0428420715034008,0.5217911005020142,0.7560908794403076,0.19194242358207703,0.4938586354255676,0.7996195554733276,-0.04252880439162254,0.5221160054206848,0.7763704061508179,0.07544431835412979,0.4935987889766693,0.8266682028770447,-0.18818476796150208
frame_00263.jpg,0.5164995789527893,0.21976689994335175,-0.23320269584655762,0.5189399123191833,0.20822478830814362,-0.2089621126651764,0.5211608409881592,0.20803764462471008,-0.20923864841461182,0.5233446955680847,0.2078968584537506,-0.2092132568359375,0.5137401223182678,0.20910200476646423,-0.21739831566810608,0.5120688080787659,0.20960135757923126,-0.21771135926246643,0.510246217250824,0.21001817286014557,-0.21789686381816864,0.5253624320030212,0.21461205184459686,-0.08240965753793716,0.5069922208786011,0.21767769753932953,-0.11899890005588531,0.5201131105422974,0.23295776546001434,-0.18453224003314972,0.5140855312347412,0.23370812833309174,-0.19722065329551697,0.5520396828651428,0.29574745893478394,0.015493936836719513,0.48257046937942505,0.2946774363517761,-0.07147624343633652,0.5546733140945435,0.3894810974597931,0.07536739856004715,0.4672850966453552,0.3870740830898285,-0.08798012882471085,0.5870701670646667,0.4460267126560211,-0.05306226760149002,0.4347974359989166,0.44825899600982666,-0.2238193303346634,0.5966386198997498,0.45800673961639404,-0.07490455359220505,0.424111932516098,0.46608561277389526,-0.265103280544281,0.6006370186805725,0.4569920599460602,-0.11726172268390656,0.42043575644493103,0.46481233835220337,-0.29702818393707275,0.5960975885391235,0.4513190984725952,-0.07223908603191376,0.4261128306388855,0.4572773873806,-0.2411571443080902,0.5326992273330688,0.4732398986816406,0.03560004383325577,0.49758806824684143,0.4731507897377014,-0.03582720831036568,0.5345249772071838,0.6124743223190308,0.026408454403281212,0.5000686049461365,0.6050270199775696,-0.09207762032747269,0.5275896787643433,0.7383747100830078,0.1791040301322937,0.4934007525444031,0.749426543712616,0.015856701880693436,0.5254045724868774,0.7395480871200562,0.18592815101146698,0.49471545219421387,0.7679905295372009,0.020822415128350258,0.522528350353241,0.7689319849014282,0.06414199620485306,0.4955666959285736,0.7987794876098633,-0.11305423825979233
frame_00264.jpg,0.5165466666221619,0.21210148930549622,-0.23493671417236328,0.5192412734031677,0.20137158036231995,-0.21192841231822968,0.5214958786964417,0.201410710811615,-0.21220478415489197,0.5237626433372498,0.2014942318201065,-0.212189719080925,0.5140067934989929,0.201647087931633,-0.21537259221076965,0.5123695731163025,0.20192080736160278,-0.2156798094511032,0.5105667114257812,0.20202799141407013,-0.21586179733276367,0.5263689756393433,0.20879213511943817,-0.09095271676778793,0.5075550079345703,0.20994789898395538,-0.10611690580844879,0.5201144218444824,0.2255900800228119,-0.18854323029518127,0.5142459869384766,0.22571046650409698,-0.194514662027359,0.5537946820259094,0.29129645228385925,-0.014498308300971985,0.4822978973388672,0.2917628586292267,-0.05053219199180603,0.5592118501663208,0.3837370276451111,0.01878153160214424,0.4686111509799957,0.383172869682312,-0.08516372740268707,0.5925278067588806,0.44506996870040894,-0.07956724613904953,0.4348437786102295,0.4466439187526703,-0.2112174779176712,0.6027337312698364,0.45896071195602417,-0.11429695039987564,0.4245232939720154,0.4661545157432556,-0.24630539119243622,0.6060903072357178,0.45788535475730896,-0.15140923857688904,0.4211093485355377,0.46479377150535583,-0.29005083441734314,0.6016013026237488,0.45168858766555786,-0.09927582740783691,0.42628392577171326,0.4572696089744568,-0.23442676663398743,0.5337778329849243,0.46807458996772766,0.01662679761648178,0.49806419014930725,0.467190146446228,-0.016884075477719307,0.5351599454879761,0.6134145259857178,-0.0028020928148180246,0.5004438757896423,0.5979607105255127,-0.04499302804470062,0.5308467745780945,0.7365192174911499,0.11847823858261108,0.503268301486969,0.7283151745796204,0.08469203859567642,0.527511715888977,0.7410028576850891,0.12251907587051392,0.504235565662384,0.7453407645225525,0.09146396815776825,0.5242968797683716,0.7743057608604431,-0.0132919792085886,0.5030781626701355,0.7770024538040161,-0.04042670875787735
frame_00265.jpg,0.5165662169456482,0.21280868351459503,-0.2016303837299347,0.5192580223083496,0.20248837769031525,-0.17866653203964233,0.5214558839797974,0.2026279866695404,-0.17893975973129272,0.5236881971359253,0.20268100500106812,-0.17895129323005676,0.5142250061035156,0.20206041634082794,-0.18193987011909485,0.5127347707748413,0.20209471881389618,-0.18225614726543427,0.5110905766487122,0.20194624364376068,-0.18245431780815125,0.5264600515365601,0.2095654159784317,-0.06134398654103279,0.5088611841201782,0.2103615254163742,-0.07430029660463333,0.5199882984161377,0.2260170429944992,-0.15653929114341736,0.5146297216415405,0.22657079994678497,-0.16204580664634705,0.5545523762702942,0.2930653691291809,0.012838006019592285,0.48269185423851013,0.2932167947292328,-0.030309930443763733,0.5600842237472534,0.3838994801044464,0.04494711011648178,0.47056514024734497,0.384806752204895,-0.07270605862140656,0.5955482125282288,0.441718190908432,-0.08562582731246948,0.4353399872779846,0.44564753770828247,-0.21758203208446503,0.605802059173584,0.4573345184326172,-0.11490966379642487,0.42486611008644104,0.46627509593963623,-0.2613477408885956,0.6089580059051514,0.4567764401435852,-0.155644953250885,0.4215254783630371,0.464690625667572,-0.29658254981040955,0.6045085191726685,0.44982704520225525,-0.10535745322704315,0.4266299605369568,0.45714375376701355,-0.2374275177717209,0.5341852307319641,0.474274218082428,0.017402781173586845,0.49945229291915894,0.4730399250984192,-0.017661575227975845,0.535290002822876,0.6234595775604248,-0.026741940528154373,0.5023055076599121,0.6117369532585144,-0.059057921171188354,0.5303972363471985,0.7684560418128967,0.0837576612830162,0.5023366808891296,0.7478255033493042,0.08592189848423004,0.5269812345504761,0.785934567451477,0.08681780844926834,0.5032482147216797,0.7658403515815735,0.09466394782066345,0.5263945460319519,0.7960311770439148,-0.05124552175402641,0.5078719854354858,0.7854230999946594,-0.03281484916806221
frame_00266.jpg,0.5178666114807129,0.21744632720947266,-0.203545480966568,0.5213794112205505,0.20710228383541107,-0.180098295211792,0.5239839553833008,0.20756535232067108,-0.18037104606628418,0.5266966223716736,0.2079431265592575,-0.1803743839263916,0.5152913928031921,0.2059967815876007,-0.18274925649166107,0.5136145353317261,0.20595122873783112,-0.18305623531341553,0.5117847323417664,0.20584887266159058,-0.18324896693229675,0.5295869708061218,0.21422424912452698,-0.05846982076764107,0.508704423904419,0.21400317549705505,-0.06397127360105515,0.521896243095398,0.23112818598747253,-0.15693269670009613,0.5155389308929443,0.2309754639863968,-0.16134054958820343,0.5566158890724182,0.29637107253074646,0.0147484689950943,0.48279184103012085,0.296100914478302,-0.005215043667703867,0.5614864826202393,0.38633981347084045,0.0031143107917159796,0.4717794358730316,0.38542550802230835,-0.05062774941325188,0.5971918106079102,0.4330385625362396,-0.17831221222877502,0.4356273114681244,0.44165852665901184,-0.2301185578107834,0.6077724695205688,0.4474058151245117,-0.21777403354644775,0.42492324113845825,0.4601334035396576,-0.27860382199287415,0.6108205914497375,0.4456155598163605,-0.2544596791267395,0.421478271484375,0.4571997821331024,-0.3126967251300812,0.6062160134315491,0.4395653307437897,-0.19764862954616547,0.42666617035865784,0.4502559006214142,-0.25023478269577026,0.5356016159057617,0.4763479232788086,0.006621218286454678,0.5010198950767517,0.4745859205722809,-0.00685640424489975,0.5353417992591858,0.6281474232673645,-0.05320707708597183,0.5030175447463989,0.611808717250824,-0.02593454159796238,0.531218409538269,0.7724894881248474,0.05877547711133957,0.5019052624702454,0.7297998666763306,0.16872738301753998,0.5274402499198914,0.7919540405273438,0.06204845383763313,0.5063647031784058,0.7422658205032349,0.18269753456115723,0.5288394093513489,0.7974029183387756,-0.08157115429639816,0.5039001703262329,0.7719910740852356,0.06566991657018661
frame_00267.jpg,0.5197586417198181,0.22234109044075012,-0.20239131152629852,0.5237871408462524,0.21155844628810883,-0.17889825999736786,0.5267649292945862,0.21192501485347748,-0.17917615175247192,0.5295507311820984,0.21220016479492188,-0.17917032539844513,0.5169610381126404,0.21096688508987427,-0.18005554378032684,0.5149982571601868,0.21107490360736847,-0.18037116527557373,0.5129207968711853,0.21107535064220428,-0.18056447803974152,0.5323318839073181,0.21895618736743927,-0.05584696680307388,0.5094736814498901,0.21892733871936798,-0.056812137365341187,0.5241960287094116,0.2361064851284027,-0.1550198644399643,0.5167542099952698,0.23584382236003876,-0.15754596889019012,0.557685136795044,0.2993815541267395,0.015359356999397278,0.48432016372680664,0.2967308759689331,0.009156351909041405,0.560937762260437,0.3892885744571686,-0.0017967723542824388,0.473226398229599,0.38689377903938293,-0.02663368545472622,0.5960928201675415,0.4264329671859741,-0.18120408058166504,0.4363955557346344,0.4384089708328247,-0.2212682068347931,0.6073732972145081,0.4359063506126404,-0.22062547504901886,0.4249994158744812,0.4511831998825073,-0.26849836111068726,0.6101527810096741,0.43394091725349426,-0.25517311692237854,0.4215732216835022,0.4479958117008209,-0.3016028106212616,0.6055320501327515,0.43035849928855896,-0.19969339668750763,0.42700129747390747,0.44272086024284363,-0.240807443857193,0.5363275408744812,0.47815757989883423,-0.0003068505902774632,0.5016533732414246,0.4765940308570862,9.012464579427615e-05,0.5353420972824097,0.6317870020866394,-0.068553626537323,0.5029637217521667,0.6123098134994507,-0.011167225427925587,0.531089186668396,0.7737032771110535,0.04788505285978317,0.5017279982566833,0.7137272357940674,0.21810445189476013,0.5274366140365601,0.7932156920433044,0.052051447331905365,0.5091463923454285,0.7153905630111694,0.23634223639965057,0.5293000340461731,0.8077773451805115,-0.0893782451748848,0.5081704258918762,0.7495561838150024,0.13072499632835388
frame_00268.jpg,0.5197362303733826,0.24295073747634888,-0.15536294877529144,0.5237727761268616,0.2309177815914154,-0.1328423023223877,0.5266492366790771,0.23061731457710266,-0.13317997753620148,0.5293652415275574,0.23051957786083221,-0.13316932320594788,0.5169471502304077,0.2313707321882248,-0.13015547394752502,0.5149712562561035,0.23153816163539886,-0.13050703704357147,0.512846052646637,0.2316163033246994,-0.13064125180244446,0.5325693488121033,0.23540626466274261,-0.011730397120118141,0.5092819929122925,0.2368532121181488,0.0012421701103448868,0.5240911245346069,0.2555259168148041,-0.108395516872406,0.5167490243911743,0.25597885251045227,-0.10652712732553482,0.5581674575805664,0.3092707097530365,0.04686635360121727,0.48510876297950745,0.3142324388027191,0.07337247580289841,0.5613307952880859,0.4001893103122711,0.005143884569406509,0.4739913046360016,0.3983423113822937,0.03105693683028221,0.5961277484893799,0.4259360134601593,-0.194600448012352,0.4409831166267395,0.43739190697669983,-0.19060136377811432,0.6080866456031799,0.43184298276901245,-0.24157211184501648,0.4263837933540344,0.4434928596019745,-0.24126608669757843,0.6102703213691711,0.4289882481098175,-0.27036720514297485,0.42303285002708435,0.43818357586860657,-0.2732543349266052,0.6055393218994141,0.42698878049850464,-0.21205809712409973,0.42983800172805786,0.43639224767684937,-0.21124586462974548,0.537373423576355,0.49217620491981506,-0.013482362031936646,0.5018129944801331,0.4899309277534485,0.013249349780380726,0.5354494452476501,0.6538144946098328,-0.11097695678472519,0.502964973449707,0.6161184310913086,-0.0009339789976365864,0.5304244756698608,0.8094650506973267,-0.04097314924001694,0.5014215707778931,0.7114461064338684,0.30636677145957947,0.5272372961044312,0.8419128656387329,-0.04211843013763428,0.5078636407852173,0.7192713022232056,0.33332428336143494,0.529471218585968,0.8416240811347961,-0.2004890739917755,0.5091241002082825,0.7423551678657532,0.24503405392169952
frame_00269.jpg,0.520750105381012,0.2677164375782013,-0.12106802314519882,0.525005042552948,0.2550954520702362,-0.10209604352712631,0.5277336239814758,0.2549813985824585,-0.1024198904633522,0.530417263507843,0.2550552487373352,-0.10240216553211212,0.518091082572937,0.2548564076423645,-0.09779632091522217,0.5161038637161255,0.2547476291656494,-0.09810777008533478,0.5139474272727966,0.2547588646411896,-0.09822607040405273,0.5342791676521301,0.25953009724617004,0.004213807173073292,0.509961724281311,0.25950291752815247,0.024638665840029716,0.5251369476318359,0.2789742350578308,-0.07927235215902328,0.5174933671951294,0.27905428409576416,-0.075147844851017,0.5589258074760437,0.3286905884742737,0.04097197577357292,0.48597198724746704,0.3288286626338959,0.09740094840526581,0.5625717639923096,0.41312772035598755,-0.04280715435743332,0.47468647360801697,0.4059494435787201,0.04394257813692093,0.5961679816246033,0.42686063051223755,-0.26961883902549744,0.44470733404159546,0.43460285663604736,-0.18204383552074432,0.607383131980896,0.43001142144203186,-0.32343563437461853,0.4322522282600403,0.436321884393692,-0.23082523047924042,0.6093630790710449,0.4251420795917511,-0.3475419878959656,0.4292825758457184,0.4317167401313782,-0.26244521141052246,0.6048034429550171,0.42449241876602173,-0.28577667474746704,0.4351787567138672,0.4316025376319885,-0.20294733345508575,0.5390331745147705,0.5124433040618896,-0.025548871606588364,0.5029387474060059,0.509869396686554,0.02531987428665161,0.5357991456985474,0.6724659204483032,-0.13731081783771515,0.5038799047470093,0.6301364302635193,0.0011759214103221893,0.530318558216095,0.8373136520385742,-0.07664059847593307,0.5014873743057251,0.7135967016220093,0.34401893615722656,0.5268175005912781,0.857519268989563,-0.07842735946178436,0.5130167007446289,0.7138388156890869,0.37547627091407776,0.5285142660140991,0.8643333911895752,-0.24025902152061462,0.5027661919593811,0.7530832290649414,0.29891857504844666
frame_00270.jpg,0.5209900140762329,0.28209513425827026,-0.10642586648464203,0.5254059433937073,0.2698001265525818,-0.08543617278337479,0.5281044244766235,0.26971933245658875,-0.08572652190923691,0.5307180881500244,0.2698144018650055,-0.085683673620224,0.518406331539154,0.2696591317653656,-0.08211871981620789,0.5163220167160034,0.26966485381126404,-0.08243247121572495,0.5140941143035889,0.2697986960411072,-0.08254672586917877,0.5348489880561829,0.27411049604415894,0.026414159685373306,0.5102524757385254,0.2745188772678375,0.042381368577480316,0.5255911946296692,0.2929480969905853,-0.06268950551748276,0.5175234079360962,0.2929610013961792,-0.05999680235981941,0.5589479804039001,0.3402438163757324,0.07025563716888428,0.4866655468940735,0.3394932448863983,0.10747633129358292,0.5641321539878845,0.42334964871406555,-0.014693747274577618,0.47432565689086914,0.4159315228462219,0.06191449239850044,0.5955600738525391,0.4278876483440399,-0.23635058104991913,0.4445996880531311,0.4346407949924469,-0.1627160906791687,0.6071789264678955,0.4322597086429596,-0.2884295880794525,0.4328610897064209,0.43386346101760864,-0.2128792703151703,0.6084060072898865,0.42663779854774475,-0.3138704299926758,0.43127480149269104,0.4293117821216583,-0.24324432015419006,0.6043419241905212,0.425963431596756,-0.25291797518730164,0.4369482398033142,0.430193156003952,-0.18290993571281433,0.5404454469680786,0.5205551981925964,-0.01682129129767418,0.5038878917694092,0.5189865231513977,0.016609016805887222,0.535879909992218,0.6792194843292236,-0.10332248359918594,0.5051411390304565,0.6400870680809021,-0.02050187811255455,0.5294185280799866,0.8356299996376038,-0.0040383534505963326,0.5023548007011414,0.7224887609481812,0.2828262448310852,0.524825930595398,0.8610477447509766,-0.0015265012625604868,0.5111548900604248,0.7279844284057617,0.3116670846939087,0.5277403593063354,0.876219630241394,-0.15014313161373138,0.5027527213096619,0.7625390291213989,0.22802409529685974
frame_00271.jpg,0.5209320783615112,0.2896086275577545,-0.1344669759273529,0.5254822969436646,0.27717286348342896,-0.11417120695114136,0.5281948447227478,0.27704066038131714,-0.11445330083370209,0.5308122038841248,0.2770518362522125,-0.11441083997488022,0.518455445766449,0.27677077054977417,-0.110776387155056,0.5163357257843018,0.2764773964881897,-0.11109540611505508,0.5140909552574158,0.27625128626823425,-0.11122344434261322,0.5353268384933472,0.28033193945884705,-0.00015136048023123294,0.5104935765266418,0.27966195344924927,0.016087297350168228,0.5255382657051086,0.29945892095565796,-0.08987786620855331,0.5174664855003357,0.2989327311515808,-0.08688552677631378,0.5595162510871887,0.34379661083221436,0.057022642344236374,0.48732495307922363,0.3417390286922455,0.09108569473028183,0.5669000744819641,0.42434513568878174,-0.020066024735569954,0.47415709495544434,0.41834545135498047,0.08089414238929749,0.5955938696861267,0.43207767605781555,-0.23708271980285645,0.4449315071105957,0.4353944659233093,-0.10094497352838516,0.6064942479133606,0.4349032938480377,-0.2854953110218048,0.43379855155944824,0.43513548374176025,-0.14212307333946228,0.6083520650863647,0.42754778265953064,-0.31049537658691406,0.432394415140152,0.4314313530921936,-0.17553646862506866,0.6042284369468689,0.4261697828769684,-0.2527303695678711,0.43783098459243774,0.43202877044677734,-0.12096482515335083,0.5403466820716858,0.5200780630111694,-0.013356787152588367,0.5047053098678589,0.5185732245445251,0.013152563944458961,0.5366679430007935,0.6815343499183655,-0.0920855924487114,0.5044566988945007,0.6419946551322937,-0.04521813988685608,0.5267866849899292,0.8246796131134033,0.002559160813689232,0.5021318197250366,0.726089358329773,0.22064241766929626,0.5234884023666382,0.8517543077468872,0.004356561694294214,0.5093323588371277,0.7316267490386963,0.23821112513542175,0.5277742743492126,0.863044798374176,-0.14172512292861938,0.5027087926864624,0.7680436968803406,0.1314474642276764
frame_00272.jpg,0.5216932892799377,0.28860726952552795,-0.21002033352851868,0.525763988494873,0.2759988605976105,-0.18859492242336273,0.5281845927238464,0.2752434313297272,-0.1888791024684906,0.5306264162063599,0.27492183446884155,-0.18881390988826752,0.5197840929031372,0.27476802468299866,-0.19053176045417786,0.5179628133773804,0.27350637316703796,-0.19086432456970215,0.5160300731658936,0.2725096046924591,-0.1910422146320343,0.5349346995353699,0.2763572633266449,-0.06842940300703049,0.513746976852417,0.2735639214515686,-0.07659773528575897,0.5257464051246643,0.2952696681022644,-0.16291609406471252,0.5188901424407959,0.29393425583839417,-0.16711699962615967,0.5592154264450073,0.341977596282959,0.010159457102417946,0.4885960519313812,0.3393019139766693,-0.005874785594642162,0.5660486221313477,0.41295090317726135,-0.0033382747787982225,0.4800589084625244,0.4071996510028839,-0.0011943664867430925,0.5922845602035522,0.4341280162334442,-0.1451481282711029,0.45277389883995056,0.43479564785957336,-0.14228209853172302,0.6022284030914307,0.44145259261131287,-0.17449738085269928,0.4423530697822571,0.4374363124370575,-0.18399688601493835,0.6048142910003662,0.43830400705337524,-0.2070043534040451,0.440062940120697,0.4341374635696411,-0.21607880294322968,0.6006023287773132,0.4354768395423889,-0.16070252656936646,0.4452366232872009,0.4337908923625946,-0.16146765649318695,0.5385323166847229,0.5171744227409363,0.00023718163720332086,0.5052410960197449,0.5142794847488403,-0.0004452365101315081,0.5366472005844116,0.6724112033843994,-0.04936181381344795,0.49950990080833435,0.6171208620071411,-0.11942896991968155,0.5263683795928955,0.8136748671531677,0.0067301103845238686,0.5001472234725952,0.6895192265510559,0.1180715560913086,0.5222083926200867,0.838374137878418,0.022232400253415108,0.5086605548858643,0.6850215196609497,0.13882587850093842,0.5278895497322083,0.8489746451377869,-0.12442187964916229,0.5008103847503662,0.7289695143699646,0.0470040887594223
frame_00273.jpg,0.5242319703102112,0.25390294194221497,-0.20132136344909668,0.5276392698287964,0.24326059222221375,-0.1778380125761032,0.5296849608421326,0.24321064352989197,-0.1781066507101059,0.5317870378494263,0.2433416247367859,-0.17804202437400818,0.522607147693634,0.24192067980766296,-0.1811372935771942,0.521078884601593,0.24127764999866486,-0.1814711093902588,0.5194056630134583,0.24075904488563538,-0.1816471964120865,0.5353826284408569,0.24703927338123322,-0.053802795708179474,0.5169662237167358,0.24556486308574677,-0.06737091392278671,0.5275412201881409,0.26445403695106506,-0.15291476249694824,0.5216513872146606,0.2642200291156769,-0.1590227484703064,0.5623165369033813,0.3215283155441284,0.022824706509709358,0.49014919996261597,0.32428035140037537,-0.009462228044867516,0.567551851272583,0.4092795252799988,0.04953593760728836,0.48074325919151306,0.4022781252861023,-0.029338324442505836,0.5927063226699829,0.4428010880947113,-0.09658639132976532,0.4522879123687744,0.4348791241645813,-0.1836378127336502,0.6024796366691589,0.4542017877101898,-0.12426003068685532,0.4407537877559662,0.4419195055961609,-0.22543713450431824,0.6051338911056519,0.45320332050323486,-0.16142958402633667,0.43791770935058594,0.44041797518730164,-0.25562426447868347,0.6010574102401733,0.44954556226730347,-0.11404074728488922,0.4436882436275482,0.4371614456176758,-0.20070967078208923,0.5385611653327942,0.5035642981529236,0.01417879480868578,0.5052045583724976,0.49867361783981323,-0.014424067921936512,0.5366784930229187,0.6654881238937378,-0.04650886356830597,0.5020636320114136,0.6040034890174866,-0.14870306849479675,0.5263230204582214,0.8070327639579773,0.03211650997400284,0.5018392205238342,0.69743412733078,0.05208222195506096,0.5220335125923157,0.8290742039680481,0.03627487272024155,0.5082725286483765,0.7075995802879333,0.06793280690908432,0.527471661567688,0.8430699706077576,-0.11490156501531601,0.5013779401779175,0.746864914894104,-0.048703692853450775
frame_00274.jpg,0.5256007313728333,0.23759578168392181,-0.23757271468639374,0.5284277200698853,0.22664952278137207,-0.21477584540843964,0.5301423072814941,0.22699037194252014,-0.21505165100097656,0.5319200754165649,0.22739455103874207,-0.2149972915649414,0.524403989315033,0.22558380663394928,-0.21959802508354187,0.5232342481613159,0.22546295821666718,-0.21994414925575256,0.5218847990036011,0.2254699319601059,-0.22013750672340393,0.5352413654327393,0.2325931191444397,-0.0867362916469574,0.5205793976783752,0.23240308463573456,-0.1083875447511673,0.5283039212226868,0.2497864067554474,-0.18739640712738037,0.5237647294998169,0.2503814995288849,-0.19550421833992004,0.5620177984237671,0.3086414039134979,0.007224793080240488,0.4931223392486572,0.31151169538497925,-0.041502803564071655,0.5671697854995728,0.3991161584854126,0.04800976812839508,0.4821344017982483,0.3961760699748993,-0.05330295488238335,0.5971988439559937,0.448638916015625,-0.07078622281551361,0.4509262442588806,0.43764975666999817,-0.20263700187206268,0.6051868200302124,0.4629747271537781,-0.09267611056566238,0.4392959177494049,0.45311033725738525,-0.24200114607810974,0.6085432767868042,0.4629174470901489,-0.13368909060955048,0.4364607334136963,0.4520586133003235,-0.27583110332489014,0.6045626401901245,0.45734140276908875,-0.08922658115625381,0.4422212243080139,0.44548484683036804,-0.22098961472511292,0.5366589426994324,0.48808610439300537,0.01656782068312168,0.5068649649620056,0.4835076928138733,-0.016823939979076385,0.5351756811141968,0.6479364037513733,-0.029870670288801193,0.5015444755554199,0.5998350977897644,-0.12484443187713623,0.52656090259552,0.7971338629722595,0.041543588042259216,0.5019384622573853,0.7159011960029602,0.03808769956231117,0.522571325302124,0.8182122111320496,0.043935127556324005,0.5098611116409302,0.7137789130210876,0.04894968494772911,0.5277968645095825,0.8423545360565186,-0.107783243060112,0.5030122995376587,0.7719005942344666,-0.08130907267332077
frame_00275.jpg,0.5260525345802307,0.2369592934846878,-0.2547369599342346,0.5284265279769897,0.22513873875141144,-0.23157206177711487,0.5300518274307251,0.22517460584640503,-0.2318350076675415,0.531764566898346,0.2254052609205246,-0.23176784813404083,0.524799108505249,0.22458715736865997,-0.2355225831270218,0.5237738490104675,0.22427693009376526,-0.23588132858276367,0.5225439071655273,0.2240494191646576,-0.23607543110847473,0.5350857377052307,0.22875438630580902,-0.1029537171125412,0.5211067199707031,0.2282889187335968,-0.12197035551071167,0.5287445783615112,0.24835969507694244,-0.20484037697315216,0.5246416330337524,0.24858616292476654,-0.21215780079364777,0.5622566938400269,0.30328693985939026,-0.008396419696509838,0.4928760528564453,0.3037130534648895,-0.05086203292012215,0.5703281760215759,0.39490142464637756,0.039042878895998,0.4818229079246521,0.3908369243144989,-0.058307189494371414,0.6010071635246277,0.4498847424983978,-0.06717264652252197,0.45000210404396057,0.4377305805683136,-0.21017427742481232,0.6098294854164124,0.46843698620796204,-0.0854133665561676,0.4385322034358978,0.458090215921402,-0.24966374039649963,0.6135791540145874,0.46805325150489807,-0.12659117579460144,0.43570470809936523,0.4573912024497986,-0.28482526540756226,0.609498143196106,0.46172842383384705,-0.08462207764387131,0.44135576486587524,0.4491538107395172,-0.22897538542747498,0.5370591878890991,0.47893479466438293,0.019012022763490677,0.5067728757858276,0.47250741720199585,-0.01925739273428917,0.5351927280426025,0.6406013369560242,-0.036227576434612274,0.5086942911148071,0.5685622096061707,-0.28929388523101807,0.5265616178512573,0.7914129495620728,0.03016960248351097,0.5074216723442078,0.6963380575180054,-0.15533988177776337,0.5225802659988403,0.8131212592124939,0.02796507254242897,0.5096077919006348,0.7099605202674866,-0.14682431519031525,0.5278328657150269,0.8368996381759644,-0.1351899951696396,0.5040491819381714,0.7667056918144226,-0.2907770276069641
frame_00276.jpg,0.5275806188583374,0.2246566116809845,-0.145828515291214,0.5288418531417847,0.21336299180984497,-0.12122489511966705,0.5300908088684082,0.21329115331172943,-0.12146271765232086,0.5316437482833862,0.21323606371879578,-0.12140338122844696,0.5264391303062439,0.21329322457313538,-0.13592472672462463,0.5257907509803772,0.21332760155200958,-0.13624612987041473,0.525004506111145,0.21336038410663605,-0.13640788197517395,0.5344660878181458,0.217590793967247,-0.0030194921419024467,0.5238001942634583,0.2188240885734558,-0.08372393995523453,0.5293456315994263,0.23522129654884338,-0.10003694146871567,0.5264458656311035,0.23593179881572723,-0.12130855023860931,0.5621960759162903,0.29644542932510376,0.09771674871444702,0.4932502806186676,0.2939656674861908,-0.050592970103025436,0.5704871416091919,0.3898158073425293,0.14333590865135193,0.4819977283477783,0.38508176803588867,-0.10004203021526337,0.6029807329177856,0.44978100061416626,0.004671919625252485,0.4495032727718353,0.43764781951904297,-0.24545088410377502,0.6126272082328796,0.4648028612136841,-0.014494642615318298,0.43846559524536133,0.4590766727924347,-0.29098451137542725,0.6168102025985718,0.46351704001426697,-0.06057792901992798,0.43559011816978455,0.4581451714038849,-0.31803444027900696,0.6124317646026611,0.4579771161079407,-0.016891714185476303,0.44097790122032166,0.4496425986289978,-0.2609213888645172,0.5367553234100342,0.47715654969215393,0.05015016347169876,0.5072716474533081,0.4727337956428528,-0.05040739104151726,0.5348749160766602,0.6398004293441772,-0.0009953622939065099,0.5131062269210815,0.5997442007064819,-0.17360076308250427,0.526450514793396,0.7880627512931824,0.06925583630800247,0.5067728161811829,0.7470422983169556,-0.049396611750125885,0.5223712921142578,0.8080986142158508,0.06722182035446167,0.5089601278305054,0.768683671951294,-0.04418309032917023,0.5280196070671082,0.8299972414970398,-0.07130306214094162,0.5131543874740601,0.7922506332397461,-0.1783093512058258
frame_00277.jpg,0.5281062126159668,0.22468160092830658,-0.16671398282051086,0.5302059650421143,0.21320632100105286,-0.14206820726394653,0.5320874452590942,0.2131688892841339,-0.14231421053409576,0.5342530012130737,0.2131689488887787,-0.14225411415100098,0.5260779857635498,0.21279016137123108,-0.15120816230773926,0.5250125527381897,0.21267659962177277,-0.15153740346431732,0.5239752531051636,0.21269698441028595,-0.15170259773731232,0.5368667840957642,0.2158280313014984,-0.01120574027299881,0.5229671597480774,0.2172098457813263,-0.07381339371204376,0.5307531356811523,0.23459836840629578,-0.11720333993434906,0.5259515047073364,0.23549209535121918,-0.1318296641111374,0.5624662637710571,0.2944628894329071,0.09739832580089569,0.4930178225040436,0.2919362783432007,-0.03253166750073433,0.5708532929420471,0.38738006353378296,0.13411131501197815,0.48181572556495667,0.3835750222206116,-0.07354309409856796,0.6049476861953735,0.44443005323410034,-0.01767132058739662,0.4490691125392914,0.43716514110565186,-0.23293916881084442,0.6154070496559143,0.46421489119529724,-0.04152645915746689,0.43751826882362366,0.45857012271881104,-0.27960145473480225,0.6196168661117554,0.46178045868873596,-0.0858425498008728,0.43460649251937866,0.45744436979293823,-0.30834752321243286,0.614829957485199,0.45747891068458557,-0.038825180381536484,0.44021281599998474,0.44929754734039307,-0.2493578940629959,0.5371630787849426,0.4783344268798828,0.04297342151403427,0.507602870464325,0.4747941195964813,-0.04325191304087639,0.5348009467124939,0.6402881741523743,-0.018912896513938904,0.5130995512008667,0.6140418648719788,-0.1544388234615326,0.5264900326728821,0.8017578125,0.03643437474966049,0.5063303709030151,0.7572152018547058,0.005554415751248598,0.5219459533691406,0.8250845074653625,0.032112911343574524,0.5084859728813171,0.7765198349952698,0.014025655575096607,0.528315544128418,0.841437578201294,-0.12127967923879623,0.513741135597229,0.7999983429908752,-0.11947546899318695
frame_00278.jpg,0.527750551700592,0.22886888682842255,-0.14576134085655212,0.5303345918655396,0.21718373894691467,-0.11881373077630997,0.5324050188064575,0.21714197099208832,-0.11903148889541626,0.5346230268478394,0.21712523698806763,-0.11895810067653656,0.5256701111793518,0.21700601279735565,-0.1290617138147354,0.5246478915214539,0.2169451117515564,-0.12940563261508942,0.5238662362098694,0.21696089208126068,-0.12956282496452332,0.537279486656189,0.21983608603477478,0.019357293844223022,0.5212382078170776,0.22139371931552887,-0.030082348734140396,0.5306815505027771,0.23937004804611206,-0.0922049954533577,0.5254780054092407,0.24026723206043243,-0.10755082219839096,0.5626403093338013,0.2964977025985718,0.12696149945259094,0.492745578289032,0.29561105370521545,-0.009721999056637287,0.5714907050132751,0.3881981074810028,0.14146633446216583,0.4820042550563812,0.3850668668746948,-0.057110704481601715,0.6086679697036743,0.4375298321247101,-0.03873112052679062,0.4484146237373352,0.43624594807624817,-0.2266095131635666,0.6192173361778259,0.4563755393028259,-0.0670863538980484,0.4352399706840515,0.45747843384742737,-0.2747921645641327,0.6226394176483154,0.45503512024879456,-0.10952071845531464,0.431967556476593,0.4564797282218933,-0.303455114364624,0.6177607774734497,0.449394553899765,-0.0599919855594635,0.43812480568885803,0.44755902886390686,-0.24345505237579346,0.5385795831680298,0.47968366742134094,0.04461570829153061,0.5084782838821411,0.4770585596561432,-0.044896893203258514,0.5346375107765198,0.6413924098014832,-0.019810855388641357,0.5144312977790833,0.633293092250824,-0.14218948781490326,0.525658369064331,0.8015010356903076,0.03754890710115433,0.5071296691894531,0.7918732166290283,-0.04896604269742966,0.520933985710144,0.8231047987937927,0.033915676176548004,0.5083259344100952,0.8132825493812561,-0.04788220301270485,0.5268602967262268,0.8419502377510071,-0.12582510709762573,0.5177050232887268,0.837641179561615,-0.20998716354370117
frame_00279.jpg,0.5277172923088074,0.2334054410457611,-0.13722625374794006,0.5305383205413818,0.2205750197172165,-0.11142728477716446,0.5326805114746094,0.21973656117916107,-0.11165127903223038,0.5348463654518127,0.2190142720937729,-0.111585833132267,0.525396466255188,0.22250038385391235,-0.1212158352136612,0.5242620706558228,0.22306570410728455,-0.12156490981578827,0.5234718918800354,0.22366197407245636,-0.12173213064670563,0.5372995734214783,0.22267886996269226,0.021274395287036896,0.5208948850631714,0.22856537997722626,-0.02281474694609642,0.530875563621521,0.2425195425748825,-0.08536876738071442,0.5251665711402893,0.2444714456796646,-0.09989552944898605,0.5625008344650269,0.29818108677864075,0.12078770250082016,0.49272283911705017,0.29616934061050415,0.0028363345190882683,0.5710564851760864,0.3889506459236145,0.13521838188171387,0.481780469417572,0.38593241572380066,-0.05153968185186386,0.6073316335678101,0.4324266314506531,-0.040401916950941086,0.4462023675441742,0.43627774715423584,-0.22188079357147217,0.6183586716651917,0.44430094957351685,-0.06942068040370941,0.43186599016189575,0.45534661412239075,-0.26940736174583435,0.6213072538375854,0.4429313540458679,-0.11061231791973114,0.4287399649620056,0.4542584717273712,-0.298636257648468,0.6166433095932007,0.4394676089286804,-0.06129685789346695,0.435596764087677,0.44628292322158813,-0.23912641406059265,0.539678692817688,0.4817301630973816,0.04053762927651405,0.5085628628730774,0.47957128286361694,-0.04079538583755493,0.5346453785896301,0.6431987881660461,-0.02457847073674202,0.5154625177383423,0.6436325311660767,-0.1372930407524109,0.5239874124526978,0.8062064051628113,0.03356846421957016,0.5079857110977173,0.7976018786430359,-0.03961176797747612,0.5189410448074341,0.8248237371444702,0.030566196888685226,0.5085157752037048,0.8171422481536865,-0.03682304918766022,0.5246961116790771,0.848732590675354,-0.12503868341445923,0.5192375183105469,0.8467712998390198,-0.18977545201778412
frame_00280.jpg,0.5275372266769409,0.2526019215583801,-0.15221324563026428,0.5305529832839966,0.2383546084165573,-0.12765446305274963,0.5328619480133057,0.23798471689224243,-0.1278962790966034,0.5351238250732422,0.2378462255001068,-0.12783578038215637,0.5252005457878113,0.23864684998989105,-0.13526281714439392,0.5240381956100464,0.23871473968029022,-0.1356026828289032,0.5233210325241089,0.23898464441299438,-0.1357675939798355,0.5378833413124084,0.24144886434078217,0.0036763299722224474,0.519701361656189,0.243429034948349,-0.03185568004846573,0.5308815240859985,0.26279136538505554,-0.10194925218820572,0.5251214504241943,0.2627168893814087,-0.11373727023601532,0.5624104142189026,0.30717113614082336,0.10179388523101807,0.49208730459213257,0.3139854073524475,0.006453777197748423,0.5708526372909546,0.3981631100177765,0.1237255111336708,0.4791690409183502,0.3963809609413147,-0.03389488533139229,0.6070555448532104,0.4313162863254547,-0.04302360489964485,0.4448157250881195,0.43632376194000244,-0.21135690808296204,0.6192213892936707,0.4370538890361786,-0.07209216058254242,0.42835575342178345,0.45215973258018494,-0.2590869069099426,0.621385931968689,0.4345104992389679,-0.11204580217599869,0.4243617653846741,0.4504033923149109,-0.2887534201145172,0.6164201498031616,0.4335566759109497,-0.06311752647161484,0.4324356019496918,0.44459521770477295,-0.22915220260620117,0.5398751497268677,0.49392169713974,0.03726591914892197,0.5093211531639099,0.49513399600982666,-0.03751324862241745,0.5348598957061768,0.6509106159210205,-0.02523813769221306,0.5160232186317444,0.6513505578041077,-0.13493749499320984,0.5236622095108032,0.8083422183990479,0.07214923202991486,0.5077129006385803,0.8032671213150024,-0.0192800872027874,0.5184558629989624,0.8284648656845093,0.07416804134845734,0.5074041485786438,0.8212084174156189,-0.013870936818420887,0.5227276086807251,0.850735068321228,-0.07369374483823776,0.5200970768928528,0.8512579798698425,-0.16305208206176758
frame_00281.jpg,0.5274173617362976,0.25647762417793274,-0.15383711457252502,0.5305478572845459,0.24251225590705872,-0.12778696417808533,0.5329331159591675,0.24214594066143036,-0.12802037596702576,0.5352264642715454,0.24200944602489471,-0.12795467674732208,0.5250529646873474,0.24282336235046387,-0.13550305366516113,0.5238298773765564,0.24286730587482452,-0.13585388660430908,0.5230756998062134,0.2430955022573471,-0.13602212071418762,0.5382443070411682,0.24568922817707062,0.008336189202964306,0.5191504955291748,0.2471027374267578,-0.0269031785428524,0.5309146642684937,0.2669770121574402,-0.10123977810144424,0.5249975919723511,0.266804039478302,-0.11317563056945801,0.56245356798172,0.31046730279922485,0.10941480100154877,0.4917423129081726,0.31833094358444214,0.012852616608142853,0.570719301700592,0.40210941433906555,0.12395249307155609,0.4785826802253723,0.39961084723472595,-0.03211989253759384,0.6065951585769653,0.43058469891548157,-0.0524464026093483,0.4447716772556305,0.43637868762016296,-0.2157367467880249,0.6185959577560425,0.4346643388271332,-0.08290065079927444,0.4283396303653717,0.44962963461875916,-0.26486891508102417,0.6206286549568176,0.43190500140190125,-0.12242443859577179,0.42392221093177795,0.44759514927864075,-0.29386648535728455,0.615695059299469,0.4313778877258301,-0.07249078154563904,0.43213486671447754,0.44333410263061523,-0.23335441946983337,0.5402107834815979,0.499551385641098,0.03673353046178818,0.5094536542892456,0.5007070899009705,-0.03697891905903816,0.535015881061554,0.6601858139038086,-0.026697790250182152,0.5156685709953308,0.6550894379615784,-0.13777998089790344,0.5232189297676086,0.8158907294273376,0.06474868208169937,0.507378101348877,0.7993053197860718,-0.018691454082727432,0.5175484418869019,0.8435020446777344,0.06572740525007248,0.5062382817268372,0.8168777823448181,-0.012805677950382233,0.522772490978241,0.8578979969024658,-0.07462988048791885,0.5208184123039246,0.8543132543563843,-0.16415853798389435
frame_00282.jpg,0.5273420214653015,0.2647213339805603,-0.1390789896249771,0.5306533575057983,0.25289568305015564,-0.11181910336017609,0.5332363247871399,0.25318989157676697,-0.11205416917800903,0.535764753818512,0.25369712710380554,-0.11198222637176514,0.5250193476676941,0.25256678462028503,-0.12093748897314072,0.5235448479652405,0.25276750326156616,-0.121285080909729,0.5223366022109985,0.2531227767467499,-0.12144039571285248,0.5391622185707092,0.2597499191761017,0.02518029883503914,0.518196165561676,0.2593361437320709,-0.017334144562482834,0.530837893486023,0.27595043182373047,-0.0860712006688118,0.5240694284439087,0.2759772539138794,-0.10028624534606934,0.5615929365158081,0.3368448317050934,0.12794318795204163,0.4916766583919525,0.32929107546806335,0.011922536417841911,0.5706321001052856,0.420533686876297,0.1521744579076767,0.4786435067653656,0.4056093096733093,-0.06370499730110168,0.6061705946922302,0.430990070104599,-0.02078344114124775,0.4610666334629059,0.4321788251399994,-0.27458515763282776,0.6180714964866638,0.43411383032798767,-0.051736779510974884,0.4490278363227844,0.4390309751033783,-0.33135321736335754,0.6200634241104126,0.4303089678287506,-0.09204813838005066,0.4542697072029114,0.4358881711959839,-0.3510938882827759,0.615184485912323,0.43029269576072693,-0.04126604273915291,0.4499185085296631,0.43629106879234314,-0.28959164023399353,0.5409273505210876,0.5203284621238708,0.04337796941399574,0.5094546675682068,0.5198057889938354,-0.043582282960414886,0.5349920988082886,0.6754346489906311,0.002278487430885434,0.5160694122314453,0.6755892634391785,-0.13650451600551605,0.5226660966873169,0.8242559432983398,0.14535640180110931,0.5104876756668091,0.8295261859893799,-0.009229120798408985,0.5169975757598877,0.8438669443130493,0.15135368704795837,0.5091985464096069,0.8451554775238037,-0.002565475180745125,0.5261843800544739,0.872028112411499,0.0026510749012231827,0.5240593552589417,0.8833732604980469,-0.16003242135047913
frame_00283.jpg,0.5282970070838928,0.27538079023361206,-0.15195295214653015,0.5319289565086365,0.2634045481681824,-0.1253262162208557,0.5342261791229248,0.26356038451194763,-0.12559953331947327,0.5364891886711121,0.2639318108558655,-0.12554767727851868,0.5259028673171997,0.26416897773742676,-0.1343395859003067,0.5240113735198975,0.2648245692253113,-0.13471253216266632,0.52236008644104,0.2655378580093384,-0.1348923295736313,0.5394248366355896,0.2714075744152069,0.0003171438875142485,0.5190287828445435,0.2728963792324066,-0.0400591716170311,0.5312218070030212,0.28765472769737244,-0.10287661850452423,0.5242777466773987,0.2885524332523346,-0.1172095537185669,0.5588756799697876,0.35409027338027954,0.10923714935779572,0.493166983127594,0.34041914343833923,0.011295560747385025,0.5694003701210022,0.43235015869140625,0.16076363623142242,0.4799736440181732,0.4138123691082001,0.06183306500315666,0.5973955988883972,0.43415728211402893,0.07463527470827103,0.4684259295463562,0.4324989318847656,0.03095303475856781,0.6110538244247437,0.4355165660381317,0.05967419594526291,0.46299561858177185,0.439981609582901,0.007671604864299297,0.6123237013816833,0.4313793182373047,0.022997062653303146,0.45728716254234314,0.43654757738113403,-0.015256700105965137,0.6064311861991882,0.4313231110572815,0.05854131653904915,0.46308761835098267,0.4366946220397949,0.019951310008764267,0.540912926197052,0.5404413938522339,0.04089122265577316,0.5093921422958374,0.5374012589454651,-0.04109949618577957,0.5340551137924194,0.6939247250556946,0.00759202241897583,0.5172491669654846,0.6913624405860901,-0.12413635104894638,0.5207504630088806,0.827316403388977,0.20154273509979248,0.5130158066749573,0.8375945687294006,0.021549789234995842,0.5135155916213989,0.8442937731742859,0.21513088047504425,0.5104539394378662,0.8548096418380737,0.03146670386195183,0.526179313659668,0.870265543460846,0.0981379970908165,0.5243929028511047,0.8858985900878906,-0.10734888166189194
frame_00284.jpg,0.528538167476654,0.2744492292404175,-0.1820438802242279,0.5324329137802124,0.2644178867340088,-0.15545982122421265,0.534636378288269,0.2648315727710724,-0.15570861101150513,0.536803126335144,0.26536449790000916,-0.15565845370292664,0.526300311088562,0.2648545503616333,-0.16425177454948425,0.524267315864563,0.26547834277153015,-0.16459830105304718,0.5224066972732544,0.26605844497680664,-0.16476070880889893,0.5394139289855957,0.27343544363975525,-0.0168028362095356,0.5193798542022705,0.273354172706604,-0.05746949464082718,0.5313528776168823,0.28729742765426636,-0.12799127399921417,0.52458655834198,0.2878335416316986,-0.14186057448387146,0.5588967204093933,0.34915295243263245,0.09106044471263885,0.49371689558029175,0.33864492177963257,-0.006709726992994547,0.5690221786499023,0.43773743510246277,0.1128353700041771,0.4833068251609802,0.41679510474205017,-0.024683546274900436,0.5974856019020081,0.43770816922187805,-0.061401478946208954,0.4656483232975006,0.43852296471595764,-0.17115120589733124,0.6114014387130737,0.4366311728954315,-0.09322306513786316,0.4575170874595642,0.4401074945926666,-0.21559302508831024,0.6125484704971313,0.4324648976325989,-0.13043662905693054,0.45153817534446716,0.4372733533382416,-0.2408028095960617,0.6065084338188171,0.4318622648715973,-0.08054271340370178,0.45845523476600647,0.43797212839126587,-0.18662728369235992,0.5408835411071777,0.5336206555366516,0.04045737907290459,0.5099862217903137,0.5331407785415649,-0.0406549833714962,0.5335502624511719,0.6882707476615906,0.01512707769870758,0.517569899559021,0.6844242811203003,-0.12429890781641006,0.5195268988609314,0.8237417936325073,0.19207432866096497,0.5135811567306519,0.8324938416481018,0.010380575433373451,0.5120346546173096,0.8418291211128235,0.20239314436912537,0.5104893445968628,0.8469313383102417,0.01765703223645687,0.5260248780250549,0.8661069273948669,0.074030302464962,0.5243431329727173,0.8818605542182922,-0.13084319233894348
frame_00285.jpg,0.5279653072357178,0.27331191301345825,-0.1501973569393158,0.5321611166000366,0.2631906270980835,-0.1261821836233139,0.5345792174339294,0.26343536376953125,-0.12641029059886932,0.5367316007614136,0.26386794447898865,-0.12636250257492065,0.5259166955947876,0.2638298273086548,-0.1285841464996338,0.5238354802131653,0.26412340998649597,-0.1288852095603943,0.5218604803085327,0.26429006457328796,-0.12901858985424042,0.5395826697349548,0.27138277888298035,0.002919839695096016,0.518398106098175,0.2704636752605438,-0.008063128218054771,0.5311172604560852,0.28475627303123474,-0.09999825060367584,0.5241848826408386,0.2857702374458313,-0.10498955100774765,0.5617700815200806,0.3431103825569153,0.08679318428039551,0.493344247341156,0.3349922299385071,0.03896412253379822,0.5689809322357178,0.43063831329345703,0.03167570009827614,0.483142226934433,0.41451236605644226,-0.02437463589012623,0.5976909399032593,0.44218236207962036,-0.21103215217590332,0.4638392925262451,0.44402366876602173,-0.2379092425107956,0.6101104021072388,0.44624966382980347,-0.261168897151947,0.4563524127006531,0.4474945366382599,-0.2938074767589569,0.6113706827163696,0.44099119305610657,-0.29546868801116943,0.45001763105392456,0.44579020142555237,-0.32271507382392883,0.6062475442886353,0.43962815403938293,-0.2312149703502655,0.4579567015171051,0.44453904032707214,-0.257213830947876,0.5424661636352539,0.5270096659660339,0.023280350491404533,0.509801983833313,0.5261000394821167,-0.023464912548661232,0.5335031747817993,0.6831300258636475,-0.02280368283390999,0.5166016817092896,0.6812143921852112,-0.10339944064617157,0.5191911458969116,0.8320081233978271,0.11512885242700577,0.5129804015159607,0.8280778527259827,0.039545364677906036,0.5123149752616882,0.8475760221481323,0.11843597888946533,0.5104376077651978,0.8426936268806458,0.04689386859536171,0.5265985727310181,0.8794469237327576,-0.05683094263076782,0.521468997001648,0.87723708152771,-0.11380407959222794
frame_00286.jpg,0.5279642343521118,0.2700989544391632,-0.15056684613227844,0.5321187376976013,0.2597010135650635,-0.12398988008499146,0.5345436334609985,0.2601659595966339,-0.124200738966465,0.5367105603218079,0.2608813941478729,-0.12412756681442261,0.5258350968360901,0.26011765003204346,-0.13035187125205994,0.5237321257591248,0.2605266273021698,-0.13067463040351868,0.52173912525177,0.2608799338340759,-0.13081182539463043,0.5397171974182129,0.2696463167667389,0.01805216073989868,0.5180258750915527,0.26788532733917236,-0.0141036631539464,0.5312099456787109,0.2825275659561157,-0.09637510776519775,0.5242891907691956,0.283143550157547,-0.10681426525115967,0.5637499094009399,0.3415784239768982,0.12194739282131195,0.4929681420326233,0.3334389925003052,0.02675704099237919,0.56962651014328,0.4281211197376251,0.08964824676513672,0.48294034600257874,0.4136248230934143,-0.044444967061281204,0.5977551341056824,0.44728174805641174,-0.11857815086841583,0.45284152030944824,0.4494931101799011,-0.2471332848072052,0.6102703809738159,0.45886245369911194,-0.15502090752124786,0.4428655505180359,0.45998862385749817,-0.3020719885826111,0.6115916967391968,0.4553970992565155,-0.19300700724124908,0.4388430714607239,0.4566541910171509,-0.32888537645339966,0.6065398454666138,0.45153748989105225,-0.13850858807563782,0.4446815848350525,0.45276010036468506,-0.2642703354358673,0.5427523255348206,0.5239766240119934,0.03309166058897972,0.5093990564346313,0.5240361094474792,-0.03334752470254898,0.5335131287574768,0.6770617365837097,-0.022934583947062492,0.5157470703125,0.6771628856658936,-0.13645270466804504,0.5192762613296509,0.8282482028007507,0.08148878067731857,0.5126919746398926,0.8285927176475525,-0.0559556670486927,0.512677013874054,0.8461850881576538,0.08196435868740082,0.5107218623161316,0.8430949449539185,-0.05527297779917717,0.5259408354759216,0.8750094175338745,-0.08010467141866684,0.5223430395126343,0.882666289806366,-0.22496795654296875
frame_00287.jpg,0.5281515717506409,0.24985551834106445,-0.1688571572303772,0.5319546461105347,0.23847074806690216,-0.14386048913002014,0.5340211987495422,0.2380065619945526,-0.14407652616500854,0.5358496904373169,0.23760680854320526,-0.14403067529201508,0.5259886384010315,0.23934584856033325,-0.15336638689041138,0.5241694450378418,0.23941542208194733,-0.15369834005832672,0.5224155187606812,0.23945225775241852,-0.15384000539779663,0.5386325716972351,0.24194464087486267,-0.007313882000744343,0.5189915895462036,0.24506185948848724,-0.05160406976938248,0.5312750339508057,0.2612283527851105,-0.11559700965881348,0.5255371332168579,0.2615543007850647,-0.1299770325422287,0.5636097192764282,0.31189388036727905,0.11773104965686798,0.4934760630130768,0.3140620291233063,-0.021916735917329788,0.5700882077217102,0.41191843152046204,0.10238409042358398,0.4841408133506775,0.4099505841732025,-0.06381683051586151,0.5993744134902954,0.4493033289909363,-0.10645703971385956,0.4500388503074646,0.44973674416542053,-0.2324153184890747,0.6103919744491577,0.4655379354953766,-0.1338704526424408,0.43754130601882935,0.4670238196849823,-0.2826744019985199,0.6121951341629028,0.4642850160598755,-0.18493570387363434,0.4339820444583893,0.46345290541648865,-0.31169256567955017,0.6073340773582458,0.4581279456615448,-0.13768334686756134,0.43970900774002075,0.45742499828338623,-0.24947576224803925,0.5426324009895325,0.5026708245277405,0.0437738411128521,0.5095828771591187,0.5031712055206299,-0.0440385565161705,0.5334249138832092,0.6603813171386719,0.016006259247660637,0.515702486038208,0.6605974435806274,-0.14961527287960052,0.5192914009094238,0.8146740794181824,0.15678845345973969,0.5134118795394897,0.830169141292572,-0.11285350471735,0.5128310918807983,0.8294497728347778,0.16250251233577728,0.5112344622612,0.8458513617515564,-0.11668374389410019,0.525969922542572,0.8563384413719177,0.02841287851333618,0.5241339802742004,0.8857983946800232,-0.28590166568756104
frame_00288.jpg,0.5292109251022339,0.23039649426937103,-0.15525826811790466,0.5318974256515503,0.2203831672668457,-0.1309475600719452,0.5338447093963623,0.22004207968711853,-0.13117137551307678,0.5352857112884521,0.21961316466331482,-0.13114699721336365,0.5269322395324707,0.2210906445980072,-0.14646072685718536,0.5256255865097046,0.22127750515937805,-0.14679791033267975,0.5243518948554993,0.2213386744260788,-0.1469634771347046,0.5371235609054565,0.22467708587646484,-0.005983483046293259,0.5217103362083435,0.22773377597332,-0.06363199651241302,0.5316990613937378,0.24226410686969757,-0.10691805183887482,0.5276328921318054,0.24227409064769745,-0.1292138397693634,0.5633096098899841,0.29842934012413025,0.11001460254192352,0.4950467646121979,0.30044618248939514,-0.0553281232714653,0.5711855888366699,0.39713457226753235,0.14464187622070312,0.4845835268497467,0.39812910556793213,-0.10331481695175171,0.6011873483657837,0.4498172998428345,0.00032166356686502695,0.4492906928062439,0.4494146704673767,-0.24924814701080322,0.610962986946106,0.46662575006484985,-0.018360422924160957,0.4357927441596985,0.47076615691185,-0.2969776690006256,0.6137737035751343,0.465603768825531,-0.06566043943166733,0.43271446228027344,0.46851083636283875,-0.3232903480529785,0.6090958714485168,0.45903053879737854,-0.02227724716067314,0.43878379464149475,0.4605019986629486,-0.2645115852355957,0.5421838164329529,0.49059921503067017,0.054706357419490814,0.5101209282875061,0.4916447699069977,-0.05495587736368179,0.5357757806777954,0.6516655087471008,0.031048979610204697,0.5156534910202026,0.648015022277832,-0.1576433628797531,0.5259729027748108,0.7913434505462646,0.14025869965553284,0.5131388902664185,0.8251829147338867,-0.12273643165826797,0.522066056728363,0.8055154085159302,0.14342480897903442,0.5112177729606628,0.8441566824913025,-0.12607815861701965,0.5290015935897827,0.8424206972122192,0.011665158905088902,0.5249234437942505,0.8805273175239563,-0.2829054296016693
frame_00289.jpg,0.5295303463935852,0.2238638997077942,-0.12062855809926987,0.531705915927887,0.21537241339683533,-0.10011513531208038,0.5326966047286987,0.21517561376094818,-0.10035640001296997,0.5330207347869873,0.21490046381950378,-0.10034005343914032,0.52821946144104,0.21611276268959045,-0.11475242674350739,0.5277464389801025,0.21648262441158295,-0.11507759988307953,0.5273493528366089,0.2166895866394043,-0.1152402013540268,0.5340504050254822,0.22031663358211517,0.001590159721672535,0.5263804197311401,0.22314900159835815,-0.0580190010368824,0.5316808819770813,0.2363586127758026,-0.08047826588153839,0.5287297964096069,0.23655244708061218,-0.10182920843362808,0.5599199533462524,0.29707905650138855,0.10459047555923462,0.4962156414985657,0.29816025495529175,-0.051612693816423416,0.5714812874794006,0.393191397190094,0.13426612317562103,0.48438477516174316,0.392879456281662,-0.09696851670742035,0.6028798222541809,0.4489237368106842,-0.007654326967895031,0.44824013113975525,0.4500288963317871,-0.23716402053833008,0.6120086908340454,0.46407076716423035,-0.027896782383322716,0.4343591630458832,0.4728460907936096,-0.28301167488098145,0.6153832674026489,0.46285220980644226,-0.07310272753238678,0.4316670000553131,0.47056230902671814,-0.30996206402778625,0.610598623752594,0.4568166732788086,-0.029033759608864784,0.43793216347694397,0.4618760049343109,-0.25285547971725464,0.5381466746330261,0.4789010286331177,0.05275380611419678,0.5108802914619446,0.4806961715221405,-0.052996598184108734,0.5357488989830017,0.6398204565048218,0.024517353624105453,0.514079213142395,0.6250006556510925,-0.15136674046516418,0.5293780565261841,0.7781776189804077,0.12627241015434265,0.5128429532051086,0.8032016754150391,-0.1082691177725792,0.5271939039230347,0.793025553226471,0.12421192973852158,0.5111988186836243,0.8269784450531006,-0.11091582477092743,0.5303656458854675,0.8269221186637878,0.0009207419352605939,0.5248365998268127,0.8539993166923523,-0.2602807879447937
frame_00290.jpg,0.5294698476791382,0.219297856092453,-0.06147686392068863,0.5307692885398865,0.20997905731201172,-0.043913766741752625,0.530758798122406,0.20986349880695343,-0.044155098497867584,0.5302892923355103,0.20965565741062164,-0.0441281683743,0.5285638570785522,0.2103310078382492,-0.058713238686323166,0.528563380241394,0.21047960221767426,-0.05901563912630081,0.5286908149719238,0.21041551232337952,-0.05916263535618782,0.5306147336959839,0.21454459428787231,0.03598430007696152,0.5285218954086304,0.2160523682832718,-0.03314854949712753,0.5307838916778564,0.23100021481513977,-0.029260549694299698,0.5287109613418579,0.23132458329200745,-0.05061241239309311,0.5521685481071472,0.292346328496933,0.10798913240432739,0.4976464807987213,0.2964812219142914,-0.042829565703868866,0.5704378485679626,0.3862347900867462,0.1328127533197403,0.48439106345176697,0.38893359899520874,-0.11008620262145996,0.6046898365020752,0.44389212131500244,-0.002583910245448351,0.4481961131095886,0.4494337737560272,-0.256930410861969,0.6139577031135559,0.4610198140144348,-0.021108025684952736,0.43373337388038635,0.4709409475326538,-0.3023405373096466,0.6177364587783813,0.4615032374858856,-0.06512309610843658,0.4308512806892395,0.46891582012176514,-0.3265693783760071,0.6129200458526611,0.45350876450538635,-0.023708505555987358,0.43753528594970703,0.46054545044898987,-0.27203065156936646,0.5353420376777649,0.4745914340019226,0.05204065889120102,0.515113353729248,0.4756580889225006,-0.052259527146816254,0.5339101552963257,0.634337842464447,0.030347120016813278,0.5116339921951294,0.6177013516426086,-0.14892980456352234,0.5286781191825867,0.7797738909721375,0.08427036553621292,0.5113266706466675,0.7818678617477417,-0.09401901066303253,0.5262085795402527,0.7977041006088257,0.07893367111682892,0.510715901851654,0.8042085766792297,-0.0951458215713501,0.5302389860153198,0.8219032883644104,-0.05403025075793266,0.5207166075706482,0.8251739740371704,-0.23592087626457214
frame_00291.jpg,0.5296119451522827,0.2241390496492386,-0.1518896073102951,0.5315040349960327,0.2149943709373474,-0.12488973140716553,0.5322450399398804,0.214765727519989,-0.12514223158359528,0.5327721238136292,0.2144346982240677,-0.12508966028690338,0.5284918546676636,0.21468089520931244,-0.1351757049560547,0.5282982587814331,0.21456296741962433,-0.13551059365272522,0.5284192562103271,0.2142459899187088,-0.135664701461792,0.5335403680801392,0.21892207860946655,0.006495763547718525,0.5281553864479065,0.22032827138900757,-0.043782539665699005,0.5313406586647034,0.2347744256258011,-0.10082535445690155,0.5285403728485107,0.23470169305801392,-0.11610107123851776,0.5529024004936218,0.29702916741371155,0.09332447499036789,0.49661093950271606,0.2997322380542755,-0.01937205158174038,0.5711579918861389,0.3880273103713989,0.12361687421798706,0.48456865549087524,0.39067837595939636,-0.05350910872220993,0.605650782585144,0.43327370285987854,-0.010321388021111488,0.447298139333725,0.4479180574417114,-0.2069908082485199,0.6155930161476135,0.4454459249973297,-0.026849960908293724,0.43248462677001953,0.46711084246635437,-0.2480897158384323,0.6190064549446106,0.44549325108528137,-0.06667696684598923,0.42972683906555176,0.46541154384613037,-0.2799902558326721,0.6143000721931458,0.4401840567588806,-0.02792639471590519,0.43648386001586914,0.45751282572746277,-0.2247089147567749,0.5368760228157043,0.47752857208251953,0.03713402524590492,0.5150332450866699,0.4766456186771393,-0.037446264177560806,0.5363751649856567,0.6373091340065002,-0.03858733922243118,0.5045750737190247,0.6137790679931641,-0.1470014899969101,0.5298217535018921,0.7840425968170166,-0.00918765738606453,0.5051304697990417,0.7706383466720581,-0.07861515134572983,0.5263386964797974,0.802154541015625,-0.01530204713344574,0.5065521597862244,0.7901612520217896,-0.0781819298863411,0.5317519307136536,0.8280556201934814,-0.17065200209617615,0.5091752409934998,0.8196570873260498,-0.22453489899635315
frame_00292.jpg,0.52927565574646,0.2250390350818634,-0.15001073479652405,0.5314803123474121,0.2168094962835312,-0.11870640516281128,0.5324461460113525,0.21661990880966187,-0.11895562708377838,0.5334823727607727,0.2164257913827896,-0.11888010799884796,0.527817964553833,0.21720634400844574,-0.12567715346813202,0.5269874334335327,0.21770401298999786,-0.12601882219314575,0.5261704921722412,0.2179291695356369,-0.1261650025844574,0.5348523855209351,0.22260591387748718,0.02025553025305271,0.5243920683860779,0.22549964487552643,-0.01280202902853489,0.5313323736190796,0.2369079291820526,-0.09470735490322113,0.5276937484741211,0.23664169013500214,-0.10567405074834824,0.5550796389579773,0.2995396852493286,0.10486729443073273,0.494466632604599,0.30280426144599915,0.03109087608754635,0.5729140043258667,0.39068669080734253,0.12310586869716644,0.48382386565208435,0.3915850520133972,-0.012315244413912296,0.6068487763404846,0.42810317873954773,-0.04820045083761215,0.44659608602523804,0.4444522559642792,-0.19552339613437653,0.6177387833595276,0.4354037940502167,-0.07843238860368729,0.43172889947891235,0.4578084349632263,-0.2410464733839035,0.6205503344535828,0.43411001563072205,-0.1155674010515213,0.4287063181400299,0.4551706612110138,-0.2720453143119812,0.6156392693519592,0.4316302537918091,-0.06665228307247162,0.4355250895023346,0.4501763880252838,-0.2137034386396408,0.538765549659729,0.4807848632335663,0.026817668229341507,0.5126389861106873,0.4793093800544739,-0.02714121714234352,0.5367364287376404,0.6395246386528015,-0.06541097164154053,0.5052061080932617,0.6131917834281921,-0.14618737995624542,0.5303190350532532,0.7998829483985901,-0.026078185066580772,0.501444399356842,0.7588606476783752,-0.027108049020171165,0.5260728001594543,0.8215301632881165,-0.031356003135442734,0.5043112635612488,0.7764958143234253,-0.020831601694226265,0.5319672226905823,0.8439043760299683,-0.1959400624036789,0.5018123984336853,0.8064773678779602,-0.16062664985656738
frame_00293.jpg,0.52861487865448,0.23174314200878143,-0.09741473942995071,0.5308374166488647,0.22447387874126434,-0.06920228153467178,0.531958281993866,0.22462312877178192,-0.06944740563631058,0.5331314206123352,0.224846750497818,-0.06938359141349792,0.5269744992256165,0.2248743325471878,-0.07854421436786652,0.5259793996810913,0.22569890320301056,-0.07888011634349823,0.5249848365783691,0.22638794779777527,-0.07903823256492615,0.5347201228141785,0.23355022072792053,0.05820152163505554,0.5235891938209534,0.23610645532608032,0.01631040684878826,0.5305687189102173,0.24473261833190918,-0.048633772879838943,0.5266882181167603,0.24481745064258575,-0.06254652887582779,0.5550757646560669,0.30479907989501953,0.13961568474769592,0.4944124221801758,0.3075416386127472,0.03859897702932358,0.5734587907791138,0.3944232165813446,0.1482459008693695,0.4837898313999176,0.3926868736743927,-0.016941048204898834,0.607109546661377,0.42483213543891907,-0.03890354931354523,0.4506480097770691,0.43732506036758423,-0.1975690871477127,0.6192139387130737,0.42627203464508057,-0.07167413085699081,0.4354390501976013,0.44493329524993896,-0.24509553611278534,0.6214895248413086,0.4232998192310333,-0.10899993032217026,0.43214720487594604,0.4427231550216675,-0.2725207209587097,0.6161515116691589,0.42392441630363464,-0.058548253029584885,0.4384990632534027,0.4411276876926422,-0.21431784331798553,0.5390737652778625,0.4871881902217865,0.029375562444329262,0.5125974416732788,0.48354780673980713,-0.029671570286154747,0.5367323756217957,0.6497607827186584,-0.05874421447515488,0.507311224937439,0.6211369037628174,-0.13666072487831116,0.5307396650314331,0.8102166652679443,0.003104839473962784,0.5028970837593079,0.7607681751251221,0.04262959212064743,0.5257561802864075,0.8380616307258606,0.0008281330810859799,0.5071296095848083,0.7756944298744202,0.055604349821805954,0.53196781873703,0.8602805733680725,-0.15472252666950226,0.5050660371780396,0.8077360391616821,-0.06772660464048386
frame_00294.jpg,0.52853924036026,0.24566681683063507,-0.031239042058587074,0.5308126211166382,0.2376265972852707,-0.014178307726979256,0.5318907499313354,0.2380094826221466,-0.014401612803339958,0.5330212116241455,0.23844988644123077,-0.014369504526257515,0.5269738435745239,0.23791442811489105,-0.020980503410100937,0.5259577035903931,0.23873640596866608,-0.021294284611940384,0.5249231457710266,0.2395823746919632,-0.021416591480374336,0.5344411730766296,0.24748611450195312,0.06932297348976135,0.52370285987854,0.2496357262134552,0.0371578112244606,0.529668390750885,0.2594103217124939,0.002577479463070631,0.526483416557312,0.2598348557949066,-0.008646000176668167,0.5468627214431763,0.3169262111186981,0.12709224224090576,0.5008633732795715,0.3136003613471985,0.06123526021838188,0.540284276008606,0.42204946279525757,0.14059796929359436,0.4894171357154846,0.39313098788261414,0.03574179857969284,0.5367024540901184,0.4314287006855011,0.002369061578065157,0.4641062319278717,0.4313627779483795,-0.0780329555273056,0.5363687872886658,0.4269247055053711,-0.023541342467069626,0.4676738679409027,0.44069817662239075,-0.11254844814538956,0.5391771793365479,0.4273867607116699,-0.04598121717572212,0.4631389081478119,0.4379258453845978,-0.13294973969459534,0.5377711057662964,0.42611509561538696,-0.008891308680176735,0.46614155173301697,0.4348858594894409,-0.09079848974943161,0.5344057679176331,0.4894382059574127,0.027577033266425133,0.5165347456932068,0.4899428188800812,-0.027842950075864792,0.5343387722969055,0.654250979423523,-0.017167432233691216,0.512861430644989,0.6396380066871643,-0.1067437082529068,0.530502438545227,0.8091679215431213,0.03379901871085167,0.5140520334243774,0.7825352549552917,0.002461062977090478,0.5255123376846313,0.834245502948761,0.03359699249267578,0.5153719186782837,0.7981932163238525,0.008849536068737507,0.5318424105644226,0.8582703471183777,-0.07678574323654175,0.5206946134567261,0.819001317024231,-0.11582692712545395
frame_00295.jpg,0.5284031629562378,0.25059229135513306,-0.1309395283460617,0.5308486223220825,0.2431766390800476,-0.10513651371002197,0.5322209000587463,0.24388664960861206,-0.10539986938238144,0.5338696241378784,0.24466904997825623,-0.1053565964102745,0.5266463160514832,0.24276672303676605,-0.10953497886657715,0.5252796411514282,0.24348004162311554,-0.10986284911632538,0.5237442255020142,0.24439123272895813,-0.11001564562320709,0.5363091230392456,0.2542296350002289,0.017794901505112648,0.5206463932991028,0.2551761567592621,0.003930525854229927,0.5296851396560669,0.2651885747909546,-0.08381236344575882,0.5258222818374634,0.2653731405735016,-0.09148678928613663,0.5487440824508667,0.3234494626522064,0.08822329342365265,0.4954369068145752,0.3198235332965851,0.03681812435388565,0.5622590780258179,0.4203845262527466,0.08072951436042786,0.48516780138015747,0.39910557866096497,0.003249203320592642,0.5781880021095276,0.4233849346637726,-0.10522892326116562,0.4613860249519348,0.4317571818828583,-0.14598557353019714,0.5890918374061584,0.4203830361366272,-0.1407405287027359,0.4659608006477356,0.43877068161964417,-0.18790027499198914,0.586101770401001,0.4171164631843567,-0.1736467182636261,0.46121686697006226,0.4362630248069763,-0.21383699774742126,0.5824939608573914,0.41830164194107056,-0.12293492257595062,0.4626404345035553,0.4345984160900116,-0.16158536076545715,0.5348628163337708,0.4945752024650574,0.023425593972206116,0.5142272710800171,0.49178358912467957,-0.023675713688135147,0.5345028638839722,0.6559447050094604,-0.04798496514558792,0.5128243565559387,0.635278046131134,-0.12066709995269775,0.5302208662033081,0.8111439347267151,0.03143780678510666,0.5127167105674744,0.7558273077011108,0.04534739628434181,0.5255047082901001,0.8322067260742188,0.03166335076093674,0.5150525569915771,0.7685989141464233,0.05949677154421806,0.531899094581604,0.8599303364753723,-0.11029992997646332,0.5157403945922852,0.8000704646110535,-0.05772819370031357
frame_00296.jpg,0.5284218192100525,0.2561594247817993,-0.14245998859405518,0.5309091210365295,0.24633435904979706,-0.11712850630283356,0.5323895812034607,0.24658221006393433,-0.11738115549087524,0.534120500087738,0.24693115055561066,-0.11732320487499237,0.5266367793083191,0.24644432961940765,-0.12157044559717178,0.5252167582511902,0.24692729115486145,-0.12189017236232758,0.5235801339149475,0.24755997955799103,-0.12202662229537964,0.536728024482727,0.25414028763771057,0.011370738968253136,0.5204781889915466,0.255407452583313,-0.0009494560654275119,0.5299248695373535,0.26856285333633423,-0.09275131672620773,0.5258110761642456,0.2690436542034149,-0.1002565398812294,0.5515583753585815,0.321919322013855,0.08374064415693283,0.493356853723526,0.3195273280143738,0.0367126502096653,0.568922221660614,0.4119415879249573,0.042147234082221985,0.4840041697025299,0.39961883425712585,-0.006859958171844482,0.5873082876205444,0.42294245958328247,-0.1822551041841507,0.46056634187698364,0.43240487575531006,-0.18358422815799713,0.5992453098297119,0.4237692058086395,-0.22570891678333282,0.45523175597190857,0.441019743680954,-0.23167209327220917,0.597119152545929,0.4194748103618622,-0.25785884261131287,0.45281147956848145,0.43827134370803833,-0.2628653347492218,0.5921053886413574,0.41974109411239624,-0.20081111788749695,0.45957058668136597,0.43602243065834045,-0.20276585221290588,0.5350791215896606,0.4951460659503937,0.018191324546933174,0.5125229954719543,0.49198442697525024,-0.018443167209625244,0.5348249673843384,0.656303346157074,-0.06250832229852676,0.5126514434814453,0.6351794600486755,-0.11719123274087906,0.5300347208976746,0.8125984072685242,-0.000552431563846767,0.5092710852622986,0.7602604627609253,0.04071957617998123,0.5254005193710327,0.8334468007087708,-0.0032696970738470554,0.5131175518035889,0.7749716639518738,0.05113549903035164,0.531833827495575,0.8625394701957703,-0.16166062653064728,0.5097289681434631,0.8065924048423767,-0.07816603034734726
frame_00297.jpg,0.5277966260910034,0.24602501094341278,-0.13683165609836578,0.5302444696426392,0.23603783547878265,-0.11168906837701797,0.5316050052642822,0.23639625310897827,-0.11193829774856567,0.5331180691719055,0.23665155470371246,-0.1118834838271141,0.5264515280723572,0.2359001487493515,-0.11831609904766083,0.5251456499099731,0.23627012968063354,-0.11863738298416138,0.5235739946365356,0.236558735370636,-0.11878243833780289,0.5359019041061401,0.24427276849746704,0.013556289486587048,0.5206692218780518,0.24515372514724731,-0.009516337886452675,0.5292817950248718,0.25953173637390137,-0.08845234662294388,0.5255367159843445,0.2597578167915344,-0.09885898232460022,0.55584716796875,0.31240591406822205,0.08931086957454681,0.4919765889644623,0.31770575046539307,0.021010825410485268,0.572858989238739,0.4035828411579132,0.06272025406360626,0.484051376581192,0.3996928930282593,-0.04477442800998688,0.5946611166000366,0.4236445128917694,-0.15051835775375366,0.45751476287841797,0.4387102723121643,-0.23601345717906952,0.6033419370651245,0.42541879415512085,-0.18824490904808044,0.4463813900947571,0.45132315158843994,-0.28582504391670227,0.6029847264289856,0.4198170006275177,-0.22454814612865448,0.44323262572288513,0.4478919208049774,-0.31569868326187134,0.5990752577781677,0.4203818440437317,-0.17032232880592346,0.45034080743789673,0.44371944665908813,-0.25426140427589417,0.5351952314376831,0.492561936378479,0.020420128479599953,0.512069821357727,0.488823801279068,-0.020668338984251022,0.5350632071495056,0.6543950438499451,-0.052609194070100784,0.5126336812973022,0.630821168422699,-0.1343243420124054,0.5298880934715271,0.8133838772773743,-0.018727153539657593,0.5087444186210632,0.7628746032714844,-0.024418456479907036,0.5246978402137756,0.8363767266273499,-0.025189246982336044,0.5137000679969788,0.7672880291938782,-0.019990552216768265,0.531775712966919,0.8624370694160461,-0.18990524113178253,0.5096285343170166,0.8109224438667297,-0.1627545803785324
frame_00298.jpg,0.5277837514877319,0.24047942459583282,-0.0764058530330658,0.5295030474662781,0.22931942343711853,-0.056926049292087555,0.5301731824874878,0.2294084131717682,-0.05717223137617111,0.5307713747024536,0.2294510304927826,-0.057130467146635056,0.5266493558883667,0.22966235876083374,-0.06355734169483185,0.5259148478507996,0.22999969124794006,-0.06385303288698196,0.5252437591552734,0.23024478554725647,-0.06399714201688766,0.5325943231582642,0.234891876578331,0.03821290284395218,0.524344265460968,0.23653937876224518,0.010664856992661953,0.5291163921356201,0.25302523374557495,-0.039025552570819855,0.5259659290313721,0.253844290971756,-0.049222491681575775,0.5566049814224243,0.3004896938800812,0.0924021452665329,0.4923647344112396,0.3129828870296478,0.026192864403128624,0.5744253396987915,0.3910476565361023,0.07794161885976791,0.4844103753566742,0.3992166221141815,-0.04051148146390915,0.5972142219543457,0.4250970482826233,-0.12124226987361908,0.45273780822753906,0.4456177055835724,-0.2183646857738495,0.6052335500717163,0.4355763792991638,-0.1475091278553009,0.4397004544734955,0.46616026759147644,-0.2652437090873718,0.6065140962600708,0.4318163990974426,-0.18514111638069153,0.4358353614807129,0.46357107162475586,-0.293863445520401,0.6028867363929749,0.4287000894546509,-0.14044606685638428,0.4420900344848633,0.4570479094982147,-0.23577165603637695,0.5346044301986694,0.4903004765510559,0.02216547168791294,0.512055516242981,0.4873121976852417,-0.02241227589547634,0.5350285172462463,0.6517515182495117,-0.05246816948056221,0.5123593807220459,0.6293212175369263,-0.12249322980642319,0.5297818779945374,0.8157202005386353,-0.02748195454478264,0.5097015500068665,0.7398472428321838,0.02804257534444332,0.5246359705924988,0.835155725479126,-0.03402704373002052,0.5141224265098572,0.7488514184951782,0.0379832424223423,0.5313773155212402,0.8613640069961548,-0.18842802941799164,0.5094687342643738,0.7953872680664062,-0.08082312345504761
frame_00299.jpg,0.5277818441390991,0.2321132868528366,0.20619793236255646,0.5281624794006348,0.2219339907169342,0.1960304230451584,0.5275861024856567,0.22192563116550446,0.19584736227989197,0.5267094969749451,0.22182317078113556,0.1958891749382019,0.5274679064750671,0.22216707468032837,0.1935848593711853,0.5281673669815063,0.2222449779510498,0.1933838427066803,0.5292574763298035,0.22209040820598602,0.19333574175834656,0.5259360671043396,0.2269115298986435,0.1419609934091568,0.5314654111862183,0.22719243168830872,0.12965206801891327,0.5285563468933105,0.2446136176586151,0.19216734170913696,0.5272089838981628,0.24496272206306458,0.18683482706546783,0.5051292181015015,0.29747018218040466,0.09651529788970947,0.5415974855422974,0.29724419116973877,0.07519692927598953,0.5037438273429871,0.3918810486793518,0.09785377234220505,0.5540462732315063,0.3975544273853302,0.00128107238560915,0.45677047967910767,0.4457648694515228,0.08123652637004852,0.5906009674072266,0.44075971841812134,-0.0609266459941864,0.44543057680130005,0.46959981322288513,0.06703434884548187,0.6008222103118896,0.4554310142993927,-0.09019983559846878,0.4415048658847809,0.46560192108154297,0.06708699464797974,0.601372241973877,0.4533706605434418,-0.0821961909532547,0.4476149082183838,0.45678964257240295,0.08326809853315353,0.5962303876876831,0.4488829970359802,-0.060292936861515045,0.5129790902137756,0.4805430471897125,0.019846534356474876,0.5254112482070923,0.48249414563179016,-0.020025912672281265,0.5182849168777466,0.644900381565094,0.01955319009721279,0.5168510675430298,0.6209535002708435,-0.06512899696826935,0.5213738679885864,0.7963259220123291,0.02650926075875759,0.511561930179596,0.7486841678619385,0.027518462389707565,0.5220022797584534,0.8177035450935364,0.022531304508447647,0.5156868100166321,0.7581533193588257,0.02438095211982727,0.5134032368659973,0.8314357399940491,-0.04811222106218338,0.5169536471366882,0.8001776337623596,-0.0708211213350296
frame_00300.jpg,0.5279478430747986,0.23373185098171234,-0.05748050659894943,0.527972400188446,0.22310025990009308,-0.04543498903512955,0.5274004340171814,0.22311964631080627,-0.0456622950732708,0.5266616344451904,0.22309701144695282,-0.04565030708909035,0.5277532339096069,0.2235824465751648,-0.06339453160762787,0.5285896062850952,0.22384241223335266,-0.0636884942650795,0.5296297073364258,0.22390133142471313,-0.06381763517856598,0.5264469385147095,0.22816428542137146,0.024253008887171745,0.5313900709152222,0.22970683872699738,-0.043816763907670975,0.5287075638771057,0.24584127962589264,-0.026998499408364296,0.5282747745513916,0.24668481945991516,-0.052364788949489594,0.5193369388580322,0.2954811453819275,0.09070044010877609,0.5342934131622314,0.2996220886707306,-0.04991847276687622,0.5467275977134705,0.3885197937488556,0.11564693599939346,0.5056437849998474,0.3964158594608307,-0.11480327695608139,0.5765065550804138,0.4434801936149597,0.0014079323736950755,0.47136712074279785,0.4550184905529022,-0.2632375657558441,0.5863245129585266,0.4627276062965393,-0.01904868893325329,0.45979180932044983,0.47504839301109314,-0.310896098613739,0.5889867544174194,0.4601028561592102,-0.05468977242708206,0.4562746584415436,0.4723905622959137,-0.33304622769355774,0.5847566723823547,0.453214555978775,-0.01502818800508976,0.4607943594455719,0.46632859110832214,-0.2776082158088684,0.5168586373329163,0.4794152081012726,0.046551626175642014,0.5227419137954712,0.48280659317970276,-0.04672452062368393,0.5214510560035706,0.6433146595954895,0.047044117003679276,0.5117617845535278,0.625381588935852,-0.13101628422737122,0.5190146565437317,0.7846339344978333,0.14260199666023254,0.5113986730575562,0.7899924516677856,-0.10265014320611954,0.5174933075904846,0.8020147681236267,0.14410866796970367,0.5150952339172363,0.813304603099823,-0.1064525842666626,0.5154090523719788,0.825657069683075,0.021704137325286865,0.5196166038513184,0.833051860332489,-0.2535892128944397
frame_00301.jpg,0.5279895067214966,0.2309471070766449,-0.12267937511205673,0.5279818773269653,0.22163817286491394,-0.10087481886148453,0.5274900197982788,0.22165359556674957,-0.10111645609140396,0.5269051790237427,0.22165396809577942,-0.10109071433544159,0.5277817249298096,0.22251702845096588,-0.1142028197646141,0.5284672975540161,0.2230163961648941,-0.11453203856945038,0.5292246341705322,0.22333361208438873,-0.11469141393899918,0.5267742872238159,0.22750720381736755,0.008310561999678612,0.5303686857223511,0.23012438416481018,-0.04954519122838974,0.5289751291275024,0.24495281279087067,-0.07904303073883057,0.5283705592155457,0.24566100537776947,-0.09827135503292084,0.5476686358451843,0.2967565357685089,0.09141431003808975,0.5145095586776733,0.3010706305503845,-0.040064338594675064,0.5638311505317688,0.3895384967327118,0.13470427691936493,0.49075430631637573,0.3947780728340149,-0.0813763290643692,0.6004797220230103,0.44299235939979553,-0.008199846372008324,0.4487558901309967,0.45768845081329346,-0.22924034297466278,0.6121307015419006,0.4619673192501068,-0.030817721039056778,0.4348148703575134,0.47886842489242554,-0.2746536135673523,0.6152081489562988,0.4600411355495453,-0.0739169642329216,0.43130940198898315,0.476203590631485,-0.3024100661277771,0.6105535626411438,0.45388713479042053,-0.028633728623390198,0.4369657635688782,0.46997684240341187,-0.2451629936695099,0.5242517590522766,0.4799902141094208,0.04910116642713547,0.5173603892326355,0.4833475649356842,-0.049322765320539474,0.5270615816116333,0.6482279896736145,0.018259679898619652,0.5121937990188599,0.640252411365509,-0.14834894239902496,0.5187312364578247,0.7891677021980286,0.11020433902740479,0.510287880897522,0.809024453163147,-0.11385805904865265,0.5150958299636841,0.8070568442344666,0.1111939549446106,0.5125985145568848,0.832091212272644,-0.11727675050497055,0.5176215171813965,0.8267728686332703,-0.025384385138750076,0.519722044467926,0.85994952917099,-0.2772214710712433
frame_00302.jpg,0.5272166132926941,0.23316118121147156,-0.11484557390213013,0.5280033946037292,0.22302410006523132,-0.0886177197098732,0.5278927087783813,0.22258371114730835,-0.0888381227850914,0.5286568403244019,0.2220425307750702,-0.08878372609615326,0.5255202651023865,0.22469297051429749,-0.10056690871715546,0.5244810581207275,0.22537748515605927,-0.10090808570384979,0.5231853723526001,0.22592374682426453,-0.10106685012578964,0.5304352641105652,0.2283443808555603,0.0406351201236248,0.5208294987678528,0.232692152261734,-0.027017896994948387,0.5289720296859741,0.2457258105278015,-0.06530755758285522,0.5264338850975037,0.24680377542972565,-0.08241907507181168,0.5580259561538696,0.30079180002212524,0.15384957194328308,0.49941426515579224,0.3045407831668854,-0.004073337651789188,0.5704479217529297,0.3908737301826477,0.19701090455055237,0.48424825072288513,0.39526739716529846,-0.0538625605404377,0.6054269671440125,0.4425041377544403,0.034518126398324966,0.4418504238128662,0.45752131938934326,-0.21731261909008026,0.6174401044845581,0.4604562222957611,0.010426542721688747,0.4274900555610657,0.47693443298339844,-0.26480960845947266,0.6205271482467651,0.4586436450481415,-0.03453828766942024,0.4238315224647522,0.4740397334098816,-0.29230931401252747,0.6158977746963501,0.4529593288898468,0.012846793048083782,0.4297250211238861,0.46782544255256653,-0.2332591712474823,0.5331397652626038,0.48307085037231445,0.048037976026535034,0.5104132294654846,0.48553362488746643,-0.0483010858297348,0.5294268727302551,0.6493845582008362,-0.0187640693038702,0.511458158493042,0.6477423310279846,-0.15450717508792877,0.5194374322891235,0.8081279397010803,0.06471218168735504,0.5108319520950317,0.8138226866722107,-0.0820402055978775,0.5151075720787048,0.8316150903701782,0.06312935054302216,0.5126024484634399,0.8280861973762512,-0.08165653049945831,0.517756462097168,0.8493641018867493,-0.11378858238458633,0.5202035307884216,0.8703843355178833,-0.2496788203716278
frame_00303.jpg,0.5272160768508911,0.2567340135574341,-0.13071541488170624,0.5285393595695496,0.242002472281456,-0.10395201295614243,0.5294762253761292,0.241294726729393,-0.10417786985635757,0.5312591195106506,0.2408277839422226,-0.10412267595529556,0.5250860452651978,0.24365456402301788,-0.11451780796051025,0.5233250260353088,0.24412135779857635,-0.11487062275409698,0.5211841464042664,0.24466341733932495,-0.11503976583480835,0.5340713858604431,0.24545268714427948,0.03513992205262184,0.5175186395645142,0.24963156878948212,-0.020893177017569542,0.5294556617736816,0.2683483958244324,-0.0773620679974556,0.5255002379417419,0.2682096064090729,-0.09304895997047424,0.5594919919967651,0.31837570667266846,0.13763777911663055,0.49432653188705444,0.3144560754299164,0.0050489590503275394,0.5703452229499817,0.4044094979763031,0.1709965020418167,0.47912150621414185,0.39988404512405396,-0.03913824260234833,0.6056939363479614,0.4419240951538086,0.010990658774971962,0.4425409436225891,0.4558594822883606,-0.21199345588684082,0.6185083389282227,0.4598322808742523,-0.015324237756431103,0.42605987191200256,0.4748508632183075,-0.2582755386829376,0.6211146712303162,0.457913339138031,-0.05713736265897751,0.4226549565792084,0.4714459776878357,-0.28520840406417847,0.6166243553161621,0.45167407393455505,-0.009698981419205666,0.43054741621017456,0.46569356322288513,-0.22752878069877625,0.5379716157913208,0.502081573009491,0.045497745275497437,0.5075914263725281,0.5021177530288696,-0.04575088247656822,0.5297597646713257,0.6672722697257996,-0.01840180903673172,0.5113438367843628,0.6631186008453369,-0.1537291556596756,0.5195497870445251,0.8221021294593811,0.07284894585609436,0.5096306204795837,0.8187288641929626,-0.047478802502155304,0.5143643617630005,0.8450614809989929,0.07277118414640427,0.509567141532898,0.834333598613739,-0.04446778818964958,0.5183268785476685,0.8701293468475342,-0.0960688441991806,0.520027756690979,0.8808384537696838,-0.21550321578979492
frame_00304.jpg,0.5263684988021851,0.27221816778182983,-0.11928312480449677,0.5285495519638062,0.2586451470851898,-0.09331424534320831,0.529845118522644,0.2582097053527832,-0.09353511780500412,0.5321260690689087,0.25802215933799744,-0.09347383677959442,0.5240042805671692,0.2597614526748657,-0.10151102393865585,0.5217547416687012,0.2601826786994934,-0.1018456369638443,0.5192086696624756,0.26073092222213745,-0.10199743509292603,0.5356566309928894,0.2628082036972046,0.041505783796310425,0.5147240161895752,0.2659730315208435,0.015259718522429466,0.5292999744415283,0.28280848264694214,-0.06860829889774323,0.5232357978820801,0.28324830532073975,-0.08319175243377686,0.5613642930984497,0.3376222848892212,0.1303875893354416,0.49047866463661194,0.32952260971069336,0.06063169240951538,0.5705777406692505,0.41756245493888855,0.11906914412975311,0.4753265380859375,0.4093080163002014,0.0116167226806283,0.6047491431236267,0.44209304451942444,-0.092576764523983,0.44437217712402344,0.45481377840042114,-0.18507972359657288,0.6168886423110962,0.45650559663772583,-0.1315397471189499,0.427257239818573,0.4686356782913208,-0.23324844241142273,0.6189581155776978,0.4537515938282013,-0.16723762452602386,0.4232552945613861,0.465058296918869,-0.26360684633255005,0.6143425703048706,0.4513033926486969,-0.11217997223138809,0.43194761872291565,0.46252915263175964,-0.203638955950737,0.5400027632713318,0.5095039010047913,0.029613474383950233,0.5072754621505737,0.5096165537834167,-0.029852768406271935,0.529971718788147,0.6663315892219543,-0.04672200605273247,0.5108433961868286,0.663659930229187,-0.13570557534694672,0.5182527303695679,0.8189296126365662,0.042997874319553375,0.5084888935089111,0.8124848008155823,-0.029282221570611,0.512327253818512,0.8443320989608765,0.042732901871204376,0.508386492729187,0.8307055234909058,-0.026014411821961403,0.5185097455978394,0.8659263253211975,-0.126582533121109,0.5127992033958435,0.870615541934967,-0.21492519974708557
frame_00305.jpg,0.5247204303741455,0.2811514139175415,-0.07158894091844559,0.5280656218528748,0.26886817812919617,-0.0468597337603569,0.5297390222549438,0.2684280574321747,-0.0470682829618454,0.532092273235321,0.26810601353645325,-0.04699506610631943,0.5221625566482544,0.2699042558670044,-0.049762845039367676,0.5196734070777893,0.27021127939224243,-0.0500938780605793,0.5170438885688782,0.27051618695259094,-0.05021116882562637,0.5356098413467407,0.27270060777664185,0.07703671604394913,0.513721227645874,0.27527907490730286,0.06373796612024307,0.5284517407417297,0.29159533977508545,-0.02349756471812725,0.5208539366722107,0.29271936416625977,-0.029461398720741272,0.5613689422607422,0.34729936718940735,0.143747016787529,0.4897824823856354,0.34465542435646057,0.10145501047372818,0.570194661617279,0.4265660345554352,0.10442499816417694,0.47509685158729553,0.4208928346633911,0.03924114629626274,0.6040180325508118,0.44264671206474304,-0.12214472144842148,0.4467334747314453,0.4541779160499573,-0.16615799069404602,0.6136006116867065,0.4535093605518341,-0.16509011387825012,0.43051427602767944,0.4642840325832367,-0.21461696922779083,0.6152944564819336,0.4492650032043457,-0.1964993178844452,0.4271751940250397,0.4602460563182831,-0.24184748530387878,0.6115228533744812,0.4497699737548828,-0.14041027426719666,0.4343912601470947,0.4599536061286926,-0.1840883195400238,0.5408024787902832,0.5238775610923767,0.021650660783052444,0.5067896246910095,0.521208643913269,-0.021878903731703758,0.5301522016525269,0.678669810295105,-0.05438917130231857,0.5092435479164124,0.6749202609062195,-0.13554683327674866,0.5167840719223022,0.8281135559082031,0.02316316030919552,0.5058542490005493,0.8177880644798279,-0.02334475889801979,0.5097225904464722,0.8461867570877075,0.02185831591486931,0.5021258592605591,0.8431656956672668,-0.018798356875777245,0.5187655091285706,0.8764489889144897,-0.14143112301826477,0.509048581123352,0.8723383545875549,-0.18407639861106873
frame_00306.jpg,0.5220128297805786,0.2833629846572876,-0.06936848163604736,0.5271586775779724,0.2712569832801819,-0.044599346816539764,0.5292691588401794,0.271066814661026,-0.044815514236688614,0.5318024158477783,0.2709711194038391,-0.04475713521242142,0.5202959775924683,0.27229276299476624,-0.04646413400769234,0.5176836252212524,0.27281513810157776,-0.04676738753914833,0.5150023102760315,0.2733253240585327,-0.04687630757689476,0.5355746746063232,0.27773571014404297,0.07742677628993988,0.5116382241249084,0.27965837717056274,0.0695556253194809,0.5261452198028564,0.29518356919288635,-0.02231634221971035,0.517479658126831,0.2954966425895691,-0.026645541191101074,0.5611311793327332,0.3526814579963684,0.13642048835754395,0.48804569244384766,0.350477397441864,0.1032111644744873,0.5701524019241333,0.4346473813056946,0.05097837373614311,0.47584813833236694,0.42347294092178345,0.030595580115914345,0.6016294360160828,0.4435771703720093,-0.2169371396303177,0.44744881987571716,0.4548996388912201,-0.17358586192131042,0.6115097999572754,0.45259377360343933,-0.2699977159500122,0.4308742880821228,0.4640888571739197,-0.23383697867393494,0.613146960735321,0.44587790966033936,-0.3000340759754181,0.42825785279273987,0.4595257043838501,-0.26117751002311707,0.6092689633369446,0.44743964076042175,-0.2361043244600296,0.434788316488266,0.45978257060050964,-0.19597077369689941,0.541234016418457,0.5343212485313416,0.01862802542746067,0.5057108998298645,0.5314522981643677,-0.018819350749254227,0.5302603244781494,0.6916640400886536,-0.049090683460235596,0.5093259215354919,0.6873019933700562,-0.12614339590072632,0.515036940574646,0.8324214220046997,0.08131124079227448,0.5054547786712646,0.8303467035293579,0.02521498128771782,0.5077754855155945,0.8488014340400696,0.0869390219449997,0.5023900270462036,0.8466947674751282,0.03422600403428078,0.5189148783683777,0.8804880380630493,-0.06852114945650101,0.5094955563545227,0.8803665637969971,-0.1178867369890213
frame_00307.jpg,0.5222755670547485,0.27983617782592773,-0.0740312784910202,0.5271703600883484,0.2679290771484375,-0.05120440199971199,0.5292850136756897,0.2676961123943329,-0.051428139209747314,0.5318013429641724,0.2675530016422272,-0.051378317177295685,0.5204970836639404,0.26939481496810913,-0.0555979385972023,0.5180429220199585,0.2701514661312103,-0.05590919405221939,0.5155420899391174,0.2708625793457031,-0.05603547766804695,0.5355611443519592,0.27529799938201904,0.07252117991447449,0.5119319558143616,0.27806466817855835,0.050132475793361664,0.5261913537979126,0.2917262315750122,-0.029106521978974342,0.5180448293685913,0.2923324704170227,-0.036912642419338226,0.5612965226173401,0.34581997990608215,0.14624010026454926,0.4880879819393158,0.3440314531326294,0.0815468579530716,0.5693538784980774,0.4325917661190033,0.08146567642688751,0.47676610946655273,0.4203111231327057,0.015260209329426289,0.6010773181915283,0.450104296207428,-0.16649548709392548,0.44815078377723694,0.45633822679519653,-0.1796443611383438,0.610883891582489,0.4553220570087433,-0.21481844782829285,0.43350791931152344,0.46416035294532776,-0.24106380343437195,0.6127405762672424,0.4487241804599762,-0.24858179688453674,0.4305576682090759,0.45973876118659973,-0.2683495879173279,0.6087890267372131,0.4496718645095825,-0.18669478595256805,0.43690794706344604,0.45946747064590454,-0.20163917541503906,0.5416363477706909,0.5317504405975342,0.01975329779088497,0.5049431324005127,0.5296039581298828,-0.01998133584856987,0.5297946333885193,0.691412627696991,-0.04430177062749863,0.5083268284797668,0.6876782178878784,-0.1298440396785736,0.5146135687828064,0.8391076922416687,0.07135491073131561,0.5051782727241516,0.8347200751304626,0.001850301050581038,0.5076402425765991,0.8559973239898682,0.07378773391246796,0.5027233362197876,0.8501437902450562,0.007805528584867716,0.5207802057266235,0.8875027894973755,-0.07175636291503906,0.5106070041656494,0.8875681757926941,-0.13985921442508698
frame_00308.jpg,0.5223566293716431,0.2756217420101166,-0.07423856854438782,0.5272900462150574,0.26382875442504883,-0.05437983199954033,0.5296109318733215,0.2636128067970276,-0.05461199954152107,0.5322501063346863,0.2634638547897339,-0.054569024592638016,0.5206910371780396,0.26508983969688416,-0.05772238224744797,0.518352210521698,0.26574239134788513,-0.05803961306810379,0.5159648656845093,0.2663612961769104,-0.05820462107658386,0.5364933609962463,0.27050453424453735,0.07256253808736801,0.5123766660690308,0.27331122756004333,0.04050366207957268,0.5264038443565369,0.28747349977493286,-0.03222113102674484,0.5181075930595398,0.2881123721599579,-0.040771983563899994,0.5615419745445251,0.34155914187431335,0.1566997617483139,0.4881848692893982,0.34052082896232605,0.07614754885435104,0.5683196783065796,0.4300144612789154,0.08712635934352875,0.4773710370063782,0.4197339713573456,-0.019074372947216034,0.5965725183486938,0.45126163959503174,-0.14771565794944763,0.448955237865448,0.45632699131965637,-0.21866127848625183,0.6060354113578796,0.4587531089782715,-0.19263049960136414,0.4349603056907654,0.4659586548805237,-0.27474871277809143,0.6073142290115356,0.45470044016838074,-0.22655677795410156,0.4317142963409424,0.46225062012672424,-0.29858243465423584,0.6030080914497375,0.453603595495224,-0.16767767071723938,0.43812066316604614,0.4599847197532654,-0.23523983359336853,0.5415693521499634,0.5260156989097595,0.03490542620420456,0.5046714544296265,0.5243527889251709,-0.03514847904443741,0.5298916101455688,0.6868826150894165,-0.04720773547887802,0.5083441734313965,0.6800702214241028,-0.1552487015724182,0.514117956161499,0.8359188437461853,0.036215055733919144,0.5052012801170349,0.8370627164840698,-0.08965948224067688,0.5074528455734253,0.8524366021156311,0.03545745089650154,0.5026155710220337,0.851190447807312,-0.09064433723688126,0.5219601988792419,0.8857109546661377,-0.11769495159387589,0.5150054693222046,0.8914185762405396,-0.25566786527633667
frame_00309.jpg,0.5226948261260986,0.2630743980407715,-0.14093361794948578,0.527501106262207,0.2511952519416809,-0.11444701254367828,0.5298962593078613,0.2507050931453705,-0.11466170847415924,0.5325509309768677,0.250389039516449,-0.11458200216293335,0.5208222270011902,0.25194594264030457,-0.12496718019247055,0.5183824300765991,0.25204238295555115,-0.125310480594635,0.5161494016647339,0.2521813213825226,-0.12544286251068115,0.5368298292160034,0.2543264925479889,0.032122645527124405,0.5127875208854675,0.2571040093898773,-0.017320288345217705,0.526702880859375,0.2741067111492157,-0.08423842489719391,0.5182336568832397,0.2750715911388397,-0.10010942071676254,0.5618104338645935,0.33105188608169556,0.14814922213554382,0.4884938597679138,0.32609686255455017,0.01247597485780716,0.5682851076126099,0.41829368472099304,0.12243696302175522,0.4776538014411926,0.41196829080581665,-0.04239309951663017,0.5962570905685425,0.45425668358802795,-0.12041494995355606,0.44819825887680054,0.45862093567848206,-0.22261686623096466,0.6056218147277832,0.46571141481399536,-0.16479571163654327,0.4346884787082672,0.4732251465320587,-0.27667662501335144,0.60722416639328,0.4633655250072479,-0.22299177944660187,0.4317404329776764,0.47184357047080994,-0.3035513758659363,0.6029748320579529,0.4595744013786316,-0.14770974218845367,0.4381205141544342,0.4662153124809265,-0.23903413116931915,0.5412841439247131,0.5251163840293884,0.047369152307510376,0.503915548324585,0.5238609910011292,-0.04761604592204094,0.5296865701675415,0.6847971081733704,-0.01622192934155464,0.5083774328231812,0.6775473356246948,-0.15108199417591095,0.5133528709411621,0.8395898938179016,0.09506811201572418,0.5054484605789185,0.8437225222587585,-0.07220600545406342,0.5073729753494263,0.8558461666107178,0.0971454381942749,0.5027284622192383,0.8609561920166016,-0.07184921205043793,0.5235474109649658,0.8877547383308411,-0.055508293211460114,0.5198010802268982,0.8959394693374634,-0.2403572052717209
frame_00310.jpg,0.5233214497566223,0.2531680762767792,-0.19565199315547943,0.5278542041778564,0.24062426388263702,-0.1687864363193512,0.530376136302948,0.2400594800710678,-0.16900521516799927,0.5330899357795715,0.23973765969276428,-0.16892948746681213,0.5208510756492615,0.241126149892807,-0.17964448034763336,0.5185828804969788,0.2411133497953415,-0.18000438809394836,0.5163446664810181,0.24140025675296783,-0.18014700710773468,0.5375809669494629,0.24230711162090302,-0.016246017068624496,0.5125659704208374,0.24570967257022858,-0.06591308861970901,0.5274630784988403,0.2629597783088684,-0.1353609710931778,0.5185438394546509,0.26383188366889954,-0.1516743153333664,0.561620831489563,0.3195786476135254,0.11442289501428604,0.48873481154441833,0.3134286105632782,-0.024242330342531204,0.5682080388069153,0.40996840596199036,0.12363722175359726,0.47742223739624023,0.4021734297275543,-0.04900873079895973,0.5963050127029419,0.45665550231933594,-0.08381006866693497,0.4436669945716858,0.46368473768234253,-0.2218358963727951,0.6055914163589478,0.4720645546913147,-0.11830846965312958,0.4307175576686859,0.48222506046295166,-0.2709991931915283,0.607448935508728,0.4707665741443634,-0.16717617213726044,0.42818912863731384,0.4817250669002533,-0.295835018157959,0.6032453775405884,0.4653688669204712,-0.10748454183340073,0.4343934953212738,0.4752974212169647,-0.23820443451404572,0.5396440029144287,0.5180275440216064,0.0522938072681427,0.5025556087493896,0.5154942274093628,-0.05254184454679489,0.5281635522842407,0.6840277910232544,0.027474498376250267,0.5084553956985474,0.6764087080955505,-0.14877048134803772,0.5134564638137817,0.8327675461769104,0.18153683841228485,0.5082750916481018,0.8531392812728882,-0.08122974634170532,0.5073289275169373,0.8518449068069458,0.1883901059627533,0.5057292580604553,0.8709638714790344,-0.08240155875682831,0.5226240158081055,0.8765970468521118,0.0504722073674202,0.5247933864593506,0.9056367874145508,-0.25517746806144714
frame_00311.jpg,0.5234038233757019,0.2452513724565506,-0.20354072749614716,0.5278341770172119,0.2323957234621048,-0.1772998869419098,0.5303512215614319,0.23179656267166138,-0.17753031849861145,0.5330682992935181,0.23150323331356049,-0.17746204137802124,0.5209515690803528,0.23328445851802826,-0.19107964634895325,0.5186865925788879,0.23343224823474884,-0.19143378734588623,0.5163718461990356,0.2339082807302475,-0.19157275557518005,0.5375028848648071,0.23435451090335846,-0.03089124895632267,0.512662410736084,0.23810559511184692,-0.09396001696586609,0.5278101563453674,0.2547639310359955,-0.14549697935581207,0.5188100337982178,0.25594931840896606,-0.16569960117340088,0.5613988041877747,0.31101465225219727,0.10348732769489288,0.4887694716453552,0.30436667799949646,-0.06761254370212555,0.5683275461196899,0.4015730321407318,0.13589975237846375,0.4766555428504944,0.3957265317440033,-0.10246731340885162,0.5976393222808838,0.4565178155899048,-0.040604718029499054,0.441133588552475,0.46297135949134827,-0.24676470458507538,0.6069854497909546,0.47285786271095276,-0.06687144935131073,0.42856565117836,0.4821290373802185,-0.295942485332489,0.6094629764556885,0.4719294309616089,-0.11422677338123322,0.426628977060318,0.4822143018245697,-0.3237026035785675,0.6051439046859741,0.46608245372772217,-0.06330086290836334,0.4325489103794098,0.4760567545890808,-0.2623429596424103,0.5363180041313171,0.5060411095619202,0.06528819352388382,0.502259373664856,0.5034367442131042,-0.06552356481552124,0.525488018989563,0.6644274592399597,0.07931992411613464,0.5089106559753418,0.6708819270133972,-0.17928430438041687,0.5136291980743408,0.800287127494812,0.2492528259754181,0.5102764964103699,0.8526307940483093,-0.18591728806495667,0.5076178312301636,0.8161174058914185,0.2580949366092682,0.506846010684967,0.8724784255027771,-0.19431880116462708,0.5222611427307129,0.8452652096748352,0.14336296916007996,0.5250759720802307,0.9064306616783142,-0.3678916096687317
frame_00312.jpg,0.523895800113678,0.23517155647277832,-0.17427653074264526,0.5277646780014038,0.22309330105781555,-0.14700984954833984,0.5299856662750244,0.22280892729759216,-0.14725542068481445,0.5322641730308533,0.22278399765491486,-0.14717558026313782,0.5214420557022095,0.22321321070194244,-0.16320888698101044,0.5196162462234497,0.2231401801109314,-0.16354171931743622,0.5177642703056335,0.22321383655071259,-0.16368533670902252,0.5362061262130737,0.2270151823759079,-0.007933808490633965,0.51449054479599,0.2281055599451065,-0.0839364230632782,0.5279998779296875,0.24552860856056213,-0.1200883612036705,0.5203253030776978,0.24602699279785156,-0.14370545744895935,0.561271607875824,0.30623576045036316,0.10715904086828232,0.4890010952949524,0.3006025552749634,-0.08281151950359344,0.5685843229293823,0.39623144268989563,0.16355332732200623,0.47599178552627563,0.39292487502098083,-0.14741818606853485,0.6010075807571411,0.4557208716869354,0.00031356385443359613,0.4390534460544586,0.4622393548488617,-0.30406099557876587,0.6093144416809082,0.47111648321151733,-0.022241957485675812,0.4265666604042053,0.48070040345191956,-0.35760241746902466,0.6122869849205017,0.46994921565055847,-0.07149343937635422,0.4245920181274414,0.48034173250198364,-0.382433146238327,0.6081667542457581,0.4645547568798065,-0.023155177012085915,0.43018120527267456,0.4743725061416626,-0.31893622875213623,0.5353419780731201,0.4917002022266388,0.07594064623117447,0.5024724006652832,0.49030420184135437,-0.07615688443183899,0.5249820947647095,0.6432943940162659,0.1022275909781456,0.5090324878692627,0.6465389132499695,-0.18237920105457306,0.5132611989974976,0.7837584614753723,0.25171560049057007,0.5005369782447815,0.8351826071739197,-0.1661624014377594,0.5072999000549316,0.8000267148017883,0.25825512409210205,0.4946032166481018,0.8694717884063721,-0.1714821308851242,0.5214551687240601,0.8283617496490479,0.14088746905326843,0.5241846442222595,0.8887552618980408,-0.3351433575153351
frame_00313.jpg,0.5239632725715637,0.23310832679271698,-0.166722372174263,0.5277112722396851,0.2219393402338028,-0.1403178572654724,0.529875636100769,0.22165854275226593,-0.1405652016401291,0.532094419002533,0.22157147526741028,-0.1404896229505539,0.5214742422103882,0.22194074094295502,-0.15471681952476501,0.5197003483772278,0.22170589864253998,-0.15505912899971008,0.5179632902145386,0.22146643698215485,-0.1552073061466217,0.5360087752342224,0.22555306553840637,-0.004516489338129759,0.5149950981140137,0.22603455185890198,-0.07048862427473068,0.5279986262321472,0.2440461814403534,-0.11386747658252716,0.5204352140426636,0.24454675614833832,-0.1348820924758911,0.5610103607177734,0.3033463656902313,0.11090396344661713,0.48939937353134155,0.2993146777153015,-0.06079497188329697,0.5685456991195679,0.3931896388530731,0.150155171751976,0.47602739930152893,0.3894432485103607,-0.11036431789398193,0.6025608777999878,0.4535485506057739,-0.024048950523138046,0.4382389187812805,0.4596675634384155,-0.2646700441837311,0.6112683415412903,0.47070467472076416,-0.04925701394677162,0.42529815435409546,0.4801989793777466,-0.31504949927330017,0.6144962906837463,0.46938130259513855,-0.09570027887821198,0.42318838834762573,0.4800817668437958,-0.3422326147556305,0.6101341843605042,0.4631733298301697,-0.04648931697010994,0.42904847860336304,0.4737708866596222,-0.28057926893234253,0.5342093706130981,0.48772767186164856,0.07009046524763107,0.5023989677429199,0.4845782518386841,-0.07032594829797745,0.5234419107437134,0.638787567615509,0.08933980762958527,0.5087977647781372,0.6433837413787842,-0.19436681270599365,0.5105547904968262,0.7819901704788208,0.22785064578056335,0.5009316802024841,0.817043662071228,-0.19971954822540283,0.5044021010398865,0.798473596572876,0.23322172462940216,0.4968481659889221,0.8477668166160583,-0.20746426284313202,0.5179517269134521,0.8276199698448181,0.11320723593235016,0.5226665735244751,0.8763924837112427,-0.37386271357536316
frame_00314.jpg,0.5249040126800537,0.2319263517856598,-0.15897220373153687,0.528282880783081,0.22113482654094696,-0.13204853236675262,0.5303064584732056,0.22089825570583344,-0.13228848576545715,0.532368540763855,0.2207677811384201,-0.13221487402915955,0.5224536061286926,0.2212357521057129,-0.14636364579200745,0.5207329988479614,0.22109124064445496,-0.14670208096504211,0.5190203189849854,0.22090081870555878,-0.14683927595615387,0.5360146760940552,0.2249775230884552,-0.0019285036250948906,0.5158847570419312,0.22630730271339417,-0.06077922135591507,0.5285096168518066,0.24299661815166473,-0.10554150491952896,0.5216649770736694,0.2438061684370041,-0.1265449821949005,0.5609917044639587,0.30337217450141907,0.12816600501537323,0.48965901136398315,0.29987701773643494,-0.05213816091418266,0.5683084726333618,0.3936627209186554,0.1636180430650711,0.476440966129303,0.3884325921535492,-0.1092992052435875,0.6032686233520508,0.4459962546825409,-0.02180878445506096,0.4369443953037262,0.45154398679733276,-0.2760002911090851,0.6129240989685059,0.4616759419441223,-0.04845942184329033,0.4229358732700348,0.4686325490474701,-0.3290463089942932,0.6168588995933533,0.4595825970172882,-0.09583538770675659,0.42000046372413635,0.46764352917671204,-0.3557610809803009,0.6119031310081482,0.45289087295532227,-0.04525235295295715,0.4265945851802826,0.46162188053131104,-0.2920180559158325,0.5343584418296814,0.4867350459098816,0.07094165682792664,0.5029457807540894,0.4837600886821747,-0.07116280496120453,0.5222039222717285,0.6409882307052612,0.08067955821752548,0.5088313817977905,0.6429403424263,-0.19265472888946533,0.5088812708854675,0.7795670628547668,0.24020788073539734,0.5016649961471558,0.8177740573883057,-0.1884484589099884,0.5025898218154907,0.7948402166366577,0.24816247820854187,0.49766048789024353,0.8400120139122009,-0.19540901482105255,0.5147604942321777,0.8255246877670288,0.12946420907974243,0.5210261940956116,0.8764685392379761,-0.36704835295677185
frame_00315.jpg,0.5249314904212952,0.23635244369506836,-0.17496567964553833,0.5282909274101257,0.2257603257894516,-0.1450132429599762,0.5303808450698853,0.22536298632621765,-0.1452653557062149,0.5325548052787781,0.2250252515077591,-0.14517256617546082,0.5224179029464722,0.22626814246177673,-0.1585487276315689,0.5205788016319275,0.2262546569108963,-0.15890736877918243,0.5186760425567627,0.226084366440773,-0.15907669067382812,0.5360070466995239,0.2306249439716339,0.0028231418691575527,0.5149024724960327,0.2330668717622757,-0.056502897292375565,0.528564453125,0.24718160927295685,-0.11622893810272217,0.5217170119285583,0.24831517040729523,-0.13592258095741272,0.5607462525367737,0.3051852881908417,0.12784448266029358,0.48828762769699097,0.30169761180877686,-0.044598136097192764,0.566933810710907,0.394772469997406,0.15619613230228424,0.47657451033592224,0.3898371458053589,-0.09688130766153336,0.6027735471725464,0.4400085508823395,-0.022284600883722305,0.4374743402004242,0.446463942527771,-0.2780206799507141,0.6137694120407104,0.4512820839881897,-0.04848215728998184,0.42277202010154724,0.45763522386550903,-0.32906386256217957,0.6173373460769653,0.44789835810661316,-0.09236587584018707,0.41962891817092896,0.45530128479003906,-0.3553285002708435,0.611996054649353,0.44336196780204773,-0.04397926479578018,0.4270363748073578,0.4513111412525177,-0.2938728928565979,0.5344167351722717,0.48934274911880493,0.05687553435564041,0.5028510093688965,0.4864329397678375,-0.05719127506017685,0.5226248502731323,0.643853485584259,-0.02127152308821678,0.5068531632423401,0.6403369307518005,-0.18324598670005798,0.5054552555084229,0.80513596534729,0.031478893011808395,0.4900115132331848,0.755521833896637,-0.029890134930610657,0.5031252503395081,0.828253448009491,0.028342556208372116,0.4902063012123108,0.7702453136444092,-0.01894732005894184,0.5152246356010437,0.8617985248565674,-0.1209154948592186,0.49615779519081116,0.8043956756591797,-0.143034890294075
frame_00316.jpg,0.5236705541610718,0.2606661915779114,-0.16538387537002563,0.527138888835907,0.24823500216007233,-0.13150069117546082,0.5293558239936829,0.24746540188789368,-0.13176329433918,0.5316524505615234,0.24680866301059723,-0.13163673877716064,0.520492434501648,0.2486542910337448,-0.1400153934955597,0.5181059241294861,0.24835196137428284,-0.14035822451114655,0.51563560962677,0.24812357127666473,-0.1405404657125473,0.5348237156867981,0.25044459104537964,0.019077470526099205,0.511798620223999,0.2530656158924103,-0.023410212248563766,0.5269722938537598,0.2695229649543762,-0.1059878021478653,0.5189675092697144,0.2708929479122162,-0.11874475330114365,0.5595077872276306,0.3197377622127533,0.12392314523458481,0.48499685525894165,0.3165745437145233,0.010436678305268288,0.5652257800102234,0.4013564884662628,0.10470833629369736,0.47536906599998474,0.4000711441040039,-0.06506077945232391,0.6026264429092407,0.43538060784339905,-0.10384681075811386,0.4376765787601471,0.44543400406837463,-0.2658063471317291,0.6132604479789734,0.44066697359085083,-0.137893408536911,0.42254477739334106,0.45172151923179626,-0.3167145848274231,0.6168774366378784,0.4354460835456848,-0.17356587946414948,0.4189079701900482,0.4477139115333557,-0.3433144986629486,0.6114471554756165,0.4341244697570801,-0.12287547439336777,0.426109254360199,0.4462593197822571,-0.2818017601966858,0.5344189405441284,0.4953700304031372,0.03704477846622467,0.5026174783706665,0.4909462630748749,-0.03731466829776764,0.5228986740112305,0.6584041118621826,-0.058314066380262375,0.5048825740814209,0.6141714453697205,-0.22639334201812744,0.5063144564628601,0.8280574083328247,-0.01680297777056694,0.4933811128139496,0.6669948101043701,0.004189763218164444,0.5034237504005432,0.8449763655662537,-0.020754141733050346,0.4927932620048523,0.6791117191314697,0.02544398233294487,0.5143176317214966,0.8811944723129272,-0.17124152183532715,0.4872230589389801,0.7251904606819153,-0.06265556812286377
frame_00317.jpg,0.5223475098609924,0.2717515230178833,-0.1612119972705841,0.526450514793396,0.2600294053554535,-0.1307908594608307,0.528866171836853,0.2598366141319275,-0.13104619085788727,0.5312787294387817,0.2597272992134094,-0.13095159828662872,0.5190795063972473,0.26009878516197205,-0.13826555013656616,0.5163100361824036,0.2600838541984558,-0.1386066973209381,0.5135220885276794,0.2601480782032013,-0.1388094425201416,0.5346279144287109,0.2650059163570404,0.020514553412795067,0.5099116563796997,0.26518020033836365,-0.020845871418714523,0.5257266163825989,0.281370609998703,-0.10406762361526489,0.5167528390884399,0.2826240658760071,-0.11730378866195679,0.5575526356697083,0.33384737372398376,0.1239166110754013,0.4851624071598053,0.327187716960907,0.014545286074280739,0.5649641752243042,0.41260334849357605,0.10826684534549713,0.4751431345939636,0.4070581793785095,-0.03347466513514519,0.6006184816360474,0.43146803975105286,-0.07749860733747482,0.4415310323238373,0.4443403482437134,-0.19756564497947693,0.6122642755508423,0.43412113189697266,-0.11272643506526947,0.42890602350234985,0.4480833411216736,-0.2438683956861496,0.614170253276825,0.42804116010665894,-0.13909798860549927,0.4250355660915375,0.44513586163520813,-0.26756733655929565,0.60872483253479,0.4277736246585846,-0.0921446904540062,0.4311341643333435,0.4442543387413025,-0.2120826244354248,0.5340314507484436,0.5071011781692505,0.03156770393252373,0.5023751854896545,0.5031680464744568,-0.03185439854860306,0.5226197838783264,0.6643938422203064,-0.049930840730667114,0.5035006999969482,0.6254197359085083,-0.14488007128238678,0.5062605142593384,0.8301418423652649,0.023870369419455528,0.4952302575111389,0.6607154607772827,0.22075411677360535,0.5025330185890198,0.8471232652664185,0.024306749925017357,0.4940027594566345,0.6645487546920776,0.25656479597091675,0.5137823224067688,0.8844290971755981,-0.11948837339878082,0.48930639028549194,0.7164259552955627,0.1996118575334549
frame_00318.jpg,0.5224615335464478,0.27020761370658875,-0.15872269868850708,0.5263859033584595,0.25899025797843933,-0.12917214632034302,0.5287114381790161,0.2589831054210663,-0.12942351400852203,0.5310273170471191,0.2589712142944336,-0.12933075428009033,0.5191938281059265,0.25856298208236694,-0.13775640726089478,0.5164870023727417,0.25848621129989624,-0.1380971223115921,0.5137516260147095,0.2585320770740509,-0.13828851282596588,0.5337412357330322,0.2646174132823944,0.017781272530555725,0.5101085901260376,0.26473668217658997,-0.024525770917534828,0.5256003141403198,0.2809167504310608,-0.10301186889410019,0.5170642137527466,0.28185024857521057,-0.11687685549259186,0.5562461614608765,0.3332933485507965,0.1121002584695816,0.48505693674087524,0.3286428451538086,0.009368155151605606,0.5646885633468628,0.41621774435043335,0.11117619276046753,0.4736636281013489,0.4114483892917633,-0.04226243123412132,0.5943544507026672,0.43049943447113037,-0.07557657361030579,0.444444477558136,0.44266852736473083,-0.21422922611236572,0.6053509712219238,0.4327922761440277,-0.10956788063049316,0.4344406723976135,0.4443269670009613,-0.2626180946826935,0.6063095331192017,0.4261384904384613,-0.14186157286167145,0.43121546506881714,0.4415339231491089,-0.28659260272979736,0.6007704734802246,0.4262475073337555,-0.09281179308891296,0.43727952241897583,0.4405559301376343,-0.2291688472032547,0.5336688756942749,0.5072942972183228,0.02693520113825798,0.5019947290420532,0.5029250383377075,-0.02720940113067627,0.5227713584899902,0.666654646396637,-0.05967172980308533,0.5008060336112976,0.6231581568717957,-0.11024333536624908,0.5059577226638794,0.8292948007583618,0.007999205961823463,0.4954966604709625,0.6608832478523254,0.23704692721366882,0.5016742944717407,0.8483912944793701,0.007776164449751377,0.49422088265419006,0.6627091765403748,0.2705687880516052,0.513184666633606,0.8802036643028259,-0.14033760130405426,0.48647552728652954,0.7095438838005066,0.2053765505552292
frame_00319.jpg,0.5225470662117004,0.26788854598999023,-0.161485955119133,0.526337206363678,0.25617483258247375,-0.13115720450878143,0.5286902189254761,0.2559780478477478,-0.13142146170139313,0.5310326814651489,0.2558234632015228,-0.13130930066108704,0.5192527174949646,0.2561398148536682,-0.14067529141902924,0.5166101455688477,0.25607505440711975,-0.1410323679447174,0.5139397382736206,0.2561136782169342,-0.1412208378314972,0.533750593662262,0.2610184848308563,0.017824547365307808,0.5097693800926208,0.2617211937904358,-0.026268810033798218,0.5256510972976685,0.27786585688591003,-0.10425456613302231,0.5173438787460327,0.27882498502731323,-0.11879043281078339,0.5563116669654846,0.33153024315834045,0.1209343671798706,0.48402509093284607,0.32729148864746094,0.006606018636375666,0.5643835663795471,0.41526147723197937,0.13294324278831482,0.4736320972442627,0.410209059715271,-0.045554451644420624,0.5942752957344055,0.4319813847541809,-0.050584398210048676,0.4444643557071686,0.442756325006485,-0.24872562289237976,0.6053037643432617,0.43626028299331665,-0.08255691826343536,0.43435388803482056,0.4456004500389099,-0.30254465341567993,0.6065624952316284,0.43044722080230713,-0.11901111900806427,0.4314778447151184,0.44155314564704895,-0.32445675134658813,0.6012386679649353,0.4296022057533264,-0.06930342316627502,0.4373394846916199,0.44031110405921936,-0.26308518648147583,0.5337254405021667,0.506781280040741,0.030731162056326866,0.5012452006340027,0.5026102662086487,-0.031003868207335472,0.5227075815200806,0.66664719581604,-0.06365934014320374,0.4980434775352478,0.6119076609611511,-0.13495837152004242,0.505630612373352,0.8335645198822021,0.006495320703834295,0.4941730499267578,0.6565173864364624,0.22971267998218536,0.500584602355957,0.8517984747886658,0.005700456909835339,0.4933038651943207,0.6563045978546143,0.26606690883636475,0.5134168863296509,0.8871088027954102,-0.14999116957187653,0.4910353124141693,0.7044744491577148,0.19891901314258575
frame_00320.jpg,0.52208411693573,0.26107627153396606,-0.17747268080711365,0.5256975889205933,0.24862726032733917,-0.1483844518661499,0.5281535983085632,0.24901840090751648,-0.14863769710063934,0.5306745767593384,0.24934597313404083,-0.14853806793689728,0.5188215374946594,0.24734361469745636,-0.15918399393558502,0.5163062214851379,0.24702027440071106,-0.1595485955476761,0.5136687755584717,0.24669338762760162,-0.15974125266075134,0.5337060689926147,0.2550225257873535,-0.0047309305518865585,0.5096003413200378,0.25363507866859436,-0.056086618453264236,0.5251160860061646,0.27390486001968384,-0.12297932803630829,0.5171723365783691,0.27370283007621765,-0.13956259191036224,0.555403470993042,0.32220420241355896,0.0945294201374054,0.4839089512825012,0.32378971576690674,-0.027154669165611267,0.5625054240226746,0.3991061747074127,0.11953383684158325,0.4736182689666748,0.4045560657978058,-0.11715145409107208,0.5827692747116089,0.4312332570552826,-0.03332499414682388,0.4458298683166504,0.44212913513183594,-0.3274346888065338,0.5933698415756226,0.4381493031978607,-0.05550820380449295,0.435891330242157,0.4474487006664276,-0.38224032521247864,0.5947529077529907,0.4308260381221771,-0.09327332675457001,0.4338570535182953,0.44391584396362305,-0.403014600276947,0.5897361040115356,0.4305492639541626,-0.050866663455963135,0.43900197744369507,0.4419679641723633,-0.34160012006759644,0.5321000814437866,0.5020490288734436,0.03476306423544884,0.49909549951553345,0.49649205803871155,-0.034971363842487335,0.5204555988311768,0.6650481820106506,-0.023385683074593544,0.49136418104171753,0.5824915766716003,-0.3111574947834015,0.5057461857795715,0.8352113366127014,0.03668050840497017,0.48709574341773987,0.6641924977302551,-0.15400174260139465,0.5008503198623657,0.8527299165725708,0.034749582409858704,0.48767367005348206,0.6713587045669556,-0.14078688621520996,0.5135456323623657,0.8851483464241028,-0.10870401561260223,0.4890511631965637,0.7063619494438171,-0.24177773296833038
frame_00321.jpg,0.5218583345413208,0.24278564751148224,-0.1707393229007721,0.5254040956497192,0.23084880411624908,-0.14190858602523804,0.5279956459999084,0.2310304492712021,-0.14215552806854248,0.5306422710418701,0.23129190504550934,-0.14206036925315857,0.5185266733169556,0.22999177873134613,-0.15390552580356598,0.5160346627235413,0.22961653769016266,-0.15424218773841858,0.5133184194564819,0.22914250195026398,-0.15440957248210907,0.5340210199356079,0.23463115096092224,0.0005728022078983486,0.5090945959091187,0.23312285542488098,-0.034955356270074844,0.5251145362854004,0.25616803765296936,-0.11656959354877472,0.5172950029373169,0.2557317614555359,-0.1332363337278366,0.5554609298706055,0.30981966853141785,0.09195863455533981,0.4837997555732727,0.31217774748802185,0.01116831786930561,0.5626349449157715,0.3955913484096527,0.08838563412427902,0.47294488549232483,0.39642471075057983,-0.05364860221743584,0.5840375423431396,0.44018691778182983,-0.07379969954490662,0.44567570090293884,0.44250577688217163,-0.25270217657089233,0.5931662321090698,0.45614176988601685,-0.09920423477888107,0.4354497790336609,0.4519840180873871,-0.3003259003162384,0.5946672558784485,0.4548439085483551,-0.1326180398464203,0.43325075507164,0.4493817985057831,-0.32903507351875305,0.589817225933075,0.4495982527732849,-0.08923478424549103,0.43872183561325073,0.44482019543647766,-0.26985251903533936,0.5309985280036926,0.49066367745399475,0.03383293002843857,0.49707716703414917,0.4854719340801239,-0.03407840058207512,0.5160987973213196,0.6579941511154175,-0.06921765208244324,0.4972877502441406,0.5644788146018982,-0.4264865815639496,0.505859375,0.8368098735809326,-0.03931031376123428,0.4889264702796936,0.678495466709137,-0.282094269990921,0.5010303258895874,0.85630202293396,-0.045956067740917206,0.48916611075401306,0.6860605478286743,-0.2710445523262024,0.51422119140625,0.8881460428237915,-0.2164061963558197,0.4909732937812805,0.7348814606666565,-0.40214452147483826
frame_00322.jpg,0.521882951259613,0.23246264457702637,-0.25229549407958984,0.5256093740463257,0.22071009874343872,-0.22353248298168182,0.5284940004348755,0.22087539732456207,-0.22380776703357697,0.5314441919326782,0.22119475901126862,-0.22371149063110352,0.5185967683792114,0.22039468586444855,-0.23757334053516388,0.5161247253417969,0.22020022571086884,-0.23792798817157745,0.5134094953536987,0.21990638971328735,-0.23810990154743195,0.5348236560821533,0.22392943501472473,-0.06917060911655426,0.5088024139404297,0.22257772088050842,-0.13320697844028473,0.5252560377120972,0.24594619870185852,-0.19247059524059296,0.5173677802085876,0.24529840052127838,-0.21319575607776642,0.5554471611976624,0.3003632426261902,0.0655563548207283,0.4839629530906677,0.3009389042854309,-0.1037333756685257,0.5614664554595947,0.3946140706539154,0.10196324437856674,0.47271639108657837,0.39031729102134705,-0.1682359278202057,0.5852435827255249,0.4571574032306671,-0.03844514489173889,0.444525808095932,0.4463939070701599,-0.3358505666255951,0.5938475728034973,0.47642937302589417,-0.059198759496212006,0.4328083395957947,0.4640362560749054,-0.38970649242401123,0.5955882668495178,0.4763931632041931,-0.10475484281778336,0.43048977851867676,0.4632098376750946,-0.41466253995895386,0.5906919240951538,0.46931105852127075,-0.05877084285020828,0.43662476539611816,0.45685264468193054,-0.35075122117996216,0.5305545330047607,0.4786549210548401,0.06216954439878464,0.49713262915611267,0.4752015173435211,-0.06242933124303818,0.5169044733047485,0.6211099624633789,0.08190692216157913,0.5038076639175415,0.5685815811157227,-0.3246406018733978,0.5031153559684753,0.7517693638801575,0.2285633534193039,0.48881182074546814,0.784106969833374,-0.21512696146965027,0.49786263704299927,0.7666231393814087,0.23472511768341064,0.4857671856880188,0.808837890625,-0.21952542662620544,0.5073880553245544,0.8186059594154358,0.1091105192899704,0.5023605227470398,0.8436555862426758,-0.3862190842628479
frame_00323.jpg,0.5224095582962036,0.22731254994869232,-0.22657199203968048,0.5264633893966675,0.21425308287143707,-0.1978449523448944,0.5296450853347778,0.2141229212284088,-0.1981143206357956,0.5326626896858215,0.21425403654575348,-0.19801175594329834,0.5187364816665649,0.2147340178489685,-0.21548056602478027,0.5161424875259399,0.21490496397018433,-0.21583518385887146,0.5134932398796082,0.2149364948272705,-0.21600039303302765,0.5354254245758057,0.21724151074886322,-0.0449678860604763,0.5084408521652222,0.2180636078119278,-0.12748797237873077,0.5263234972953796,0.23999693989753723,-0.16677325963974,0.517661452293396,0.24001894891262054,-0.19223162531852722,0.5550976991653442,0.2974761426448822,0.07469102740287781,0.4841386675834656,0.293542742729187,-0.11719955503940582,0.5596979856491089,0.3944503962993622,0.16379505395889282,0.4724532663822174,0.3847951292991638,-0.2139032632112503,0.5838152170181274,0.46374160051345825,0.036832936108112335,0.44121092557907104,0.44657257199287415,-0.4044714868068695,0.5906060934066772,0.483428418636322,0.019705604761838913,0.4276184141635895,0.46641305088996887,-0.46439772844314575,0.5929705500602722,0.4832639694213867,-0.02880741097033024,0.42579975724220276,0.4666067957878113,-0.4851662516593933,0.5882498621940613,0.47582218050956726,0.015159713104367256,0.4324418902397156,0.45984840393066406,-0.418304443359375,0.5306797623634338,0.4760914444923401,0.0809306725859642,0.4972139894962311,0.4729314148426056,-0.08114232122898102,0.5174247622489929,0.6210507750511169,0.13338305056095123,0.5071616172790527,0.6082375645637512,-0.2620999813079834,0.5006216764450073,0.7451121807098389,0.3046759366989136,0.4959319233894348,0.8079959154129028,-0.2748057544231415,0.4930723309516907,0.7595008611679077,0.3136429190635681,0.4898935854434967,0.8338648080825806,-0.2849934995174408,0.5065950155258179,0.8005239367485046,0.20511861145496368,0.5104786157608032,0.8693297505378723,-0.45924296975135803
frame_00324.jpg,0.5228241682052612,0.22288385033607483,-0.21116384863853455,0.5272992253303528,0.20983737707138062,-0.18650232255458832,0.5308356285095215,0.20982025563716888,-0.1868055909872055,0.5339232087135315,0.21002326905727386,-0.18671533465385437,0.5190805196762085,0.21035729348659515,-0.1927996426820755,0.5162993669509888,0.21068650484085083,-0.19315198063850403,0.5135279893875122,0.21087874472141266,-0.19332605600357056,0.5363527536392212,0.2138381451368332,-0.02978319488465786,0.5085201263427734,0.2157183140516281,-0.09978307038545609,0.5271819233894348,0.23600506782531738,-0.15896247327327728,0.5180544257164001,0.23606045544147491,-0.17007240653038025,0.555513322353363,0.2993759214878082,0.12024112045764923,0.4842528700828552,0.293290913105011,-0.09623545408248901,0.5567141175270081,0.39480578899383545,0.18546687066555023,0.4711860120296478,0.38447386026382446,-0.17676900327205658,0.582750141620636,0.46252161264419556,0.038450416177511215,0.4349564015865326,0.4467029869556427,-0.3486798107624054,0.589596152305603,0.4825233221054077,0.018961243331432343,0.42131108045578003,0.46830323338508606,-0.40456515550613403,0.5922299027442932,0.482176274061203,-0.02852476015686989,0.4189225733280182,0.46805959939956665,-0.4272295832633972,0.5877923369407654,0.47506052255630493,0.016356907784938812,0.4250442385673523,0.46076059341430664,-0.36290523409843445,0.5307630300521851,0.4769194722175598,0.0861864760518074,0.4973333775997162,0.47428950667381287,-0.08640589565038681,0.5177079439163208,0.6237190961837769,0.10087357461452484,0.5114112496376038,0.6288355588912964,-0.250216543674469,0.49928632378578186,0.7545072436332703,0.24996253848075867,0.497699499130249,0.8214189410209656,-0.2905558943748474,0.4903797507286072,0.7668638825416565,0.25698763132095337,0.4815738797187805,0.8622753620147705,-0.3018323481082916,0.5045315027236938,0.812704861164093,0.14194869995117188,0.513290524482727,0.8778656721115112,-0.4808475077152252
frame_00325.jpg,0.5240360498428345,0.2218485027551651,-0.1349128633737564,0.5284988284111023,0.20959165692329407,-0.10386712849140167,0.532126784324646,0.20931893587112427,-0.10409406572580338,0.5350972414016724,0.20927652716636658,-0.10398290306329727,0.5200148820877075,0.21044506132602692,-0.12684032320976257,0.5171008110046387,0.21085485816001892,-0.12720295786857605,0.5141676068305969,0.21114233136177063,-0.12734374403953552,0.5371258854866028,0.21354128420352936,0.04784123972058296,0.5086566805839539,0.216034933924675,-0.06489010155200958,0.5290418863296509,0.2344340682029724,-0.07708440721035004,0.5193697214126587,0.2349262684583664,-0.10965029150247574,0.5555535554885864,0.30028244853019714,0.1875350922346115,0.4854392111301422,0.2917143404483795,-0.08034632354974747,0.5543690323829651,0.39540764689445496,0.23994939029216766,0.4707356095314026,0.38403448462486267,-0.1887536346912384,0.5820244550704956,0.4618074595928192,0.08251657336950302,0.4312687814235687,0.44667431712150574,-0.37661099433898926,0.589085578918457,0.48065635561943054,0.06434250622987747,0.4175449311733246,0.4678225517272949,-0.4370047450065613,0.5918407440185547,0.47958633303642273,0.017421912401914597,0.4152897894382477,0.46723172068595886,-0.4548540711402893,0.5876479744911194,0.47335249185562134,0.060126833617687225,0.4209757447242737,0.46027466654777527,-0.3892670273780823,0.5302385091781616,0.478493869304657,0.0962105244398117,0.4974539875984192,0.4752097725868225,-0.09643694013357162,0.5180903673171997,0.6289583444595337,0.07944615185260773,0.5129908323287964,0.6419363617897034,-0.24874523282051086,0.49953967332839966,0.7732794880867004,0.19181334972381592,0.49807482957839966,0.8306401371955872,-0.2636808753013611,0.4904862940311432,0.7766018509864807,0.1950247585773468,0.483618825674057,0.8560829162597656,-0.2717704176902771,0.5054563283920288,0.8187258839607239,0.07036647200584412,0.5153306126594543,0.8804140090942383,-0.4446249008178711
frame_00326.jpg,0.5241950154304504,0.22497038543224335,-0.11110265552997589,0.528587818145752,0.21318431198596954,-0.07968932390213013,0.5322282314300537,0.21295246481895447,-0.07992217689752579,0.5352340340614319,0.21292516589164734,-0.07982075959444046,0.5201590061187744,0.213985413312912,-0.10209552198648453,0.5172611474990845,0.21434102952480316,-0.10246936976909637,0.5143358707427979,0.21459127962589264,-0.10262925922870636,0.5372520089149475,0.21747644245624542,0.06753882765769958,0.5089483857154846,0.21949441730976105,-0.037159428000450134,0.529436469078064,0.23795388638973236,-0.05456512048840523,0.5197106599807739,0.2384360432624817,-0.08622457832098007,0.5568251013755798,0.3009386658668518,0.2008170783519745,0.4857541024684906,0.29414698481559753,-0.07081367075443268,0.5546904802322388,0.39797982573509216,0.25877952575683594,0.470768541097641,0.38514119386672974,-0.17720459401607513,0.5821499824523926,0.4614333212375641,0.11175747960805893,0.43238353729248047,0.44530683755874634,-0.37411126494407654,0.5896679162979126,0.479044109582901,0.09603901952505112,0.4177543520927429,0.46362432837486267,-0.4337043762207031,0.5921605825424194,0.47743767499923706,0.04943648725748062,0.4154127240180969,0.463128924369812,-0.4509216845035553,0.5878133773803711,0.471617728471756,0.08977632969617844,0.4214232563972473,0.45725271105766296,-0.3867373466491699,0.530268132686615,0.4795912802219391,0.09435734897851944,0.49765047430992126,0.4766775965690613,-0.09460081905126572,0.5200757384300232,0.6305491328239441,0.06710850447416306,0.5146695375442505,0.6442875266075134,-0.24735304713249207,0.4988766312599182,0.7793991565704346,0.12366757541894913,0.4974934458732605,0.8219131231307983,-0.2541605830192566,0.4890608787536621,0.7774945497512817,0.12197154760360718,0.48453372716903687,0.8369405269622803,-0.2613612413406372,0.5055609941482544,0.834613561630249,-0.008767004124820232,0.5143133401870728,0.8809881806373596,-0.42974376678466797
frame_00327.jpg,0.5247229933738708,0.23651337623596191,-0.13190647959709167,0.5292754769325256,0.22293658554553986,-0.10052566230297089,0.5327969789505005,0.2228856235742569,-0.10076843202114105,0.5357084274291992,0.2231241762638092,-0.10067329555749893,0.5208662152290344,0.22281597554683685,-0.12143530696630478,0.517909049987793,0.22281081974506378,-0.12180473655462265,0.5148554444313049,0.2228800654411316,-0.12196042388677597,0.5372903943061829,0.22897595167160034,0.05195946618914604,0.509007453918457,0.22910498082637787,-0.045124102383852005,0.5295552015304565,0.24945172667503357,-0.0730419009923935,0.5197581052780151,0.24865636229515076,-0.10292009264230728,0.5565824508666992,0.30920034646987915,0.18923677504062653,0.4856659471988678,0.3042609989643097,-0.06581605970859528,0.5525793433189392,0.4053472578525543,0.2609700858592987,0.469337522983551,0.3909299075603485,-0.1666921079158783,0.5824716687202454,0.45629528164863586,0.11900101602077484,0.4331669807434082,0.4443303346633911,-0.3664394021034241,0.5906365513801575,0.47273460030555725,0.10258475691080093,0.4182511866092682,0.4582141041755676,-0.42557889223098755,0.5924190878868103,0.4692002832889557,0.05565411597490311,0.4156564772129059,0.4576520025730133,-0.44427555799484253,0.5882216691970825,0.4648186266422272,0.09687934815883636,0.42202767729759216,0.4532422721385956,-0.3797985911369324,0.5304692387580872,0.4916796088218689,0.09014932811260223,0.49776992201805115,0.4903692901134491,-0.09037893265485764,0.5205240249633789,0.6510031223297119,0.05664347857236862,0.5142865180969238,0.657852053642273,-0.24045784771442413,0.49921923875808716,0.8145217299461365,0.14751815795898438,0.49764809012413025,0.8418676853179932,-0.2210071086883545,0.4898071885108948,0.8191595673561096,0.14928355813026428,0.484733909368515,0.8568776845932007,-0.22619514167308807,0.5121141672134399,0.8589914441108704,0.024026673287153244,0.514711856842041,0.8938060998916626,-0.3944331109523773
frame_00328.jpg,0.5286701917648315,0.2584361732006073,-0.09531612694263458,0.5309891104698181,0.2472781240940094,-0.0627363994717598,0.5334299206733704,0.24714304506778717,-0.06298307329416275,0.5358142256736755,0.24717921018600464,-0.06286878138780594,0.5240930318832397,0.24663208425045013,-0.08995477855205536,0.5211488008499146,0.24619463086128235,-0.09030038863420486,0.5181062817573547,0.24590171873569489,-0.09042941778898239,0.5364390015602112,0.2510536015033722,0.08762441575527191,0.5104683637619019,0.2503579258918762,-0.0373443141579628,0.530539870262146,0.26868781447410583,-0.037224180996418,0.5221285820007324,0.26869842410087585,-0.0754246860742569,0.5445374250411987,0.3268147110939026,0.21672853827476501,0.4894096851348877,0.31011199951171875,-0.0700102299451828,0.5451914668083191,0.4172408878803253,0.26038858294487,0.48244205117225647,0.39088547229766846,-0.20600202679634094,0.5870437622070312,0.4524029493331909,0.09440509974956512,0.453437864780426,0.4304055869579315,-0.3888326585292816,0.5993720889091492,0.4596182107925415,0.07581379264593124,0.43736472725868225,0.44615185260772705,-0.4466984272003174,0.60181725025177,0.4549923241138458,0.031010959297418594,0.43644094467163086,0.4428043067455292,-0.4583066999912262,0.5969676375389099,0.4546683132648468,0.07178828865289688,0.44584983587265015,0.4385652542114258,-0.3994194567203522,0.5303895473480225,0.5113288760185242,0.0994766429066658,0.5008681416511536,0.5094488859176636,-0.09967786073684692,0.5214396715164185,0.6683909893035889,0.07569712400436401,0.5144606828689575,0.6710317134857178,-0.23445114493370056,0.49831733107566833,0.8210338950157166,0.18127760291099548,0.49659043550491333,0.8394816517829895,-0.16569021344184875,0.48797082901000977,0.8309245705604553,0.18437090516090393,0.48381534218788147,0.8525319695472717,-0.164096862077713,0.5126303434371948,0.8648766875267029,0.06296993046998978,0.5140455365180969,0.8923080563545227,-0.31448930501937866
frame_00329.jpg,0.5325489640235901,0.2767793834209442,-0.07071491330862045,0.53287672996521,0.26599934697151184,-0.04080664739012718,0.5344411134719849,0.2661016881465912,-0.041064854711294174,0.5361696481704712,0.26636365056037903,-0.04094577580690384,0.5274224877357483,0.26480942964553833,-0.0732467770576477,0.5249886512756348,0.2641802132129669,-0.07354429364204407,0.5225237607955933,0.2635781466960907,-0.07363329082727432,0.5356104969978333,0.26967647671699524,0.09462285041809082,0.5147162675857544,0.26685917377471924,-0.04186989367008209,0.532217800617218,0.28831180930137634,-0.01808566227555275,0.5256831645965576,0.2882474660873413,-0.06314896792173386,0.5296019911766052,0.3437638580799103,0.21919123828411102,0.49538904428482056,0.3236772119998932,-0.11881247907876968,0.5374290943145752,0.43435147404670715,0.23585247993469238,0.5084646940231323,0.3909546434879303,-0.32239192724227905,0.5909582376480103,0.4458538889884949,0.06257836520671844,0.5125893950462341,0.36797845363616943,-0.5157952308654785,0.6036797165870667,0.4454609751701355,0.045589275658130646,0.5100237131118774,0.35953807830810547,-0.5819967985153198,0.606117844581604,0.43913161754608154,0.012096695601940155,0.5105066895484924,0.35333043336868286,-0.57340407371521,0.6005110144615173,0.4402337670326233,0.04006338492035866,0.5116149187088013,0.3579823672771454,-0.519372820854187,0.5269943475723267,0.5287619829177856,0.11125750839710236,0.5053242444992065,0.5281512141227722,-0.11137112230062485,0.5216827392578125,0.682621955871582,0.11217024177312851,0.516709566116333,0.6891171932220459,-0.23434221744537354,0.4946073591709137,0.8249900937080383,0.22007687389850616,0.49457621574401855,0.8446051478385925,-0.14546723663806915,0.48271578550338745,0.8374258279800415,0.22355496883392334,0.4810139536857605,0.8571273684501648,-0.1407882571220398,0.5125707387924194,0.8684006929397583,0.11875025928020477,0.51393061876297,0.8946908116340637,-0.26664483547210693
frame_00330.jpg,0.5323073863983154,0.2807850241661072,-0.13388679921627045,0.5331171751022339,0.2694668471813202,-0.101395383477211,0.5348199605941772,0.26978036761283875,-0.10165295749902725,0.536628246307373,0.2702116370201111,-0.10156027972698212,0.5270717740058899,0.26844561100006104,-0.1320897489786148,0.5245449542999268,0.26814720034599304,-0.13237307965755463,0.5220012664794922,0.2679310142993927,-0.13249289989471436,0.535444974899292,0.27628034353256226,0.04998566582798958,0.5146393775939941,0.27357515692710876,-0.08545689284801483,0.532492995262146,0.2942650616168976,-0.07621614634990692,0.5254333019256592,0.2927570641040802,-0.11864040046930313,0.5348837971687317,0.35063523054122925,0.1894572228193283,0.49496832489967346,0.3380582928657532,-0.1208447590470314,0.5381711721420288,0.4419037997722626,0.18914054334163666,0.4824126362800598,0.4202286899089813,-0.315432608127594,0.5921356081962585,0.443139910697937,0.0013367845676839352,0.4833841323852539,0.399443656206131,-0.5634781122207642,0.6058409214019775,0.44140344858169556,-0.02407021075487137,0.47396475076675415,0.3699664771556854,-0.6350170969963074,0.6078227162361145,0.43439167737960815,-0.06261207908391953,0.4730936586856842,0.37802204489707947,-0.6358090043067932,0.6017831563949585,0.43487629294395447,-0.020306933671236038,0.4769207835197449,0.3751371502876282,-0.5716103315353394,0.5272301435470581,0.5341569185256958,0.10256922245025635,0.5050190687179565,0.5344173908233643,-0.10270454734563828,0.5222773551940918,0.6866697072982788,0.09890831261873245,0.5168958902359009,0.6933039426803589,-0.1941145807504654,0.49462586641311646,0.8255053758621216,0.2086324244737625,0.4937865734100342,0.8439844846725464,-0.10439318418502808,0.4833051264286041,0.8373737335205078,0.21160896122455597,0.48053932189941406,0.8570754528045654,-0.1015288382768631,0.5130945444107056,0.8737198114395142,0.08863291889429092,0.5137624740600586,0.8989080190658569,-0.25030580163002014
frame_00331.jpg,0.5319621562957764,0.2783328592777252,-0.14594587683677673,0.5331465601921082,0.26717624068260193,-0.11394672095775604,0.5349183678627014,0.2673618197441101,-0.11417343467473984,0.5367095470428467,0.26763680577278137,-0.11409513652324677,0.5268296003341675,0.26604586839675903,-0.14293187856674194,0.5242432355880737,0.2655915915966034,-0.14324676990509033,0.5216671824455261,0.2652212679386139,-0.14337635040283203,0.5348786115646362,0.2718146741390228,0.04137437418103218,0.5145476460456848,0.26859065890312195,-0.09081695228815079,0.5324019193649292,0.2907617390155792,-0.08617739379405975,0.5252243280410767,0.29014885425567627,-0.12660101056098938,0.534917414188385,0.34563544392585754,0.1842169463634491,0.4944024980068207,0.33364352583885193,-0.1200956329703331,0.5376642346382141,0.44083744287490845,0.21223202347755432,0.4757097661495209,0.41417545080184937,-0.3057505190372467,0.5920897126197815,0.44362565875053406,0.05857629328966141,0.4737071096897125,0.42436733841896057,-0.5440196394920349,0.6051734685897827,0.4451889395713806,0.038829267024993896,0.4633548855781555,0.4185234606266022,-0.6127442121505737,0.607183575630188,0.4394007921218872,-0.0029726396314799786,0.46280401945114136,0.42230936884880066,-0.6171094179153442,0.6013388633728027,0.4386395812034607,0.03658554330468178,0.466555118560791,0.4184511601924896,-0.5529716610908508,0.5268548130989075,0.5283963680267334,0.100925013422966,0.5043020248413086,0.5281583070755005,-0.10108469426631927,0.521987795829773,0.6866539716720581,0.08513349294662476,0.516464352607727,0.6929923892021179,-0.18261446058750153,0.49491167068481445,0.8294373750686646,0.18439477682113647,0.4938828945159912,0.8408566117286682,-0.09149334579706192,0.4841751456260681,0.841332197189331,0.1838386207818985,0.4813447892665863,0.8541866540908813,-0.08870205283164978,0.5147460699081421,0.876586377620697,0.05185169726610184,0.5135794281959534,0.8931686282157898,-0.2387242615222931
frame_00332.jpg,0.5318397283554077,0.2692289650440216,-0.23845835030078888,0.5330672264099121,0.25717538595199585,-0.21015505492687225,0.534900963306427,0.25850993394851685,-0.21041488647460938,0.5368892550468445,0.2596074342727661,-0.21037840843200684,0.5262774229049683,0.25398683547973633,-0.23523083329200745,0.5234085321426392,0.2535323202610016,-0.2355169802904129,0.520870566368103,0.25367698073387146,-0.23570036888122559,0.5351765751838684,0.26374247670173645,-0.06058049201965332,0.5137012004852295,0.2616593539714813,-0.17785108089447021,0.5323598980903625,0.2820810377597809,-0.17935366928577423,0.5246791243553162,0.280572772026062,-0.21502940356731415,0.5366835594177246,0.3449935019016266,0.091286301612854,0.4939039349555969,0.3312792181968689,-0.19155749678611755,0.5368643999099731,0.4348796606063843,0.1381651610136032,0.47511568665504456,0.4123004376888275,-0.28336435556411743,0.5886154174804688,0.4498373568058014,-0.00031554739689454436,0.4689605236053467,0.4397828280925751,-0.43948015570640564,0.6021223664283752,0.45462802052497864,-0.014922264032065868,0.45968097448349,0.4497147500514984,-0.4870273172855377,0.6060791015625,0.4481731951236725,-0.05738897994160652,0.4598357677459717,0.4487850069999695,-0.49697357416152954,0.6000447869300842,0.4461124837398529,-0.021396102383732796,0.46303290128707886,0.4451708495616913,-0.4463047981262207,0.5243576765060425,0.5262507200241089,0.10617772489786148,0.501430869102478,0.5232206583023071,-0.10628865659236908,0.5219920873641968,0.5744308233261108,0.29987624287605286,0.5162110924720764,0.6873365044593811,-0.17836621403694153,0.5005424618721008,0.5447482466697693,0.5772371888160706,0.4941975176334381,0.8436149954795837,-0.14587590098381042,0.49663859605789185,0.5445955395698547,0.6006808876991272,0.4823462963104248,0.8579024076461792,-0.150114506483078,0.5139222145080566,0.5371243357658386,0.561841607093811,0.5141479969024658,0.8907377123832703,-0.2962850332260132
frame_00333.jpg,0.5316357612609863,0.24925623834133148,-0.20340938866138458,0.5331805348396301,0.23680096864700317,-0.17313382029533386,0.5354573130607605,0.23762260377407074,-0.17335346341133118,0.5375266075134277,0.23817044496536255,-0.1732710301876068,0.5261452794075012,0.2343694567680359,-0.19885772466659546,0.5233138799667358,0.2340080440044403,-0.19918587803840637,0.5208410024642944,0.23402906954288483,-0.1993207037448883,0.535729706287384,0.24311628937721252,-0.01794183999300003,0.5136004686355591,0.2400556057691574,-0.13593704998493195,0.532841682434082,0.26312679052352905,-0.1426176279783249,0.5246837139129639,0.262001633644104,-0.17858494818210602,0.5369929075241089,0.3183031976222992,0.12768146395683289,0.49392271041870117,0.3109568953514099,-0.1563655436038971,0.5373815298080444,0.41346707940101624,0.1679336130619049,0.4736366271972656,0.39581042528152466,-0.27014610171318054,0.5770812034606934,0.4562223255634308,0.014478964731097221,0.45957866311073303,0.45670086145401,-0.430655300617218,0.590158998966217,0.4711306393146515,-0.00442796153947711,0.452474981546402,0.474385142326355,-0.47784918546676636,0.5938540697097778,0.4680608808994293,-0.04719030112028122,0.45632463693618774,0.4770488739013672,-0.4894508421421051,0.5885781645774841,0.46315398812294006,-0.006992460694164038,0.4588260054588318,0.47008052468299866,-0.43688780069351196,0.5208703279495239,0.5130895972251892,0.10419334471225739,0.5004842281341553,0.507876992225647,-0.1043708473443985,0.5220134258270264,0.6054286956787109,0.10934551060199738,0.516158938407898,0.6643750071525574,-0.20457537472248077,0.49883198738098145,0.7478362917900085,0.16259820759296417,0.4958442151546478,0.8431364297866821,-0.2264138013124466,0.49439963698387146,0.7707213759422302,0.16110198199748993,0.47333067655563354,0.8574820756912231,-0.2336091697216034,0.5111535787582397,0.7992424368858337,0.05284600704908371,0.514534592628479,0.8888391852378845,-0.38141193985939026
frame_00334.jpg,0.5316095948219299,0.2304086685180664,-0.18493881821632385,0.5335063338279724,0.21868905425071716,-0.15448562800884247,0.536117434501648,0.21918268501758575,-0.15470224618911743,0.5382832288742065,0.2194853127002716,-0.1546097844839096,0.5262225270271301,0.21669428050518036,-0.17887434363365173,0.5233362913131714,0.21610890328884125,-0.1792074292898178,0.5207263827323914,0.2157544195652008,-0.17934343218803406,0.5374463796615601,0.2255423367023468,-0.0015407337341457605,0.514061689376831,0.22089987993240356,-0.11524633318185806,0.5338319540023804,0.24481062591075897,-0.1252792775630951,0.52508145570755,0.24287232756614685,-0.15963049232959747,0.5378852486610413,0.3038059175014496,0.1304430067539215,0.4935295581817627,0.29707422852516174,-0.13486061990261078,0.536089301109314,0.40057462453842163,0.18030644953250885,0.47175636887550354,0.3898896276950836,-0.25737130641937256,0.5648908019065857,0.46194249391555786,0.03616401553153992,0.4488704800605774,0.4642764925956726,-0.42033323645591736,0.5730193853378296,0.4850277006626129,0.0177198126912117,0.4398762583732605,0.484740674495697,-0.47424107789993286,0.5772863030433655,0.48220691084861755,-0.026222530752420425,0.44477424025535583,0.4870336353778839,-0.48687273263931274,0.5734692811965942,0.47581374645233154,0.014898860827088356,0.448946088552475,0.48050880432128906,-0.4283866286277771,0.5192621946334839,0.49663621187210083,0.10200927406549454,0.4986613690853119,0.4906907379627228,-0.10218308866024017,0.5245574116706848,0.6231017708778381,0.0576217882335186,0.5187487006187439,0.6486198306083679,-0.20621535181999207,0.49807119369506836,0.7863237857818604,0.13114170730113983,0.4897032380104065,0.8388153910636902,-0.21083712577819824,0.49274516105651855,0.8071115612983704,0.1311582773923874,0.47209006547927856,0.8591461181640625,-0.21689417958259583,0.5033890008926392,0.8388897776603699,0.01111613679677248,0.5144596695899963,0.8866047263145447,-0.373497873544693
frame_00335.jpg,0.5327439904212952,0.2270931750535965,-0.2083800584077835,0.5349756479263306,0.21338920295238495,-0.17682574689388275,0.5375548601150513,0.2134433090686798,-0.1770363301038742,0.5398396253585815,0.21350206434726715,-0.176921084523201,0.5272002220153809,0.21151985228061676,-0.20223398506641388,0.524209201335907,0.21082526445388794,-0.20257620513439178,0.5212169885635376,0.2102067917585373,-0.2027318775653839,0.5386477708816528,0.21901026368141174,-0.019499579444527626,0.5146850943565369,0.21492032706737518,-0.13630831241607666,0.5354092717170715,0.24155229330062866,-0.1472601741552353,0.5265136957168579,0.23863036930561066,-0.1827767938375473,0.5381788015365601,0.30045586824417114,0.13130055367946625,0.4943639636039734,0.2895115613937378,-0.1556408554315567,0.5337733030319214,0.4001854658126831,0.18477892875671387,0.4670948386192322,0.38227951526641846,-0.2660999894142151,0.5526296496391296,0.47111308574676514,0.05844714492559433,0.43885770440101624,0.46304550766944885,-0.4205722212791443,0.5569961071014404,0.49628812074661255,0.0450182668864727,0.4263369143009186,0.48335888981819153,-0.4747393727302551,0.5606601238250732,0.4943343997001648,0.0016211342299357057,0.43064871430397034,0.4874039590358734,-0.4869474470615387,0.5571576356887817,0.48562759160995483,0.03827754408121109,0.436947762966156,0.48093539476394653,-0.4285524785518646,0.5190219283103943,0.4851497411727905,0.10336776077747345,0.4970373511314392,0.4771851599216461,-0.10356809198856354,0.5368349552154541,0.6128152012825012,0.06539729237556458,0.5257466435432434,0.6235855221748352,-0.23829469084739685,0.49672216176986694,0.7321218252182007,0.22120945155620575,0.4874493479728699,0.8262503147125244,-0.2752029299736023,0.4831627309322357,0.7472378015518188,0.23044225573539734,0.47059932351112366,0.8573052883148193,-0.28392359614372253,0.4981573224067688,0.8048500418663025,0.1430521309375763,0.5143545866012573,0.8850117921829224,-0.438937246799469
frame_00336.jpg,0.5350589752197266,0.22892720997333527,-0.20225290954113007,0.5368188619613647,0.2157663255929947,-0.170123890042305,0.5388361215591431,0.21585765480995178,-0.17032362520694733,0.5407799482345581,0.21598348021507263,-0.17018835246562958,0.5296230316162109,0.213736429810524,-0.19862113893032074,0.5269192457199097,0.21278689801692963,-0.1989692896604538,0.5239547491073608,0.21211624145507812,-0.19913415610790253,0.5390139818191528,0.21944168210029602,-0.011962777003645897,0.5166916251182556,0.21590997278690338,-0.1432458460330963,0.5365477800369263,0.2417343109846115,-0.14051936566829681,0.52855384349823,0.23936431109905243,-0.1800185889005661,0.5373169183731079,0.2962000072002411,0.14062289893627167,0.49410635232925415,0.29061517119407654,-0.1694726198911667,0.5286017656326294,0.39455586671829224,0.23024292290210724,0.46391773223876953,0.38189974427223206,-0.2781285345554352,0.5309316515922546,0.4693368673324585,0.12395045906305313,0.42920464277267456,0.4611077308654785,-0.4237000346183777,0.5305993556976318,0.49391618371009827,0.11650854349136353,0.4167272448539734,0.4806097745895386,-0.4784517288208008,0.5335890054702759,0.4941725432872772,0.07452058792114258,0.41839441657066345,0.48287758231163025,-0.487352192401886,0.5325497388839722,0.4847564101219177,0.10476303100585938,0.42462220788002014,0.47701340913772583,-0.4301535189151764,0.5191351175308228,0.4802342653274536,0.11060822010040283,0.4965076446533203,0.47628724575042725,-0.11083821207284927,0.5419168472290039,0.6038418412208557,0.06926517188549042,0.5265362858772278,0.621726393699646,-0.23572266101837158,0.4924713969230652,0.7111719846725464,0.2241302728652954,0.48780298233032227,0.7983075976371765,-0.23236095905303955,0.47501492500305176,0.7178153991699219,0.23409557342529297,0.47213536500930786,0.8170800805091858,-0.23775537312030792,0.49436822533607483,0.7898330688476562,0.14403139054775238,0.5098590850830078,0.8602511286735535,-0.3940895199775696
frame_00337.jpg,0.5356470346450806,0.22887733578681946,-0.2050614356994629,0.5375115275382996,0.21567454934120178,-0.17180316150188446,0.5394840240478516,0.21587514877319336,-0.17201563715934753,0.541404664516449,0.21609193086624146,-0.1718614548444748,0.5300861597061157,0.21357885003089905,-0.19918528199195862,0.527267336845398,0.21264910697937012,-0.1995333582162857,0.524056613445282,0.21207073330879211,-0.19969215989112854,0.5396830439567566,0.2195625752210617,-0.009641982614994049,0.5168776512145996,0.21644695103168488,-0.13546791672706604,0.5371367931365967,0.24167126417160034,-0.14211225509643555,0.5290108919143677,0.23963800072669983,-0.18027770519256592,0.5374565124511719,0.29739731550216675,0.14230380952358246,0.4939243197441101,0.2905578911304474,-0.1599867194890976,0.5291452407836914,0.3945772349834442,0.22182181477546692,0.46477049589157104,0.38046154379844666,-0.27889710664749146,0.5339363813400269,0.4690400958061218,0.09558098763227463,0.42873311042785645,0.46071672439575195,-0.44734710454940796,0.5336328744888306,0.4934595823287964,0.08342458307743073,0.4144967496395111,0.4768013656139374,-0.5083054900169373,0.5367823839187622,0.4942916929721832,0.04168534651398659,0.41509875655174255,0.47786930203437805,-0.516684889793396,0.5355355739593506,0.48529061675071716,0.0760214775800705,0.4221196174621582,0.4729534387588501,-0.4548878073692322,0.5179976224899292,0.4797355532646179,0.11044941842556,0.49400997161865234,0.4774866998195648,-0.11067526042461395,0.5426039099693298,0.6024393439292908,0.11183035373687744,0.5303340554237366,0.6168597340583801,-0.23058724403381348,0.49082833528518677,0.6981860995292664,0.3278803825378418,0.4884600043296814,0.7830753922462463,-0.17953774333000183,0.4736889898777008,0.6955338716506958,0.3439764380455017,0.4733807444572449,0.79799485206604,-0.1772409975528717,0.49222618341445923,0.763830840587616,0.26950302720069885,0.5072907209396362,0.8508434295654297,-0.31145235896110535
frame_00338.jpg,0.5366188287734985,0.22926035523414612,-0.1683363914489746,0.5380719304084778,0.2170228213071823,-0.13518482446670532,0.539848804473877,0.21744750440120697,-0.13541384041309357,0.541726291179657,0.2178114354610443,-0.13527438044548035,0.5312811136245728,0.21490831673145294,-0.1643827110528946,0.5284641981124878,0.21417869627475739,-0.1647101789712906,0.5252521634101868,0.21370936930179596,-0.16488732397556305,0.5396801829338074,0.2221902310848236,0.02228897251188755,0.5176491737365723,0.2191646546125412,-0.1123756393790245,0.5377229452133179,0.2427717000246048,-0.10763480514287949,0.5305184125900269,0.2408275604248047,-0.14809098839759827,0.5369076728820801,0.2994787096977234,0.17081983387470245,0.49381527304649353,0.29269111156463623,-0.15221798419952393,0.5252271890640259,0.3934474289417267,0.2284739464521408,0.4656316637992859,0.37929248809814453,-0.2963293194770813,0.5221576690673828,0.4682440161705017,0.09473587572574615,0.43285974860191345,0.4451274871826172,-0.4931103587150574,0.5222985148429871,0.49169471859931946,0.07937178760766983,0.42010465264320374,0.46088287234306335,-0.5595839619636536,0.5252299904823303,0.4902504086494446,0.04052020236849785,0.4200127124786377,0.46370047330856323,-0.564560055732727,0.5239174962043762,0.48173844814300537,0.07589392364025116,0.42681270837783813,0.45895451307296753,-0.5002350211143494,0.5167621374130249,0.48007968068122864,0.10856352746486664,0.494223415851593,0.47947362065315247,-0.10878380388021469,0.5404034852981567,0.6089751124382019,0.07365700602531433,0.5410637259483337,0.6048003435134888,-0.2211800068616867,0.4905872941017151,0.7914059162139893,0.1812259703874588,0.4876187741756439,0.7315548658370972,-0.032708149403333664,0.4755527377128601,0.793502926826477,0.18475346267223358,0.47105875611305237,0.7404428124427795,-0.01623421348631382,0.492573082447052,0.8458901047706604,0.08192698657512665,0.5040780305862427,0.7942345142364502,-0.10565932840108871
frame_00339.jpg,0.5363079309463501,0.24205811321735382,-0.16727086901664734,0.5378772616386414,0.23054476082324982,-0.13324876129627228,0.5397121906280518,0.23030684888362885,-0.13348902761936188,0.54161137342453,0.23016756772994995,-0.13335570693016052,0.531044065952301,0.22941084206104279,-0.16187623143196106,0.528201162815094,0.22868506610393524,-0.1622115671634674,0.5250391364097595,0.22815366089344025,-0.1624118834733963,0.5394020080566406,0.2317296862602234,0.029117172583937645,0.5175359845161438,0.22926728427410126,-0.10339413583278656,0.5375562906265259,0.2534913718700409,-0.1050928607583046,0.5302251577377319,0.25210627913475037,-0.14485621452331543,0.5333414077758789,0.30102577805519104,0.18601061403751373,0.49498075246810913,0.29644709825515747,-0.15192845463752747,0.518395721912384,0.3946152925491333,0.26148468255996704,0.46767300367355347,0.37442442774772644,-0.2948686182498932,0.5160291194915771,0.46734651923179626,0.15965262055397034,0.4422270357608795,0.4357496500015259,-0.48267388343811035,0.5157528519630432,0.4936254620552063,0.15071603655815125,0.4255863130092621,0.4502381980419159,-0.5460656881332397,0.5170423984527588,0.49089106917381287,0.11446215957403183,0.4253796935081482,0.45203447341918945,-0.5482357144355774,0.51693195104599,0.48193687200546265,0.1432345062494278,0.4330001473426819,0.4478340446949005,-0.48802146315574646,0.5130996704101562,0.4839344918727875,0.10749047994613647,0.49440377950668335,0.48308107256889343,-0.10771707445383072,0.5330573320388794,0.6508409976959229,0.06169179081916809,0.5494509935379028,0.5932254195213318,-0.22678637504577637,0.4908459782600403,0.8143619298934937,0.11832566559314728,0.48756998777389526,0.6380172371864319,0.019790638238191605,0.47579455375671387,0.8278712034225464,0.11665238440036774,0.4719083905220032,0.6284663677215576,0.045653458684682846,0.49680835008621216,0.8690043091773987,0.012727116234600544,0.49193888902664185,0.7098200917243958,0.0012553050182759762
frame_00340.jpg,0.5357468724250793,0.27148231863975525,-0.18395784497261047,0.5373536348342896,0.2576510012149811,-0.14702776074409485,0.5390569567680359,0.2570055425167084,-0.1472957581281662,0.5408003330230713,0.2564629912376404,-0.14715489745140076,0.5306738018989563,0.2566095292568207,-0.1746697723865509,0.5277291536331177,0.25564369559288025,-0.17501257359981537,0.5244784951210022,0.2548239529132843,-0.1752358376979828,0.5368582010269165,0.2558402121067047,0.024181995540857315,0.5161327123641968,0.2545749843120575,-0.10424451529979706,0.5356472730636597,0.28145191073417664,-0.11749714612960815,0.5283311605453491,0.2805834412574768,-0.15611641108989716,0.5306189060211182,0.3115563690662384,0.17937152087688446,0.4941135346889496,0.31421321630477905,-0.14721596240997314,0.5142336487770081,0.39636918902397156,0.2775549292564392,0.4706200957298279,0.3761107623577118,-0.305212140083313,0.5156300663948059,0.467276930809021,0.2187686711549759,0.45217281579971313,0.43012720346450806,-0.5062868595123291,0.5152878761291504,0.4910837411880493,0.2173047959804535,0.43699806928634644,0.44486919045448303,-0.5699988007545471,0.517431914806366,0.4974152743816376,0.18148460984230042,0.43896812200546265,0.44575628638267517,-0.5689201354980469,0.5170590281486511,0.48856011033058167,0.20412325859069824,0.4451671540737152,0.4416760504245758,-0.5105380415916443,0.5088279843330383,0.501825749874115,0.1046941876411438,0.49478593468666077,0.4969063103199005,-0.10500232875347137,0.521054208278656,0.6554023027420044,0.0520065538585186,0.5635529160499573,0.5918309688568115,-0.2260606586933136,0.4887329041957855,0.8198378682136536,0.0990917831659317,0.4878464341163635,0.6252866387367249,0.038767118006944656,0.47657519578933716,0.8392959833145142,0.09660719335079193,0.47258734703063965,0.6155914068222046,0.0662464052438736,0.5017713904380798,0.8793100118637085,-0.00882459245622158,0.4886895716190338,0.7020719647407532,0.028404707089066505
frame_00341.jpg,0.5337260365486145,0.2856210172176361,-0.1961635798215866,0.5356873273849487,0.27183768153190613,-0.1600147783756256,0.5375296473503113,0.2711617350578308,-0.16028660535812378,0.5393192768096924,0.27054473757743835,-0.16017362475395203,0.5282486081123352,0.27084264159202576,-0.18942371010780334,0.525022566318512,0.26986682415008545,-0.1897597759962082,0.5216137766838074,0.2690806984901428,-0.18996188044548035,0.5352381467819214,0.26985979080200195,0.014105265028774738,0.5138887166976929,0.2692006826400757,-0.12322386354207993,0.5336108803749084,0.2953835427761078,-0.1297350525856018,0.525349497795105,0.29537683725357056,-0.1704445332288742,0.525714099407196,0.32469359040260315,0.17971475422382355,0.49253910779953003,0.32925665378570557,-0.15338976681232452,0.5132154822349548,0.4042459726333618,0.28715428709983826,0.46416085958480835,0.4062521755695343,-0.29686543345451355,0.5253153443336487,0.46238189935684204,0.21394777297973633,0.4649403691291809,0.43189868330955505,-0.44450703263282776,0.5229489803314209,0.4785258173942566,0.2121080607175827,0.4585408568382263,0.4465925395488739,-0.49571889638900757,0.5303295254707336,0.4747147262096405,0.1742301732301712,0.46154433488845825,0.44698771834373474,-0.4897051453590393,0.5186959505081177,0.4693635106086731,0.19745048880577087,0.46362462639808655,0.44319671392440796,-0.44424954056739807,0.5057018995285034,0.5159196853637695,0.10721176862716675,0.4956088662147522,0.5119364261627197,-0.10751916468143463,0.5158652663230896,0.6643946170806885,0.06083327531814575,0.5670343637466431,0.5952104926109314,-0.22478003799915314,0.48729705810546875,0.8313018083572388,0.10220541805028915,0.4883059859275818,0.6288897395133972,0.012124570086598396,0.4759376049041748,0.8539002537727356,0.09860418736934662,0.4727023243904114,0.6180744767189026,0.03608625754714012,0.5034964084625244,0.8895222544670105,-0.005365150049328804,0.48721998929977417,0.7021859288215637,-0.0002417613723082468
frame_00342.jpg,0.5336646437644958,0.2916985750198364,-0.18407243490219116,0.5354546904563904,0.27719756960868835,-0.14800205826759338,0.5371425747871399,0.2763577401638031,-0.14829567074775696,0.53880774974823,0.27554962038993835,-0.14821994304656982,0.5281664729118347,0.2766062617301941,-0.17804113030433655,0.5248940587043762,0.27561405301094055,-0.17836257815361023,0.5215094089508057,0.27471449971199036,-0.17856809496879578,0.5338548421859741,0.27478983998298645,0.022218020632863045,0.513323187828064,0.27480432391166687,-0.1153692826628685,0.5329434871673584,0.3014097809791565,-0.11849923431873322,0.5251770615577698,0.3015841245651245,-0.1599096953868866,0.5198377370834351,0.32879728078842163,0.18514099717140198,0.4924865663051605,0.3366791903972626,-0.14273184537887573,0.5122787952423096,0.41399529576301575,0.2935318350791931,0.4649953842163086,0.4172370135784149,-0.2992306649684906,0.528751015663147,0.45769575238227844,0.2304987907409668,0.470755398273468,0.43135881423950195,-0.47444137930870056,0.5378560423851013,0.46710166335105896,0.22982220351696014,0.46764498949050903,0.4422324001789093,-0.5305883884429932,0.5406705141067505,0.46444764733314514,0.19190487265586853,0.46819010376930237,0.4401549696922302,-0.5233853459358215,0.5326612591743469,0.4625215530395508,0.21417716145515442,0.4696022570133209,0.43680623173713684,-0.475868284702301,0.506218671798706,0.5203722715377808,0.10664564371109009,0.49607783555984497,0.5150778293609619,-0.10697631537914276,0.5150110125541687,0.675162136554718,0.048734016716480255,0.5685814619064331,0.5955596566200256,-0.22441355884075165,0.4860372543334961,0.8285367488861084,0.06444106251001358,0.49164310097694397,0.6328245997428894,-0.0060796793550252914,0.475900262594223,0.8506925106048584,0.058473240584135056,0.47637319564819336,0.6251766681671143,0.016026893630623817,0.5030770897865295,0.8848005533218384,-0.05041706562042236,0.4895450472831726,0.705898106098175,-0.023696893826127052
frame_00343.jpg,0.5364335775375366,0.2833065092563629,-0.06493191421031952,0.5362051725387573,0.27005454897880554,-0.03637193888425827,0.5373064279556274,0.26927661895751953,-0.03662604093551636,0.5388022661209106,0.2685500383377075,-0.03654768317937851,0.5313997864723206,0.2697369456291199,-0.07144299149513245,0.5286443829536438,0.26891809701919556,-0.07175008952617645,0.5259053111076355,0.2682056128978729,-0.07189524173736572,0.5317652821540833,0.26850926876068115,0.08839891850948334,0.515681803226471,0.2688538730144501,-0.07246964424848557,0.5336045622825623,0.2942343056201935,-0.016626983880996704,0.528261125087738,0.29370006918907166,-0.0643751323223114,0.5167086124420166,0.328227162361145,0.2265361249446869,0.4952142834663391,0.3312336802482605,-0.1424487829208374,0.5088632702827454,0.41882261633872986,0.3075258433818817,0.46548348665237427,0.4106000065803528,-0.33238381147384644,0.5325177907943726,0.45417290925979614,0.22929617762565613,0.4718008041381836,0.4282965362071991,-0.5143983960151672,0.5509107708930969,0.4640710651874542,0.22680234909057617,0.4698873460292816,0.442636638879776,-0.5744646787643433,0.5562183260917664,0.4601935148239136,0.18719378113746643,0.4722464084625244,0.4393211007118225,-0.5648417472839355,0.5477612614631653,0.45773637294769287,0.21057751774787903,0.4736900329589844,0.4348287284374237,-0.5149326324462891,0.5048598051071167,0.5176263451576233,0.10926459729671478,0.4968360960483551,0.5118741989135742,-0.10956750810146332,0.5135669112205505,0.6713072657585144,0.02081126533448696,0.5656757354736328,0.5938243269920349,-0.17502878606319427,0.48487696051597595,0.826762855052948,-0.04770277813076973,0.4928100109100342,0.6405600309371948,0.0071951160207390785,0.4761740565299988,0.8508802056312561,-0.06265817582607269,0.4777395725250244,0.6344125270843506,0.024788187816739082,0.501552402973175,0.880332887172699,-0.17210614681243896,0.4896855354309082,0.7114372253417969,-0.010515689849853516
frame_00344.jpg,0.5375226140022278,0.27828121185302734,-0.22498302161693573,0.5375332236289978,0.26509159803390503,-0.19533059000968933,0.5384379625320435,0.2644765079021454,-0.1955728828907013,0.5397214889526367,0.26391443610191345,-0.19544538855552673,0.5330468416213989,0.26451554894447327,-0.23339125514030457,0.53034907579422,0.26372024416923523,-0.2336985319852829,0.5276580452919006,0.26305025815963745,-0.2338472604751587,0.5319877862930298,0.2644751965999603,-0.0431380532681942,0.5172012448310852,0.2642822861671448,-0.2142619788646698,0.534398078918457,0.2895282506942749,-0.16364087164402008,0.5296120643615723,0.2888195812702179,-0.2151680439710617,0.5175802707672119,0.32680922746658325,0.13420866429805756,0.4951959252357483,0.3310202360153198,-0.25095561146736145,0.5078350305557251,0.4169941246509552,0.16987404227256775,0.4806576669216156,0.4288960099220276,-0.3511502146720886,0.5368595123291016,0.458902508020401,-0.0185557808727026,0.49689048528671265,0.48461011052131653,-0.42013588547706604,0.5466839075088501,0.46625250577926636,-0.03990454599261284,0.49757909774780273,0.49755600094795227,-0.4681929647922516,0.555999755859375,0.46325385570526123,-0.0764511376619339,0.5023414492607117,0.48968827724456787,-0.4636608064174652,0.5447613000869751,0.4596959948539734,-0.03863728791475296,0.500917911529541,0.4846542477607727,-0.4186592102050781,0.5060494542121887,0.5156113505363464,0.11657379567623138,0.49763721227645874,0.5120862126350403,-0.11681424081325531,0.5346922278404236,0.6417178511619568,0.03320924937725067,0.5540440678596497,0.5941239595413208,-0.19202229380607605,0.4851808547973633,0.8183378577232361,0.16508685052394867,0.4901753067970276,0.7046767473220825,-0.005775950849056244,0.4733125567436218,0.7972023487091064,0.1722053736448288,0.47354239225387573,0.6615506410598755,0.012971686199307442,0.5011520981788635,0.8664862513542175,0.08609047532081604,0.4924844801425934,0.7705795168876648,-0.05097297951579094
frame_00345.jpg,0.5378968715667725,0.264425665140152,-0.20378024876117706,0.538813054561615,0.2518143355846405,-0.1722126007080078,0.5403167009353638,0.2520044445991516,-0.1724502444267273,0.5420663356781006,0.25231608748435974,-0.17232507467269897,0.5330172777175903,0.25042951107025146,-0.20348243415355682,0.5301361083984375,0.24978704750537872,-0.20381112396717072,0.5273004174232483,0.24941958487033844,-0.20399978756904602,0.534812867641449,0.25366413593292236,-0.015427691861987114,0.5173859000205994,0.25133106112480164,-0.1597767472267151,0.5357146859169006,0.2773684561252594,-0.1422322541475296,0.5298452377319336,0.27603939175605774,-0.18533329665660858,0.5181049108505249,0.3163190186023712,0.1415017545223236,0.4950903058052063,0.323459655046463,-0.1959775984287262,0.5100084543228149,0.41049912571907043,0.16232772171497345,0.4810146391391754,0.4152846932411194,-0.327809602022171,0.5070327520370483,0.4689711332321167,-0.005087898578494787,0.48363685607910156,0.47038567066192627,-0.4161366820335388,0.5046623945236206,0.4901130497455597,-0.027383873239159584,0.48064732551574707,0.4865049123764038,-0.4690984785556793,0.5062541961669922,0.4864625930786133,-0.05747082084417343,0.48409801721572876,0.4817652106285095,-0.4676419198513031,0.5057851076126099,0.47683998942375183,-0.02127944678068161,0.4855724275112152,0.4766005575656891,-0.4174500107765198,0.5074299573898315,0.5082131624221802,0.11091975122690201,0.49765294790267944,0.506572961807251,-0.1111259013414383,0.5242570638656616,0.6589034795761108,0.04429542273283005,0.5535206198692322,0.5941475629806519,-0.2509572207927704,0.4853249490261078,0.8206695318222046,0.12944553792476654,0.49238070845603943,0.680811882019043,-0.018936801701784134,0.4761584401130676,0.8260650634765625,0.1301909238100052,0.47408628463745117,0.6687832474708557,-0.006603707559406757,0.5012296438217163,0.870452344417572,0.017778899520635605,0.4928409159183502,0.7452419996261597,-0.07498496025800705
frame_00346.jpg,0.5432075262069702,0.25575724244117737,-0.1511015146970749,0.5424443483352661,0.24138185381889343,-0.12514495849609375,0.5429483652114868,0.24101854860782623,-0.12533347308635712,0.5437819957733154,0.24078944325447083,-0.125218003988266,0.5382477045059204,0.24059875309467316,-0.1612250953912735,0.5354924201965332,0.2398076355457306,-0.1615533083677292,0.5326306223869324,0.23906899988651276,-0.16171222925186157,0.5348256230354309,0.24013106524944305,-0.003585607511922717,0.520188570022583,0.2387177050113678,-0.14898347854614258,0.5383384227752686,0.26757171750068665,-0.09896935522556305,0.5338314771652222,0.2667922377586365,-0.14839568734169006,0.5194565057754517,0.30532389879226685,0.15044237673282623,0.4957786202430725,0.31290996074676514,-0.19226142764091492,0.5034133791923523,0.4030648171901703,0.19373156130313873,0.48016899824142456,0.40920865535736084,-0.3045201897621155,0.4961349070072174,0.4680503010749817,0.05670388787984848,0.4787149429321289,0.4709407389163971,-0.36876925826072693,0.4956377446651459,0.4890974164009094,0.04258120805025101,0.4746870994567871,0.4888233244419098,-0.4148072600364685,0.49639758467674255,0.48849543929100037,0.009534322656691074,0.4769260287284851,0.4870228171348572,-0.4128614366054535,0.49810320138931274,0.48712828755378723,0.039689745754003525,0.47893959283828735,0.4803719222545624,-0.36937886476516724,0.5058183670043945,0.49659451842308044,0.11303161084651947,0.4954053461551666,0.49544575810432434,-0.1131882444024086,0.5462631583213806,0.6109027862548828,0.06522779166698456,0.5338668823242188,0.6033889055252075,-0.2054540365934372,0.4899805188179016,0.7007762789726257,0.19988873600959778,0.4901410639286041,0.7930300235748291,-0.14023056626319885,0.4755213260650635,0.701737105846405,0.20869894325733185,0.4743475019931793,0.8098593354225159,-0.13833752274513245,0.4943862557411194,0.767555832862854,0.13845261931419373,0.495236337184906,0.8532201051712036,-0.24831676483154297
frame_00347.jpg,0.5473818182945251,0.25113150477409363,-0.09563009440898895,0.5453561544418335,0.23601308465003967,-0.07522352039813995,0.5450009107589722,0.23530259728431702,-0.07542192190885544,0.5449657440185547,0.23472213745117188,-0.07532625645399094,0.5427796244621277,0.23570819199085236,-0.11392129957675934,0.5405172109603882,0.23487886786460876,-0.11422225087881088,0.5382119417190552,0.23408907651901245,-0.11434521526098251,0.5348328351974487,0.2335459589958191,0.024510130286216736,0.5245544910430908,0.2337334007024765,-0.14472386240959167,0.5413397550582886,0.2625773549079895,-0.05245562642812729,0.5385801196098328,0.26210644841194153,-0.10527674108743668,0.5191055536270142,0.29910504817962646,0.15249240398406982,0.49848446249961853,0.3107069134712219,-0.20666663348674774,0.4967483580112457,0.4008108079433441,0.19022807478904724,0.4808645248413086,0.4080379605293274,-0.3349960446357727,0.488239049911499,0.4756205976009369,0.06983327120542526,0.47775906324386597,0.46934834122657776,-0.39494872093200684,0.48531395196914673,0.4991632401943207,0.05854494497179985,0.46785932779312134,0.48539960384368896,-0.4573288559913635,0.4833722710609436,0.4866388142108917,0.02615107223391533,0.47411805391311646,0.4866040050983429,-0.45889511704444885,0.4882979989051819,0.4876254200935364,0.05324830859899521,0.47495198249816895,0.4805578589439392,-0.4026041030883789,0.5053106546401978,0.494268000125885,0.11980310827493668,0.49406298995018005,0.49366387724876404,-0.11989927291870117,0.5508880019187927,0.6085077524185181,0.0914207249879837,0.5247320532798767,0.6296748518943787,-0.19727382063865662,0.49037495255470276,0.7022534012794495,0.1910000741481781,0.484295517206192,0.7970693111419678,-0.19572028517723083,0.47408002614974976,0.7052735686302185,0.19634540379047394,0.4704611897468567,0.8113830089569092,-0.19901564717292786,0.49145403504371643,0.7662631273269653,0.13050973415374756,0.4965503215789795,0.8650963306427002,-0.3143426775932312
frame_00348.jpg,0.5477415323257446,0.2502671778202057,-0.020584512501955032,0.5459424257278442,0.2351895421743393,0.0008987210458144546,0.5454310178756714,0.23443388938903809,0.0006552604027092457,0.5451619029045105,0.23383405804634094,0.000723397359251976,0.5437068343162537,0.23500506579875946,-0.03504854813218117,0.5416512489318848,0.23415596783161163,-0.03529801219701767,0.5395732522010803,0.2333850860595703,-0.0354166179895401,0.5348379611968994,0.23293118178844452,0.09903512895107269,0.5264402031898499,0.23351487517356873,-0.0668221190571785,0.5418387055397034,0.26211416721343994,0.01989242061972618,0.5393815636634827,0.2618114650249481,-0.02951948344707489,0.5135530829429626,0.29839345812797546,0.1929587870836258,0.5031796097755432,0.3055513799190521,-0.16119438409805298,0.4908742308616638,0.39154043793678284,0.2233220636844635,0.510479211807251,0.3609165549278259,-0.39064422249794006,0.47119197249412537,0.458736389875412,0.13667036592960358,0.5213066339492798,0.2992805540561676,-0.5802688002586365,0.4592602849006653,0.47865137457847595,0.1290910243988037,0.5233670473098755,0.2883022129535675,-0.647933840751648,0.4617457985877991,0.4756982922554016,0.1033150777220726,0.5214227437973022,0.2899569869041443,-0.6254522800445557,0.4648062586784363,0.4703814685344696,0.12384718656539917,0.5202846527099609,0.2918866276741028,-0.5779314637184143,0.5038249492645264,0.4932652413845062,0.11794067919254303,0.4935283660888672,0.4908140003681183,-0.11806179583072662,0.5478155612945557,0.611925482749939,0.09064820408821106,0.5295509696006775,0.6279107928276062,-0.19851455092430115,0.49055561423301697,0.7210429310798645,0.18746599555015564,0.4842047095298767,0.7756268978118896,-0.1537836492061615,0.4728740155696869,0.724836528301239,0.1920183300971985,0.4587678909301758,0.8013228178024292,-0.15111161768436432,0.49003681540489197,0.7814747095108032,0.11685166507959366,0.4959121346473694,0.8495869040489197,-0.25363558530807495
frame_00349.jpg,0.5480747818946838,0.2503589689731598,-0.06470900028944016,0.546504557132721,0.23604635894298553,-0.04008658230304718,0.5461207628250122,0.2353626936674118,-0.04033716768026352,0.54590904712677,0.2348344624042511,-0.04026838019490242,0.5438949465751648,0.23592741787433624,-0.0751524418592453,0.5417217016220093,0.2351769655942917,-0.07542099803686142,0.5395044088363647,0.23450933396816254,-0.07555551826953888,0.5355695486068726,0.23381397128105164,0.076114721596241,0.5266270041465759,0.23465806245803833,-0.08520767092704773,0.5428122878074646,0.2626226544380188,-0.01767153851687908,0.5398241281509399,0.26228463649749756,-0.06588008254766464,0.5143939852714539,0.30003347992897034,0.18644502758979797,0.5040221810340881,0.3054445683956146,-0.16313591599464417,0.49387702345848083,0.3915790319442749,0.22436492145061493,0.5042098164558411,0.3436744511127472,-0.4056936800479889,0.47240763902664185,0.4552136957645416,0.1296771764755249,0.5222097039222717,0.29019030928611755,-0.5994638204574585,0.4654001295566559,0.4765561819076538,0.1191258430480957,0.5228515267372131,0.28869494795799255,-0.66791832447052,0.47062745690345764,0.4685855507850647,0.09166295826435089,0.5238491892814636,0.28269004821777344,-0.6468711495399475,0.473402202129364,0.46400800347328186,0.11579307168722153,0.5219701528549194,0.28810742497444153,-0.5975286960601807,0.5036354064941406,0.4948222041130066,0.11681072413921356,0.4938574731349945,0.4917295277118683,-0.11694836616516113,0.5443109273910522,0.6186296343803406,0.104438915848732,0.5308445692062378,0.6322255730628967,-0.189631849527359,0.490243136882782,0.7381486892700195,0.20132222771644592,0.48467931151390076,0.7815346121788025,-0.13386045396327972,0.4720126688480377,0.7435455322265625,0.20571577548980713,0.46069878339767456,0.8044122457504272,-0.13032402098178864,0.49292221665382385,0.7963204979896545,0.127886563539505,0.507608950138092,0.8586665987968445,-0.2337964028120041
frame_00350.jpg,0.5473335981369019,0.2536093592643738,-0.07761673629283905,0.5459764003753662,0.24016375839710236,-0.05500981956720352,0.5457883477210999,0.23976919054985046,-0.05526497960090637,0.545714795589447,0.23950250446796417,-0.055226005613803864,0.5428372621536255,0.24007216095924377,-0.08884833008050919,0.5405317544937134,0.23957553505897522,-0.08915957808494568,0.5382175445556641,0.2391074299812317,-0.08932416141033173,0.5357176661491394,0.23996242880821228,0.05846581980586052,0.526016354560852,0.24040403962135315,-0.0980299785733223,0.5425111651420593,0.2665677070617676,-0.03212229534983635,0.5390142202377319,0.26635709404945374,-0.07892715185880661,0.5144981741905212,0.3078860938549042,0.18171754479408264,0.503119170665741,0.30982691049575806,-0.16438308358192444,0.5167728662490845,0.35407084226608276,0.35642069578170776,0.49763616919517517,0.3571094870567322,-0.40008100867271423,0.5089772939682007,0.33613190054893494,0.452772855758667,0.5135761499404907,0.3136533200740814,-0.605368971824646,0.50487220287323,0.3338865041732788,0.4775778651237488,0.5116404294967651,0.306180477142334,-0.6672272682189941,0.500578761100769,0.32327303290367126,0.45112818479537964,0.5146225094795227,0.2990252673625946,-0.6455936431884766,0.5057553648948669,0.3246753513813019,0.4448064863681793,0.5153121948242188,0.3047631084918976,-0.6032183766365051,0.5035553574562073,0.5087738633155823,0.11666746437549591,0.4938667416572571,0.5029285550117493,-0.11683503538370132,0.5424395799636841,0.6359386444091797,0.11848924309015274,0.5066149234771729,0.6734018921852112,-0.1707887053489685,0.4902535080909729,0.7457163333892822,0.2507610321044922,0.4825339913368225,0.8512677550315857,-0.18074747920036316,0.4723629057407379,0.7521072030067444,0.2607974410057068,0.47056442499160767,0.8721061944961548,-0.1844024658203125,0.4934558868408203,0.8032678365707397,0.21819785237312317,0.5184499621391296,0.8892584443092346,-0.2873839735984802
frame_00351.jpg,0.5477224588394165,0.2652833163738251,-0.05719394236803055,0.5463055968284607,0.2528855502605438,-0.03855052962899208,0.5460585951805115,0.2519064247608185,-0.03878757357597351,0.5459034442901611,0.2509613335132599,-0.03876759856939316,0.5435353517532349,0.2532884180545807,-0.07417362183332443,0.5413657426834106,0.25262460112571716,-0.07446248084306717,0.5391896367073059,0.2519395649433136,-0.07460347563028336,0.5357266068458557,0.25001129508018494,0.05522726848721504,0.5272374153137207,0.25242215394973755,-0.10262013971805573,0.5429653525352478,0.2760531008243561,-0.018076032400131226,0.5403186678886414,0.27604979276657104,-0.06713195890188217,0.510369062423706,0.31170985102653503,0.17358939349651337,0.5041918754577637,0.31855878233909607,-0.1739751100540161,0.5196858644485474,0.33335572481155396,0.30811724066734314,0.5035191774368286,0.3517485558986664,-0.3962884545326233,0.5149994492530823,0.31270015239715576,0.3521933853626251,0.5166305303573608,0.3104914724826813,-0.5651693940162659,0.5106257200241089,0.3101885914802551,0.36626237630844116,0.5150010585784912,0.29757970571517944,-0.6221456527709961,0.5059698224067688,0.30269792675971985,0.34291478991508484,0.5182136297225952,0.29167869687080383,-0.6046370267868042,0.512269914150238,0.30330151319503784,0.3433482348918915,0.5180692076683044,0.29792648553848267,-0.5639232397079468,0.5028044581413269,0.5178993940353394,0.11607541888952255,0.4948994517326355,0.5134859085083008,-0.11624066531658173,0.534689724445343,0.6572328805923462,0.10953713953495026,0.5150366425514221,0.677078902721405,-0.1672339290380478,0.4883524477481842,0.7985841631889343,0.14447137713432312,0.48304253816604614,0.8362857103347778,-0.1497386395931244,0.4725920259952545,0.8092530369758606,0.1436040699481964,0.4652271866798401,0.8663828372955322,-0.14926381409168243,0.5034217238426208,0.8548755645751953,0.07748463749885559,0.5161871910095215,0.8897952437400818,-0.24560070037841797
frame_00352.jpg,0.5478615164756775,0.2771182954311371,0.01530173234641552,0.5462774038314819,0.2654833495616913,0.03194480761885643,0.5458788275718689,0.2641583979129791,0.03172190114855766,0.5458090901374817,0.26275399327278137,0.031750284135341644,0.5443140268325806,0.26598024368286133,-0.006173745263367891,0.5425019264221191,0.2651421129703522,-0.006447820458561182,0.5407105684280396,0.2641717195510864,-0.006548938807100058,0.5345582962036133,0.25995221734046936,0.11103649437427521,0.5289153456687927,0.26318612694740295,-0.06589501351118088,0.5427352786064148,0.28706181049346924,0.04986092820763588,0.5405241250991821,0.2876291573047638,-0.0027372650802135468,0.5032150745391846,0.3163742423057556,0.21590860188007355,0.5063132047653198,0.32586565613746643,-0.16598770022392273,0.49688720703125,0.35441187024116516,0.38759756088256836,0.5001491904258728,0.358245313167572,-0.41425570845603943,0.4996684193611145,0.3211347162723541,0.4884145259857178,0.5085670351982117,0.396122008562088,-0.6295079588890076,0.49385255575180054,0.35876354575157166,0.5135707855224609,0.5057560801506042,0.41129061579704285,-0.6911112666130066,0.49699825048446655,0.3739328682422638,0.4837554395198822,0.5120100975036621,0.40694668889045715,-0.6798214912414551,0.4983676075935364,0.332126647233963,0.4792355000972748,0.5097289085388184,0.40189263224601746,-0.6316103339195251,0.5013174414634705,0.5239015221595764,0.1243390291929245,0.49682775139808655,0.5243362784385681,-0.12453342974185944,0.5290698409080505,0.6702536344528198,0.09455333650112152,0.5151974558830261,0.688064694404602,-0.1545681357383728,0.4857034683227539,0.8159452676773071,0.09526219964027405,0.48104310035705566,0.8368616104125977,-0.1450950652360916,0.4712236523628235,0.8322426676750183,0.09052105247974396,0.46490535140037537,0.858484148979187,-0.1478070169687271,0.5037992000579834,0.8697015643119812,0.009251550771296024,0.5139504075050354,0.8903571367263794,-0.2561207115650177
frame_00353.jpg,0.5486357808113098,0.2860926687717438,0.02177681028842926,0.5465511679649353,0.27461081743240356,0.03806380182504654,0.5458917617797852,0.2734611928462982,0.03784431517124176,0.5456908345222473,0.27221250534057617,0.037867672741413116,0.5452449917793274,0.27520984411239624,9.383582073496655e-05,0.5436191558837891,0.27467790246009827,-0.0001871017593657598,0.5420054197311401,0.27405527234077454,-0.0003060003218706697,0.5336288213729858,0.26999834179878235,0.11087647825479507,0.5295547246932983,0.2739691734313965,-0.0647994875907898,0.5429292917251587,0.2968330681324005,0.0538029745221138,0.5415382981300354,0.2972813546657562,0.0015595818404108286,0.5046237707138062,0.32372650504112244,0.20804914832115173,0.5064481496810913,0.33840587735176086,-0.16259565949440002,0.49947839975357056,0.3603667914867401,0.347595751285553,0.49913352727890015,0.3958156704902649,-0.39020007848739624,0.5012701749801636,0.3616112768650055,0.412092924118042,0.5129624605178833,0.4245995283126831,-0.5759361982345581,0.496831476688385,0.37150880694389343,0.43084874749183655,0.5107947587966919,0.43091389536857605,-0.6406456232070923,0.49913692474365234,0.34272173047065735,0.4067150950431824,0.5188193321228027,0.42518410086631775,-0.6486641764640808,0.5006095767021179,0.339619904756546,0.4039599895477295,0.5178722739219666,0.4235236942768097,-0.5795656442642212,0.5014275312423706,0.5300191044807434,0.12316392362117767,0.49755606055259705,0.5338507294654846,-0.12335409224033356,0.5215216875076294,0.6805868148803711,0.1011073961853981,0.5162964463233948,0.6919676065444946,-0.1673777848482132,0.4850941300392151,0.8291826248168945,0.12454099953174591,0.48019880056381226,0.8451224565505981,-0.16936516761779785,0.47141122817993164,0.8419349193572998,0.12259427458047867,0.4643324911594391,0.8623036742210388,-0.1728399693965912,0.5043483972549438,0.8727330565452576,0.04771909862756729,0.5116469860076904,0.8947227597236633,-0.2725363075733185
frame_00354.jpg,0.5480145812034607,0.28743016719818115,-0.0021020642016083,0.5455650687217712,0.27528199553489685,0.017068788409233093,0.5444841384887695,0.27390581369400024,0.0168602392077446,0.5437647104263306,0.27262967824935913,0.016918180510401726,0.5450363755226135,0.2760990858078003,-0.022545594722032547,0.5430920124053955,0.27547016739845276,-0.022831305861473083,0.5411984920501709,0.27488771080970764,-0.0229256022721529,0.531379759311676,0.27078965306282043,0.10306626558303833,0.5289732813835144,0.27519991993904114,-0.07707373052835464,0.5410611033439636,0.2976166307926178,0.035053402185440063,0.5406349897384644,0.2982005178928375,-0.019018957391381264,0.5046896934509277,0.3280942738056183,0.21834655106067657,0.506009042263031,0.340448796749115,-0.17854969203472137,0.5007780194282532,0.40488386154174805,0.3278542160987854,0.49931401014328003,0.41774529218673706,-0.38260138034820557,0.5110876560211182,0.4275665283203125,0.3263588547706604,0.5213392972946167,0.44020992517471313,-0.5216066241264343,0.5207785367965698,0.4382357597351074,0.33513495326042175,0.5245640873908997,0.45084109902381897,-0.5777318477630615,0.5223222970962524,0.4301244020462036,0.3054710030555725,0.5280061960220337,0.4430655241012573,-0.5613535046577454,0.5187464952468872,0.42540502548217773,0.31409478187561035,0.5262463688850403,0.439116895198822,-0.518041729927063,0.5016944408416748,0.5323849320411682,0.12839284539222717,0.4988410472869873,0.5354490280151367,-0.12857858836650848,0.5181155204772949,0.6853674054145813,0.09766437113285065,0.5154429078102112,0.695537805557251,-0.16356903314590454,0.4845651090145111,0.8350380659103394,0.12683948874473572,0.479696661233902,0.8485934138298035,-0.16381144523620605,0.4704667925834656,0.8493750691413879,0.12468288838863373,0.46366649866104126,0.8650173544883728,-0.1623980700969696,0.5054680109024048,0.8817521929740906,0.05178387835621834,0.5113958120346069,0.8982915282249451,-0.2626892328262329
frame_00355.jpg,0.5477064847946167,0.2844688594341278,-0.007275921758264303,0.545497715473175,0.2715281546115875,0.012710620649158955,0.5444373488426208,0.27035796642303467,0.012529348954558372,0.5436752438545227,0.26929351687431335,0.01261199451982975,0.5445841550827026,0.2721065282821655,-0.027932848781347275,0.5425898432731628,0.27144286036491394,-0.028241068124771118,0.5406253933906555,0.2708227336406708,-0.028332527726888657,0.5309779047966003,0.2676176428794861,0.10254982858896255,0.5288933515548706,0.27093443274497986,-0.08158456534147263,0.5410187840461731,0.29467785358428955,0.03137540444731712,0.5403108596801758,0.29495474696159363,-0.02391626313328743,0.5045070052146912,0.32589027285575867,0.2260708063840866,0.5060451030731201,0.3380063772201538,-0.1860542744398117,0.5002217888832092,0.4145096242427826,0.28055161237716675,0.4982939660549164,0.42742443084716797,-0.33340370655059814,0.5135693550109863,0.44985970854759216,0.16244159638881683,0.5256420373916626,0.45280635356903076,-0.3888242840766907,0.528306782245636,0.4656614661216736,0.156296968460083,0.5351049304008484,0.4636398255825043,-0.4356043338775635,0.5305895805358887,0.45243388414382935,0.12362238019704819,0.5390867590904236,0.4534737765789032,-0.4200517535209656,0.527503252029419,0.4439760744571686,0.14527711272239685,0.5343436598777771,0.44830581545829773,-0.383899986743927,0.5017427206039429,0.5284640192985535,0.13332286477088928,0.5001991987228394,0.5303540825843811,-0.13350847363471985,0.5199905633926392,0.6769850850105286,0.09150982648134232,0.5161789655685425,0.6867419481277466,-0.17843225598335266,0.48368364572525024,0.8328362703323364,0.1082850843667984,0.479165256023407,0.8474894762039185,-0.20800337195396423,0.46972769498825073,0.8468031287193298,0.10527664422988892,0.4636196494102478,0.8646236658096313,-0.21399159729480743,0.5058981776237488,0.8753330707550049,0.0388069711625576,0.5105018615722656,0.8974018692970276,-0.31482431292533875
frame_00356.jpg,0.5474852323532104,0.2801857888698578,-0.024796323850750923,0.5454056859016418,0.2673055827617645,-0.0030534237157553434,0.5444484949111938,0.2663487195968628,-0.0032419883646070957,0.5437660217285156,0.2655302882194519,-0.0031623051036149263,0.5443087816238403,0.26863205432891846,-0.04195193201303482,0.5423880219459534,0.2684878706932068,-0.04226253181695938,0.540542483329773,0.2683848738670349,-0.04237069934606552,0.5311421155929565,0.2631247639656067,0.09605690091848373,0.5282160043716431,0.26797714829444885,-0.08357346057891846,0.5411775708198547,0.2907797694206238,0.01664900779724121,0.5400616526603699,0.29200729727745056,-0.03646039217710495,0.5055340528488159,0.32010871171951294,0.22737960517406464,0.5066856145858765,0.333863765001297,-0.18451043963432312,0.5007290840148926,0.4122709333896637,0.2902464270591736,0.4979568123817444,0.4188913404941559,-0.3367064595222473,0.51546710729599,0.4551132619380951,0.2114439457654953,0.5260366201400757,0.4620691239833832,-0.42995840311050415,0.525905966758728,0.4682977497577667,0.2104024589061737,0.5306541919708252,0.47042959928512573,-0.48209649324417114,0.5291234254837036,0.4618173837661743,0.17588350176811218,0.5359200239181519,0.4619845151901245,-0.4684241712093353,0.5270228385925293,0.45757120847702026,0.19478975236415863,0.5338659286499023,0.458333820104599,-0.4268559515476227,0.5017898082733154,0.5226047039031982,0.1337425410747528,0.5017236471176147,0.523633599281311,-0.1339271366596222,0.5206460952758789,0.675719678401947,0.08660378307104111,0.5161455869674683,0.6811279654502869,-0.1916760504245758,0.4836839735507965,0.8233423829078674,0.10588959604501724,0.479766845703125,0.8459174036979675,-0.23833224177360535,0.47025686502456665,0.8400442004203796,0.10293741524219513,0.4660862982273102,0.8703640699386597,-0.24711301922798157,0.5064970254898071,0.8679218292236328,0.031225640326738358,0.5150496959686279,0.8926721811294556,-0.36163681745529175
frame_00357.jpg,0.5473247766494751,0.25938400626182556,-0.057483963668346405,0.5453354120254517,0.24450403451919556,-0.033884190022945404,0.5444539785385132,0.24402721226215363,-0.03404923900961876,0.5438879132270813,0.24365636706352234,-0.033953141421079636,0.5442582368850708,0.2451602667570114,-0.07315878570079803,0.5422460436820984,0.2450447827577591,-0.07347823679447174,0.5401604175567627,0.24498668313026428,-0.07359994202852249,0.5319754481315613,0.2455020546913147,0.07625109702348709,0.527146577835083,0.247716024518013,-0.10344835370779037,0.5412689447402954,0.2719498872756958,-0.01143583469092846,0.5399179458618164,0.2725793123245239,-0.06496753543615341,0.5104648470878601,0.3108900785446167,0.2176181823015213,0.5065961480140686,0.3206959366798401,-0.1958654671907425,0.5009366273880005,0.4175138771533966,0.26001137495040894,0.49824458360671997,0.4181942343711853,-0.32388821244239807,0.5148523449897766,0.4914354383945465,0.14623117446899414,0.5224726796150208,0.4951814115047455,-0.3888576924800873,0.525476336479187,0.5191064476966858,0.13731235265731812,0.5246676206588745,0.521586000919342,-0.43869370222091675,0.5261074900627136,0.5213727355003357,0.1032027155160904,0.5319595336914062,0.5199159979820251,-0.4312766492366791,0.5261576771736145,0.521664559841156,0.12885595858097076,0.531061589717865,0.511416494846344,-0.38749921321868896,0.5031676292419434,0.5149291157722473,0.1338542103767395,0.5034953355789185,0.5175365805625916,-0.13398675620555878,0.5184422731399536,0.6746310591697693,0.10228745639324188,0.5164620280265808,0.6766798496246338,-0.19232182204723358,0.48344770073890686,0.8204478621482849,0.13459578156471252,0.4812542498111725,0.8372632265090942,-0.2051864117383957,0.47012391686439514,0.8399099111557007,0.1307803839445114,0.4684816896915436,0.8614956736564636,-0.21053382754325867,0.5063512325286865,0.8651854395866394,0.03912565857172012,0.5159336924552917,0.8875197768211365,-0.3307912051677704
frame_00358.jpg,0.5477654337882996,0.24100519716739655,-0.011372139677405357,0.545387864112854,0.2267756313085556,0.010929299518465996,0.5444868803024292,0.22635506093502045,0.010756904259324074,0.5438927412033081,0.2259887307882309,0.010847246274352074,0.5442466139793396,0.2269354611635208,-0.029685696586966515,0.5422862768173218,0.2266080528497696,-0.029980476945638657,0.5402742624282837,0.2262578010559082,-0.030107641592621803,0.5320707559585571,0.22886769473552704,0.10686363279819489,0.5273874998092651,0.2302042543888092,-0.07842324674129486,0.5420223474502563,0.254710853099823,0.028427135199308395,0.540885865688324,0.25439491868019104,-0.026737213134765625,0.5116859078407288,0.296220988035202,0.23159468173980713,0.5096033811569214,0.30290210247039795,-0.1936025321483612,0.5012320876121521,0.4107932448387146,0.269206702709198,0.4981837272644043,0.4087047874927521,-0.3130166828632355,0.513087272644043,0.48131272196769714,0.1601570099592209,0.5174422860145569,0.4869099259376526,-0.3729029893875122,0.5182696580886841,0.5094741582870483,0.15430773794651031,0.5137761831283569,0.5129536986351013,-0.42158788442611694,0.5244938135147095,0.5119380354881287,0.11852996051311493,0.5276357531547546,0.5146453380584717,-0.4125392436981201,0.5240761041641235,0.5057342052459717,0.14209310710430145,0.5291028618812561,0.5068979263305664,-0.3708215355873108,0.5053532123565674,0.49823859333992004,0.13419167697429657,0.5041417479515076,0.4973965883255005,-0.13431909680366516,0.5222979784011841,0.6436023116111755,0.10244882106781006,0.5246770977973938,0.6456502079963684,-0.1942674219608307,0.4848784804344177,0.7871952652931213,0.1474006623029709,0.48425355553627014,0.7952890992164612,-0.1716400384902954,0.47152480483055115,0.7996280193328857,0.14545896649360657,0.46733230352401733,0.8293299078941345,-0.17080211639404297,0.5024242401123047,0.8543215394020081,0.06723888963460922,0.5081939697265625,0.8695489764213562,-0.2651048004627228
frame_00359.jpg,0.5475856065750122,0.2375001460313797,-0.046836007386446,0.5451918244361877,0.2234758734703064,-0.022114837542176247,0.5444287657737732,0.22313246130943298,-0.022257041186094284,0.5438921451568604,0.22288183867931366,-0.022093307226896286,0.5433343648910522,0.2232712358236313,-0.06195434182882309,0.5410503149032593,0.22272475063800812,-0.062284715473651886,0.538652241230011,0.2221163660287857,-0.062393367290496826,0.5320916175842285,0.2258891761302948,0.09948669373989105,0.5260759592056274,0.22508935630321503,-0.08675818890333176,0.5419210195541382,0.25008705258369446,0.0022966652177274227,0.5402497053146362,0.24929720163345337,-0.052052367478609085,0.512527346611023,0.2926729917526245,0.2226424664258957,0.510633111000061,0.29662418365478516,-0.18919143080711365,0.5014356374740601,0.40290895104408264,0.24840478599071503,0.49797606468200684,0.4016247093677521,-0.2895365059375763,0.5083860158920288,0.47385647892951965,0.09997696429491043,0.5120275020599365,0.48451507091522217,-0.34276872873306274,0.5088734030723572,0.5005101561546326,0.08736246079206467,0.5059958696365356,0.5090559124946594,-0.39000508189201355,0.5166739225387573,0.5022785067558289,0.051565222442150116,0.5166224241256714,0.5087384581565857,-0.3829178214073181,0.5186223387718201,0.4943625032901764,0.08101660013198853,0.5211891531944275,0.5022591352462769,-0.341201514005661,0.5074220299720764,0.4931527078151703,0.13297909498214722,0.5038736462593079,0.49185246229171753,-0.1331217885017395,0.5419484972953796,0.6318756937980652,0.0968388170003891,0.5247890949249268,0.644792914390564,-0.17725533246994019,0.4851197600364685,0.7432298064231873,0.20267002284526825,0.4881083071231842,0.814492404460907,-0.16859516501426697,0.4704873561859131,0.740188479423523,0.21042807400226593,0.46734920144081116,0.8560059070587158,-0.16957709193229675,0.49116045236587524,0.813220739364624,0.14569875597953796,0.5095258951187134,0.8693573474884033,-0.27655404806137085
frame_00360.jpg,0.547223687171936,0.2321382611989975,-0.04202700033783913,0.5446573495864868,0.21886195242404938,-0.017312178388237953,0.5439342856407166,0.21869133412837982,-0.017470914870500565,0.5434848070144653,0.2187412679195404,-0.0173022523522377,0.5426000952720642,0.21835142374038696,-0.058402664959430695,0.5402136445045471,0.21769438683986664,-0.05873093008995056,0.5377519726753235,0.2169969230890274,-0.058835871517658234,0.5321613550186157,0.2223159521818161,0.09787885844707489,0.5258439183235168,0.22027674317359924,-0.08742347359657288,0.5415204763412476,0.24477200210094452,0.006012491416186094,0.5397512912750244,0.24430856108665466,-0.04952799901366234,0.513164758682251,0.2932029962539673,0.22307753562927246,0.5102640390396118,0.29567715525627136,-0.1827007234096527,0.5015668869018555,0.3960527777671814,0.24786916375160217,0.4978184700012207,0.392890989780426,-0.28036677837371826,0.5069497227668762,0.47242873907089233,0.09386478364467621,0.5075675249099731,0.47876518964767456,-0.32029989361763,0.5069854259490967,0.5002939105033875,0.08181678503751755,0.501036524772644,0.5033972263336182,-0.36424311995506287,0.5141945481300354,0.5020316243171692,0.04635543003678322,0.5098387598991394,0.504271388053894,-0.3562558889389038,0.5166643857955933,0.4942866563796997,0.0748734101653099,0.514573872089386,0.49778634309768677,-0.31790468096733093,0.5096601247787476,0.4887334108352661,0.13195717334747314,0.5047456622123718,0.48711320757865906,-0.1321025937795639,0.5545976758003235,0.6215246915817261,0.09614048153162003,0.5232861638069153,0.6430620551109314,-0.16876304149627686,0.48558521270751953,0.7037633061408997,0.21501398086547852,0.4937397837638855,0.8077909350395203,-0.13652494549751282,0.47012096643447876,0.6978827714920044,0.22391942143440247,0.4834524691104889,0.8312222957611084,-0.13566024601459503,0.48422127962112427,0.768821120262146,0.16927513480186462,0.5144710540771484,0.8610052466392517,-0.23885545134544373
frame_00361.jpg,0.5468273758888245,0.23432840406894684,-0.04666437208652496,0.5441620945930481,0.2216741293668747,-0.021556520834565163,0.5435791015625,0.22146038711071014,-0.021713299676775932,0.5432797074317932,0.22143058478832245,-0.021533546969294548,0.5418555736541748,0.2213868945837021,-0.06214926391839981,0.5394895076751709,0.22086898982524872,-0.06248539686203003,0.5370820760726929,0.22034215927124023,-0.06257982552051544,0.5323020815849304,0.22438642382621765,0.09415800124406815,0.5256991386413574,0.22327378392219543,-0.08795482665300369,0.5415093302726746,0.24717949330806732,0.0028188994619995356,0.5396881103515625,0.24701350927352905,-0.05244212597608566,0.5153400301933289,0.2938757836818695,0.22042612731456757,0.5103190541267395,0.2978267967700958,-0.17726460099220276,0.5016747713088989,0.39337968826293945,0.2384965866804123,0.49710169434547424,0.3887493312358856,-0.27861684560775757,0.5066314935684204,0.4683665335178375,0.07511329650878906,0.5064315795898438,0.47227662801742554,-0.3297799229621887,0.5065404176712036,0.4964462220668793,0.06044388934969902,0.5013259053230286,0.4964457154273987,-0.3748086392879486,0.5133700370788574,0.49672067165374756,0.02619669958949089,0.5088854432106018,0.49592095613479614,-0.3668192923069,0.5160995125770569,0.4894070029258728,0.056272655725479126,0.513075053691864,0.4889836311340332,-0.32754576206207275,0.5102435946464539,0.487530380487442,0.13134899735450745,0.5045794248580933,0.4869174063205719,-0.1314992755651474,0.5592155456542969,0.6115959286689758,0.09039921313524246,0.5236305594444275,0.6360527276992798,-0.1705188751220703,0.48399654030799866,0.683743417263031,0.2086089551448822,0.49715566635131836,0.8078715801239014,-0.1586778163909912,0.4676077365875244,0.6752037405967712,0.2176249474287033,0.487647145986557,0.8306677341461182,-0.16084007918834686,0.48233261704444885,0.7467986941337585,0.16543728113174438,0.518775999546051,0.8611915111541748,-0.27127140760421753
frame_00362.jpg,0.5441485643386841,0.23832067847251892,0.07429938018321991,0.5395844578742981,0.22551317512989044,0.09325845539569855,0.5374972820281982,0.22518853843212128,0.09305791556835175,0.5354662537574768,0.22501859068870544,0.09316158294677734,0.5412729978561401,0.2251247614622116,0.052436184138059616,0.5394905805587769,0.22438067197799683,0.05216092988848686,0.5381025075912476,0.22356966137886047,0.052106358110904694,0.5265383124351501,0.22726178169250488,0.16965435445308685,0.5310336351394653,0.22535695135593414,-0.015937350690364838,0.538770318031311,0.2507067620754242,0.10651789605617523,0.5396135449409485,0.2507435977458954,0.05118921399116516,0.506986677646637,0.2944941818714142,0.23115630447864532,0.5150811672210693,0.29961106181144714,-0.12799173593521118,0.5010873079299927,0.38306090235710144,0.15458954870700836,0.5007002353668213,0.37000665068626404,-0.28835493326187134,0.5037288665771484,0.4497755467891693,-0.08481986075639725,0.5050591826438904,0.4373309016227722,-0.3694474697113037,0.5036376714706421,0.48252227902412415,-0.11105263233184814,0.5014452934265137,0.45896393060684204,-0.41772204637527466,0.5072661638259888,0.47566407918930054,-0.13708609342575073,0.5044138431549072,0.45408952236175537,-0.4067952632904053,0.5085963010787964,0.4671695828437805,-0.10229269415140152,0.5065838098526001,0.4479950964450836,-0.3674304187297821,0.5095376372337341,0.4895762503147125,0.12770934402942657,0.5083096623420715,0.4894210398197174,-0.1278112232685089,0.5648029446601868,0.6036033630371094,0.08430420607328415,0.5227031111717224,0.6312452554702759,-0.1847647726535797,0.4863589406013489,0.6516761779785156,0.20809659361839294,0.49816030263900757,0.8139919638633728,-0.194742351770401,0.4713488221168518,0.6396129131317139,0.21844103932380676,0.4896286427974701,0.8336926698684692,-0.19741234183311462,0.48388490080833435,0.7139090895652771,0.18480868637561798,0.5191693305969238,0.8643127083778381,-0.28904613852500916
frame_00363.jpg,0.5404085516929626,0.24131807684898376,0.05031085014343262,0.535058856010437,0.22999952733516693,0.06217799708247185,0.532951295375824,0.22952741384506226,0.06196068599820137,0.5308950543403625,0.22922062873840332,0.06201522797346115,0.5383247137069702,0.2307172268629074,0.027447346597909927,0.5379921793937683,0.2305578887462616,0.0272012148052454,0.5376971960067749,0.2302992194890976,0.02710122801363468,0.5234600901603699,0.23345504701137543,0.15139737725257874,0.5311779975891113,0.23476237058639526,-0.044984981417655945,0.5361389517784119,0.2522949278354645,0.07298575341701508,0.5385677218437195,0.2529742121696472,0.025198664516210556,0.5008437037467957,0.2956218421459198,0.15726348757743835,0.5209968686103821,0.3028699457645416,-0.14439406991004944,0.48820167779922485,0.3100433349609375,0.17994049191474915,0.532707691192627,0.37486252188682556,-0.3148805499076843,0.4937576353549957,0.3185841143131256,0.05710592120885849,0.5083637833595276,0.42216676473617554,-0.4552763104438782,0.49083390831947327,0.32568565011024475,0.07100362330675125,0.5043817758560181,0.4406220018863678,-0.5042558908462524,0.4942510724067688,0.32520046830177307,0.05851671099662781,0.5051513910293579,0.43672505021095276,-0.4988192021846771,0.4981490671634674,0.3213789761066437,0.058632176369428635,0.5072112679481506,0.4314308762550354,-0.45757412910461426,0.5055965781211853,0.49126067757606506,0.10896220058202744,0.5095722079277039,0.49584123492240906,-0.10910467803478241,0.5669465661048889,0.5993399024009705,0.1481117308139801,0.5193604230880737,0.6339691281318665,-0.1542690247297287,0.4915686249732971,0.6252787709236145,0.2714022696018219,0.49772199988365173,0.8183802962303162,-0.1646285355091095,0.4776924252510071,0.6143829822540283,0.282290518283844,0.49068403244018555,0.8337923288345337,-0.1656644642353058,0.4852622151374817,0.6764780282974243,0.2636985182762146,0.5182387828826904,0.8681199550628662,-0.24219544231891632
frame_00364.jpg,0.5405588746070862,0.25742295384407043,0.07076209038496017,0.5359460115432739,0.24569065868854523,0.08366768062114716,0.5342177748680115,0.24527522921562195,0.0834316611289978,0.5325707793235779,0.24492047727108002,0.08343330025672913,0.5383941531181335,0.2459285408258438,0.04926244169473648,0.5380162000656128,0.24574775993824005,0.048979420214891434,0.5377214550971985,0.24550990760326385,0.04881539195775986,0.5242886543273926,0.24865497648715973,0.1368466466665268,0.5306889414787292,0.2509819567203522,-0.027224350720643997,0.5363248586654663,0.2698805630207062,0.09207942336797714,0.5385606288909912,0.2703704237937927,0.04474496841430664,0.49974459409713745,0.3113563656806946,0.17670521140098572,0.519006073474884,0.31663575768470764,-0.13374663889408112,0.48446136713027954,0.2784527540206909,0.3399146497249603,0.5264308452606201,0.3832052946090698,-0.34241265058517456,0.4904746115207672,0.22964490950107574,0.4540587365627289,0.51202392578125,0.4281616508960724,-0.5165392160415649,0.4885026514530182,0.2195415496826172,0.47752267122268677,0.5074301958084106,0.44337156414985657,-0.5663538575172424,0.4911600649356842,0.21819224953651428,0.45402997732162476,0.5069864392280579,0.43945783376693726,-0.5592674016952515,0.4955440163612366,0.2207823246717453,0.4464391767978668,0.5092207193374634,0.43473511934280396,-0.5183637142181396,0.5026154518127441,0.5092023611068726,0.10567410290241241,0.5126181840896606,0.5121225714683533,-0.10594397783279419,0.5299032926559448,0.663411557674408,0.12876760959625244,0.5471442937850952,0.5910670757293701,-0.09793618321418762,0.4947737157344818,0.8271178007125854,0.0738886222243309,0.49867144227027893,0.6365814208984375,-0.06387217342853546,0.4866178631782532,0.8502811193466187,0.06484917551279068,0.4884595274925232,0.6283497214317322,-0.05952298641204834,0.515913188457489,0.8681908249855042,0.01857541874051094,0.4953618049621582,0.6997549533843994,-0.07021523267030716
frame_00365.jpg,0.5414329767227173,0.2642996311187744,0.03389142081141472,0.5363410711288452,0.2525492012500763,0.05113516375422478,0.5349099636077881,0.2521883249282837,0.050925593823194504,0.5335379838943481,0.2519100606441498,0.050979018211364746,0.5384563207626343,0.252475768327713,0.01495265681296587,0.5380679368972778,0.2521807849407196,0.014660489745438099,0.537725031375885,0.2518743574619293,0.014535550959408283,0.5248051285743713,0.2548466622829437,0.12974396347999573,0.5305038094520569,0.25652506947517395,-0.04045983403921127,0.5370641350746155,0.277199387550354,0.0658968910574913,0.5389934778213501,0.27703970670700073,0.017212172970175743,0.5008217096328735,0.31816816329956055,0.20585456490516663,0.5177695751190186,0.32305678725242615,-0.17077744007110596,0.48759183287620544,0.3433030843734741,0.29458457231521606,0.5134651064872742,0.4058215320110321,-0.33435481786727905,0.5005987882614136,0.39175912737846375,0.24995562434196472,0.5289849042892456,0.4304254949092865,-0.40623292326927185,0.5030010938644409,0.40694740414619446,0.25136929750442505,0.5318418741226196,0.4448607265949249,-0.45153313875198364,0.5056148767471313,0.4095704257488251,0.22209064662456512,0.5349809527397156,0.4386048913002014,-0.43133649230003357,0.5062328577041626,0.4022168219089508,0.2363029271364212,0.5318945646286011,0.4363803565502167,-0.3984988331794739,0.5022422075271606,0.517272412776947,0.11507552862167358,0.5121320486068726,0.5207030177116394,-0.11539105325937271,0.5334566831588745,0.6554880142211914,0.11422707885503769,0.5496677160263062,0.602569580078125,-0.17392417788505554,0.49611252546310425,0.8301183581352234,0.11903804540634155,0.49909716844558716,0.637097179889679,-0.0687323659658432,0.48813873529434204,0.8509190082550049,0.11718495935201645,0.48751991987228394,0.6333696842193604,-0.055708564817905426,0.5120077133178711,0.8439987897872925,0.07383284717798233,0.4919396936893463,0.7289398908615112,-0.06540049612522125
frame_00366.jpg,0.5390812158584595,0.2595297396183014,-0.018634319305419922,0.5343647003173828,0.2493758201599121,-0.0017931644106283784,0.5331980586051941,0.2492273449897766,-0.0020105689764022827,0.5321202874183655,0.2491903156042099,-0.0018880137940868735,0.5356587171554565,0.2494206726551056,-0.03974149376153946,0.5352786779403687,0.24931804835796356,-0.04001711681485176,0.535034716129303,0.24917691946029663,-0.040115587413311005,0.524480938911438,0.2522719204425812,0.08029986917972565,0.5293363332748413,0.2532695233821869,-0.0937824621796608,0.5356713533401489,0.27175208926200867,0.01649107038974762,0.5369085073471069,0.2718276083469391,-0.03521662950515747,0.5033992528915405,0.31760579347610474,0.1662585437297821,0.5176938772201538,0.3168649971485138,-0.1850430965423584,0.497811883687973,0.36844390630722046,0.16206993162631989,0.5146571397781372,0.39308029413223267,-0.3316349387168884,0.50413578748703,0.43457749485969543,0.014102129265666008,0.5246315002441406,0.44257867336273193,-0.39635223150253296,0.5031278133392334,0.4625683128833771,0.0008223404875025153,0.5267115831375122,0.4627886116504669,-0.44288069009780884,0.5057082176208496,0.45866259932518005,-0.029403995722532272,0.5293228030204773,0.4581015408039093,-0.42962998151779175,0.5062893033027649,0.44986554980278015,-0.002269573276862502,0.5278732776641846,0.4527386724948883,-0.3928651213645935,0.5050400495529175,0.5106590986251831,0.11540509760379791,0.5119327902793884,0.5125420093536377,-0.11559375375509262,0.5672479867935181,0.6100721955299377,0.15497364103794098,0.5134661197662354,0.6396263837814331,-0.15569555759429932,0.4972879886627197,0.6544910073280334,0.30550268292427063,0.49871206283569336,0.8147585391998291,-0.15158584713935852,0.4861186146736145,0.6507630944252014,0.31823450326919556,0.49202045798301697,0.8340212106704712,-0.1553378701210022,0.49378037452697754,0.7010269165039062,0.2866983115673065,0.5080973505973816,0.8512077927589417,-0.25871655344963074
frame_00367.jpg,0.5394514799118042,0.2462427169084549,-0.021610746160149574,0.5349982976913452,0.23424558341503143,-0.001823078142479062,0.5338634252548218,0.2342085838317871,-0.0020028220023959875,0.5327836871147156,0.23431256413459778,-0.0018791311886161566,0.5356499552726746,0.23414857685565948,-0.04112691804766655,0.534886360168457,0.23411184549331665,-0.04141991212964058,0.5341996550559998,0.23412951827049255,-0.04155116155743599,0.524840235710144,0.23844823241233826,0.08534766733646393,0.5270468592643738,0.23947279155254364,-0.09283606708049774,0.5357986688613892,0.2580636441707611,0.01592899113893509,0.5363415479660034,0.25837886333465576,-0.037364840507507324,0.50380939245224,0.3061051070690155,0.1947765052318573,0.5169080495834351,0.3126886188983917,-0.1948150098323822,0.4997479021549225,0.3853113055229187,0.20417606830596924,0.5118045210838318,0.398084431886673,-0.30145108699798584,0.505007803440094,0.4835790693759918,0.09370876103639603,0.5241593718528748,0.48541539907455444,-0.2932213544845581,0.5045396089553833,0.5093733668327332,0.08639717102050781,0.5283282995223999,0.5141123533248901,-0.33057552576065063,0.5066545605659485,0.5069524645805359,0.055521927773952484,0.5345345735549927,0.518984854221344,-0.3207704424858093,0.5069854259490967,0.4965926706790924,0.0774889588356018,0.532569408416748,0.5103031992912292,-0.28868553042411804,0.5050511956214905,0.5023623704910278,0.12286126613616943,0.5113692283630371,0.5034306645393372,-0.12306449562311172,0.5488925576210022,0.6157703995704651,0.13294696807861328,0.5439046621322632,0.6149396896362305,-0.15769456326961517,0.4988388121128082,0.8059120178222656,0.22489380836486816,0.49829864501953125,0.7541953325271606,-0.04506349191069603,0.49120885133743286,0.8222768306732178,0.2213410884141922,0.4848160147666931,0.7727307081222534,-0.03325161337852478,0.49807873368263245,0.7986380457878113,0.1383194476366043,0.5164139270782471,0.8018947839736938,-0.08942307531833649
frame_00368.jpg,0.5396252870559692,0.23758994042873383,-0.04975013807415962,0.5350894927978516,0.2244359403848648,-0.029540177434682846,0.5339710712432861,0.2243736833333969,-0.02970816195011139,0.5328562259674072,0.22443801164627075,-0.029567372053861618,0.5357416868209839,0.22432249784469604,-0.07030405849218369,0.5349744558334351,0.22420386970043182,-0.07061471045017242,0.5342640280723572,0.22409497201442719,-0.07073639333248138,0.5248993039131165,0.2290019541978836,0.0669369176030159,0.5269635915756226,0.22919826209545135,-0.11790896952152252,0.5359635353088379,0.25042834877967834,-0.008437788113951683,0.5363410115242004,0.2503683269023895,-0.06364065408706665,0.507959246635437,0.3013092875480652,0.18718700110912323,0.5162242650985718,0.30843988060951233,-0.2087349146604538,0.5017775297164917,0.39508840441703796,0.2052566260099411,0.5057833194732666,0.4021959900856018,-0.3053842782974243,0.5084046721458435,0.47639933228492737,0.06359501928091049,0.5226231813430786,0.4966637194156647,-0.33053165674209595,0.5083917379379272,0.5036966800689697,0.053704045712947845,0.5253456830978394,0.5213582515716553,-0.3744754493236542,0.5120528936386108,0.5049024224281311,0.017107628285884857,0.5307968854904175,0.5199556350708008,-0.36419785022735596,0.5140274167060852,0.4963521659374237,0.04454845190048218,0.5304408669471741,0.5138989090919495,-0.32693371176719666,0.5088456869125366,0.4964963495731354,0.12413395941257477,0.507536768913269,0.49849340319633484,-0.12426024675369263,0.5664812326431274,0.6104783415794373,0.12908057868480682,0.5193436741828918,0.6445788145065308,-0.1548166573047638,0.4993363916873932,0.7049648761749268,0.23253650963306427,0.4990053176879883,0.8107107877731323,-0.09092791378498077,0.4898752272129059,0.7086437940597534,0.2400778979063034,0.48958835005760193,0.8263327479362488,-0.09378523379564285,0.4958620071411133,0.7597653269767761,0.18365983664989471,0.5195776224136353,0.8603034615516663,-0.21620655059814453
frame_00369.jpg,0.5402225255966187,0.22847919166088104,-0.05308937281370163,0.5356999039649963,0.2152782529592514,-0.031282939016819,0.5345290899276733,0.21520891785621643,-0.03145413100719452,0.5334011316299438,0.2151903212070465,-0.03132461756467819,0.5358725190162659,0.2148679792881012,-0.07279197126626968,0.5350719690322876,0.2145654261112213,-0.07310241460800171,0.5343130230903625,0.21422186493873596,-0.07322465628385544,0.524967610836029,0.22072061896324158,0.07087051868438721,0.5258145928382874,0.2203943133354187,-0.1171143651008606,0.5362199544906616,0.24266383051872253,-0.009772486053407192,0.5363670587539673,0.24211114645004272,-0.06601870805025101,0.5113348364830017,0.296061247587204,0.18988844752311707,0.5151633620262146,0.29801085591316223,-0.2079835832118988,0.5025075674057007,0.3918643593788147,0.21537606418132782,0.5018424987792969,0.4018854796886444,-0.3109593391418457,0.5108419060707092,0.4729171693325043,0.07369076460599899,0.5181077718734741,0.492458313703537,-0.3572385907173157,0.5108364820480347,0.5005056262016296,0.06275688856840134,0.5167504549026489,0.5163106322288513,-0.4036189615726471,0.5175191164016724,0.5033184289932251,0.025080164894461632,0.5266826152801514,0.5164755582809448,-0.39299601316452026,0.5202358961105347,0.4954732060432434,0.05406663566827774,0.5302413702011108,0.5111388564109802,-0.35431644320487976,0.512043297290802,0.49347642064094543,0.12701484560966492,0.5060131549835205,0.4948369562625885,-0.1270875632762909,0.5643882155418396,0.6132075786590576,0.12458803504705429,0.5205056667327881,0.6502192616462708,-0.1538621038198471,0.5006550550460815,0.7092611193656921,0.25394853949546814,0.49907341599464417,0.8182039856910706,-0.09127431362867355,0.4884769022464752,0.7107222080230713,0.26350000500679016,0.49021077156066895,0.8377674221992493,-0.10233495384454727,0.49589022994041443,0.7667515873908997,0.20763316750526428,0.5206872224807739,0.8713430166244507,-0.22867894172668457
frame_00370.jpg,0.5402626991271973,0.2286820411682129,-0.05233916640281677,0.536121666431427,0.21524903178215027,-0.029293304309248924,0.5353684425354004,0.2150914967060089,-0.02947027049958706,0.5348094701766968,0.2150261104106903,-0.02935134433209896,0.5360541343688965,0.21495386958122253,-0.07012613117694855,0.5350226163864136,0.2145594209432602,-0.07044078409671783,0.5338159799575806,0.21408486366271973,-0.07056183367967606,0.526807963848114,0.22024814784526825,0.07644061744213104,0.5247777104377747,0.2195115089416504,-0.10848464071750641,0.5365001559257507,0.24222341179847717,-0.0074806720949709415,0.5363478660583496,0.24196811020374298,-0.06293802708387375,0.514250636100769,0.2953321635723114,0.197921484708786,0.5129028558731079,0.29627081751823425,-0.19907204806804657,0.5024007558822632,0.3920765519142151,0.22042624652385712,0.497974157333374,0.39970916509628296,-0.3140697479248047,0.5115177631378174,0.46948549151420593,0.08482243865728378,0.5127958655357361,0.4838331341743469,-0.3816176950931549,0.5126745104789734,0.4955114722251892,0.0728740245103836,0.5105873346328735,0.5076271295547485,-0.4354572296142578,0.5185671448707581,0.49565422534942627,0.03594410791993141,0.5185202360153198,0.5070353746414185,-0.425604909658432,0.5205501317977905,0.48942258954048157,0.06541885435581207,0.5219286680221558,0.5003688931465149,-0.37985366582870483,0.5142325162887573,0.49430468678474426,0.1281740367412567,0.5060845017433167,0.4957024157047272,-0.1282384693622589,0.5630849599838257,0.6139876842498779,0.12181458622217178,0.5212190747261047,0.653911828994751,-0.15505047142505646,0.5006024241447449,0.7157858610153198,0.24474456906318665,0.49958905577659607,0.8223429918289185,-0.13108684122562408,0.48811787366867065,0.7210409045219421,0.2533584237098694,0.48962077498435974,0.8456512093544006,-0.1364212930202484,0.49467769265174866,0.7847875952720642,0.19874165952205658,0.5209363698959351,0.8707555532455444,-0.25215062499046326
frame_00371.jpg,0.5414415597915649,0.23127339780330658,-0.016156207770109177,0.5370007753372192,0.21817143261432648,0.005258397199213505,0.5360333323478699,0.21791478991508484,0.005094185937196016,0.5353320240974426,0.21778400242328644,0.005190123803913593,0.5369503498077393,0.21800626814365387,-0.036029260605573654,0.535783052444458,0.2176206409931183,-0.03634650632739067,0.5345211625099182,0.21718385815620422,-0.036468662321567535,0.5268653631210327,0.22207310795783997,0.10034915059804916,0.5249770283699036,0.22176864743232727,-0.0871482715010643,0.5370830297470093,0.24440084397792816,0.024121461436152458,0.5368396043777466,0.24420441687107086,-0.03203040733933449,0.5137678384780884,0.29606306552886963,0.21465933322906494,0.5127465128898621,0.2976126968860626,-0.18203286826610565,0.5007764101028442,0.3960801362991333,0.24140429496765137,0.4968644678592682,0.3992276191711426,-0.2982770800590515,0.511115550994873,0.4737599492073059,0.11554831266403198,0.5115298628807068,0.48055097460746765,-0.3580518960952759,0.5127515196800232,0.49968641996383667,0.10580576956272125,0.5093141794204712,0.5037986040115356,-0.4065170884132385,0.5177043676376343,0.501381516456604,0.06724732369184494,0.5157521367073059,0.5033782720565796,-0.39686304330825806,0.5194028615951538,0.49290305376052856,0.09555481374263763,0.5187745094299316,0.49698135256767273,-0.3562741279602051,0.5135277509689331,0.49521633982658386,0.12867946922779083,0.5064362287521362,0.4961892068386078,-0.12874117493629456,0.5509716272354126,0.6290175914764404,0.12919409573078156,0.5239045023918152,0.6542103886604309,-0.15595856308937073,0.5001784563064575,0.7602318525314331,0.23557357490062714,0.4972681999206543,0.8255655765533447,-0.14318157732486725,0.4879973530769348,0.7634860277175903,0.24177245795726776,0.47298917174339294,0.8595001101493835,-0.14658640325069427,0.5021430850028992,0.8165081739425659,0.18687114119529724,0.5206853151321411,0.8777564167976379,-0.2516464591026306
frame_00372.jpg,0.5415496826171875,0.23749519884586334,0.009166909381747246,0.5371538996696472,0.22523187100887299,0.03144416958093643,0.5361844301223755,0.22500211000442505,0.031283289194107056,0.535460889339447,0.22496028244495392,0.03139043599367142,0.5369726419448853,0.2254035919904709,-0.009764967486262321,0.5358578562736511,0.2252660095691681,-0.010074068792164326,0.5347161889076233,0.22511808574199677,-0.0101796705275774,0.5269006490707397,0.22813378274440765,0.12796178460121155,0.5254804491996765,0.2282789796590805,-0.06019120663404465,0.537261962890625,0.2512161135673523,0.04922139272093773,0.5370228886604309,0.25123900175094604,-0.006883847527205944,0.5136765241622925,0.30251961946487427,0.24449706077575684,0.5124315619468689,0.2997983992099762,-0.1696409285068512,0.49893736839294434,0.39827781915664673,0.27040642499923706,0.49558940529823303,0.3991420865058899,-0.3120114505290985,0.5109263062477112,0.46720629930496216,0.14416539669036865,0.5101087093353271,0.46523162722587585,-0.41140037775039673,0.5123363733291626,0.4939131438732147,0.13518761098384857,0.5086544752120972,0.49087679386138916,-0.4660916328430176,0.517229437828064,0.49368804693222046,0.0989110916852951,0.515152096748352,0.4893389642238617,-0.4540320932865143,0.5188894271850586,0.48414620757102966,0.12522344291210175,0.5173786878585815,0.4805712103843689,-0.4094022810459137,0.5130768418312073,0.4980086386203766,0.13258199393749237,0.5070797801017761,0.4970223605632782,-0.13267149031162262,0.5389519333839417,0.6440256237983704,0.1092924252152443,0.5272801518440247,0.6579486131668091,-0.1795049011707306,0.4968944489955902,0.8033725023269653,0.14187726378440857,0.49226173758506775,0.8238756656646729,-0.20219245553016663,0.48428016901016235,0.8123070597648621,0.139385387301445,0.47409453988075256,0.8433878421783447,-0.20856714248657227,0.5053405165672302,0.8470261693000793,0.06618385016918182,0.5169960260391235,0.883366584777832,-0.31742411851882935
frame_00373.jpg,0.5414069890975952,0.2560238242149353,0.020080216228961945,0.5369988679885864,0.24286553263664246,0.039847977459430695,0.5360192060470581,0.24253827333450317,0.0396575964987278,0.5352665185928345,0.24230970442295074,0.039729584008455276,0.5366732478141785,0.24311058223247528,-0.0004667352477554232,0.5355113744735718,0.24303309619426727,-0.0007601146353408694,0.5343946218490601,0.24298447370529175,-0.0008604010799899697,0.5266470313072205,0.24494311213493347,0.12599888443946838,0.525316596031189,0.24667339026927948,-0.059072934091091156,0.5371010303497314,0.26807454228401184,0.05631024390459061,0.5365670919418335,0.26820430159568787,0.0012779762037098408,0.5108820199966431,0.31295809149742126,0.23813390731811523,0.5102691054344177,0.31409788131713867,-0.1704990714788437,0.4988345205783844,0.36787885427474976,0.3367898762226105,0.49506789445877075,0.40078431367874146,-0.35225579142570496,0.5093327164649963,0.43476757407188416,0.329051673412323,0.5099018216133118,0.44889459013938904,-0.48480433225631714,0.5119611024856567,0.45263245701789856,0.33886268734931946,0.5092965364456177,0.4655910134315491,-0.5402343273162842,0.515807569026947,0.4591689705848694,0.30454251170158386,0.5150060653686523,0.45862048864364624,-0.5257371664047241,0.5115912556648254,0.4348001182079315,0.3145909011363983,0.5159990191459656,0.45359712839126587,-0.48269733786582947,0.512886643409729,0.507311224937439,0.13414107263088226,0.5075886845588684,0.5073111653327942,-0.13428643345832825,0.5321465730667114,0.6599283814430237,0.08746540546417236,0.5275751352310181,0.670527458190918,-0.17707324028015137,0.49319830536842346,0.8240198493003845,0.0843702107667923,0.4894154965877533,0.8315145373344421,-0.18825176358222961,0.48023590445518494,0.8381189107894897,0.07803558558225632,0.47367072105407715,0.8483707904815674,-0.19315755367279053,0.5085439682006836,0.8711728453636169,-0.0003384682349860668,0.5153854489326477,0.8877959847450256,-0.294389933347702
frame_00374.jpg,0.5423082709312439,0.2688654363155365,0.016601791605353355,0.5378603935241699,0.25619369745254517,0.03684702143073082,0.53680020570755,0.25568681955337524,0.03666621446609497,0.5358952879905701,0.25516578555107117,0.03677143529057503,0.5372072458267212,0.2565785348415375,-0.0051269084215164185,0.5358006954193115,0.25644922256469727,-0.005434674676507711,0.5344834327697754,0.25632914900779724,-0.005536056123673916,0.5266231894493103,0.2575390934944153,0.12234760820865631,0.5250282287597656,0.2607265114784241,-0.06554199755191803,0.5374141931533813,0.2814754247665405,0.0529114231467247,0.5367235541343689,0.28138983249664307,-0.0038707007188349962,0.5084750056266785,0.32091644406318665,0.2345738708972931,0.5074111223220825,0.329032301902771,-0.17150013148784637,0.49962562322616577,0.40592604875564575,0.2975133955478668,0.4935429096221924,0.42745938897132874,-0.27800214290618896,0.5149482488632202,0.4795839190483093,0.23042161762714386,0.5244380235671997,0.44911450147628784,-0.27891430258750916,0.5173147320747375,0.4970836937427521,0.252168208360672,0.5318055152893066,0.45974698662757874,-0.3164421021938324,0.5215649008750916,0.49951016902923584,0.22633123397827148,0.5329771637916565,0.44852402806282043,-0.2975543439388275,0.5201961398124695,0.48998114466667175,0.21729347109794617,0.5308669209480286,0.4454553723335266,-0.27107441425323486,0.5126121640205383,0.5210201144218445,0.13423211872577667,0.5087472796440125,0.5212631225585938,-0.134380504488945,0.5304611921310425,0.6656264662742615,0.10481729358434677,0.527702808380127,0.6774924993515015,-0.19268061220645905,0.49251681566238403,0.8225431442260742,0.13387301564216614,0.48787516355514526,0.8393829464912415,-0.21958699822425842,0.4797784686088562,0.8377886414527893,0.1319996416568756,0.47248634696006775,0.8630772233009338,-0.22491666674613953,0.5084210634231567,0.8559266924858093,0.07016752660274506,0.5152343511581421,0.8869193196296692,-0.31593024730682373
frame_00375.jpg,0.542322039604187,0.27447372674942017,0.01487256120890379,0.5378939509391785,0.26223620772361755,0.0331968292593956,0.5368359088897705,0.2615903615951538,0.033007629215717316,0.5359354615211487,0.26092928647994995,0.03308228775858879,0.5372169613838196,0.26303982734680176,-0.006915286183357239,0.5357259511947632,0.26311275362968445,-0.007248561829328537,0.5342557430267334,0.2632269263267517,-0.007389479782432318,0.526166558265686,0.26300349831581116,0.12132128328084946,0.5238739252090454,0.2680458128452301,-0.06845549494028091,0.537369966506958,0.28707075119018555,0.04910855367779732,0.5364973545074463,0.2869163155555725,-0.0053499964997172356,0.5068334341049194,0.32377973198890686,0.21898725628852844,0.5049300789833069,0.33717063069343567,-0.15738354623317719,0.5026585459709167,0.3055887520313263,0.3000714182853699,0.49316373467445374,0.4384230673313141,-0.2003663331270218,0.5062792301177979,0.27846628427505493,0.280125230550766,0.5330044627189636,0.4514511227607727,-0.18671932816505432,0.49983686208724976,0.2702585756778717,0.28441834449768066,0.5452483892440796,0.4623053967952728,-0.21993103623390198,0.5006726384162903,0.26702481508255005,0.26265841722488403,0.5459200143814087,0.4506209194660187,-0.20606379210948944,0.5054451823234558,0.26890116930007935,0.2703712582588196,0.5419121980667114,0.44760432839393616,-0.1801888793706894,0.512104332447052,0.5290097594261169,0.1263560801744461,0.5074902772903442,0.5300567746162415,-0.12652458250522614,0.5285823345184326,0.6736823320388794,0.09995408356189728,0.5276704430580139,0.6845338940620422,-0.1868504285812378,0.49227434396743774,0.8252670168876648,0.12986701726913452,0.48673495650291443,0.8437452912330627,-0.19053718447685242,0.4796188473701477,0.8388909101486206,0.12920837104320526,0.471802294254303,0.8649330735206604,-0.193404883146286,0.5090450048446655,0.8594513535499573,0.07280333340167999,0.5146045088768005,0.8919133543968201,-0.31397491693496704
frame_00376.jpg,0.5426455736160278,0.2714907228946686,0.009725882671773434,0.5381717085838318,0.25941047072410583,0.031957823783159256,0.5372335314750671,0.2589806616306305,0.03179679811000824,0.5364392399787903,0.2585526406764984,0.03189218416810036,0.5372357368469238,0.25993606448173523,-0.009170712903141975,0.5356360673904419,0.25993478298187256,-0.009542396292090416,0.5339357256889343,0.25992390513420105,-0.00964414980262518,0.52618408203125,0.2607088088989258,0.11697937548160553,0.5229647159576416,0.26425787806510925,-0.07000166922807693,0.5377519726753235,0.2840763330459595,0.04804142564535141,0.5365375280380249,0.2839610278606415,-0.0072076646611094475,0.5069988965988159,0.32679232954978943,0.22918084263801575,0.5034130811691284,0.3358505666255951,-0.16175919771194458,0.5035876631736755,0.40565502643585205,0.2622486352920532,0.49366459250450134,0.43578919768333435,-0.2536088526248932,0.5225672125816345,0.42943674325942993,0.1078723818063736,0.5347599387168884,0.45237603783607483,-0.2824234366416931,0.5251847505569458,0.4314438998699188,0.09486305713653564,0.5473564863204956,0.46326908469200134,-0.32393065094947815,0.5262748003005981,0.40226632356643677,0.06618355214595795,0.5490934252738953,0.45237672328948975,-0.31072911620140076,0.527510404586792,0.41809970140457153,0.0914013534784317,0.544875979423523,0.4488174617290497,-0.2774026095867157,0.5117002725601196,0.5281345248222351,0.1264422982931137,0.5053128600120544,0.5298700928688049,-0.12660647928714752,0.5263584852218628,0.6774306893348694,0.08610697090625763,0.5276690721511841,0.6853364706039429,-0.19009199738502502,0.49129217863082886,0.8325945138931274,0.09273114055395126,0.48651209473609924,0.84455406665802,-0.1920430064201355,0.4775847792625427,0.8503527045249939,0.08825908601284027,0.4716242849826813,0.8634092807769775,-0.19487327337265015,0.5092881917953491,0.8734419345855713,0.021395105868577957,0.5106692910194397,0.8941709399223328,-0.29030895233154297
frame_00377.jpg,0.5426826477050781,0.26803845167160034,0.0033381138928234577,0.5383028984069824,0.25581473112106323,0.02870681881904602,0.5374702215194702,0.25540149211883545,0.028559362515807152,0.5368109345436096,0.2550184428691864,0.02865876629948616,0.5372529625892639,0.25624534487724304,-0.01390474010258913,0.5356309413909912,0.25618427991867065,-0.014288549311459064,0.5338994860649109,0.25611621141433716,-0.014388622716069221,0.5264118909835815,0.257400244474411,0.11616013944149017,0.5227357149124146,0.2603684067726135,-0.0709163099527359,0.5378144383430481,0.28064626455307007,0.04641382768750191,0.536544919013977,0.28055399656295776,-0.011043320409953594,0.507068932056427,0.324300080537796,0.24336442351341248,0.5038578510284424,0.3319101333618164,-0.17478804290294647,0.5034433603286743,0.4185998737812042,0.29078447818756104,0.4938134253025055,0.4311748743057251,-0.3169177174568176,0.5210504531860352,0.4797535240650177,0.17403778433799744,0.5365210175514221,0.45781439542770386,-0.39740490913391113,0.5242944955825806,0.4938775897026062,0.1685527265071869,0.5483063459396362,0.46646320819854736,-0.4503518044948578,0.5272710919380188,0.48682382702827454,0.13327351212501526,0.5528653264045715,0.45563727617263794,-0.4324735999107361,0.5273211598396301,0.48322999477386475,0.15603673458099365,0.5485824942588806,0.451496958732605,-0.3919658660888672,0.5096412301063538,0.5253368616104126,0.13421526551246643,0.5050121545791626,0.5274050235748291,-0.1343594193458557,0.5192259550094604,0.6795728206634521,0.09084319323301315,0.5275400876998901,0.6864947080612183,-0.2204873114824295,0.4897470474243164,0.8336735963821411,0.11082570254802704,0.48653092980384827,0.8480751514434814,-0.2528427243232727,0.47656694054603577,0.8565922975540161,0.10731010138988495,0.47219887375831604,0.8693311810493469,-0.25983306765556335,0.5108463168144226,0.8724223971366882,0.037833020091056824,0.5145006775856018,0.8961277604103088,-0.3675713837146759
frame_00378.jpg,0.5420304536819458,0.253701776266098,-0.0024558103177696466,0.5376797914505005,0.24086204171180725,0.02165486291050911,0.5369042158126831,0.24057818949222565,0.02152257040143013,0.5363302826881409,0.24035634100437164,0.02162167616188526,0.5363702178001404,0.2408064752817154,-0.019725466147065163,0.5346037149429321,0.24058198928833008,-0.020104367285966873,0.5327947735786438,0.2403373122215271,-0.020211245864629745,0.5263846516609192,0.2438282072544098,0.1151711568236351,0.5220637917518616,0.24543499946594238,-0.07148214429616928,0.537663459777832,0.26553142070770264,0.04141804948449135,0.5360041856765747,0.26557379961013794,-0.014824154786765575,0.5112659931182861,0.31481459736824036,0.24323351681232452,0.5061579942703247,0.3168643116950989,-0.17580589652061462,0.5018147826194763,0.4138434827327728,0.2894642651081085,0.4939989149570465,0.4202187657356262,-0.3114490211009979,0.5205072164535522,0.4870271682739258,0.17567178606987,0.5355215668678284,0.46494483947753906,-0.3754660487174988,0.5218955278396606,0.5140767097473145,0.17038817703723907,0.5470532774925232,0.4784255623817444,-0.42233243584632874,0.5246654748916626,0.5129191279411316,0.1335541307926178,0.5472369194030762,0.46611160039901733,-0.40689778327941895,0.5250773429870605,0.507559597492218,0.1569262444972992,0.5439674854278564,0.4621516466140747,-0.37041133642196655,0.5082750916481018,0.5184184908866882,0.13672886788845062,0.505075991153717,0.5189074277877808,-0.13683810830116272,0.5204349756240845,0.6727548241615295,0.08408491313457489,0.5277966260910034,0.6789810657501221,-0.21746203303337097,0.48979777097702026,0.8325223326683044,0.08449577540159225,0.48689427971839905,0.8417835831642151,-0.2524576187133789,0.47683653235435486,0.8517943620681763,0.07859919965267181,0.4751049876213074,0.8636146187782288,-0.25980454683303833,0.5111559629440308,0.8713220357894897,0.004143842030316591,0.5182743668556213,0.8921431303024292,-0.3656054437160492
frame_00379.jpg,0.5420440435409546,0.24059124290943146,-0.006992591079324484,0.5375728607177734,0.22659161686897278,0.015555356629192829,0.5365394949913025,0.22621367871761322,0.01541137881577015,0.5356383919715881,0.2258421629667282,0.015493936836719513,0.5364031195640564,0.22651489078998566,-0.027164658531546593,0.5346379280090332,0.22623878717422485,-0.027523044496774673,0.5328382849693298,0.22588656842708588,-0.027634164318442345,0.525581955909729,0.23035624623298645,0.10868491232395172,0.5220450162887573,0.2318897694349289,-0.0849512368440628,0.5376270413398743,0.25397032499313354,0.0343504473567009,0.5360103845596313,0.2535991072654724,-0.02366279438138008,0.5143687725067139,0.30592066049575806,0.23735272884368896,0.5062443614006042,0.3087921440601349,-0.18836209177970886,0.5012364983558655,0.40960222482681274,0.2800012528896332,0.49257731437683105,0.40980711579322815,-0.3061787188053131,0.5197983384132385,0.48322585225105286,0.1601661741733551,0.5250289440155029,0.4820653796195984,-0.3589949905872345,0.5203801393508911,0.517564594745636,0.15484023094177246,0.5264562964439392,0.5064760446548462,-0.40353721380233765,0.5232567191123962,0.5140212774276733,0.11706475913524628,0.5375398397445679,0.49898797273635864,-0.3956543803215027,0.5238752961158752,0.5054764747619629,0.1410747468471527,0.5327590703964233,0.49205318093299866,-0.3562498688697815,0.5084952116012573,0.5094544887542725,0.13626983761787415,0.5031798481941223,0.5076977014541626,-0.1363690346479416,0.5229395031929016,0.6613975167274475,0.05284453183412552,0.5251778364181519,0.6651047468185425,-0.2203240841627121,0.487506628036499,0.8272168636322021,0.06533709913492203,0.4887993335723877,0.8428752422332764,-0.28302013874053955,0.47669968008995056,0.836970865726471,0.061360590159893036,0.47514113783836365,0.8794969916343689,-0.2937491536140442,0.5106271505355835,0.8640441298484802,-0.014586570672690868,0.5289944410324097,0.8969999551773071,-0.4150260388851166
frame_00380.jpg,0.5420600175857544,0.23471613228321075,-0.04605215787887573,0.5373140573501587,0.21949642896652222,-0.02300107292830944,0.5362452864646912,0.2191028743982315,-0.02315758541226387,0.5353391170501709,0.21875721216201782,-0.023037564009428024,0.5361028909683228,0.21921423077583313,-0.0642411932349205,0.5342977046966553,0.21878233551979065,-0.06459028273820877,0.5324909687042236,0.2183017134666443,-0.06471631675958633,0.5254238843917847,0.22334223985671997,0.08239834755659103,0.5215692520141602,0.22405071556568146,-0.10557474195957184,0.5376294255256653,0.24816447496414185,-0.0015716074267402291,0.5359745025634766,0.24790702760219574,-0.05772467702627182,0.5156261920928955,0.29907840490341187,0.21777275204658508,0.5063072443008423,0.3021637797355652,-0.197811558842659,0.5004650354385376,0.40533092617988586,0.26889824867248535,0.49063000082969666,0.40454763174057007,-0.3047889769077301,0.5166102051734924,0.47759363055229187,0.15094062685966492,0.5140321254730225,0.48871687054634094,-0.35758763551712036,0.5181509852409363,0.5125525593757629,0.145223006606102,0.51258784532547,0.5145108699798584,-0.4057621955871582,0.5229330658912659,0.5078921318054199,0.1058216318488121,0.5225142240524292,0.5119830369949341,-0.39652734994888306,0.5212252736091614,0.49935591220855713,0.1314450353384018,0.5234194397926331,0.5056782960891724,-0.3548663556575775,0.5087586045265198,0.49925264716148376,0.1359071582555771,0.5003100633621216,0.4984034299850464,-0.13599558174610138,0.5396314859390259,0.6387601494789124,0.11182303726673126,0.5188121795654297,0.6627377867698669,-0.20221292972564697,0.491924524307251,0.7366594672203064,0.24478451907634735,0.4889157712459564,0.8422731161117554,-0.2549431622028351,0.48237237334251404,0.7375625371932983,0.2536547780036926,0.47693294286727905,0.8712799549102783,-0.257483571767807,0.5052701234817505,0.8011688590049744,0.19780631363391876,0.5264578461647034,0.8942018151283264,-0.356384813785553
frame_00381.jpg,0.5419952869415283,0.22838850319385529,-0.04643881320953369,0.5369015336036682,0.2136462777853012,-0.023756900802254677,0.5357648730278015,0.21336154639720917,-0.02393771894276142,0.5348423719406128,0.21315957605838776,-0.023796871304512024,0.5357665419578552,0.21359768509864807,-0.06451108306646347,0.53392493724823,0.2134082317352295,-0.06484467536211014,0.5321186780929565,0.21321599185466766,-0.06497956812381744,0.5250271558761597,0.2178928554058075,0.07784964144229889,0.5211975574493408,0.219071626663208,-0.10801517963409424,0.5375269651412964,0.24176865816116333,-0.004439776763319969,0.5358422994613647,0.2418624758720398,-0.05997911095619202,0.5161123275756836,0.29553788900375366,0.19653144478797913,0.5073965787887573,0.29803332686424255,-0.2028120756149292,0.4997299313545227,0.39874038100242615,0.23050102591514587,0.4905099868774414,0.3964613676071167,-0.32054075598716736,0.5103572010993958,0.47371768951416016,0.10996377468109131,0.5059036016464233,0.4870389997959137,-0.3879331052303314,0.5113692879676819,0.5086888074874878,0.10430188477039337,0.5027421116828918,0.5104734301567078,-0.44027838110923767,0.5153355002403259,0.5062702298164368,0.06555252522230148,0.5129691362380981,0.5100072622299194,-0.4304071366786957,0.5155606865882874,0.4969608187675476,0.09094245731830597,0.5155244469642639,0.5041295886039734,-0.38591858744621277,0.5093702673912048,0.4918648302555084,0.13344617187976837,0.4996417462825775,0.4911704361438751,-0.13350191712379456,0.5486932396888733,0.6185801029205322,0.15116366744041443,0.5188931226730347,0.6437060832977295,-0.20126576721668243,0.49206000566482544,0.7063042521476746,0.2863156199455261,0.4878523349761963,0.8232323527336121,-0.2337442934513092,0.48183050751686096,0.7067782878875732,0.2956206500530243,0.4769369959831238,0.8428043127059937,-0.23495018482208252,0.4883735775947571,0.7622993588447571,0.24639329314231873,0.5176606774330139,0.8758242130279541,-0.34925377368927
frame_00382.jpg,0.5419052243232727,0.22662919759750366,-0.05791400745511055,0.5364479422569275,0.21259908378124237,-0.03508324548602104,0.5351731777191162,0.21234744787216187,-0.03529177978634834,0.534165620803833,0.2122005671262741,-0.03514598682522774,0.5356325507164001,0.21275630593299866,-0.07617080956697464,0.5338517427444458,0.2126566767692566,-0.07649669051170349,0.5321090221405029,0.2124866396188736,-0.07663343846797943,0.5245843529701233,0.21708343923091888,0.06728196144104004,0.5212344527244568,0.2177855223417282,-0.11997660249471664,0.5373417139053345,0.240228071808815,-0.015871994197368622,0.5358197093009949,0.24031682312488556,-0.07186565548181534,0.5170000791549683,0.29681941866874695,0.17843738198280334,0.507077693939209,0.30030032992362976,-0.20759408175945282,0.4994192123413086,0.39642947912216187,0.19884523749351501,0.48952946066856384,0.39344680309295654,-0.3275611102581024,0.5070079565048218,0.4723600149154663,0.06327725201845169,0.5014772415161133,0.48457077145576477,-0.39524632692337036,0.5072886943817139,0.5025834441184998,0.05330813676118851,0.4987354278564453,0.5072094202041626,-0.4473016858100891,0.5109258890151978,0.5012605786323547,0.01644662395119667,0.5059511065483093,0.5064029097557068,-0.43745851516723633,0.5110502243041992,0.4953600764274597,0.044392772018909454,0.5083203911781311,0.5005624294281006,-0.3934438228607178,0.5107619762420654,0.4899684190750122,0.12828843295574188,0.4988250732421875,0.48947009444236755,-0.12833109498023987,0.5540515184402466,0.6103907227516174,0.1643318086862564,0.5139328241348267,0.6372815370559692,-0.15937747061252594,0.49223536252975464,0.6784940361976624,0.3229047656059265,0.4871364235877991,0.8176482319831848,-0.12613269686698914,0.47986021637916565,0.6760104894638062,0.3348706364631653,0.47705039381980896,0.8318241834640503,-0.1255587935447693,0.48640507459640503,0.725455105304718,0.28530803322792053,0.5114848613739014,0.8662720322608948,-0.2361154556274414
frame_00383.jpg,0.5411836504936218,0.22816649079322815,-0.05401857942342758,0.5356648564338684,0.21411077678203583,-0.023129241541028023,0.5346455574035645,0.213815376162529,-0.023355651646852493,0.5338644981384277,0.21367575228214264,-0.0231470987200737,0.5344582796096802,0.21406146883964539,-0.06189243122935295,0.5326270461082458,0.21374697983264923,-0.062213797122240067,0.5308412313461304,0.21339181065559387,-0.06241220235824585,0.5244876146316528,0.21901831030845642,0.09234856069087982,0.5202950239181519,0.21997198462486267,-0.08815683424472809,0.537269651889801,0.24048760533332825,-0.004018696956336498,0.5355888605117798,0.2405516356229782,-0.05657900124788284,0.5166558623313904,0.29690709710121155,0.20559461414813995,0.506962776184082,0.30137622356414795,-0.18123486638069153,0.4975455403327942,0.39295655488967896,0.20529615879058838,0.48736509680747986,0.3872124254703522,-0.3096131384372711,0.5050150752067566,0.47038745880126953,0.10296536982059479,0.5001035928726196,0.46589890122413635,-0.3843432366847992,0.5046743750572205,0.49903830885887146,0.09710937738418579,0.49812445044517517,0.4940515160560608,-0.43208152055740356,0.5089970827102661,0.4968237578868866,0.0610075481235981,0.5046245455741882,0.49499815702438354,-0.42021721601486206,0.5098963975906372,0.4919031262397766,0.0851554274559021,0.5063164830207825,0.4862382113933563,-0.38129645586013794,0.5104718208312988,0.4920036494731903,0.12737110257148743,0.4990057349205017,0.4919799864292145,-0.1274421662092209,0.5531682968139648,0.6085804104804993,0.137250617146492,0.5229912400245667,0.6266811490058899,-0.16521067917346954,0.4917933940887451,0.6603967547416687,0.24688974022865295,0.4870084226131439,0.8152979612350464,-0.1367388665676117,0.4762447476387024,0.6579962372779846,0.2532452642917633,0.46354395151138306,0.8070312142372131,-0.13550585508346558,0.4873204827308655,0.7153562307357788,0.19929194450378418,0.5069314241409302,0.8402459621429443,-0.22788815200328827
frame_00384.jpg,0.5380479097366333,0.242570161819458,0.020495902746915817,0.5334592461585999,0.22842076420783997,0.04510858282446861,0.5325363874435425,0.22826051712036133,0.04488722234964371,0.5318483114242554,0.22805942595005035,0.04502180963754654,0.5328456163406372,0.22858884930610657,0.005093518644571304,0.5314615368843079,0.22864484786987305,0.004802555777132511,0.5301059484481812,0.2285763919353485,0.004659538622945547,0.523887038230896,0.2321491688489914,0.14229325950145721,0.5203393697738647,0.23321136832237244,-0.04039066284894943,0.53521728515625,0.2547902762889862,0.05962482839822769,0.5339072346687317,0.25445756316185,0.0053464146330952644,0.5161255598068237,0.3051052391529083,0.24130699038505554,0.5060849785804749,0.30615347623825073,-0.1536162942647934,0.4975951611995697,0.38749217987060547,0.23507559299468994,0.489393413066864,0.37916886806488037,-0.32425007224082947,0.5039816498756409,0.46053802967071533,0.1148429736495018,0.4985455572605133,0.43994787335395813,-0.43792223930358887,0.5044476389884949,0.48912256956100464,0.10578135401010513,0.4982677400112152,0.4625146687030792,-0.494265615940094,0.507794201374054,0.4908704161643982,0.07152912020683289,0.5031787157058716,0.46014267206192017,-0.4788467288017273,0.5082868337631226,0.4762114882469177,0.09699728339910507,0.5036683082580566,0.45249906182289124,-0.4349195063114166,0.5065853595733643,0.4927726984024048,0.12699231505393982,0.5005086660385132,0.49260246753692627,-0.12708701193332672,0.5382698774337769,0.6319302916526794,0.13108409941196442,0.5439164638519287,0.5952680706977844,-0.17028096318244934,0.47995010018348694,0.6860213875770569,0.22489020228385925,0.4863048493862152,0.7456151843070984,-0.10750193893909454,0.46752530336380005,0.7035923600196838,0.22720833122730255,0.4639577269554138,0.7595406174659729,-0.10154901444911957,0.47874879837036133,0.7517030835151672,0.17213845252990723,0.5054408311843872,0.7965831756591797,-0.16909901797771454
frame_00385.jpg,0.5346580147743225,0.2594452500343323,0.006300705019384623,0.5312973260879517,0.24435971677303314,0.027906423434615135,0.5307250618934631,0.24393144249916077,0.027694012969732285,0.5303589105606079,0.2434595376253128,0.027782300487160683,0.5301353335380554,0.2447722852230072,-0.00974317081272602,0.5287293791770935,0.2448490709066391,-0.010037030093371868,0.5274221301078796,0.24484263360500336,-0.010195307433605194,0.5229960680007935,0.24742072820663452,0.1369221955537796,0.5188668370246887,0.2504769265651703,-0.05582983046770096,0.532360315322876,0.2721935510635376,0.0431869812309742,0.530251145362854,0.2720910906791687,-0.008946987800300121,0.5092429518699646,0.313971608877182,0.1900249868631363,0.5046166181564331,0.3181770145893097,-0.151642844080925,0.4978954792022705,0.2816582918167114,0.2272176295518875,0.49111002683639526,0.3806484341621399,-0.322735071182251,0.4991331994533539,0.22263984382152557,0.15541526675224304,0.4996141791343689,0.43783846497535706,-0.4332621693611145,0.4955955445766449,0.21281719207763672,0.14525070786476135,0.5005306601524353,0.45584943890571594,-0.4861055910587311,0.4950723648071289,0.2061053365468979,0.12594714760780334,0.5052977800369263,0.44697797298431396,-0.4790481925010681,0.4985377788543701,0.20815902948379517,0.1443193405866623,0.5050758719444275,0.440129816532135,-0.4340185523033142,0.5035216808319092,0.5086052417755127,0.11857328563928604,0.5011955499649048,0.5124282240867615,-0.1187409907579422,0.5392507314682007,0.6404130458831787,0.14704462885856628,0.539596676826477,0.61171555519104,-0.17300885915756226,0.48214682936668396,0.7095205187797546,0.2821877896785736,0.48447585105895996,0.7560063600540161,-0.139563649892807,0.4693525433540344,0.7196170091629028,0.2921660542488098,0.46542102098464966,0.8107824921607971,-0.13732659816741943,0.4806639552116394,0.7482950687408447,0.2495775669813156,0.5029824376106262,0.8250190615653992,-0.21663323044776917
frame_00386.jpg,0.5313658118247986,0.2711906135082245,0.06736410409212112,0.5283225178718567,0.2558235824108124,0.08697390556335449,0.5278884172439575,0.2552359402179718,0.08675260096788406,0.5276418924331665,0.2545902132987976,0.08678793907165527,0.5270829796791077,0.2563556134700775,0.04891346022486687,0.5257687568664551,0.2564098834991455,0.04860930144786835,0.5245990753173828,0.25639376044273376,0.04843846336007118,0.5205061435699463,0.2575679123401642,0.1578691005706787,0.5164636969566345,0.26161903142929077,-0.01763014867901802,0.5290919542312622,0.28323936462402344,0.09618017077445984,0.5268382430076599,0.2832649350166321,0.04433051496744156,0.5035430788993835,0.3205419182777405,0.23619262874126434,0.5028160810470581,0.32551583647727966,-0.12547431886196136,0.49790865182876587,0.2926812171936035,0.3128974139690399,0.492363840341568,0.3901335895061493,-0.23519869148731232,0.49694472551345825,0.20181557536125183,0.30094245076179504,0.5006334185600281,0.4368557929992676,-0.2527126669883728,0.4915315508842468,0.2166120558977127,0.3059017062187195,0.5022403597831726,0.4519878029823303,-0.2830882668495178,0.49107640981674194,0.20906709134578705,0.2898422181606293,0.506981372833252,0.4434617757797241,-0.2754597067832947,0.49511298537254333,0.21209783852100372,0.2927236258983612,0.5072553753852844,0.43885961174964905,-0.24949507415294647,0.4982750415802002,0.5194083452224731,0.11669479310512543,0.502591073513031,0.5195361971855164,-0.11696270853281021,0.5061902403831482,0.6722880005836487,0.10183068364858627,0.5468344688415527,0.597490131855011,-0.17325647175312042,0.4812396168708801,0.8296054601669312,0.05765305832028389,0.4901251196861267,0.6303272247314453,-0.04805733263492584,0.46968144178390503,0.8494729399681091,0.049314480274915695,0.4768938422203064,0.6257480978965759,-0.031770627945661545,0.497863233089447,0.8739121556282043,0.001997321145609021,0.489553838968277,0.6891307830810547,-0.018246086314320564
frame_00387.jpg,0.531706690788269,0.2674870491027832,0.005923108197748661,0.52814781665802,0.25313055515289307,0.022560328245162964,0.5274885296821594,0.25277453660964966,0.022326963022351265,0.5270365476608276,0.25239667296409607,0.022313203662633896,0.5272006392478943,0.2534641623497009,-0.012398808263242245,0.5259090662002563,0.2535611391067505,-0.012704653665423393,0.5247398614883423,0.25361624360084534,-0.012908096425235271,0.5197390913963318,0.2556832730770111,0.09149254858493805,0.5161928534507751,0.25882139801979065,-0.07289059460163116,0.5288740992546082,0.2801879644393921,0.03346865251660347,0.5270289182662964,0.28019440174102783,-0.014835290610790253,0.5042621493339539,0.3236977756023407,0.17371512949466705,0.5012583136558533,0.3283006250858307,-0.1515360176563263,0.5010167956352234,0.2821669578552246,0.26556625962257385,0.49221864342689514,0.40399372577667236,-0.2657544016838074,0.49687108397483826,0.20150147378444672,0.22615008056163788,0.5142493844032288,0.44067296385765076,-0.31912797689437866,0.4931604266166687,0.20515738427639008,0.22346290946006775,0.5176669359207153,0.4534756541252136,-0.36210161447525024,0.4923494756221771,0.19656148552894592,0.20244702696800232,0.5206555724143982,0.44372618198394775,-0.3514196574687958,0.4965607523918152,0.1995019018650055,0.21537964046001434,0.5185152888298035,0.4402982294559479,-0.3161507248878479,0.4993903636932373,0.5195343494415283,0.11549254506826401,0.5024746656417847,0.5231066942214966,-0.11567407846450806,0.5257567167282104,0.662856936454773,0.17185232043266296,0.5320217609405518,0.5979183912277222,-0.1740647256374359,0.48222795128822327,0.7079966068267822,0.3400607407093048,0.48574918508529663,0.810838520526886,-0.14015015959739685,0.46976080536842346,0.7112263441085815,0.35499435663223267,0.4740506708621979,0.8294092416763306,-0.13642290234565735,0.4877987504005432,0.722829282283783,0.3371686637401581,0.49442991614341736,0.8429573774337769,-0.19312411546707153
frame_00388.jpg,0.5311344861984253,0.2643393278121948,-0.039871133863925934,0.5275546312332153,0.25032028555870056,-0.01743873581290245,0.5271229147911072,0.24999451637268066,-0.01766500622034073,0.5268882513046265,0.24965301156044006,-0.01754165068268776,0.5261725187301636,0.2506125867366791,-0.05320701003074646,0.524854302406311,0.25067123770713806,-0.053519587963819504,0.5236872434616089,0.2506817877292633,-0.05366033315658569,0.5199059844017029,0.2528049051761627,0.08245312422513962,0.5158939361572266,0.25558581948280334,-0.08184820413589478,0.5287793874740601,0.27724307775497437,0.0010426286607980728,0.526390790939331,0.27720409631729126,-0.04793848469853401,0.5047287940979004,0.3218221068382263,0.18656525015830994,0.5013350248336792,0.3265356719493866,-0.15689560770988464,0.500304102897644,0.3732367753982544,0.2371726930141449,0.4919721484184265,0.3988310694694519,-0.3094717264175415,0.5049387216567993,0.4291008710861206,0.12955573201179504,0.5136789083480835,0.4426221251487732,-0.4237307906150818,0.5103906393051147,0.4473523795604706,0.12366609275341034,0.5167474150657654,0.458761990070343,-0.4775640368461609,0.5118579864501953,0.44221073389053345,0.08761753141880035,0.520175576210022,0.45055869221687317,-0.4619062542915344,0.5103403329849243,0.43829938769340515,0.11182598769664764,0.5183290243148804,0.44624099135398865,-0.4202449321746826,0.5024299621582031,0.5152935981750488,0.11660699546337128,0.502150297164917,0.5192775130271912,-0.11675895750522614,0.5605360269546509,0.6151978969573975,0.15239107608795166,0.5057913064956665,0.6339790225028992,-0.17047816514968872,0.4917459487915039,0.6396944522857666,0.31297141313552856,0.4841021001338959,0.8295322060585022,-0.1645214855670929,0.47591322660446167,0.6504436135292053,0.3272474706172943,0.4738823473453522,0.8479767441749573,-0.16607195138931274,0.48623737692832947,0.6858862638473511,0.29781168699264526,0.4963613450527191,0.8654494881629944,-0.26623374223709106
frame_00389.jpg,0.5312501192092896,0.25472766160964966,-0.034536946564912796,0.5279471278190613,0.24088875949382782,-0.011028422974050045,0.5274580717086792,0.24048927426338196,-0.011236470192670822,0.5271674394607544,0.240237295627594,-0.011109838262200356,0.5266305804252625,0.24089649319648743,-0.050755299627780914,0.5252876877784729,0.24061225354671478,-0.05107320100069046,0.5240708589553833,0.2403503954410553,-0.05122176557779312,0.5200139284133911,0.2426050752401352,0.08883675932884216,0.5158355236053467,0.2437170296907425,-0.0886598452925682,0.5288373231887817,0.26807117462158203,0.007357850670814514,0.5266855359077454,0.26773548126220703,-0.04647637531161308,0.5079084634780884,0.3200012147426605,0.1994468718767166,0.5014120936393738,0.321134090423584,-0.17419631779193878,0.49930500984191895,0.3938782811164856,0.23280997574329376,0.4901611804962158,0.39880111813545227,-0.3000575304031372,0.5049099326133728,0.46413370966911316,0.08759520202875137,0.5102132558822632,0.4621221721172333,-0.3411273956298828,0.5093324780464172,0.48755931854248047,0.07631809264421463,0.5112388730049133,0.4811263084411621,-0.38612356781959534,0.5111817121505737,0.4872290790081024,0.04069659113883972,0.514302670955658,0.4716329872608185,-0.3745032548904419,0.5105267763137817,0.4753417670726776,0.06862758845090866,0.5147778391838074,0.4661576449871063,-0.3376011848449707,0.5032913684844971,0.5091918706893921,0.12120030075311661,0.5004118084907532,0.511851966381073,-0.12129358947277069,0.5549127459526062,0.6166170239448547,0.13331568241119385,0.5121508836746216,0.6339921951293945,-0.17147989571094513,0.4929572641849518,0.6667852997779846,0.2697645425796509,0.48427385091781616,0.8218829035758972,-0.12913116812705994,0.47421663999557495,0.6920614838600159,0.2784450948238373,0.4742087721824646,0.842176079750061,-0.12603197991847992,0.4867371618747711,0.7184456586837769,0.2454209327697754,0.49751609563827515,0.8584693670272827,-0.21898913383483887
frame_00390.jpg,0.5325904488563538,0.23883777856826782,-0.051977794617414474,0.5279961228370667,0.2233620285987854,-0.028737608343362808,0.527582585811615,0.22302237153053284,-0.028931761160492897,0.5273209810256958,0.22276999056339264,-0.028803518041968346,0.5267760753631592,0.22319522500038147,-0.07011929154396057,0.5255290269851685,0.2228413224220276,-0.07044224441051483,0.5243368744850159,0.22242134809494019,-0.07057976722717285,0.5199866890907288,0.22674594819545746,0.07510365545749664,0.515433132648468,0.22762297093868256,-0.1124274730682373,0.5293756127357483,0.2521153390407562,-0.008976219221949577,0.5269424915313721,0.2516135573387146,-0.06506401300430298,0.5105733275413513,0.3088814318180084,0.19847849011421204,0.5014222264289856,0.3082972466945648,-0.20069436728954315,0.49906110763549805,0.40032339096069336,0.22880299389362335,0.4876626431941986,0.39991113543510437,-0.3025759160518646,0.5094025731086731,0.477716863155365,0.08723995089530945,0.5097281336784363,0.4871242642402649,-0.3449830114841461,0.5143287777900696,0.502012312412262,0.07660458981990814,0.5098415017127991,0.5126256346702576,-0.39275598526000977,0.5198378562927246,0.5034006237983704,0.03817175701260567,0.5144051909446716,0.5087388753890991,-0.3820359706878662,0.5198649168014526,0.49707353115081787,0.06743122637271881,0.5151392221450806,0.501262366771698,-0.3419455885887146,0.5045371651649475,0.4979177415370941,0.1257108747959137,0.49657386541366577,0.500020444393158,-0.12576253712177277,0.5534542798995972,0.6171406507492065,0.13433225452899933,0.5113562345504761,0.6425378918647766,-0.1643010973930359,0.49278855323791504,0.6883671283721924,0.2651929259300232,0.48465976119041443,0.8242893218994141,-0.12179522216320038,0.47434917092323303,0.6990523934364319,0.2736077904701233,0.47418922185897827,0.8361778855323792,-0.12026020139455795,0.4875637888908386,0.7343504428863525,0.2250964343547821,0.4976016879081726,0.8674688935279846,-0.21991142630577087
frame_00391.jpg,0.5328975915908813,0.23144155740737915,-0.058170385658741,0.5281859040260315,0.21609479188919067,-0.03468102961778641,0.5277009606361389,0.21578280627727509,-0.0348774679005146,0.5273972749710083,0.21555687487125397,-0.034745991230010986,0.5269016027450562,0.21602556109428406,-0.07504554092884064,0.5254310965538025,0.21574126183986664,-0.07536610215902328,0.5239131450653076,0.21544089913368225,-0.07551030814647675,0.5196915864944458,0.21993421018123627,0.07011668384075165,0.5144889950752258,0.22083178162574768,-0.11387066543102264,0.5296460390090942,0.244760662317276,-0.015036074444651604,0.5272588133811951,0.2441231608390808,-0.06997135281562805,0.5104530453681946,0.3001692593097687,0.19494730234146118,0.5014397501945496,0.30008623003959656,-0.20585644245147705,0.4984361529350281,0.4019707143306732,0.22513344883918762,0.4878633916378021,0.40131980180740356,-0.3149355351924896,0.5090957283973694,0.48161154985427856,0.09449782222509384,0.5087727308273315,0.4955826997756958,-0.36221060156822205,0.5129657983779907,0.5081614255905151,0.08589916676282883,0.5073731541633606,0.5194189548492432,-0.41391387581825256,0.5174516439437866,0.5093430280685425,0.048363398760557175,0.5140230059623718,0.5175744891166687,-0.40456604957580566,0.5180537104606628,0.5018213391304016,0.07560436427593231,0.515163779258728,0.5119020342826843,-0.3600718080997467,0.5053337812423706,0.49305105209350586,0.12805858254432678,0.49694815278053284,0.49456825852394104,-0.12811139225959778,0.5515198111534119,0.6201072931289673,0.15521112084388733,0.5135295391082764,0.6438015103340149,-0.16332975029945374,0.49258357286453247,0.7122182250022888,0.28551384806632996,0.4852648377418518,0.8188775181770325,-0.11726085841655731,0.476349413394928,0.7281205058097839,0.29352322220802307,0.4745987355709076,0.8315408825874329,-0.1159653514623642,0.48827266693115234,0.7897018790245056,0.23429858684539795,0.49900636076927185,0.8690935969352722,-0.21992123126983643
frame_00392.jpg,0.533115029335022,0.22978296875953674,-0.061043959110975266,0.5283474922180176,0.21476535499095917,-0.037664372473955154,0.5278011560440063,0.21434639394283295,-0.03784949705004692,0.5274537801742554,0.21401159465312958,-0.03772655874490738,0.5270272493362427,0.21492831408977509,-0.07687737047672272,0.5254102945327759,0.21472924947738647,-0.07721225917339325,0.5236839056015015,0.2145615518093109,-0.07735247910022736,0.5191985964775085,0.21741445362567902,0.06856011599302292,0.5136004090309143,0.21927949786186218,-0.1109224408864975,0.5298280119895935,0.24259226024150848,-0.0172507856041193,0.5274033546447754,0.24221186339855194,-0.07085762917995453,0.5104432702064514,0.2961541712284088,0.1916370987892151,0.5015331506729126,0.2971389889717102,-0.19892355799674988,0.4975112974643707,0.4000984728336334,0.2292160540819168,0.487933874130249,0.4013673961162567,-0.3125850558280945,0.5083438158035278,0.478106826543808,0.11188507080078125,0.5040677785873413,0.4937547743320465,-0.37904536724090576,0.5122186541557312,0.5053977370262146,0.10447268187999725,0.5011560916900635,0.518294095993042,-0.4322858452796936,0.5161048173904419,0.5055096745491028,0.06799884140491486,0.5102663636207581,0.5175216794013977,-0.4240127205848694,0.5168755650520325,0.4978179633617401,0.09368646889925003,0.5127514600753784,0.5113112926483154,-0.3779844045639038,0.5055375099182129,0.4931322932243347,0.12772974371910095,0.49688243865966797,0.4940764307975769,-0.1277931034564972,0.5513920783996582,0.6211240887641907,0.1518765687942505,0.5144076943397522,0.6459237933158875,-0.1750965565443039,0.49343523383140564,0.733654260635376,0.3052573502063751,0.48582878708839417,0.8204197287559509,-0.19590666890144348,0.47913360595703125,0.738329291343689,0.31681424379348755,0.47470951080322266,0.8415623903274536,-0.2017699033021927,0.487610399723053,0.7964634299278259,0.26444247364997864,0.5069632530212402,0.8787032961845398,-0.32510340213775635
frame_00393.jpg,0.5333986878395081,0.23242737352848053,-0.0052945176139473915,0.5284806489944458,0.2176220715045929,0.017093416303396225,0.5279071927070618,0.21722300350666046,0.016925906762480736,0.5274731516838074,0.21693827211856842,0.01702111028134823,0.5271298289299011,0.21778300404548645,-0.025153279304504395,0.5255926847457886,0.2175721973180771,-0.025485176593065262,0.5239148139953613,0.21737241744995117,-0.025597279891371727,0.5188201069831848,0.22033244371414185,0.11333368718624115,0.5137737989425659,0.22192542254924774,-0.07967773824930191,0.5299455523490906,0.24560096859931946,0.034537725150585175,0.5281455516815186,0.24533036351203918,-0.023042159155011177,0.5103409290313721,0.2975912094116211,0.22413623332977295,0.5015869736671448,0.299696147441864,-0.18344183266162872,0.4958423972129822,0.39843133091926575,0.26254943013191223,0.4877442717552185,0.3989534378051758,-0.3190560042858124,0.507684588432312,0.4776177704334259,0.15706637501716614,0.5021664500236511,0.48725825548171997,-0.41129302978515625,0.5119971632957458,0.502311646938324,0.15160411596298218,0.49982601404190063,0.511667013168335,-0.46477556228637695,0.5153607130050659,0.5024237036705017,0.1136908307671547,0.5081506967544556,0.5112119317054749,-0.4544563293457031,0.5164942741394043,0.4940843880176544,0.1382324993610382,0.5102345943450928,0.5036305785179138,-0.4099089205265045,0.5055590867996216,0.49360302090644836,0.12946873903274536,0.4971061646938324,0.49550989270210266,-0.1295330822467804,0.5411753058433533,0.6320077776908875,0.07516706734895706,0.5150728225708008,0.6538349390029907,-0.20842480659484863,0.4907795488834381,0.7822637557983398,0.13351970911026,0.4866054058074951,0.83706134557724,-0.30368298292160034,0.475262314081192,0.7930827736854553,0.13411135971546173,0.4718987047672272,0.8812467455863953,-0.3178175389766693,0.49702516198158264,0.8354723453521729,0.06067704036831856,0.5284311175346375,0.9021198153495789,-0.45312437415122986
frame_00394.jpg,0.5335018634796143,0.23355548083782196,0.011721505783498287,0.5285924077033997,0.21876707673072815,0.03571918606758118,0.5279644131660461,0.21869036555290222,0.035538576543331146,0.5274397134780884,0.21861320734024048,0.03565071150660515,0.5272191762924194,0.21860645711421967,-0.0077715544030070305,0.5256381034851074,0.21848304569721222,-0.008088445290923119,0.5239370465278625,0.21830350160598755,-0.008195863105356693,0.5186311602592468,0.2221003621816635,0.1328258514404297,0.5139040350914001,0.22251194715499878,-0.06571998447179794,0.5300199389457703,0.248368501663208,0.0515531487762928,0.5283146500587463,0.2481028288602829,-0.007553552743047476,0.5099522471427917,0.3026666045188904,0.24326880276203156,0.5014911890029907,0.3042554259300232,-0.17694339156150818,0.49536019563674927,0.4023062288761139,0.27208206057548523,0.4872397780418396,0.3992749750614166,-0.31813377141952515,0.5061672925949097,0.47468703985214233,0.15301941335201263,0.5015929341316223,0.4819692373275757,-0.4036499857902527,0.5094940066337585,0.4991261065006256,0.14620545506477356,0.4999776780605316,0.5094385147094727,-0.4552869200706482,0.5130952596664429,0.4998224675655365,0.11013704538345337,0.5054000616073608,0.5106939673423767,-0.4447576403617859,0.513397216796875,0.49079692363739014,0.13469114899635315,0.507251501083374,0.5025986433029175,-0.4024848937988281,0.5055691599845886,0.49757927656173706,0.1352023482322693,0.49844279885292053,0.4973677396774292,-0.13531039655208588,0.5281937122344971,0.6475116014480591,0.09835372865200043,0.5164006948471069,0.6606886386871338,-0.185977041721344,0.4880146086215973,0.805000901222229,0.14839237928390503,0.48557430505752563,0.8307374119758606,-0.2633518576622009,0.4713537096977234,0.8238668441772461,0.14629150927066803,0.4697916507720947,0.8661119937896729,-0.2545299530029297,0.5057611465454102,0.8440772294998169,0.06754649430513382,0.5273927450180054,0.8905810713768005,-0.3436834514141083
frame_00395.jpg,0.5326831936836243,0.24555586278438568,0.012948893010616302,0.5279130339622498,0.23168621957302094,0.037785280495882034,0.5272406339645386,0.2317107766866684,0.0376010425388813,0.5267113447189331,0.2317214459180832,0.03771565109491348,0.526610255241394,0.23147042095661163,-0.004874698352068663,0.5250034928321838,0.23142515122890472,-0.005197794176638126,0.5233396291732788,0.23127944767475128,-0.005308506544679403,0.5185071229934692,0.23740874230861664,0.14072832465171814,0.5139029622077942,0.23720957338809967,-0.05466344952583313,0.5297964811325073,0.26051583886146545,0.05487898737192154,0.5280934572219849,0.2599989175796509,-0.0032264553010463715,0.5065041780471802,0.3149663209915161,0.2555476129055023,0.5011536478996277,0.3114131689071655,-0.1668355017900467,0.4937148988246918,0.40216362476348877,0.2920868396759033,0.4860204756259918,0.3995824158191681,-0.3387508988380432,0.503696084022522,0.4623723030090332,0.18317446112632751,0.4991947114467621,0.45625531673431396,-0.4674049913883209,0.5074170231819153,0.4850390553474426,0.1765463650226593,0.5004884004592896,0.4779341518878937,-0.5257516503334045,0.5094221234321594,0.4846932291984558,0.14116176962852478,0.5038649439811707,0.4727087616920471,-0.51032555103302,0.509562075138092,0.4775773286819458,0.16505128145217896,0.5038576722145081,0.4651578962802887,-0.4650491774082184,0.5054940581321716,0.5065845847129822,0.13735392689704895,0.4995215833187103,0.5065662264823914,-0.13747653365135193,0.5195064544677734,0.6660729050636292,0.10590629279613495,0.516735851764679,0.674814760684967,-0.1856558918952942,0.48444756865501404,0.8197017312049866,0.1386963576078415,0.4841068685054779,0.8370901346206665,-0.2284124195575714,0.46896347403526306,0.8373247981071472,0.13513654470443726,0.4678054451942444,0.8592185378074646,-0.2272113859653473,0.5039166212081909,0.8625649809837341,0.05288981273770332,0.5164483189582825,0.8890432119369507,-0.3272325396537781
frame_00396.jpg,0.5318012833595276,0.255441814661026,0.015639370307326317,0.5264391899108887,0.24182580411434174,0.03974869102239609,0.5255647301673889,0.24184231460094452,0.039562322199344635,0.5248349905014038,0.24187523126602173,0.039694033563137054,0.5255439281463623,0.24158143997192383,-0.003099939087405801,0.5240371227264404,0.24152618646621704,-0.003436880651861429,0.5225023031234741,0.24140074849128723,-0.003538665594533086,0.5172570943832397,0.24970142543315887,0.13807280361652374,0.5135942697525024,0.2508743405342102,-0.05605992674827576,0.5284937024116516,0.2709704637527466,0.05614922195672989,0.5272135138511658,0.27059540152549744,-0.001775491749867797,0.5045274496078491,0.32474425435066223,0.25537994503974915,0.5003079175949097,0.3252575099468231,-0.16462287306785583,0.4938264489173889,0.4204931855201721,0.2449049949645996,0.48564353585243225,0.4242314100265503,-0.24127300083637238,0.5126157402992249,0.45914942026138306,0.025591108947992325,0.5157787799835205,0.4588640034198761,-0.2537098526954651,0.5192750692367554,0.4789104759693146,0.002404037630185485,0.524329423904419,0.4718680679798126,-0.2980291247367859,0.5219069719314575,0.47526392340660095,-0.03165029361844063,0.527692437171936,0.46203482151031494,-0.28535184264183044,0.5202694535255432,0.47384923696517944,0.005100723821669817,0.5246967077255249,0.45884352922439575,-0.24893316626548767,0.5054396986961365,0.5220569372177124,0.13634304702281952,0.5000773072242737,0.5249152779579163,-0.13646379113197327,0.5173021554946899,0.6764766573905945,0.1308715045452118,0.5166643857955933,0.6871844530105591,-0.18496765196323395,0.4822673797607422,0.8312661051750183,0.194443017244339,0.48166078329086304,0.8449822664260864,-0.1285722553730011,0.4677495062351227,0.8456026315689087,0.1942792534828186,0.46560773253440857,0.8605579733848572,-0.12353289127349854,0.5033789277076721,0.8701565265655518,0.12910665571689606,0.510364294052124,0.8935605883598328,-0.2069176435470581
frame_00397.jpg,0.5318740606307983,0.26300671696662903,0.00821636151522398,0.5258522629737854,0.25051149725914,0.031768422573804855,0.5245915651321411,0.2505626380443573,0.03157924860715866,0.5234653353691101,0.25060898065567017,0.031700894236564636,0.5254673957824707,0.25047239661216736,-0.010698679834604263,0.5240285396575928,0.2505505681037903,-0.011029823683202267,0.5225602984428406,0.25054803490638733,-0.011138563975691795,0.5156500935554504,0.2577866017818451,0.12946197390556335,0.51351398229599,0.2595612406730652,-0.05968642234802246,0.5279510617256165,0.2783541977405548,0.048300083726644516,0.5272031426429749,0.27806463837623596,-0.008963770233094692,0.5011154413223267,0.3314036428928375,0.24562664330005646,0.49954137206077576,0.3371488153934479,-0.17017784714698792,0.4939102232456207,0.43181827664375305,0.2305101901292801,0.48571211099624634,0.4428603947162628,-0.23544296622276306,0.5199846029281616,0.46357935667037964,0.02488502487540245,0.5273061990737915,0.4629072844982147,-0.22863832116127014,0.5276758670806885,0.47940874099731445,0.004756558686494827,0.5366507172584534,0.47489461302757263,-0.2697405517101288,0.5313406586647034,0.4728657007217407,-0.02956584468483925,0.5402040481567383,0.46467721462249756,-0.2551642656326294,0.5292059183120728,0.46921128034591675,0.004737503826618195,0.5368341207504272,0.4617234170436859,-0.22250846028327942,0.5047475695610046,0.5309021472930908,0.13585905730724335,0.500754714012146,0.5356446504592896,-0.13598164916038513,0.5157873034477234,0.6798190474510193,0.14208494126796722,0.5159204602241516,0.6924654841423035,-0.17853498458862305,0.4818543493747711,0.8325002789497375,0.22172169387340546,0.4800693392753601,0.8473643064498901,-0.10661239922046661,0.4675491750240326,0.8465989828109741,0.2244250327348709,0.4643250107765198,0.861221194267273,-0.10132817178964615,0.5028983354568481,0.8680967092514038,0.16992440819740295,0.5070958733558655,0.8957165479660034,-0.17925485968589783
frame_00398.jpg,0.5314202904701233,0.26374441385269165,0.005135790444910526,0.5249435901641846,0.25218135118484497,0.028192704543471336,0.5236247181892395,0.25218665599823,0.02800714038312435,0.5224727392196655,0.25219112634658813,0.028125915676355362,0.5249708294868469,0.25235065817832947,-0.01400527823716402,0.5237152576446533,0.2524927854537964,-0.014333868399262428,0.5224127173423767,0.25255605578422546,-0.014439994469285011,0.5146435499191284,0.2574623227119446,0.1263418197631836,0.5133095979690552,0.2592652440071106,-0.060587186366319656,0.5275150537490845,0.2780367136001587,0.04500929266214371,0.527059018611908,0.2782255709171295,-0.012037066742777824,0.5003365874290466,0.33172711730003357,0.2435712367296219,0.498823881149292,0.3367873430252075,-0.17164567112922668,0.494241327047348,0.4290488660335541,0.23969347774982452,0.48549404740333557,0.4382858872413635,-0.24985560774803162,0.5207591652870178,0.4630342423915863,0.07157116383314133,0.5262659788131714,0.4634944200515747,-0.2677045464515686,0.5296339392662048,0.4772455394268036,0.05646558851003647,0.5363332629203796,0.4762769639492035,-0.312053382396698,0.5348279476165771,0.47199422121047974,0.021265637129545212,0.539770245552063,0.46592235565185547,-0.298610121011734,0.5320578813552856,0.4669410288333893,0.05207337811589241,0.5365351438522339,0.4627635180950165,-0.2628171741962433,0.5039103627204895,0.5288661122322083,0.13633373379707336,0.5001386404037476,0.5324060916900635,-0.13645018637180328,0.517258882522583,0.6785765290260315,0.13825921714305878,0.5160335898399353,0.6890812516212463,-0.17813332378864288,0.4816676676273346,0.8290545344352722,0.21860340237617493,0.4790293574333191,0.8471363186836243,-0.13401155173778534,0.46787914633750916,0.8441582322120667,0.21970434486865997,0.4641609787940979,0.8629131317138672,-0.13282997906208038,0.5032679438591003,0.8649997115135193,0.16464769840240479,0.505861759185791,0.8948940634727478,-0.22412912547588348
frame_00399.jpg,0.5303710103034973,0.26168912649154663,-0.03723815083503723,0.524951696395874,0.24969778954982758,-0.009864270687103271,0.523840606212616,0.24961861968040466,-0.010018397122621536,0.5227080583572388,0.24953748285770416,-0.009886983782052994,0.523551344871521,0.25007107853889465,-0.04802760109305382,0.5214667320251465,0.250363290309906,-0.04837741702795029,0.5192481875419617,0.25067439675331116,-0.04847187176346779,0.5151816010475159,0.25431010127067566,0.11125101894140244,0.5100435018539429,0.25656190514564514,-0.06405281275510788,0.5275866389274597,0.2757425904273987,0.011616600677371025,0.5255441069602966,0.2760222852230072,-0.040072210133075714,0.5005059838294983,0.32897424697875977,0.2473345249891281,0.49759799242019653,0.33346351981163025,-0.16365084052085876,0.495922327041626,0.4265981912612915,0.25997549295425415,0.48556599020957947,0.43332865834236145,-0.2592237889766693,0.519429624080658,0.46676865220069885,0.08593429625034332,0.5264765024185181,0.4678826928138733,-0.2966235280036926,0.529860258102417,0.4845026731491089,0.07187331467866898,0.5360650420188904,0.4797588586807251,-0.338055819272995,0.5316416621208191,0.47651147842407227,0.03720668703317642,0.5401363968849182,0.46736687421798706,-0.3185250461101532,0.5304064750671387,0.4696725904941559,0.06695988774299622,0.5369238257408142,0.4635559916496277,-0.29197508096694946,0.5037866830825806,0.5260387063026428,0.13593867421150208,0.49973320960998535,0.5295001268386841,-0.13604602217674255,0.5165736675262451,0.6762354969978333,0.08453648537397385,0.5161383152008057,0.6837542653083801,-0.19355860352516174,0.4817952513694763,0.8322018384933472,0.10385099798440933,0.4792846143245697,0.8438231348991394,-0.19801676273345947,0.4671388566493988,0.8516150712966919,0.09995530545711517,0.46376103162765503,0.8605368137359619,-0.20260091125965118,0.5051366090774536,0.8712873458862305,0.018444733694195747,0.5059128999710083,0.8922805190086365,-0.31487077474594116
frame_00400.jpg,0.5296341180801392,0.252637654542923,-0.0377260223031044,0.5245990753173828,0.23760859668254852,-0.01120583713054657,0.523795485496521,0.23741883039474487,-0.011355170048773289,0.5229123830795288,0.23715220391750336,-0.011239147745072842,0.5226947665214539,0.23851996660232544,-0.04968845844268799,0.5204048156738281,0.23916371166706085,-0.050040971487760544,0.5180484652519226,0.2397906631231308,-0.050139736384153366,0.5153093934059143,0.2428462654352188,0.10569014400243759,0.5090291500091553,0.24643823504447937,-0.06460555642843246,0.5276493430137634,0.2661716639995575,0.009109878912568092,0.5252578854560852,0.2667693495750427,-0.042966585606336594,0.5023282766342163,0.3236199915409088,0.2452172040939331,0.49744004011154175,0.32595252990722656,-0.16361740231513977,0.49580878019332886,0.42218735814094543,0.2743811011314392,0.4855426847934723,0.4268130958080292,-0.25066137313842773,0.5187863707542419,0.47816646099090576,0.12180980294942856,0.5238074660301208,0.4681791663169861,-0.2902948558330536,0.5285190939903259,0.4997520446777344,0.11018327623605728,0.5316808223724365,0.4812317192554474,-0.3352047801017761,0.5296335816383362,0.4940723478794098,0.07421737164258957,0.5363013744354248,0.47114142775535583,-0.32507219910621643,0.5282663106918335,0.48206716775894165,0.10295518487691879,0.5336850881576538,0.4671337902545929,-0.28692740201950073,0.5037856698036194,0.515260636806488,0.13570858538150787,0.4995185434818268,0.5172658562660217,-0.13582971692085266,0.5171391367912292,0.6735841035842896,0.05607849359512329,0.5193472504615784,0.6753409504890442,-0.22372809052467346,0.4819994568824768,0.8288138508796692,0.03731871023774147,0.4802848696708679,0.8426647186279297,-0.27579036355018616,0.4677971303462982,0.8489258289337158,0.029659440740942955,0.465424120426178,0.859434962272644,-0.28469163179397583,0.5052870512008667,0.87321537733078,-0.04872378706932068,0.5093406438827515,0.8904848098754883,-0.3925429582595825
frame_00401.jpg,0.5297083258628845,0.2407514452934265,-0.029513414949178696,0.524713397026062,0.22326479852199554,-0.004147620871663094,0.5239152908325195,0.22300663590431213,-0.004311195109039545,0.5230700969696045,0.22262072563171387,-0.004192481283098459,0.5228902101516724,0.22378836572170258,-0.04369379207491875,0.5206652283668518,0.22425596415996552,-0.04403642192482948,0.5184181928634644,0.2246723771095276,-0.0441398024559021,0.5153549909591675,0.2294657677412033,0.10660366714000702,0.509283185005188,0.23292843997478485,-0.07378272712230682,0.5282914042472839,0.2556917667388916,0.015071618370711803,0.5255128741264343,0.2558417022228241,-0.03855057433247566,0.5041054487228394,0.31539103388786316,0.24329936504364014,0.49741172790527344,0.3166451156139374,-0.17692749202251434,0.4950311779975891,0.4218354821205139,0.2748669385910034,0.48524466156959534,0.41910746693611145,-0.27369195222854614,0.5175528526306152,0.4773421883583069,0.13555094599723816,0.5215575098991394,0.479411780834198,-0.3020392656326294,0.524187445640564,0.5016201734542847,0.12568247318267822,0.5262149572372437,0.4986688792705536,-0.3473663628101349,0.5285587906837463,0.49781692028045654,0.08842642605304718,0.5329152345657349,0.4897746741771698,-0.34220272302627563,0.5279954671859741,0.4890629053115845,0.11623217910528183,0.5312914848327637,0.48360389471054077,-0.3002307713031769,0.5041744709014893,0.5042870044708252,0.13752992451190948,0.5001002550125122,0.5061800479888916,-0.13763996958732605,0.5184141397476196,0.6639742255210876,0.07669980078935623,0.5209487676620483,0.6633862257003784,-0.20943112671375275,0.48272213339805603,0.8200165033340454,0.11714401096105576,0.4831153452396393,0.8340749740600586,-0.23680488765239716,0.4702175557613373,0.8377944231033325,0.11488239467144012,0.47146645188331604,0.8573462963104248,-0.24385309219360352,0.5048441290855408,0.8639515042304993,0.039685484021902084,0.5134790539741516,0.8873323202133179,-0.3578489422798157
frame_00402.jpg,0.5298531651496887,0.22754676640033722,-0.025776082649827003,0.5247819423675537,0.21149906516075134,-0.0010654967045411468,0.5239649415016174,0.2111874669790268,-0.0012347532901912928,0.5231353044509888,0.2107509821653366,-0.0011208594078198075,0.5230485200881958,0.21184881031513214,-0.04161200299859047,0.5208832025527954,0.21208558976650238,-0.041950441896915436,0.518680989742279,0.2122487723827362,-0.04206563159823418,0.5150824189186096,0.21776126325130463,0.10667397081851959,0.5092335343360901,0.2204420119524002,-0.07926078140735626,0.5285133123397827,0.24309168756008148,0.017857130616903305,0.52556312084198,0.24281778931617737,-0.03704974427819252,0.5059131383895874,0.3017670214176178,0.23348495364189148,0.49736079573631287,0.3001278340816498,-0.1776583045721054,0.4944945275783539,0.40390482544898987,0.27577275037765503,0.4831930696964264,0.3946124017238617,-0.2908720076084137,0.5105734467506409,0.4732664227485657,0.1658281683921814,0.5101580619812012,0.4792882204055786,-0.34446996450424194,0.5144588947296143,0.49828454852104187,0.16066515445709229,0.5081366300582886,0.4981708824634552,-0.3921898603439331,0.5217182636260986,0.4967816174030304,0.12244099378585815,0.5164815187454224,0.4931374192237854,-0.38214001059532166,0.5226038694381714,0.487971693277359,0.14686521887779236,0.5182781219482422,0.4850894510746002,-0.3419573903083801,0.5053994059562683,0.49627116322517395,0.1361600160598755,0.4986597001552582,0.4950888454914093,-0.13623006641864777,0.5371615290641785,0.6393169164657593,0.08632819354534149,0.5176488757133484,0.6572787761688232,-0.17860481142997742,0.4849168658256531,0.7723449468612671,0.14366461336612701,0.48322638869285583,0.825866162776947,-0.2176787108182907,0.4722665846347809,0.7845274806022644,0.1488822102546692,0.47131019830703735,0.8440163731575012,-0.22082555294036865,0.5020009279251099,0.8364716172218323,0.07019808888435364,0.5099535584449768,0.8832318782806396,-0.33423399925231934
frame_00403.jpg,0.529605507850647,0.22516940534114838,-0.06151860952377319,0.524114727973938,0.20920270681381226,-0.03779479116201401,0.5233429670333862,0.20894326269626617,-0.03800034895539284,0.5226223468780518,0.2086058109998703,-0.03786490857601166,0.5223606824874878,0.2098894566297531,-0.07729862630367279,0.5202301740646362,0.2103213667869568,-0.07762701064348221,0.5180699229240417,0.21069003641605377,-0.07775961607694626,0.5144169330596924,0.21522022783756256,0.06861304491758347,0.5084569454193115,0.21845883131027222,-0.11124525219202042,0.5281384587287903,0.23995579779148102,-0.018093900755047798,0.5252004861831665,0.240263894200325,-0.07182589918375015,0.506189227104187,0.29394015669822693,0.1844303011894226,0.49737101793289185,0.2965191900730133,-0.1958136260509491,0.49329638481140137,0.39007869362831116,0.22005000710487366,0.48272228240966797,0.39131319522857666,-0.3112799823284149,0.5054036378860474,0.4728016257286072,0.10319621860980988,0.5026845335960388,0.4781996011734009,-0.3779555857181549,0.5077387094497681,0.5005549788475037,0.09701233357191086,0.4990953505039215,0.5009462237358093,-0.4281509518623352,0.5119779109954834,0.49870577454566956,0.058671098202466965,0.5072774887084961,0.4973125457763672,-0.41843414306640625,0.5126341581344604,0.4896365702152252,0.08436593413352966,0.5097169876098633,0.489138126373291,-0.375975102186203,0.5069066286087036,0.49301519989967346,0.12705466151237488,0.4985963702201843,0.49239832162857056,-0.12712955474853516,0.5483940839767456,0.6263605356216431,0.14265574514865875,0.5133377313613892,0.6530625224113464,-0.13818030059337616,0.48523855209350586,0.7126964926719666,0.2899935245513916,0.4832245409488678,0.8118895292282104,-0.12201956659555435,0.4727274477481842,0.7099195718765259,0.3012564778327942,0.4711954593658447,0.8278898000717163,-0.12312376499176025,0.4857645630836487,0.7551425099372864,0.2507196068763733,0.507161021232605,0.8744732737541199,-0.23443853855133057
frame_00404.jpg,0.5287957191467285,0.22618165612220764,-0.11726359277963638,0.5235771536827087,0.21093323826789856,-0.09349788725376129,0.5230600237846375,0.21056635677814484,-0.09371630847454071,0.5225619673728943,0.21015597879886627,-0.09356449544429779,0.5212509036064148,0.21181729435920715,-0.13182714581489563,0.5190078020095825,0.21224716305732727,-0.1321537345647812,0.5167189836502075,0.21265433728694916,-0.13228626549243927,0.5144551396369934,0.21539820730686188,0.02038159966468811,0.5073861479759216,0.21917715668678284,-0.1540774255990982,0.5277692079544067,0.24020075798034668,-0.07062609493732452,0.524288535118103,0.24079295992851257,-0.12284813076257706,0.5065079927444458,0.2944563627243042,0.14866337180137634,0.4974002242088318,0.295620322227478,-0.22521495819091797,0.4924573004245758,0.3871975243091583,0.19174635410308838,0.48147326707839966,0.38949111104011536,-0.3341321349143982,0.5032994747161865,0.4707876741886139,0.07304061949253082,0.4998893737792969,0.47773677110671997,-0.4007563591003418,0.5049348473548889,0.49844735860824585,0.06487586349248886,0.49776655435562134,0.5001418590545654,-0.4516654908657074,0.5109952092170715,0.4950907826423645,0.026915833353996277,0.5051818490028381,0.4969312846660614,-0.44261622428894043,0.508860170841217,0.4903901517391205,0.05444420501589775,0.5073086023330688,0.48907244205474854,-0.3989722728729248,0.508694052696228,0.49402129650115967,0.12373635917901993,0.4981357455253601,0.49376943707466125,-0.12380443513393402,0.5536475777626038,0.6135134100914001,0.15174981951713562,0.5079545974731445,0.6497369408607483,-0.13972412049770355,0.4851042330265045,0.6931020021438599,0.2907530665397644,0.48303380608558655,0.8043877482414246,-0.10807345062494278,0.4701084494590759,0.6912058591842651,0.3005005121231079,0.47117799520492554,0.818922758102417,-0.10781557857990265,0.48086944222450256,0.7454605102539062,0.24122846126556396,0.5052839517593384,0.8694329857826233,-0.2214655578136444
frame_00405.jpg,0.527012288570404,0.22866234183311462,-0.09020858258008957,0.5223059058189392,0.213517963886261,-0.0657823383808136,0.5221275091171265,0.21321336925029755,-0.0659913718700409,0.5219638347625732,0.21285994350910187,-0.06583574414253235,0.5195550918579102,0.2142631709575653,-0.10420925915241241,0.5174058079719543,0.2146676927804947,-0.10454847663640976,0.5152468681335449,0.21503980457782745,-0.10469120740890503,0.5142568349838257,0.2181590348482132,0.04771973565220833,0.5068033337593079,0.22148939967155457,-0.12784899771213531,0.5267049074172974,0.24258644878864288,-0.04381348937749863,0.5230104923248291,0.2430630475282669,-0.09615735709667206,0.5065133571624756,0.29572761058807373,0.1722690761089325,0.49741798639297485,0.29624423384666443,-0.20986735820770264,0.4915541112422943,0.3853001892566681,0.19585944712162018,0.4810570180416107,0.389764666557312,-0.31661269068717957,0.5015577077865601,0.4701254069805145,0.046650707721710205,0.49885043501853943,0.47488167881965637,-0.36848098039627075,0.502814769744873,0.49667903780937195,0.03424730896949768,0.4972462058067322,0.49974867701530457,-0.4149107038974762,0.5088980793952942,0.49370869994163513,-0.0030259585473686457,0.5035682916641235,0.49556630849838257,-0.4096817970275879,0.5083366632461548,0.48784300684928894,0.027297964319586754,0.5055466294288635,0.4881346821784973,-0.3673398196697235,0.5086734294891357,0.49183499813079834,0.12058702856302261,0.4977756142616272,0.4922693371772766,-0.12067745625972748,0.5540064573287964,0.6082929968833923,0.15363988280296326,0.5036885738372803,0.6386899352073669,-0.1502814143896103,0.4851500988006592,0.6640585064888,0.3226888179779053,0.4830857217311859,0.8038875460624695,-0.10294715315103531,0.470135360956192,0.6654064059257507,0.33640897274017334,0.47115904092788696,0.8200194239616394,-0.09987793117761612,0.47321730852127075,0.735834538936615,0.2974115014076233,0.5000135898590088,0.8590664267539978,-0.19477224349975586
frame_00406.jpg,0.5269271731376648,0.23291705548763275,-0.025337014347314835,0.5218258500099182,0.22002461552619934,-0.0038239092100411654,0.5213891863822937,0.22005563974380493,-0.0040626139380037785,0.5209764838218689,0.22002553939819336,-0.003952064085751772,0.5196639895439148,0.22035011649131775,-0.03996194154024124,0.5176659822463989,0.22062531113624573,-0.04024438560009003,0.5155833959579468,0.220770925283432,-0.040402911603450775,0.5135254859924316,0.22414737939834595,0.08211421966552734,0.5069557428359985,0.2252802550792694,-0.07964251935482025,0.5260898470878601,0.24597284197807312,0.010275572538375854,0.5231252312660217,0.2463647425174713,-0.038427580147981644,0.503970205783844,0.2959774434566498,0.18651533126831055,0.49750271439552307,0.2972068786621094,-0.17236347496509552,0.48906055092811584,0.37692829966545105,0.21413977444171906,0.4811505377292633,0.3886660635471344,-0.27179640531539917,0.4950864911079407,0.4489358067512512,0.09621678292751312,0.4973815381526947,0.4535573422908783,-0.29122596979141235,0.49713951349258423,0.48275434970855713,0.08962202817201614,0.4962681829929352,0.46931660175323486,-0.32893890142440796,0.5002771615982056,0.474150687456131,0.05743270367383957,0.500012218952179,0.4610762298107147,-0.31704574823379517,0.4997439384460449,0.4717504680156708,0.0801430195569992,0.5009581446647644,0.45611539483070374,-0.2863471508026123,0.5023142695426941,0.4923034906387329,0.117368184030056,0.4994801878929138,0.49325889348983765,-0.11753861606121063,0.511226236820221,0.6122745275497437,0.09800775349140167,0.5521483421325684,0.5837641358375549,-0.16445571184158325,0.4846095144748688,0.8039413690567017,0.10525264590978622,0.4906786382198334,0.6361258029937744,-0.052521925419569016,0.47348666191101074,0.8214256763458252,0.09975076466798782,0.4744907021522522,0.6519984006881714,-0.039027340710163116,0.4756031036376953,0.8458166122436523,0.03721364587545395,0.4894138276576996,0.7013243436813354,-0.05429155379533768
frame_00407.jpg,0.5268527865409851,0.24494844675064087,-0.03986566513776779,0.5218935012817383,0.23187972605228424,-0.01729387231171131,0.5214495062828064,0.23198454082012177,-0.017558841034770012,0.5210520029067993,0.23196689784526825,-0.017463892698287964,0.5197662115097046,0.23225171864032745,-0.052863866090774536,0.5177866220474243,0.23265637457370758,-0.05313364788889885,0.5157483816146851,0.23290595412254333,-0.05331497639417648,0.5135615468025208,0.2358563095331192,0.07774241268634796,0.5070870518684387,0.23750510811805725,-0.08398181945085526,0.5256246328353882,0.258868008852005,-0.0014280135510489345,0.5229288935661316,0.2589972913265228,-0.05025063827633858,0.5033261179924011,0.30265024304389954,0.18355776369571686,0.4964986741542816,0.30730491876602173,-0.17541253566741943,0.4890821576118469,0.3805111348628998,0.22140876948833466,0.4817080497741699,0.39027300477027893,-0.2949894964694977,0.4946158826351166,0.4508982002735138,0.12743476033210754,0.49805617332458496,0.44857844710350037,-0.3598155975341797,0.49331432580947876,0.4816514849662781,0.12312835454940796,0.49826034903526306,0.4636250436306,-0.4051961302757263,0.4969051778316498,0.4756803810596466,0.09112901985645294,0.5019731521606445,0.4546723961830139,-0.3899519741535187,0.49709731340408325,0.47188615798950195,0.11178950220346451,0.5024114847183228,0.45018771290779114,-0.3554458022117615,0.5013905167579651,0.495406836271286,0.11737672239542007,0.49848198890686035,0.5008845329284668,-0.11751885712146759,0.537418007850647,0.6187146306037903,0.13515916466712952,0.5385090112686157,0.6000121831893921,-0.1685752123594284,0.48543524742126465,0.6476064920425415,0.3019421696662903,0.48769611120224,0.7522969841957092,-0.09938859939575195,0.4719924330711365,0.6731687784194946,0.3161039352416992,0.47442516684532166,0.764698326587677,-0.09341758489608765,0.470698744058609,0.7130269408226013,0.2868387997150421,0.4927369952201843,0.7846924066543579,-0.16250498592853546
frame_00408.jpg,0.5274988412857056,0.2533456087112427,-0.04107489064335823,0.5221847295761108,0.24046620726585388,-0.019801106303930283,0.5215901136398315,0.24038058519363403,-0.02006462588906288,0.5210784673690796,0.24019522964954376,-0.01996895857155323,0.5203772187232971,0.24099735915660858,-0.05625703185796738,0.5185393691062927,0.24143701791763306,-0.05653788521885872,0.5166689157485962,0.24177120625972748,-0.056718774139881134,0.5135570764541626,0.24472445249557495,0.07165490835905075,0.5074802041053772,0.2476603388786316,-0.09860192239284515,0.525666356086731,0.26700419187545776,-0.004506684839725494,0.5231047868728638,0.26721081137657166,-0.0545014813542366,0.5015115141868591,0.3125155568122864,0.18664094805717468,0.4961756765842438,0.3195052742958069,-0.18470221757888794,0.4892593026161194,0.38276392221450806,0.2585689127445221,0.4807930886745453,0.41088804602622986,-0.2757991850376129,0.5023947358131409,0.4451632797718048,0.1875617802143097,0.5122498273849487,0.44853147864341736,-0.29318881034851074,0.5080460906028748,0.45672091841697693,0.19052374362945557,0.5211614370346069,0.457548588514328,-0.3317539691925049,0.5129907131195068,0.449546754360199,0.15337173640727997,0.522668719291687,0.4457138180732727,-0.3130553364753723,0.5107436180114746,0.44650137424468994,0.17073386907577515,0.5195919275283813,0.4428763687610626,-0.28548911213874817,0.5012949109077454,0.5103675127029419,0.11864966154098511,0.4986989498138428,0.5172893404960632,-0.11878396570682526,0.5543107390403748,0.6095831990242004,0.10463903099298477,0.5332785844802856,0.6133490800857544,-0.17546911537647247,0.48991745710372925,0.6447940468788147,0.2581900954246521,0.48085370659828186,0.7563377022743225,-0.07771061360836029,0.4712394177913666,0.6969754695892334,0.26877695322036743,0.46216267347335815,0.7718437314033508,-0.06574491411447525,0.47276511788368225,0.737621009349823,0.2378552258014679,0.4944484829902649,0.8043034076690674,-0.11334027349948883
frame_00409.jpg,0.5280585885047913,0.25477364659309387,-0.067805215716362,0.5223587155342102,0.24231873452663422,-0.04729063808917999,0.5217040777206421,0.2422904223203659,-0.0475301519036293,0.5211271047592163,0.24211862683296204,-0.047408316284418106,0.520743727684021,0.24266739189624786,-0.08752214163541794,0.5189689993858337,0.2429826557636261,-0.08784405887126923,0.5170919895172119,0.24319139122962952,-0.08799532800912857,0.5134679675102234,0.2465919703245163,0.047270484268665314,0.5075191259384155,0.24915817379951477,-0.13601818680763245,0.5256882905960083,0.2684566080570221,-0.028444413095712662,0.5232774019241333,0.2687518000602722,-0.08285197615623474,0.5008038282394409,0.3163752257823944,0.1717442274093628,0.4956226944923401,0.32348713278770447,-0.21546030044555664,0.48850002884864807,0.3891342282295227,0.2560037076473236,0.48001566529273987,0.419534295797348,-0.2789221704006195,0.5078613758087158,0.4434046149253845,0.16068807244300842,0.5199477672576904,0.4501694142818451,-0.28483062982559204,0.5157555937767029,0.45605552196502686,0.1623069941997528,0.5316444039344788,0.4585379660129547,-0.32301265001296997,0.521429717540741,0.444874107837677,0.12576830387115479,0.5331977605819702,0.44385260343551636,-0.303963303565979,0.5193318128585815,0.43832606077194214,0.14363756775856018,0.5289953351020813,0.44058188796043396,-0.27665358781814575,0.501528263092041,0.5121909976005554,0.1205592006444931,0.49870362877845764,0.520210862159729,-0.12065122276544571,0.5685706734657288,0.5961031317710876,0.19921179115772247,0.5014904141426086,0.6629250645637512,-0.1527474820613861,0.4898295998573303,0.6305394768714905,0.38580429553985596,0.47987693548202515,0.8228521943092346,-0.09702014923095703,0.473703533411026,0.6426923871040344,0.4034758508205414,0.4653266966342926,0.8417426347732544,-0.08944268524646759,0.47537654638290405,0.6860337853431702,0.39899691939353943,0.4934077858924866,0.8639967441558838,-0.16351357102394104
frame_00410.jpg,0.5280792117118835,0.25337231159210205,-0.09223981201648712,0.5223954916000366,0.24030523002147675,-0.068962961435318,0.5217567086219788,0.24019084870815277,-0.06918246299028397,0.5211941003799438,0.23996838927268982,-0.06903842836618423,0.5207370519638062,0.24068185687065125,-0.10951528698205948,0.518880307674408,0.24091710150241852,-0.10984762758016586,0.5168977379798889,0.24106402695178986,-0.10998930037021637,0.5133268237113953,0.24470852315425873,0.03894632309675217,0.5072599649429321,0.2471647411584854,-0.14502374827861786,0.5257447361946106,0.2669808566570282,-0.047638703137636185,0.5232554078102112,0.2671607434749603,-0.10249648988246918,0.5010741949081421,0.3158511221408844,0.16924403607845306,0.4954182207584381,0.32155948877334595,-0.22092656791210175,0.48856401443481445,0.39125218987464905,0.19674748182296753,0.47966915369033813,0.418858140707016,-0.2797609865665436,0.509321928024292,0.4449671506881714,0.03320430964231491,0.5236339569091797,0.4515610635280609,-0.2960315942764282,0.5161619186401367,0.461518257856369,0.020726164802908897,0.5319927930831909,0.46304547786712646,-0.3380279839038849,0.5223232507705688,0.4503844976425171,-0.014231955632567406,0.5341046452522278,0.4505016505718231,-0.3224552869796753,0.5205684304237366,0.4440400004386902,0.014445786364376545,0.5309961438179016,0.4466537535190582,-0.2894354462623596,0.5017040967941284,0.5094330906867981,0.12284747511148453,0.4985097348690033,0.5194114446640015,-0.12289007008075714,0.5671745538711548,0.5942893624305725,0.196121945977211,0.49651750922203064,0.6589855551719666,-0.16776436567306519,0.49189990758895874,0.6310829520225525,0.39693519473075867,0.4800806939601898,0.8335073590278625,-0.12604470551013947,0.47989314794540405,0.6222688555717468,0.41564932465553284,0.46972590684890747,0.8528454899787903,-0.12080826610326767,0.47669321298599243,0.6845201253890991,0.4064556956291199,0.4925970435142517,0.8735107183456421,-0.20034952461719513
frame_00411.jpg,0.5281258821487427,0.2447146773338318,-0.07866711914539337,0.5223609209060669,0.22940193116664886,-0.055503666400909424,0.5216269493103027,0.22920753061771393,-0.055718500167131424,0.5209704637527466,0.22889159619808197,-0.05558214336633682,0.5207812786102295,0.2299228459596634,-0.09617194533348083,0.5189208984375,0.2302362024784088,-0.09649817645549774,0.5169388055801392,0.2304232120513916,-0.09663105010986328,0.512630820274353,0.23445536196231842,0.049833133816719055,0.507054328918457,0.23698347806930542,-0.13523967564105988,0.5257614254951477,0.25776103138923645,-0.03520127385854721,0.5233045220375061,0.25814735889434814,-0.09021329134702682,0.5012405514717102,0.31130436062812805,0.1750245839357376,0.49545320868492126,0.31752899289131165,-0.21400746703147888,0.4888535439968109,0.3956005275249481,0.1992320418357849,0.4797065258026123,0.4174552261829376,-0.27993232011795044,0.5082062482833862,0.46333035826683044,0.041576966643333435,0.5209139585494995,0.4683777391910553,-0.28919631242752075,0.5124801397323608,0.4870299994945526,0.028922442346811295,0.5284010767936707,0.4860529601573944,-0.3312533497810364,0.5174400806427002,0.4872211217880249,-0.00682338560000062,0.5301961898803711,0.47582873702049255,-0.3187498152256012,0.5164550542831421,0.4787323772907257,0.022644592449069023,0.5279098749160767,0.4683341979980469,-0.28393644094467163,0.5021257400512695,0.5065781474113464,0.1235329732298851,0.49727725982666016,0.5142220258712769,-0.12356922775506973,0.5671490430831909,0.599335253238678,0.17205728590488434,0.4974551796913147,0.657206118106842,-0.15721742808818817,0.49515223503112793,0.6551364660263062,0.3312833905220032,0.48018962144851685,0.8281164169311523,-0.11097894608974457,0.4821092188358307,0.6483299732208252,0.3445426821708679,0.4701198935508728,0.8451820611953735,-0.10723129659891129,0.4809947609901428,0.7071123719215393,0.31388458609580994,0.4927499294281006,0.8735238313674927,-0.1958143413066864
frame_00412.jpg,0.5283102989196777,0.23772548139095306,-0.05596981197595596,0.5223867297172546,0.22144439816474915,-0.02963247336447239,0.5216628313064575,0.22130121290683746,-0.029826804995536804,0.5210148692131042,0.22102069854736328,-0.029723715037107468,0.5208166837692261,0.22187460958957672,-0.07074383646249771,0.5189363360404968,0.22229433059692383,-0.07105215638875961,0.5168399810791016,0.2226453423500061,-0.0711851641535759,0.5124788880348206,0.2272316813468933,0.08039732277393341,0.5064364671707153,0.23013617098331451,-0.10506053268909454,0.5258132219314575,0.251368910074234,-0.011459171772003174,0.5233441591262817,0.2520771622657776,-0.06685660779476166,0.5026004910469055,0.3100402057170868,0.2203502207994461,0.4953297972679138,0.3142363131046295,-0.20187917351722717,0.4903956949710846,0.40304768085479736,0.23285694420337677,0.4797573983669281,0.41702428460121155,-0.2709677815437317,0.5081673860549927,0.47799646854400635,0.06937111914157867,0.5183144807815552,0.4863559305667877,-0.2710106372833252,0.5123140215873718,0.5012628436088562,0.05598139017820358,0.5230057835578918,0.5075456500053406,-0.31345051527023315,0.5171571969985962,0.4994368851184845,0.02043055184185505,0.5294950604438782,0.501865565776825,-0.30365896224975586,0.5167693495750427,0.49324649572372437,0.05047052353620529,0.527243435382843,0.49471941590309143,-0.26657724380493164,0.502223551273346,0.5024494528770447,0.1275331825017929,0.4965627193450928,0.5042012929916382,-0.1276371031999588,0.5142016410827637,0.6445966362953186,0.10927121341228485,0.5542891025543213,0.6108335852622986,-0.1868474781513214,0.4910503029823303,0.8191651105880737,0.12857353687286377,0.49057239294052124,0.6929160952568054,-0.03945499286055565,0.48101702332496643,0.8364730477333069,0.12383691966533661,0.46983790397644043,0.7285630702972412,-0.023380747064948082,0.5012685060501099,0.8716722130775452,0.04643043503165245,0.49347734451293945,0.783119261264801,-0.05638205260038376
frame_00413.jpg,0.5282585620880127,0.2352958768606186,-0.12069201469421387,0.5223432779312134,0.21779987215995789,-0.09747817367315292,0.5216447114944458,0.21742066740989685,-0.09771820157766342,0.5210250616073608,0.21691060066223145,-0.0976029485464096,0.5207381248474121,0.21831002831459045,-0.13606253266334534,0.5188576579093933,0.21856288611888885,-0.1363627016544342,0.5167824029922485,0.21874459087848663,-0.13650141656398773,0.5124689340591431,0.22301925718784332,0.01165897585451603,0.5063151121139526,0.22647206485271454,-0.1642378270626068,0.5257563591003418,0.2491234391927719,-0.07626799494028091,0.5231945514678955,0.24975362420082092,-0.12890926003456116,0.5043174624443054,0.3077673614025116,0.12959492206573486,0.495148241519928,0.31342649459838867,-0.23403437435626984,0.49228280782699585,0.40269073843955994,0.15429054200649261,0.4801487922668457,0.41531142592430115,-0.34500637650489807,0.5086097717285156,0.47892317175865173,0.0178203284740448,0.5092701315879822,0.4925256669521332,-0.4222353994846344,0.5123950839042664,0.506955623626709,0.005286732222884893,0.5082281827926636,0.516094982624054,-0.47716355323791504,0.5170082449913025,0.504928469657898,-0.032688114792108536,0.5182628631591797,0.5133796334266663,-0.470355361700058,0.5166694521903992,0.49672558903694153,-0.0012354281498119235,0.519993782043457,0.505657434463501,-0.4220142364501953,0.5058404207229614,0.501163899898529,0.12126437574625015,0.49605464935302734,0.5031697750091553,-0.12131907045841217,0.531143844127655,0.6293864846229553,0.17978954315185547,0.5292454957962036,0.6279634833335876,-0.1551280915737152,0.49225306510925293,0.7173561453819275,0.3493829667568207,0.48989129066467285,0.7886272668838501,-0.08023133873939514,0.48013782501220703,0.7142778038978577,0.3621094524860382,0.4722370505332947,0.8035018444061279,-0.0845363587141037,0.4949447512626648,0.7659196257591248,0.30478498339653015,0.49747171998023987,0.859085202217102,-0.21014901995658875
frame_00414.jpg,0.5281404256820679,0.23593363165855408,-0.11787925660610199,0.5223597288131714,0.2189062237739563,-0.09422814846038818,0.5216606855392456,0.21842268109321594,-0.09445072710514069,0.5210697054862976,0.21778343617916107,-0.09433820843696594,0.5206657648086548,0.2194071263074875,-0.1327674686908722,0.5187468528747559,0.2195599228143692,-0.1330796182155609,0.5166521072387695,0.21963785588741302,-0.1332145631313324,0.5124861001968384,0.2227117419242859,0.01889600232243538,0.506158173084259,0.22631533443927765,-0.15671227872371674,0.525631844997406,0.24958327412605286,-0.07143309712409973,0.5227933526039124,0.2500470280647278,-0.12391362339258194,0.5054845213890076,0.3066267669200897,0.14704552292823792,0.4949311316013336,0.3121228516101837,-0.22592508792877197,0.493093878030777,0.4042630195617676,0.18478259444236755,0.48019981384277344,0.41440334916114807,-0.3403880298137665,0.5108007192611694,0.4906730651855469,0.05213778465986252,0.503984808921814,0.49129948019981384,-0.423642635345459,0.5130016803741455,0.5150471329689026,0.04161075875163078,0.5024513006210327,0.5157620310783386,-0.4779760241508484,0.5169748663902283,0.5116819739341736,0.004691091366112232,0.5135327577590942,0.5140228867530823,-0.47047528624534607,0.5166141986846924,0.5032041072845459,0.03348337486386299,0.5159041285514832,0.5071508884429932,-0.4230051040649414,0.5079470872879028,0.5024632215499878,0.1200718879699707,0.4958809018135071,0.5036512017250061,-0.12014536559581757,0.5324850082397461,0.6288736462593079,0.1341669261455536,0.5173231363296509,0.649168848991394,-0.15658611059188843,0.49210843443870544,0.7335900664329529,0.28900623321533203,0.48917102813720703,0.8182395100593567,-0.12566709518432617,0.4795835614204407,0.7283517718315125,0.3003491461277008,0.47345438599586487,0.8351446390151978,-0.12908801436424255,0.48931336402893066,0.8004869818687439,0.22042739391326904,0.5008174180984497,0.8758839964866638,-0.2527427077293396
frame_00415.jpg,0.530860960483551,0.22960281372070312,-0.052181489765644073,0.5236890316009521,0.2135183960199356,-0.027558427304029465,0.5224233865737915,0.213318333029747,-0.027739619836211205,0.5214239954948425,0.21292315423488617,-0.027651121839880943,0.5228167772293091,0.21374787390232086,-0.07208384573459625,0.5209285020828247,0.2139647752046585,-0.07240582257509232,0.5189912915229797,0.21400977671146393,-0.07252664864063263,0.5124722719192505,0.21962158381938934,0.07843812555074692,0.5071231126785278,0.222373828291893,-0.12468864768743515,0.5272157192230225,0.24484995007514954,-0.008945911191403866,0.5251266956329346,0.24493302404880524,-0.06919598579406738,0.5051475763320923,0.3055611252784729,0.19921693205833435,0.4954335689544678,0.3094874918460846,-0.2200804203748703,0.49099111557006836,0.40527212619781494,0.24001725018024445,0.4790097177028656,0.4135444462299347,-0.32375186681747437,0.507018506526947,0.4845799505710602,0.11940895020961761,0.5014246702194214,0.48821020126342773,-0.3790610134601593,0.5095705389976501,0.5088231563568115,0.1107846349477768,0.4999336302280426,0.5137673616409302,-0.42793431878089905,0.514459490776062,0.5072295665740967,0.07293654978275299,0.509825587272644,0.5124830603599548,-0.41822943091392517,0.5127464532852173,0.5031818747520447,0.09986980259418488,0.5117672085762024,0.5045057535171509,-0.3765350580215454,0.5077657699584961,0.5025314688682556,0.12764394283294678,0.4958934783935547,0.5025869607925415,-0.12769439816474915,0.5340197086334229,0.6357839107513428,0.10388491302728653,0.517322301864624,0.6516804099082947,-0.18095752596855164,0.4895571768283844,0.7729828953742981,0.1852017641067505,0.48787564039230347,0.8171411752700806,-0.16844907402992249,0.4726206362247467,0.7847115993499756,0.18813861906528473,0.4720117449760437,0.8328832983970642,-0.17068150639533997,0.49364081025123596,0.8245419263839722,0.11926257610321045,0.5014150738716125,0.8740696310997009,-0.27903634309768677
frame_00416.jpg,0.5323118567466736,0.23031379282474518,-0.02068280801177025,0.5243504047393799,0.21501387655735016,0.0028618453070521355,0.5228071212768555,0.21487195789813995,0.0026885257102549076,0.5215898156166077,0.21453267335891724,0.0027818980161100626,0.5240486860275269,0.21526700258255005,-0.04092230275273323,0.5223057270050049,0.21553270518779755,-0.04123808816075325,0.5205966830253601,0.21563458442687988,-0.04135468602180481,0.512458324432373,0.22069226205348969,0.10159005224704742,0.5084336996078491,0.22358272969722748,-0.09844382107257843,0.5278892517089844,0.24567732214927673,0.01985933445394039,0.5267115831375122,0.2455744594335556,-0.03956190124154091,0.5041957497596741,0.30660200119018555,0.2169666737318039,0.49601712822914124,0.3097616732120514,-0.19702686369419098,0.4897295832633972,0.40983903408050537,0.2508803904056549,0.47907787561416626,0.4152316451072693,-0.31707829236984253,0.5051398873329163,0.4860689342021942,0.1304807811975479,0.5016492605209351,0.4866378903388977,-0.3703673481941223,0.5084255933761597,0.5127465724945068,0.12249455600976944,0.5011847019195557,0.5107617974281311,-0.4177909791469574,0.5134835243225098,0.5094638466835022,0.08616435527801514,0.5085717439651489,0.5076321959495544,-0.4095311164855957,0.510503888130188,0.5085354447364807,0.11165162175893784,0.5104396343231201,0.5015751123428345,-0.3671567142009735,0.5060180425643921,0.5039644837379456,0.13125771284103394,0.49600109457969666,0.5027114748954773,-0.13130077719688416,0.530036211013794,0.6471929550170898,0.1162944883108139,0.5175603628158569,0.6598024368286133,-0.178039088845253,0.4881848394870758,0.7813647985458374,0.20654277503490448,0.48623648285865784,0.8268120288848877,-0.1641281694173813,0.47137799859046936,0.7907800078392029,0.20936258137226105,0.47092753648757935,0.8448450565338135,-0.16656345129013062,0.49411916732788086,0.8352418541908264,0.14218026399612427,0.50133216381073,0.88042813539505,-0.2753397524356842
frame_00417.jpg,0.5323775410652161,0.24077601730823517,-0.0006827564793638885,0.5245212316513062,0.22784434258937836,0.022560182958841324,0.5230517983436584,0.22780413925647736,0.022390129044651985,0.5218970775604248,0.2276708334684372,0.022500868886709213,0.5241208672523499,0.22812514007091522,-0.019895728677511215,0.5224224328994751,0.22837504744529724,-0.02023574337363243,0.520754337310791,0.22849254310131073,-0.020353224128484726,0.5125606060028076,0.23175805807113647,0.12056358903646469,0.5088495016098022,0.23401179909706116,-0.07269036024808884,0.5282158255577087,0.2556813955307007,0.040063031017780304,0.526914119720459,0.25597986578941345,-0.01744009181857109,0.5031335949897766,0.3105112612247467,0.2343781441450119,0.49690622091293335,0.3142324388027191,-0.17092855274677277,0.4869883954524994,0.40864595770835876,0.2640906572341919,0.47566598653793335,0.4148261249065399,-0.2819962799549103,0.5017127394676208,0.4690469801425934,0.13648618757724762,0.5014394521713257,0.4664109945297241,-0.3335580825805664,0.5064641237258911,0.49295875430107117,0.1272428333759308,0.5013182163238525,0.48607271909713745,-0.37860628962516785,0.511273980140686,0.48890191316604614,0.09193973988294601,0.5093904733657837,0.4784950017929077,-0.36481738090515137,0.5092025995254517,0.47965508699417114,0.11792777478694916,0.5095776915550232,0.4729851186275482,-0.3291381895542145,0.5044957399368286,0.5090267658233643,0.1321633756160736,0.4961107671260834,0.5071366429328918,-0.13224518299102783,0.5257836580276489,0.6547447443008423,0.10698927938938141,0.5167711973190308,0.6646461486816406,-0.17653104662895203,0.48780813813209534,0.7988115549087524,0.16576653718948364,0.4850851595401764,0.8308087587356567,-0.17014165222644806,0.47158926725387573,0.8129562139511108,0.1661672294139862,0.4700402617454529,0.8494606614112854,-0.17312175035476685,0.49683746695518494,0.8512985110282898,0.09387443959712982,0.5025587677955627,0.8872467279434204,-0.28189411759376526
frame_00418.jpg,0.5321481227874756,0.25219911336898804,-0.013888834044337273,0.5245147347450256,0.2401149570941925,0.010678960010409355,0.5230857133865356,0.23994700610637665,0.0104983476921916,0.5220231413841248,0.23971441388130188,0.010617614723742008,0.524069607257843,0.24101294577121735,-0.0311583224684,0.5223909616470337,0.24158324301242828,-0.03150193765759468,0.5207290053367615,0.24212546646595,-0.031606364995241165,0.512773871421814,0.24428419768810272,0.1129499301314354,0.5088399648666382,0.24899622797966003,-0.07672432065010071,0.5281065702438354,0.26594945788383484,0.028112435713410378,0.5267432928085327,0.2665194272994995,-0.028338178992271423,0.5030444860458374,0.31742438673973083,0.23357483744621277,0.49650898575782776,0.3267771303653717,-0.17367322742938995,0.4873337745666504,0.41584184765815735,0.2561648488044739,0.47556066513061523,0.4230474829673767,-0.265388548374176,0.5038291215896606,0.46732330322265625,0.1360272318124771,0.5122142434120178,0.4655541479587555,-0.3077915906906128,0.5110870599746704,0.48577579855918884,0.11415231227874756,0.5234447717666626,0.4783463478088379,-0.3529283106327057,0.5149948000907898,0.47991645336151123,0.08524414151906967,0.5272312164306641,0.4665902554988861,-0.33796852827072144,0.5141207575798035,0.468708872795105,0.11633391678333282,0.5232725143432617,0.46307429671287537,-0.30245083570480347,0.5042582154273987,0.5159990191459656,0.1338747888803482,0.496192067861557,0.5173762440681458,-0.13397587835788727,0.5228563547134399,0.6633351445198059,0.12971147894859314,0.5167969465255737,0.6741063594818115,-0.19401517510414124,0.4866923689842224,0.8096814751625061,0.20222148299217224,0.4804958701133728,0.8419305682182312,-0.19340601563453674,0.4717335104942322,0.826043963432312,0.20577208697795868,0.4665035605430603,0.8632560968399048,-0.1959545910358429,0.5014027953147888,0.8505620956420898,0.14245925843715668,0.5028306841850281,0.8926918506622314,-0.2999155521392822
frame_00419.jpg,0.5306877493858337,0.26357531547546387,-0.00156973279081285,0.5241705775260925,0.25195321440696716,0.021846581250429153,0.5228977203369141,0.2516692876815796,0.021672401577234268,0.5219296813011169,0.2513691186904907,0.02180151455104351,0.5234927535057068,0.25286754965782166,-0.01899699866771698,0.5218533277511597,0.25336143374443054,-0.019349941983819008,0.5202401876449585,0.2538597285747528,-0.019450049847364426,0.5127806067466736,0.25642096996307373,0.11857341229915619,0.5087745785713196,0.26134857535362244,-0.0665079727768898,0.5269809365272522,0.2769957184791565,0.03869704529643059,0.5253888368606567,0.27740538120269775,-0.016370059922337532,0.5022155046463013,0.32512328028678894,0.24060849845409393,0.4963480532169342,0.33347398042678833,-0.16958442330360413,0.4893096387386322,0.4197618067264557,0.2831655740737915,0.47661060094833374,0.42983612418174744,-0.26035839319229126,0.5067732334136963,0.46904614567756653,0.1734674870967865,0.5241336822509766,0.4662282168865204,-0.308655321598053,0.5128004550933838,0.48624855279922485,0.16657030582427979,0.5339991450309753,0.47800785303115845,-0.35546737909317017,0.5171462297439575,0.484321266412735,0.13053297996520996,0.5384340286254883,0.4663311839103699,-0.3381877541542053,0.5172569751739502,0.47640785574913025,0.15532785654067993,0.5346907377243042,0.4627302587032318,-0.30259495973587036,0.5029417276382446,0.522404134273529,0.13380351662635803,0.49593615531921387,0.5249773263931274,-0.13393385708332062,0.5172418355941772,0.676044762134552,0.11430605500936508,0.5163803696632385,0.6866978406906128,-0.1803845465183258,0.4813564717769623,0.8358078598976135,0.15689745545387268,0.47719019651412964,0.8464828729629517,-0.17295700311660767,0.4689961075782776,0.8543956279754639,0.15589627623558044,0.4637855887413025,0.8665056228637695,-0.17263877391815186,0.5035656690597534,0.8668496608734131,0.08348296582698822,0.5030457973480225,0.8942745923995972,-0.271058589220047
frame_00420.jpg,0.530674934387207,0.26731887459754944,0.006605713628232479,0.5241796374320984,0.25579556822776794,0.03012494184076786,0.5229188203811646,0.2555167078971863,0.029955467209219933,0.5219457149505615,0.25520381331443787,0.03008182905614376,0.5234689116477966,0.25675109028816223,-0.010964462533593178,0.5218201875686646,0.25727832317352295,-0.011324365623295307,0.5201903581619263,0.25780096650123596,-0.011408197693526745,0.5128070116043091,0.26030147075653076,0.12766119837760925,0.5088131427764893,0.2651960551738739,-0.05777474492788315,0.5269122123718262,0.281069815158844,0.04745636135339737,0.5253554582595825,0.28152766823768616,-0.00777502590790391,0.5017734169960022,0.32883134484291077,0.25086385011672974,0.4963497519493103,0.3391323685646057,-0.1553250253200531,0.4924502372741699,0.42566701769828796,0.28171947598457336,0.4767480492591858,0.43193894624710083,-0.22460182011127472,0.5163881182670593,0.4650210440158844,0.149217888712883,0.5278494358062744,0.4664769172668457,-0.2597108483314514,0.5255284309387207,0.47976696491241455,0.13947400450706482,0.5384151339530945,0.47909730672836304,-0.3039827048778534,0.5302495360374451,0.4697881042957306,0.10330666601657867,0.5419150590896606,0.46648114919662476,-0.28647395968437195,0.528895914554596,0.4625273048877716,0.13057561218738556,0.5381598472595215,0.4617312252521515,-0.253261536359787,0.5023568272590637,0.5250052213668823,0.13337083160877228,0.49593299627304077,0.5277139544487,-0.1334872543811798,0.5157619714736938,0.6810052990913391,0.1087237149477005,0.5162549614906311,0.6907737255096436,-0.17286744713783264,0.4797630310058594,0.8402245044708252,0.1582019031047821,0.47568854689598083,0.8488857746124268,-0.13996542990207672,0.4675000309944153,0.8584089875221252,0.15815125405788422,0.4622555673122406,0.8675003051757812,-0.1375269740819931,0.5046654939651489,0.8742280602455139,0.08796405792236328,0.5026347041130066,0.8955876231193542,-0.22746805846691132
frame_00421.jpg,0.530098557472229,0.2635331153869629,-0.002621246036142111,0.5241502523422241,0.2513091266155243,0.026089930906891823,0.5229628086090088,0.2510829269886017,0.025864478200674057,0.5222121477127075,0.2508013844490051,0.025952603667974472,0.5229169130325317,0.25214940309524536,-0.02115442231297493,0.5210180282592773,0.2526002824306488,-0.021471887826919556,0.5191060304641724,0.2530374228954315,-0.021596159785985947,0.5132797360420227,0.2554669678211212,0.11433862149715424,0.5082693099975586,0.25973573327064514,-0.06756209582090378,0.5267547369003296,0.27708831429481506,0.04038770869374275,0.5246233344078064,0.2776572108268738,-0.020496515557169914,0.5028063654899597,0.3264554440975189,0.2450052797794342,0.4961175322532654,0.33686837553977966,-0.1630389392375946,0.4957957863807678,0.4251134693622589,0.2921770215034485,0.4790479242801666,0.4303416311740875,-0.24189393222332,0.5201483368873596,0.4794139266014099,0.1742137372493744,0.5297589898109436,0.4679762125015259,-0.3309994339942932,0.5256191492080688,0.4896320104598999,0.1658766120672226,0.5385855436325073,0.4801899790763855,-0.3838002383708954,0.527997612953186,0.4713861644268036,0.12971732020378113,0.5434961915016174,0.4692448377609253,-0.36793655157089233,0.5285090208053589,0.4797075390815735,0.15605983138084412,0.5403696298599243,0.4643227159976959,-0.32616424560546875,0.5023789405822754,0.5237286686897278,0.13314642012119293,0.4955487847328186,0.5268321633338928,-0.13327601552009583,0.5147683024406433,0.6806174516677856,0.09394694864749908,0.5161129236221313,0.687947154045105,-0.17821431159973145,0.47945600748062134,0.8424723148345947,0.12078358978033066,0.4760168492794037,0.8482010960578918,-0.16081476211547852,0.4674913287162781,0.8599980473518372,0.11761382967233658,0.4626844823360443,0.866798996925354,-0.1622658520936966,0.505118727684021,0.8767317533493042,0.035052187740802765,0.5026000738143921,0.8950662016868591,-0.27080631256103516
frame_00422.jpg,0.5296655893325806,0.2631303668022156,-0.011730444617569447,0.524093508720398,0.25005754828453064,0.017839476466178894,0.5229782462120056,0.24996206164360046,0.017661064863204956,0.5223699808120728,0.24972936511039734,0.017778556793928146,0.5223957300186157,0.25069659948349,-0.023383663967251778,0.5202111005783081,0.2510574758052826,-0.023687969893217087,0.517903208732605,0.25130191445350647,-0.023792611435055733,0.513458788394928,0.2536802589893341,0.11097665131092072,0.5074816942214966,0.2579864263534546,-0.07209055125713348,0.5266733169555664,0.27647122740745544,0.03471587225794792,0.5239235162734985,0.2774096131324768,-0.024943966418504715,0.5042082071304321,0.3261849582195282,0.23672202229499817,0.4960697293281555,0.33429577946662903,-0.16503587365150452,0.4959154725074768,0.42330148816108704,0.28003624081611633,0.48177677392959595,0.4289313554763794,-0.2561419904232025,0.5183625221252441,0.47901269793510437,0.15580572187900543,0.5302520990371704,0.4728434681892395,-0.3323948383331299,0.5233635902404785,0.49870696663856506,0.1465478241443634,0.5371970534324646,0.48620155453681946,-0.38442009687423706,0.5261832475662231,0.4908723831176758,0.11082060635089874,0.5425958633422852,0.4726654887199402,-0.3712790608406067,0.5283280611038208,0.48972195386886597,0.13770054280757904,0.5398656129837036,0.4689212441444397,-0.32844826579093933,0.5023932456970215,0.5211870074272156,0.13188588619232178,0.49542778730392456,0.5216346383094788,-0.13201721012592316,0.5173555612564087,0.6734153032302856,0.09728827327489853,0.5158483982086182,0.6840366125106812,-0.1772998571395874,0.48001402616500854,0.8358328342437744,0.1402088850736618,0.4763081967830658,0.8440687656402588,-0.17132863402366638,0.46779894828796387,0.8496374487876892,0.13916872441768646,0.46282488107681274,0.8621913194656372,-0.17526604235172272,0.5043330788612366,0.868533730506897,0.062058378010988235,0.5037969350814819,0.8923996686935425,-0.29051557183265686
frame_00423.jpg,0.5281531810760498,0.24813617765903473,-0.05045805126428604,0.5228787660598755,0.23205973207950592,-0.02416420355439186,0.522189736366272,0.23165792226791382,-0.02434522658586502,0.5218766331672668,0.23122486472129822,-0.024233058094978333,0.5206867456436157,0.2330063134431839,-0.06359067559242249,0.5184875726699829,0.2333388775587082,-0.06393646448850632,0.5162609219551086,0.23357948660850525,-0.06407112628221512,0.5134569406509399,0.2361937314271927,0.0899951383471489,0.5069315433502197,0.23979173600673676,-0.08858449757099152,0.5262966752052307,0.26120421290397644,-0.001976932864636183,0.5229029655456543,0.2617532014846802,-0.05648685246706009,0.5057148337364197,0.31593382358551025,0.22573141753673553,0.4963035583496094,0.31698688864707947,-0.17221002280712128,0.49583348631858826,0.4192271828651428,0.2649875283241272,0.4822326600551605,0.4183465540409088,-0.27813956141471863,0.5173999667167664,0.49228131771087646,0.12710534036159515,0.5233973860740662,0.48448026180267334,-0.33975309133529663,0.5220942497253418,0.5129938125610352,0.11633138358592987,0.5295552015304565,0.5042591691017151,-0.38877013325691223,0.524736762046814,0.5021384358406067,0.07881323993206024,0.5364112854003906,0.4984300434589386,-0.37915000319480896,0.5266238451004028,0.5010419487953186,0.1077163815498352,0.5336803197860718,0.4866721034049988,-0.33733952045440674,0.5034524202346802,0.5148932337760925,0.13181225955486298,0.49554187059402466,0.5138576030731201,-0.13195079565048218,0.5230884552001953,0.6622918248176575,0.0971546471118927,0.5154658555984497,0.6763520836830139,-0.18849268555641174,0.4803470969200134,0.8061491847038269,0.1653348058462143,0.47640377283096313,0.8418368101119995,-0.2100505530834198,0.4680100977420807,0.814759373664856,0.17254158854484558,0.46335822343826294,0.8608281016349792,-0.21585385501384735,0.49624961614608765,0.8631425499916077,0.11015063524246216,0.5052998065948486,0.8917208313941956,-0.3327256143093109
frame_00424.jpg,0.5253667235374451,0.2369975745677948,-0.03847400099039078,0.5212702751159668,0.2207554131746292,-0.011822577565908432,0.5211430191993713,0.22014454007148743,-0.011991479434072971,0.5212292671203613,0.21958684921264648,-0.011890996247529984,0.5183101892471313,0.22197933495044708,-0.048458538949489594,0.5161923170089722,0.22231794893741608,-0.048776887357234955,0.5140992999076843,0.22260989248752594,-0.04891984909772873,0.5134483575820923,0.2250603288412094,0.10239025205373764,0.5062066316604614,0.2288176417350769,-0.06747251003980637,0.5253167152404785,0.2502027750015259,0.008568473160266876,0.5210008025169373,0.2504063546657562,-0.04218161851167679,0.5057139992713928,0.3013346791267395,0.23597483336925507,0.49675098061561584,0.29968830943107605,-0.164629265666008,0.49456363916397095,0.40400049090385437,0.27454620599746704,0.48268836736679077,0.39549878239631653,-0.2844686508178711,0.5074988603591919,0.4888514280319214,0.15302814543247223,0.5068944096565247,0.4830901026725769,-0.34851205348968506,0.5087013840675354,0.5111647844314575,0.14663192629814148,0.5038304328918457,0.5031309723854065,-0.3956478238105774,0.514222264289856,0.5095347166061401,0.1110580787062645,0.5137225985527039,0.4994625151157379,-0.3880466818809509,0.511690616607666,0.5071675181388855,0.13522841036319733,0.5128089189529419,0.49035581946372986,-0.3471740484237671,0.5033016800880432,0.4979515075683594,0.13250529766082764,0.4980772137641907,0.4976184666156769,-0.13265496492385864,0.5087069272994995,0.6587511897087097,0.10132821649312973,0.5208932757377625,0.6511409878730774,-0.19893023371696472,0.4806279242038727,0.8058523535728455,0.1345609575510025,0.47817546129226685,0.8244256973266602,-0.20767930150032043,0.46861138939857483,0.8256241679191589,0.1310795545578003,0.4661133885383606,0.8377137780189514,-0.21183912456035614,0.49422162771224976,0.8599308133125305,0.04783891513943672,0.5027246475219727,0.8850015997886658,-0.31884878873825073
frame_00425.jpg,0.5255247354507446,0.23089124262332916,-0.09218653291463852,0.5212926864624023,0.2149561047554016,-0.06799513846635818,0.5211736559867859,0.21443027257919312,-0.06819969415664673,0.5212713479995728,0.21392832696437836,-0.06806197762489319,0.5183992981910706,0.21581025421619415,-0.10480578243732452,0.516312301158905,0.21600393950939178,-0.10514451563358307,0.5142364501953125,0.21615062654018402,-0.1053018793463707,0.5135787725448608,0.21866507828235626,0.04457516223192215,0.5062154531478882,0.2217267006635666,-0.12338744103908539,0.525425910949707,0.2446528822183609,-0.04644348472356796,0.5210383534431458,0.24485088884830475,-0.0968867689371109,0.5082448124885559,0.29733511805534363,0.17004899680614471,0.49685215950012207,0.2958437204360962,-0.19806867837905884,0.4945395886898041,0.398560106754303,0.21515080332756042,0.48211607336997986,0.3922823965549469,-0.30777615308761597,0.5067464113235474,0.48677513003349304,0.10355003923177719,0.49830055236816406,0.48219797015190125,-0.3771267533302307,0.508449375629425,0.5096501708030701,0.09757019579410553,0.49407562613487244,0.5047274827957153,-0.4272160530090332,0.5134433507919312,0.5083374381065369,0.05800943449139595,0.5024524927139282,0.5032724738121033,-0.4204186499118805,0.5122660398483276,0.5033537745475769,0.08452219516038895,0.5050526857376099,0.49494680762290955,-0.3764984607696533,0.5065948963165283,0.4949696362018585,0.12437784671783447,0.4974135458469391,0.4938330352306366,-0.12447352707386017,0.5358306169509888,0.6312330365180969,0.1428685188293457,0.5166887044906616,0.6459580659866333,-0.16398316621780396,0.4874122142791748,0.7154155969619751,0.27580344676971436,0.4789929986000061,0.811615526676178,-0.16354086995124817,0.4753604531288147,0.7167837619781494,0.2845246195793152,0.4678316116333008,0.8293384909629822,-0.1671452820301056,0.4803808331489563,0.7916616201400757,0.22157523036003113,0.5021746158599854,0.8806865215301514,-0.2945980429649353
frame_00426.jpg,0.5256596803665161,0.22932404279708862,-0.02928313985466957,0.5213441252708435,0.21401728689670563,-0.003728751791641116,0.5211940407752991,0.21355368196964264,-0.003933954518288374,0.5212793946266174,0.21308623254299164,-0.003843342186883092,0.5185079574584961,0.2146051824092865,-0.040213581174612045,0.5164400339126587,0.2146897166967392,-0.04050574451684952,0.5144138932228088,0.21473686397075653,-0.04066383093595505,0.5135786533355713,0.21718572080135345,0.10219447314739227,0.5063566565513611,0.21989032626152039,-0.06483040750026703,0.5254353284835815,0.2428561896085739,0.012457847595214844,0.5211230516433716,0.24315182864665985,-0.03723861649632454,0.5080716609954834,0.293820321559906,0.22678916156291962,0.4972556233406067,0.2935871481895447,-0.17494294047355652,0.4936069846153259,0.39285263419151306,0.26324746012687683,0.4817723333835602,0.38634368777275085,-0.32922378182411194,0.5047357082366943,0.4852662980556488,0.15411247313022614,0.49262961745262146,0.47881409525871277,-0.43685346841812134,0.5076684355735779,0.5087609887123108,0.14774538576602936,0.48858898878097534,0.5037766695022583,-0.4926276206970215,0.5120233297348022,0.5062416195869446,0.11181080341339111,0.49689340591430664,0.5003471374511719,-0.48264822363853455,0.5116890668869019,0.5016136765480042,0.13646844029426575,0.49963170289993286,0.492580771446228,-0.4356103539466858,0.5065673589706421,0.4914942681789398,0.1250901073217392,0.4984893798828125,0.4887539744377136,-0.12523722648620605,0.5142816305160522,0.6382911205291748,0.10113475471735,0.5400931239128113,0.6145774126052856,-0.19999635219573975,0.4873199462890625,0.8114767074584961,0.09960952401161194,0.47957903146743774,0.7388742566108704,-0.14190398156642914,0.4684538245201111,0.8295267820358276,0.0915057510137558,0.46696072816848755,0.7480964660644531,-0.1377539485692978,0.48889651894569397,0.857081949710846,-0.004839678760617971,0.49946898221969604,0.8294496536254883,-0.2182491272687912
frame_00427.jpg,0.5257097482681274,0.23007233440876007,-0.09719709306955338,0.5215915441513062,0.21546798944473267,-0.07179965078830719,0.5215801000595093,0.21504594385623932,-0.07200650870800018,0.5217982530593872,0.21461421251296997,-0.07185737043619156,0.5185849666595459,0.21603204309940338,-0.10919736325740814,0.5165650844573975,0.2161577045917511,-0.10952971130609512,0.5145320296287537,0.21627534925937653,-0.10967608541250229,0.514106810092926,0.2184654176235199,0.048190973699092865,0.5062724947929382,0.22122196853160858,-0.1216103807091713,0.5255935192108154,0.2435959130525589,-0.048545435070991516,0.5211852192878723,0.2439446598291397,-0.09943060576915741,0.5087054967880249,0.29557833075523376,0.1782303899526596,0.49736323952674866,0.29457417130470276,-0.19660301506519318,0.49337953329086304,0.38998305797576904,0.20830245316028595,0.48086419701576233,0.3846017122268677,-0.3212658762931824,0.5028377771377563,0.476521372795105,0.07216652482748032,0.4942200183868408,0.4726220369338989,-0.39927977323532104,0.5038950443267822,0.5007337331771851,0.06089519336819649,0.4916113317012787,0.5008975863456726,-0.4501881003379822,0.5092546343803406,0.5007050633430481,0.024991437792778015,0.4978143274784088,0.4994181990623474,-0.4407997727394104,0.5058488249778748,0.4973100423812866,0.053708769381046295,0.5002555847167969,0.4924775958061218,-0.39743828773498535,0.5076836943626404,0.48984214663505554,0.12203266471624374,0.4977286458015442,0.4871438145637512,-0.1221461072564125,0.5426903963088989,0.6152744889259338,0.11094854027032852,0.5204172730445862,0.6266542077064514,-0.16793319582939148,0.48546117544174194,0.6926581859588623,0.2376842200756073,0.4813540577888489,0.7532927989959717,-0.11711838096380234,0.4665098190307617,0.6873434782028198,0.2468249499797821,0.46995359659194946,0.76063472032547,-0.114321269094944,0.467033326625824,0.7610648274421692,0.19189873337745667,0.4999880790710449,0.8453283905982971,-0.21249611675739288
frame_00428.jpg,0.5268195271492004,0.23109200596809387,-0.0846773087978363,0.522704005241394,0.21617628633975983,-0.05589143559336662,0.5226060152053833,0.2158249169588089,-0.05605863779783249,0.5227524042129517,0.21544884145259857,-0.05595722794532776,0.5197049975395203,0.21664659678936005,-0.09053321182727814,0.5175122618675232,0.21684010326862335,-0.09086407721042633,0.5153330564498901,0.21702711284160614,-0.09097261726856232,0.5146363973617554,0.21992629766464233,0.062472306191921234,0.5066670775413513,0.22269681096076965,-0.1075383648276329,0.5261944532394409,0.24479548633098602,-0.036530546844005585,0.522085428237915,0.24508097767829895,-0.08363424241542816,0.508224606513977,0.2959933578968048,0.19361072778701782,0.4977782368659973,0.2968240976333618,-0.19479255378246307,0.49091750383377075,0.3864862024784088,0.22603297233581543,0.48044267296791077,0.38352933526039124,-0.2994566857814789,0.49898290634155273,0.4550993740558624,0.0984746441245079,0.4942738115787506,0.45049864053726196,-0.34140828251838684,0.4995585083961487,0.48154813051223755,0.08967559039592743,0.4927414059638977,0.4740199148654938,-0.38289791345596313,0.5033206343650818,0.480038583278656,0.054466087371110916,0.49656134843826294,0.4680847227573395,-0.37097805738449097,0.5015278458595276,0.47614234685897827,0.08046580851078033,0.49771371483802795,0.4582984149456024,-0.33744627237319946,0.5074876546859741,0.4920934736728668,0.12289576232433319,0.4978426396846771,0.4901052713394165,-0.12300537526607513,0.5506595373153687,0.611193060874939,0.1277996450662613,0.517528772354126,0.63248610496521,-0.15866830945014954,0.4839640259742737,0.6563459038734436,0.26595109701156616,0.48159441351890564,0.7840611934661865,-0.12523378431797028,0.4664376676082611,0.6497251987457275,0.2770690321922302,0.47036710381507874,0.7972171306610107,-0.12315096706151962,0.4655263423919678,0.7172811031341553,0.24201896786689758,0.5000177621841431,0.8460899591445923,-0.21211116015911102
frame_00429.jpg,0.5272043943405151,0.2394515872001648,-0.013480057008564472,0.5234003067016602,0.2257445901632309,0.010946990922093391,0.523263692855835,0.22553923726081848,0.010721251368522644,0.5233806371688843,0.2252623736858368,0.010819381102919579,0.5204559564590454,0.22608491778373718,-0.02474682778120041,0.5182636976242065,0.22612765431404114,-0.025036821141839027,0.516159176826477,0.2261083573102951,-0.02519086003303528,0.5150617361068726,0.22807782888412476,0.11260266602039337,0.5073567628860474,0.22992409765720367,-0.05184996873140335,0.5262831449508667,0.2528301477432251,0.027044767513871193,0.5224330425262451,0.2529965937137604,-0.021457253023982048,0.5074241757392883,0.2981724143028259,0.22182491421699524,0.4978349804878235,0.3016972541809082,-0.15138325095176697,0.4909830689430237,0.3866672217845917,0.23558858036994934,0.4839714467525482,0.3814227283000946,-0.31492161750793457,0.49754491448402405,0.45550504326820374,0.10756279528141022,0.49352923035621643,0.42593058943748474,-0.4345227777957916,0.49760571122169495,0.48434537649154663,0.09943164885044098,0.4908726215362549,0.4463280439376831,-0.48934778571128845,0.5013678073883057,0.48297733068466187,0.06292615830898285,0.495297908782959,0.43957874178886414,-0.47513121366500854,0.49997010827064514,0.478549987077713,0.0887516513466835,0.49683475494384766,0.4336530268192291,-0.43188753724098206,0.5046077370643616,0.4916708767414093,0.12127038091421127,0.4981110095977783,0.4911445379257202,-0.12141464650630951,0.5394273996353149,0.6158033609390259,0.09277845919132233,0.5383250713348389,0.5956434607505798,-0.17782624065876007,0.48184308409690857,0.773309588432312,0.10725957155227661,0.48199576139450073,0.666660726070404,-0.11807423830032349,0.4673718512058258,0.7891921997070312,0.1027003675699234,0.4647548794746399,0.7295359969139099,-0.11263915151357651,0.47182497382164,0.7987062335014343,0.021414687857031822,0.48768535256385803,0.7397559285163879,-0.18389083445072174
frame_00430.jpg,0.5271586179733276,0.25572869181632996,0.007286407984793186,0.5232793092727661,0.24225695431232452,0.027253735810518265,0.5229263305664062,0.24210591614246368,0.027026230469346046,0.5227403044700623,0.2419026643037796,0.027119139209389687,0.5207959413528442,0.2429277002811432,-0.010061727836728096,0.5191962718963623,0.24330490827560425,-0.010325700975954533,0.5179094672203064,0.24363179504871368,-0.010442262515425682,0.5146884322166443,0.24612976610660553,0.11149092763662338,0.5095263719558716,0.25075027346611023,-0.058125030249357224,0.5256961584091187,0.2695131301879883,0.04162314161658287,0.5224800109863281,0.2704635262489319,-0.009011911228299141,0.5030033588409424,0.3141717314720154,0.19964730739593506,0.49786338210105896,0.3212065100669861,-0.14647692441940308,0.49431395530700684,0.38293105363845825,0.22138459980487823,0.4911423325538635,0.39803460240364075,-0.28718167543411255,0.4965200424194336,0.4402495324611664,0.10965653508901596,0.5041455626487732,0.4263143241405487,-0.39517924189567566,0.49403834342956543,0.4597150683403015,0.10271213203668594,0.5045574307441711,0.4382486939430237,-0.4377240240573883,0.4965590834617615,0.45776858925819397,0.06325580179691315,0.504115104675293,0.42807719111442566,-0.4169873297214508,0.4981556534767151,0.4498574137687683,0.09319990128278732,0.501467227935791,0.425327867269516,-0.3895959258079529,0.5047520995140076,0.5084689855575562,0.11392074823379517,0.499131441116333,0.513864278793335,-0.11402766406536102,0.5675691366195679,0.6036396622657776,0.11049337685108185,0.5182702541351318,0.6495380401611328,-0.15290705859661102,0.4827571511268616,0.6370620131492615,0.2654974162578583,0.4803975522518158,0.8049479126930237,-0.10973688215017319,0.46905794739723206,0.622381329536438,0.27990657091140747,0.46632322669029236,0.8310465216636658,-0.10528924316167831,0.47537440061569214,0.699966549873352,0.2602022886276245,0.4880029261112213,0.840786874294281,-0.18093915283679962
frame_00431.jpg,0.5266499519348145,0.2642243802547455,0.025539379566907883,0.5225199460983276,0.2511467933654785,0.04343989118933678,0.5219234228134155,0.25105029344558716,0.04318934306502342,0.5214775204658508,0.25090649724006653,0.043249621987342834,0.520805299282074,0.2514165937900543,0.007190585136413574,0.5193862915039062,0.25158044695854187,0.00690219271928072,0.518548846244812,0.2516731917858124,0.006762051023542881,0.5141507387161255,0.25433072447776794,0.11413486301898956,0.5110711455345154,0.25751402974128723,-0.05083722993731499,0.5247799158096313,0.2772243916988373,0.05548238009214401,0.522477388381958,0.2778557538986206,0.006355541758239269,0.4992579519748688,0.3199056088924408,0.21574902534484863,0.4982602596282959,0.32778123021125793,-0.15420830249786377,0.49398452043533325,0.3711461126804352,0.3065764307975769,0.4923099875450134,0.40629929304122925,-0.2511030435562134,0.4973732531070709,0.4250326454639435,0.26994451880455017,0.5162367224693298,0.4302845001220703,-0.23139111697673798,0.4959649443626404,0.4382024109363556,0.28045475482940674,0.5203284621238708,0.4387292265892029,-0.25915858149528503,0.49899792671203613,0.43744584918022156,0.251973420381546,0.5210291147232056,0.4299829304218292,-0.24306964874267578,0.49959301948547363,0.43408554792404175,0.2578967213630676,0.5170903205871582,0.42778074741363525,-0.22365090250968933,0.5014126896858215,0.5199886560440063,0.11593729257583618,0.5010087490081787,0.5242188572883606,-0.11601364612579346,0.532738447189331,0.6552169919013977,0.09718255698680878,0.550798773765564,0.6077773571014404,-0.19676782190799713,0.47928357124328613,0.8181496262550354,0.13505885004997253,0.4847065508365631,0.6387491226196289,-0.06598493456840515,0.4688476622104645,0.8395378589630127,0.13499024510383606,0.47192034125328064,0.626286506652832,-0.04844195023179054,0.49364742636680603,0.859211266040802,0.11451202630996704,0.48162704706192017,0.7097193002700806,-0.03011143207550049
frame_00432.jpg,0.5270437002182007,0.2599143087863922,0.003259040415287018,0.5225319266319275,0.246840238571167,0.024361487478017807,0.5219302773475647,0.2466566413640976,0.02414412423968315,0.521482527256012,0.246430903673172,0.024234045296907425,0.5208835005760193,0.24721530079841614,-0.01342124491930008,0.5194668769836426,0.24736863374710083,-0.013724947348237038,0.5185858011245728,0.24745477735996246,-0.013866695575416088,0.5138677358627319,0.24979402124881744,0.10927869379520416,0.5109318494796753,0.25291168689727783,-0.05895130708813667,0.52480149269104,0.27296939492225647,0.03896382451057434,0.522720992565155,0.27354368567466736,-0.01193632185459137,0.499793142080307,0.3181915283203125,0.2257384955883026,0.49822282791137695,0.32677948474884033,-0.16734641790390015,0.49390488862991333,0.3767557144165039,0.27990251779556274,0.4922045171260834,0.41640347242355347,-0.25076013803482056,0.4979880750179291,0.43659207224845886,0.17710362374782562,0.5268324613571167,0.4364282488822937,-0.23973853886127472,0.49769043922424316,0.4546422064304352,0.1720191389322281,0.5320608019828796,0.4482620060443878,-0.27575764060020447,0.5006423592567444,0.45318955183029175,0.14647062122821808,0.5356674194335938,0.43822094798088074,-0.25885137915611267,0.5008063316345215,0.4484911561012268,0.16266675293445587,0.5318763852119446,0.4356137216091156,-0.23146302998065948,0.5012596845626831,0.5169332027435303,0.11949994415044785,0.5012843608856201,0.5195086598396301,-0.11962781846523285,0.532874345779419,0.6501849889755249,0.08568809926509857,0.5518165826797485,0.6034729480743408,-0.20937032997608185,0.4786129593849182,0.820402204990387,0.12813884019851685,0.4869111478328705,0.6322256326675415,-0.057104866951704025,0.4697652757167816,0.8371436595916748,0.12858417630195618,0.47368961572647095,0.6257250905036926,-0.038795776665210724,0.4936949610710144,0.8571518063545227,0.08631929010152817,0.48277440667152405,0.7048656344413757,-0.04756247624754906
frame_00433.jpg,0.5270718336105347,0.25881850719451904,-0.11135437339544296,0.5224624872207642,0.24421167373657227,-0.08766664564609528,0.5218883752822876,0.24367746710777283,-0.08787891268730164,0.5214684009552002,0.24311767518520355,-0.08773411810398102,0.5206559300422668,0.24518850445747375,-0.12715351581573486,0.519021213054657,0.24549458920955658,-0.12748992443084717,0.517717182636261,0.24577976763248444,-0.12762391567230225,0.5138065218925476,0.24585309624671936,0.023388652130961418,0.5094265937805176,0.25038614869117737,-0.1549474596977234,0.5248223543167114,0.270195335149765,-0.06569898873567581,0.522601842880249,0.2711515724658966,-0.11897923797369003,0.5016775727272034,0.3171444833278656,0.16031929850578308,0.4982120096683502,0.3249092996120453,-0.22878463566303253,0.4949900209903717,0.39303117990493774,0.1667793244123459,0.49136266112327576,0.4211602210998535,-0.2709149420261383,0.5064657926559448,0.43822818994522095,-0.023887474089860916,0.5310003161430359,0.44020381569862366,-0.2772938907146454,0.5156598687171936,0.45818930864334106,-0.04078856483101845,0.5390678644180298,0.45306044816970825,-0.31848472356796265,0.5159462690353394,0.4595561623573303,-0.07455416023731232,0.5417169332504272,0.442573606967926,-0.30373600125312805,0.5154215097427368,0.45291391015052795,-0.04286479204893112,0.5381187200546265,0.43994733691215515,-0.27060678601264954,0.5026620626449585,0.5120101571083069,0.12097642570734024,0.5012333393096924,0.5166082382202148,-0.12103331089019775,0.5644345283508301,0.6080347299575806,0.17159132659435272,0.5057646632194519,0.63280189037323,-0.1928192675113678,0.4885614812374115,0.6484261155128479,0.3581583499908447,0.4841829240322113,0.8081232905387878,-0.13718129694461823,0.4784923493862152,0.6396377682685852,0.37538689374923706,0.4742690920829773,0.8242005109786987,-0.13400408625602722,0.48963993787765503,0.696541965007782,0.3619515299797058,0.48365694284439087,0.8500290513038635,-0.2160305678844452
frame_00434.jpg,0.5280594229698181,0.24829669296741486,-0.07559448480606079,0.5230379700660706,0.23250587284564972,-0.052750855684280396,0.5224186778068542,0.23215536773204803,-0.05294925719499588,0.5220054388046265,0.2317132204771042,-0.05282215401530266,0.5209951996803284,0.23306985199451447,-0.09156539291143417,0.5191869139671326,0.23323535919189453,-0.09189315885305405,0.5177454948425293,0.233261376619339,-0.09203072637319565,0.5139092206954956,0.23621462285518646,0.05219143629074097,0.5092139840126038,0.23927301168441772,-0.12393299490213394,0.5254988074302673,0.26087307929992676,-0.03235600143671036,0.522894024848938,0.2611211836338043,-0.08498218655586243,0.5057905912399292,0.3136209547519684,0.17418967187404633,0.4982537627220154,0.32172203063964844,-0.2042960822582245,0.4961492121219635,0.39979287981987,0.1978103369474411,0.49105125665664673,0.4180627167224884,-0.26271775364875793,0.5084193348884583,0.46424582600593567,0.05381340906023979,0.5285103917121887,0.4692976772785187,-0.2742122411727905,0.5139033794403076,0.48934605717658997,0.04352240636944771,0.5358994007110596,0.48407360911369324,-0.3132671117782593,0.5171228051185608,0.4883970320224762,0.009586108848452568,0.5383924245834351,0.47596609592437744,-0.3023492693901062,0.5164492726325989,0.4832229018211365,0.03601188212633133,0.5325521230697632,0.46769291162490845,-0.2698572874069214,0.5051748752593994,0.5067636966705322,0.12038753181695938,0.5001564025878906,0.5111591219902039,-0.12043317407369614,0.5675225853919983,0.60225909948349,0.14865250885486603,0.5000008344650269,0.6444997191429138,-0.15410231053829193,0.4917367398738861,0.6631243824958801,0.28471341729164124,0.4841468334197998,0.8243756890296936,-0.13123849034309387,0.4786677360534668,0.6611426472663879,0.2956230044364929,0.4739483892917633,0.8413480520248413,-0.1287316232919693,0.48949486017227173,0.7145469784736633,0.2552525997161865,0.49087199568748474,0.8747530579566956,-0.22519198060035706
frame_00435.jpg,0.5284050703048706,0.23983198404312134,-0.09347835183143616,0.5231517553329468,0.22313731908798218,-0.0728503167629242,0.5224872827529907,0.22278708219528198,-0.07305654138326645,0.5220490097999573,0.22235199809074402,-0.0729457214474678,0.5211366415023804,0.22346028685569763,-0.11158831417560577,0.5192638039588928,0.22348050773143768,-0.11191471666097641,0.517774760723114,0.22338362038135529,-0.11206471920013428,0.5139155983924866,0.22751086950302124,0.02715558372437954,0.5091893076896667,0.22980262339115143,-0.14863720536231995,0.525820791721344,0.253402978181839,-0.0514504536986351,0.5230336785316467,0.25328901410102844,-0.10397932678461075,0.5096498131752014,0.30559977889060974,0.14716807007789612,0.4987525939941406,0.313007652759552,-0.22109973430633545,0.49762049317359924,0.40254148840904236,0.18148097395896912,0.4901764392852783,0.4177722930908203,-0.2992576062679291,0.5101740956306458,0.47679975628852844,0.058953262865543365,0.5264818072319031,0.4923746883869171,-0.31887704133987427,0.5139029622077942,0.5044236779212952,0.05036237835884094,0.5350445508956909,0.5174559950828552,-0.36092084646224976,0.5175508260726929,0.5010834336280823,0.014496651478111744,0.5331386923789978,0.5183006525039673,-0.3526777923107147,0.5171166658401489,0.4958580434322357,0.040940411388874054,0.5300106406211853,0.5091184377670288,-0.3159171938896179,0.5104438066482544,0.504955530166626,0.11817824840545654,0.4998895227909088,0.5095657706260681,-0.1182166114449501,0.5656620264053345,0.6082974672317505,0.13965390622615814,0.5038250088691711,0.6509900689125061,-0.13873499631881714,0.4942188262939453,0.6782131791114807,0.2827572822570801,0.4840831160545349,0.8214436173439026,-0.07815684378147125,0.4794100821018219,0.6736130118370056,0.29430681467056274,0.4737652838230133,0.8355236649513245,-0.07389621436595917,0.48946934938430786,0.7337055206298828,0.24639947712421417,0.4975055158138275,0.8814586997032166,-0.17764201760292053
frame_00436.jpg,0.5298685431480408,0.22833137214183807,-0.07507522404193878,0.5245093107223511,0.213478222489357,-0.05370519310235977,0.5237341523170471,0.21328741312026978,-0.05390138179063797,0.5231866836547852,0.21300603449344635,-0.05379179120063782,0.5225752592086792,0.21368589997291565,-0.09251303225755692,0.5204887986183167,0.2137793004512787,-0.09283232688903809,0.518694281578064,0.21371306478977203,-0.0929686650633812,0.5145173668861389,0.21938587725162506,0.04633917286992073,0.5093686580657959,0.2211829125881195,-0.13009898364543915,0.5270947217941284,0.24412983655929565,-0.03337179124355316,0.5241423845291138,0.24379031360149384,-0.08609597384929657,0.511432409286499,0.2978476583957672,0.16552697122097015,0.49973994493484497,0.30171963572502136,-0.21049916744232178,0.4974800646305084,0.40127503871917725,0.19768929481506348,0.4896013140678406,0.3996988534927368,-0.31181252002716064,0.5096031427383423,0.4737626314163208,0.07184304296970367,0.512611448764801,0.48504990339279175,-0.36695343255996704,0.5129484534263611,0.5003865361213684,0.06253258138895035,0.5143952965736389,0.5101327300071716,-0.416543573141098,0.5169007778167725,0.500084638595581,0.02597597800195217,0.5183925628662109,0.5089079737663269,-0.40764302015304565,0.5169404745101929,0.4917065501213074,0.05338402837514877,0.5197032690048218,0.501052975654602,-0.36525851488113403,0.5117558240890503,0.5012012124061584,0.11960631608963013,0.49967294931411743,0.5028684139251709,-0.11960160732269287,0.5602351427078247,0.6125355958938599,0.1475200355052948,0.5079132914543152,0.6506007313728333,-0.1460910141468048,0.494503915309906,0.6897096037864685,0.2953106760978699,0.48448053002357483,0.81760573387146,-0.10698393732309341,0.48066848516464233,0.688848078250885,0.3061821758747101,0.4737069606781006,0.8336092233657837,-0.11038213968276978,0.4893692433834076,0.7493254542350769,0.2522795796394348,0.5047329664230347,0.8790096044540405,-0.2285136729478836
frame_00437.jpg,0.5313037633895874,0.22315654158592224,-0.07113504409790039,0.5253362655639648,0.20885013043880463,-0.04802604019641876,0.5243605375289917,0.20867088437080383,-0.048256728798151016,0.5236314535140991,0.2084198296070099,-0.04814479500055313,0.5237261652946472,0.20909662544727325,-0.0860946923494339,0.5216029286384583,0.20923462510108948,-0.08640556782484055,0.5196868777275085,0.20923203229904175,-0.08653931319713593,0.5148600339889526,0.21562321484088898,0.052681975066661835,0.5098806619644165,0.21786458790302277,-0.12116590887308121,0.5284562110900879,0.23883800208568573,-0.029800891876220703,0.5257515907287598,0.2387620508670807,-0.08081737905740738,0.512466549873352,0.2932778596878052,0.17330938577651978,0.5013666749000549,0.2932197153568268,-0.2037879228591919,0.4973791539669037,0.3997437357902527,0.20024041831493378,0.4893312454223633,0.3887141942977905,-0.3135833442211151,0.5094149708747864,0.47316789627075195,0.09980977326631546,0.5076586604118347,0.4809228777885437,-0.385066956281662,0.5125787258148193,0.49875205755233765,0.09288639575242996,0.5070956945419312,0.5065839886665344,-0.43773165345191956,0.5170208215713501,0.4991486668586731,0.051946282386779785,0.5136104226112366,0.5048686861991882,-0.4277505874633789,0.5177254676818848,0.4916760325431824,0.07997791469097137,0.5155696868896484,0.4965464174747467,-0.38349565863609314,0.512249231338501,0.49872466921806335,0.12100623548030853,0.4997151792049408,0.4987695515155792,-0.12098284065723419,0.5599018931388855,0.6174472570419312,0.15241639316082,0.5097740292549133,0.6557714343070984,-0.1506243795156479,0.4977492392063141,0.6965333819389343,0.3159722685813904,0.48541030287742615,0.8225271105766296,-0.12961924076080322,0.4857800602912903,0.6980125904083252,0.3284751772880554,0.4736451506614685,0.8434377312660217,-0.13282573223114014,0.4900436997413635,0.7550216317176819,0.2754856050014496,0.5131512880325317,0.8840866684913635,-0.2516403794288635
frame_00438.jpg,0.5315908193588257,0.22561965882778168,-0.06819956004619598,0.5255687236785889,0.2110426276922226,-0.04759880155324936,0.524617075920105,0.2108321338891983,-0.04778086766600609,0.5238956212997437,0.21051821112632751,-0.04770731180906296,0.5239249467849731,0.2115338295698166,-0.08384577929973602,0.5217632055282593,0.21179457008838654,-0.08412925899028778,0.5197667479515076,0.21191953122615814,-0.08424031734466553,0.5151902437210083,0.21671098470687866,0.06337665021419525,0.5099013447761536,0.21951709687709808,-0.12033639848232269,0.5288869142532349,0.2402382642030716,-0.027360349893569946,0.526079535484314,0.240510031580925,-0.07888229936361313,0.5121434330940247,0.2925878167152405,0.19146712124347687,0.5017554759979248,0.2942405045032501,-0.2011527568101883,0.4975184500217438,0.399253785610199,0.23022055625915527,0.4891563951969147,0.3901320993900299,-0.31715989112854004,0.5091790556907654,0.4728599190711975,0.12237002700567245,0.5069054365158081,0.48058444261550903,-0.38184159994125366,0.5124955773353577,0.49949315190315247,0.11600606143474579,0.506470799446106,0.5076718926429749,-0.43232235312461853,0.5167056322097778,0.5011268258094788,0.07800018042325974,0.5130583643913269,0.506450891494751,-0.42345675826072693,0.5176001787185669,0.49578621983528137,0.1036418080329895,0.5148096680641174,0.4977225363254547,-0.3802991211414337,0.5118407011032104,0.49802276492118835,0.12750910222530365,0.5002580285072327,0.49752798676490784,-0.12752418220043182,0.5456778407096863,0.6272059082984924,0.14746199548244476,0.5152076482772827,0.6538638472557068,-0.1932573765516281,0.4965972304344177,0.7615698575973511,0.24909333884716034,0.4877115786075592,0.8195550441741943,-0.213731050491333,0.4842509627342224,0.7770254015922546,0.25231248140335083,0.47388821840286255,0.8391231894493103,-0.21959149837493896,0.49580374360084534,0.8241031169891357,0.17465683817863464,0.5157796144485474,0.8839670419692993,-0.341243714094162
frame_00439.jpg,0.531551718711853,0.227132648229599,0.0020233863033354282,0.525553286075592,0.21176819503307343,0.02366253174841404,0.5245253443717957,0.21180440485477448,0.02349221333861351,0.5236676931381226,0.21175922453403473,0.023594852536916733,0.5239924788475037,0.21206657588481903,-0.01570294424891472,0.5219438076019287,0.2123539298772812,-0.016018282622098923,0.5200527906417847,0.21246080100536346,-0.016144413501024246,0.5151551365852356,0.21685470640659332,0.11988195031881332,0.5104073882102966,0.22067870199680328,-0.06192808225750923,0.5288423895835876,0.24156126379966736,0.041518084704875946,0.5263270735740662,0.2417573183774948,-0.012440929189324379,0.5111067295074463,0.2929697036743164,0.23514437675476074,0.5028026103973389,0.29641035199165344,-0.1630561202764511,0.4974518418312073,0.3838540315628052,0.2812485992908478,0.49080055952072144,0.3815322816371918,-0.32649514079093933,0.5035327672958374,0.44897910952568054,0.1889820396900177,0.5009961128234863,0.435140997171402,-0.4531766474246979,0.4991304278373718,0.4788670539855957,0.18467171490192413,0.5002373456954956,0.4570494294166565,-0.5111953616142273,0.5017989277839661,0.4775272607803345,0.1503337323665619,0.5028920769691467,0.454596608877182,-0.4988228678703308,0.5047826170921326,0.46914517879486084,0.1719832867383957,0.5040368437767029,0.44907042384147644,-0.45222726464271545,0.5100926160812378,0.49821579456329346,0.12905502319335938,0.5004823803901672,0.49755859375,-0.12910309433937073,0.5286117196083069,0.6497914791107178,0.10983972251415253,0.5214875340461731,0.6588973999023438,-0.1859423667192459,0.4957337975502014,0.8129987716674805,0.13828925788402557,0.4906201958656311,0.8228232860565186,-0.18054144084453583,0.48276883363723755,0.8313348293304443,0.13536882400512695,0.4748239517211914,0.8415700197219849,-0.18344594538211823,0.5123081207275391,0.8628020882606506,0.06324684619903564,0.5200645327568054,0.8838052749633789,-0.28520333766937256
frame_00440.jpg,0.5314012765884399,0.23745779693126678,0.01471742708235979,0.5252770185470581,0.22538509964942932,0.03600816801190376,0.5240988731384277,0.22537551820278168,0.035829268395900726,0.5230603218078613,0.2253337949514389,0.03592757135629654,0.524107813835144,0.22564463317394257,-0.0043519772589206696,0.5225735902786255,0.22581546008586884,-0.00467559602111578,0.5214319825172424,0.22586418688297272,-0.004785018041729927,0.5150347948074341,0.22927670180797577,0.12644967436790466,0.5136396884918213,0.23158961534500122,-0.05696301907300949,0.528791069984436,0.2503703832626343,0.05284113809466362,0.5267127752304077,0.2504882216453552,-0.0019041337072849274,0.5050040483474731,0.3028181195259094,0.23991450667381287,0.5056383013725281,0.30870434641838074,-0.159103661775589,0.4972285330295563,0.38896000385284424,0.2787342369556427,0.4907701015472412,0.3938937783241272,-0.29540878534317017,0.5046855211257935,0.44458186626434326,0.17199048399925232,0.5091354250907898,0.4391910135746002,-0.375052273273468,0.5084669589996338,0.4670911133289337,0.16652671992778778,0.51723712682724,0.45075586438179016,-0.4215506911277771,0.5115231275558472,0.46500131487846375,0.13288366794586182,0.5193154811859131,0.4454236626625061,-0.40287575125694275,0.5130425095558167,0.4581800699234009,0.15485721826553345,0.5163469910621643,0.442218154668808,-0.3700091540813446,0.5099474191665649,0.5096062421798706,0.12925459444522858,0.5030286908149719,0.5103620886802673,-0.12933696806430817,0.5230165719985962,0.6662081480026245,0.10005293786525726,0.5219958424568176,0.6732816696166992,-0.1739974170923233,0.49386024475097656,0.8270455598831177,0.12561854720115662,0.4901158809661865,0.8340615630149841,-0.1747393161058426,0.47761374711990356,0.8428983092308044,0.12266521155834198,0.47321024537086487,0.8491519093513489,-0.18295349180698395,0.5087953805923462,0.8718703389167786,0.056313686072826385,0.5190973281860352,0.8871991038322449,-0.25067973136901855
frame_00441.jpg,0.5314642190933228,0.2569369077682495,0.015302034094929695,0.5254993438720703,0.24366232752799988,0.03823498636484146,0.5243515968322754,0.24338467419147491,0.03805337846279144,0.5233504772186279,0.24305947124958038,0.038156818598508835,0.5245540738105774,0.24444809556007385,-0.004571988247334957,0.5231669545173645,0.24484440684318542,-0.00491184089332819,0.5220787525177002,0.24519510567188263,-0.00500686326995492,0.5154213309288025,0.24715493619441986,0.13006414473056793,0.5137819051742554,0.2521844506263733,-0.06244252994656563,0.5287835597991943,0.26995694637298584,0.054162997752428055,0.5268855690956116,0.27010539174079895,-0.0032727387733757496,0.5027420520782471,0.31677767634391785,0.2505762577056885,0.5055108666419983,0.32654663920402527,-0.16682788729667664,0.49725455045700073,0.40579602122306824,0.28644126653671265,0.49097245931625366,0.4245522916316986,-0.24450722336769104,0.5166499614715576,0.4430532455444336,0.16314919292926788,0.5255357027053833,0.43897849321365356,-0.22243770956993103,0.5208573937416077,0.4527870714664459,0.158291295170784,0.5381288528442383,0.445926308631897,-0.25315260887145996,0.5244451761245728,0.43606799840927124,0.12766040861606598,0.5376009345054626,0.4362896978855133,-0.23520219326019287,0.5238993763923645,0.44436711072921753,0.14683827757835388,0.5319877862930298,0.43378913402557373,-0.21410012245178223,0.509435772895813,0.5195980668067932,0.13445879518985748,0.5042555332183838,0.5234900116920471,-0.1346515417098999,0.5195714235305786,0.6766977310180664,0.1068667620420456,0.5219226479530334,0.6880276799201965,-0.1738281548023224,0.4914395809173584,0.8325192332267761,0.13944348692893982,0.49007219076156616,0.8427239060401917,-0.1705472469329834,0.47595682740211487,0.8473696112632751,0.13765881955623627,0.4730403423309326,0.8570334911346436,-0.17183233797550201,0.5082792043685913,0.8708328008651733,0.08127540349960327,0.5159117579460144,0.8885521292686462,-0.22157391905784607
frame_00442.jpg,0.5314489603042603,0.2640603184700012,-0.01582856848835945,0.5257498621940613,0.2515738010406494,0.005064385011792183,0.5245685577392578,0.2510640323162079,0.0048882728442549706,0.5235476493835449,0.2504851520061493,0.004996935371309519,0.5251845717430115,0.25262174010276794,-0.037857141345739365,0.523973286151886,0.25293219089508057,-0.038166921585798264,0.523006021976471,0.2531450390815735,-0.038205936551094055,0.5155612230300903,0.2536429762840271,0.0931880995631218,0.5145500898361206,0.2585906684398651,-0.09520163387060165,0.5286747217178345,0.2767345607280731,0.02233084663748741,0.5269057750701904,0.27721109986305237,-0.03447026386857033,0.5028246641159058,0.3209773302078247,0.22607478499412537,0.5049759745597839,0.3353389799594879,-0.18853046000003815,0.4985590875148773,0.41863635182380676,0.18116408586502075,0.49172481894493103,0.44262075424194336,-0.22698016464710236,0.5236161947250366,0.4380134642124176,-0.05287818983197212,0.536808431148529,0.44176921248435974,-0.16561442613601685,0.5358615517616272,0.44046100974082947,-0.07767515629529953,0.5509783625602722,0.44811204075813293,-0.1947435885667801,0.5386853218078613,0.4296644330024719,-0.10596104711294174,0.5495607852935791,0.4353778064250946,-0.18171897530555725,0.5343517065048218,0.4253634810447693,-0.07154469192028046,0.5444397330284119,0.4325653314590454,-0.15830303728580475,0.5093569755554199,0.5245853662490845,0.1334880143404007,0.5046455264091492,0.5295524597167969,-0.1336612105369568,0.5206968784332275,0.6793537139892578,0.1302233785390854,0.5212336182594299,0.6930959224700928,-0.1703992336988449,0.4912121295928955,0.8316219449043274,0.18057404458522797,0.48940181732177734,0.8457459807395935,-0.10191470384597778,0.4758666157722473,0.8480263352394104,0.17849376797676086,0.4726699888706207,0.8616641759872437,-0.09631463140249252,0.5109286904335022,0.8661827445030212,0.1334235668182373,0.5144147276878357,0.8894824981689453,-0.16274306178092957
frame_00443.jpg,0.5318244695663452,0.263481467962265,-0.05794622376561165,0.5265275835990906,0.2510184943675995,-0.032869212329387665,0.5257737040519714,0.2506483495235443,-0.033033836632966995,0.5252615809440613,0.2502067983150482,-0.03290386497974396,0.5252716541290283,0.2518056631088257,-0.07299921661615372,0.5239294171333313,0.25202563405036926,-0.0733335092663765,0.5229791402816772,0.25217145681381226,-0.07340376079082489,0.5163921117782593,0.2533274292945862,0.0781087800860405,0.5140289068222046,0.2574866712093353,-0.10266401618719101,0.5289049744606018,0.27602097392082214,-0.011241937056183815,0.5269352793693542,0.2767275869846344,-0.06503260880708694,0.5028566122055054,0.3235216736793518,0.2225228250026703,0.5034645795822144,0.33618390560150146,-0.18872392177581787,0.4985532760620117,0.424617737531662,0.20978379249572754,0.4919349253177643,0.44227829575538635,-0.2452961504459381,0.5234842896461487,0.4413399398326874,0.01853264681994915,0.5393418073654175,0.4440610110759735,-0.23241885006427765,0.5362037420272827,0.4500952661037445,-0.0007856516167521477,0.5538108348846436,0.4540100693702698,-0.26902028918266296,0.5399883389472961,0.44039642810821533,-0.03174665570259094,0.5537747144699097,0.44341179728507996,-0.2550584077835083,0.5362416505813599,0.4373478293418884,-5.0637660024221987e-05,0.5484946966171265,0.43967369198799133,-0.22588467597961426,0.5085484981536865,0.5250808000564575,0.1336289346218109,0.5045282244682312,0.5289574265480042,-0.13379739224910736,0.5214380621910095,0.6791948080062866,0.12903626263141632,0.5204330086708069,0.693763792514801,-0.1704099476337433,0.4908599853515625,0.8317056894302368,0.18659566342830658,0.4892598092556,0.8481056690216064,-0.11521033197641373,0.47552818059921265,0.8473246693611145,0.18712440133094788,0.4725089967250824,0.86235511302948,-0.11206303536891937,0.5110553503036499,0.8650516271591187,0.13552972674369812,0.5134971737861633,0.8884850144386292,-0.19243694841861725
frame_00444.jpg,0.5318776369094849,0.2632240056991577,-0.02510766312479973,0.5264919400215149,0.24935664236545563,-0.003220982151106,0.5257290601730347,0.24896150827407837,-0.003395074512809515,0.5252057313919067,0.2485351413488388,-0.0033188716042786837,0.5252681374549866,0.25014528632164,-0.04456397145986557,0.5239318013191223,0.25034281611442566,-0.0449092760682106,0.5229385495185852,0.25048959255218506,-0.04500800371170044,0.5164515972137451,0.25202497839927673,0.09229207038879395,0.5139514803886414,0.25634923577308655,-0.09509750455617905,0.5289669632911682,0.273981511592865,0.014850839972496033,0.5270850658416748,0.27463608980178833,-0.04106036573648453,0.5030633211135864,0.32299789786338806,0.22572700679302216,0.5037968158721924,0.33420202136039734,-0.18876653909683228,0.49913010001182556,0.4190923571586609,0.26251018047332764,0.49400416016578674,0.43913042545318604,-0.28844672441482544,0.525470495223999,0.4590369164943695,0.1438077688217163,0.5337923765182495,0.445713609457016,-0.3229261040687561,0.5336235761642456,0.46965858340263367,0.1385233849287033,0.5451303720474243,0.4569467604160309,-0.3663322925567627,0.5353240966796875,0.4577859938144684,0.10337144136428833,0.5470291972160339,0.44742295145988464,-0.3525146543979645,0.5326154828071594,0.4429519772529602,0.1257251799106598,0.5432624220848083,0.44329598546028137,-0.3179832100868225,0.5079670548439026,0.5223702788352966,0.1339835375547409,0.5044170618057251,0.525755763053894,-0.1341293752193451,0.5223586559295654,0.6737547516822815,0.0696307122707367,0.5217684507369995,0.6867326498031616,-0.20895397663116455,0.490832656621933,0.8274638652801514,0.05301167443394661,0.4892417788505554,0.8416072726249695,-0.24129822850227356,0.474799782037735,0.8452000021934509,0.04606021195650101,0.472472608089447,0.8574485182762146,-0.24786131083965302,0.5127601623535156,0.8700467944145203,-0.022455818951129913,0.5161517262458801,0.8886508941650391,-0.342425674200058
frame_00445.jpg,0.5328230261802673,0.24849028885364532,-0.022663231939077377,0.5270181894302368,0.23416124284267426,-0.0002621386374812573,0.5261149406433105,0.23413309454917908,-0.000427396094892174,0.5254618525505066,0.23396576941013336,-0.00034579396015033126,0.5258277654647827,0.23410190641880035,-0.04173513129353523,0.5243467092514038,0.23421938717365265,-0.042091477662324905,0.5231767296791077,0.2342260181903839,-0.042205892503261566,0.5165454149246216,0.24025781452655792,0.09723944962024689,0.5138746500015259,0.24274566769599915,-0.09184224158525467,0.5301651358604431,0.26176247000694275,0.018006382510066032,0.5281640291213989,0.2620628774166107,-0.03815004229545593,0.506881058216095,0.31650254130363464,0.23401689529418945,0.5042223334312439,0.3216196894645691,-0.18942506611347198,0.49912548065185547,0.41657668352127075,0.27754098176956177,0.4937291145324707,0.42658793926239014,-0.2928045988082886,0.5251849889755249,0.46863988041877747,0.15571901202201843,0.5319398641586304,0.45500653982162476,-0.3363402485847473,0.5325531959533691,0.49860379099845886,0.14886485040187836,0.5415236353874207,0.4668806493282318,-0.3834381103515625,0.534572958946228,0.4929521381855011,0.11273424327373505,0.5433973670005798,0.456824392080307,-0.37023410201072693,0.5311843156814575,0.4830092191696167,0.1372552514076233,0.5400863885879517,0.45322707295417786,-0.331718385219574,0.5078739523887634,0.5174986720085144,0.13654130697250366,0.5043565630912781,0.5187425017356873,-0.13666211068630219,0.5212027430534363,0.6698349118232727,0.06945565342903137,0.5269314050674438,0.6784551739692688,-0.21426339447498322,0.4916011393070221,0.8267793655395508,0.05547568202018738,0.4906492829322815,0.8377452492713928,-0.2432709038257599,0.4753855764865875,0.8469982743263245,0.04830913245677948,0.47337132692337036,0.8540421724319458,-0.24961018562316895,0.5134302377700806,0.8712547421455383,-0.030084412544965744,0.5162661075592041,0.8870659470558167,-0.35336920619010925
frame_00446.jpg,0.5341719388961792,0.23146186769008636,-0.01662050001323223,0.5278042554855347,0.216825932264328,0.004867536015808582,0.5264479517936707,0.21682992577552795,0.004694421775639057,0.5254933834075928,0.2166731357574463,0.004761986434459686,0.5273152589797974,0.2167370766401291,-0.037032194435596466,0.5257547497749329,0.21682508289813995,-0.03736970201134682,0.5244402885437012,0.21672925353050232,-0.037491895258426666,0.5164043307304382,0.22406704723834991,0.09775131940841675,0.5141008496284485,0.22579318284988403,-0.09175848215818405,0.5307860970497131,0.24781423807144165,0.021956250071525574,0.5294991135597229,0.24774624407291412,-0.034769054502248764,0.509898841381073,0.30235451459884644,0.22625163197517395,0.5042777061462402,0.3090876340866089,-0.18899105489253998,0.4991154074668884,0.4075483977794647,0.2684653401374817,0.4934445321559906,0.4094931483268738,-0.2895193099975586,0.5230545401573181,0.4903978109359741,0.16302190721035004,0.5229288935661316,0.4792381227016449,-0.33179089426994324,0.5243628621101379,0.514312744140625,0.1593763679265976,0.5251361131668091,0.5008408427238464,-0.3767780065536499,0.5273456573486328,0.511526882648468,0.12302462011575699,0.5330613255500793,0.5038037896156311,-0.35892051458358765,0.5261532664299011,0.5021265745162964,0.14498689770698547,0.5307235717773438,0.4957093894481659,-0.3226928114891052,0.509999692440033,0.5089620351791382,0.13511985540390015,0.504596471786499,0.5084258317947388,-0.13522186875343323,0.5311257243156433,0.658511757850647,0.0528535321354866,0.5267408490180969,0.6660119891166687,-0.2063792198896408,0.4924647808074951,0.8179399967193604,0.06082804873585701,0.49232950806617737,0.8350775837898254,-0.2206902801990509,0.4769398272037506,0.8352110385894775,0.05617162585258484,0.4768153727054596,0.8524104952812195,-0.22556519508361816,0.5120974183082581,0.8674662709236145,-0.02433450147509575,0.5184968113899231,0.8865444660186768,-0.3315460681915283
frame_00447.jpg,0.534532904624939,0.2265525758266449,-0.09546299278736115,0.5281064510345459,0.2120850384235382,-0.07294043153524399,0.5268508195877075,0.2118758261203766,-0.0731276124715805,0.5259777307510376,0.21151678264141083,-0.07301461696624756,0.5273606777191162,0.21254631876945496,-0.11290176212787628,0.525711178779602,0.21275097131729126,-0.11324124038219452,0.52433842420578,0.21277770400047302,-0.11338268220424652,0.5166968703269958,0.21791839599609375,0.03480368107557297,0.5140066146850586,0.22040969133377075,-0.14692680537700653,0.5312042236328125,0.24200321733951569,-0.0505635142326355,0.5295860767364502,0.24219699203968048,-0.10487484931945801,0.5112283229827881,0.2932361364364624,0.17113113403320312,0.5042223334312439,0.30280888080596924,-0.22462424635887146,0.49921807646751404,0.4051109552383423,0.22440102696418762,0.4923616051673889,0.407742440700531,-0.32012587785720825,0.5222772359848022,0.48421818017959595,0.11099646240472794,0.5190715193748474,0.49455609917640686,-0.3745792508125305,0.521521270275116,0.5098565816879272,0.10392904281616211,0.5196569561958313,0.5192992091178894,-0.42587390542030334,0.5270042419433594,0.5109910368919373,0.0602145679295063,0.5296393632888794,0.5172480940818787,-0.41674670577049255,0.5257638096809387,0.5032249689102173,0.09020086377859116,0.5294161438941956,0.5100440382957458,-0.37198328971862793,0.5126996636390686,0.49756163358688354,0.13190202414989471,0.5045363306999207,0.4963250458240509,-0.13195505738258362,0.5443025231361389,0.6374874711036682,0.10553417354822159,0.5216820240020752,0.6587815880775452,-0.20330286026000977,0.4964119493961334,0.7476267218589783,0.2423308789730072,0.4933497905731201,0.8312614560127258,-0.19092008471488953,0.4877869486808777,0.7419014573097229,0.2510461211204529,0.4805677533149719,0.8500283360481262,-0.194387748837471,0.505797803401947,0.8158950209617615,0.18351343274116516,0.5178004503250122,0.8858920335769653,-0.2997879981994629
frame_00448.jpg,0.5344959497451782,0.22233298420906067,-0.10770602524280548,0.5279611349105835,0.2077149748802185,-0.08468230813741684,0.5268412828445435,0.20751841366291046,-0.0848747119307518,0.5259657502174377,0.20725835859775543,-0.08473102003335953,0.5267408490180969,0.20814594626426697,-0.12439092248678207,0.52492755651474,0.20832692086696625,-0.12473352998495102,0.5233215093612671,0.208390012383461,-0.12488404661417007,0.5170360207557678,0.21363063156604767,0.02631857618689537,0.5135286450386047,0.21571241319179535,-0.15468807518482208,0.5313097834587097,0.23689375817775726,-0.06179658696055412,0.5295341610908508,0.2370024174451828,-0.11587852239608765,0.5141998529434204,0.28743845224380493,0.1636546105146408,0.5045067071914673,0.2929362654685974,-0.2380557507276535,0.49958372116088867,0.39495646953582764,0.21231214702129364,0.4916616380214691,0.39514386653900146,-0.3470035493373871,0.5180522203445435,0.4798181653022766,0.09630398452281952,0.513831377029419,0.4906972348690033,-0.41204866766929626,0.5173655152320862,0.5034943222999573,0.0897638201713562,0.5126454830169678,0.5133578181266785,-0.4660692811012268,0.5232892632484436,0.5041764974594116,0.047184936702251434,0.5220597982406616,0.5115454196929932,-0.45612794160842896,0.5241605043411255,0.4978327453136444,0.07591855525970459,0.5238732695579529,0.5054715871810913,-0.40980011224746704,0.5148928165435791,0.4925318658351898,0.13186827301979065,0.5044909119606018,0.4903219938278198,-0.13193054497241974,0.5576597452163696,0.6179655194282532,0.14440923929214478,0.5205467343330383,0.6480135321617126,-0.19261766970157623,0.4971378743648529,0.7108515501022339,0.28649401664733887,0.4930158257484436,0.82368403673172,-0.18553751707077026,0.4871792793273926,0.7125586867332458,0.29588454961776733,0.48162704706192017,0.8408632874488831,-0.18807414174079895,0.49793943762779236,0.7831367254257202,0.231178879737854,0.5175350904464722,0.877679169178009,-0.3043827712535858
frame_00449.jpg,0.5344844460487366,0.2209412157535553,-0.08309934288263321,0.5279265642166138,0.2065611481666565,-0.059768758714199066,0.5268179178237915,0.20637978613376617,-0.05996256321668625,0.5259536504745483,0.2061394304037094,-0.05982997268438339,0.5267118811607361,0.2069726586341858,-0.10037225484848022,0.5249024033546448,0.20716671645641327,-0.10069845616817474,0.5233026146888733,0.2072652131319046,-0.10083770751953125,0.517044723033905,0.2121565043926239,0.047053299844264984,0.5134431719779968,0.21421395242214203,-0.1373043954372406,0.5313245058059692,0.23494768142700195,-0.03890789672732353,0.5294835567474365,0.23525552451610565,-0.09412497282028198,0.5140773057937622,0.28660842776298523,0.17720039188861847,0.5046913027763367,0.292458176612854,-0.22565674781799316,0.4994943141937256,0.3917027413845062,0.21074119210243225,0.49010246992111206,0.39176055788993835,-0.33642953634262085,0.5150116682052612,0.4786854684352875,0.08236674964427948,0.5115877389907837,0.48613807559013367,-0.39161208271980286,0.5151511430740356,0.5003379583358765,0.07345737516880035,0.5105199813842773,0.5086792707443237,-0.44352859258651733,0.5213690400123596,0.5005324482917786,0.03395787253975868,0.5192614197731018,0.5066625475883484,-0.4332861006259918,0.523269772529602,0.4947017431259155,0.06266222894191742,0.5215704441070557,0.5012994408607483,-0.3893377482891083,0.5148659348487854,0.4865771532058716,0.13204406201839447,0.5051557421684265,0.48483070731163025,-0.132095605134964,0.55351722240448,0.6082509756088257,0.1722058206796646,0.5285218358039856,0.6277472972869873,-0.18432675302028656,0.49761444330215454,0.7019805908203125,0.30198153853416443,0.4936195909976959,0.8190291523933411,-0.16571566462516785,0.48697328567504883,0.6974354386329651,0.30956974625587463,0.4834083616733551,0.8319916129112244,-0.16718712449073792,0.4946659505367279,0.7804058790206909,0.2466624528169632,0.5147790908813477,0.8630732297897339,-0.2833108603954315
frame_00450.jpg,0.5338736176490784,0.22365912795066833,-0.047667086124420166,0.5273130536079407,0.20901736617088318,-0.025199392810463905,0.5260211825370789,0.20885352790355682,-0.025410255417227745,0.5249322056770325,0.2085525542497635,-0.02525901421904564,0.5266979336738586,0.2094295471906662,-0.06636233627796173,0.5249583125114441,0.20971137285232544,-0.06666577607393265,0.5236472487449646,0.20988775789737701,-0.06679708510637283,0.516714334487915,0.21476244926452637,0.07785794883966446,0.5147704482078552,0.21697255969047546,-0.10920051485300064,0.5305578708648682,0.2376168668270111,-0.005331416614353657,0.5294671654701233,0.23795317113399506,-0.0611618235707283,0.5136927366256714,0.2890508770942688,0.1823405772447586,0.5057492256164551,0.29505297541618347,-0.19757302105426788,0.49934640526771545,0.3810065984725952,0.18820233643054962,0.4901541769504547,0.37507113814353943,-0.33424466848373413,0.508462131023407,0.457679808139801,0.016997890546917915,0.5064506530761719,0.45814964175224304,-0.3710954785346985,0.5092070698738098,0.4848932921886444,0.0009144057403318584,0.5064229965209961,0.4881758689880371,-0.4195302426815033,0.5128053426742554,0.48588839173316956,-0.03413989022374153,0.5108896493911743,0.48710712790489197,-0.40862035751342773,0.5139452219009399,0.4738057851791382,-0.002356270793825388,0.511849045753479,0.475503534078598,-0.36814409494400024,0.5144904851913452,0.4887717068195343,0.12825003266334534,0.5051846504211426,0.48750320076942444,-0.12829530239105225,0.5637367963790894,0.5981143712997437,0.15079566836357117,0.5202670097351074,0.6300666332244873,-0.1739788055419922,0.4973210394382477,0.6585303544998169,0.29350852966308594,0.49383407831192017,0.8174866437911987,-0.14676326513290405,0.4865788519382477,0.6527478694915771,0.3048253357410431,0.48325008153915405,0.832205057144165,-0.14595983922481537,0.49158722162246704,0.7106215953826904,0.2629430592060089,0.5146868824958801,0.8656821846961975,-0.24507173895835876
frame_00451.jpg,0.5343134999275208,0.2316044420003891,-0.016564512625336647,0.5278816819190979,0.21848052740097046,0.0048942225985229015,0.5265796780586243,0.21836505830287933,0.00468289852142334,0.5254724025726318,0.2181735634803772,0.004827496595680714,0.527243435382843,0.21871352195739746,-0.03519519791007042,0.5255630612373352,0.21887138485908508,-0.035506829619407654,0.524232804775238,0.21892708539962769,-0.03563246876001358,0.5167814493179321,0.22288896143436432,0.09941665828227997,0.5149779915809631,0.22411289811134338,-0.08324791491031647,0.5308347344398499,0.24530287086963654,0.02250278927385807,0.5298279523849487,0.2456408590078354,-0.03196951746940613,0.5113587975502014,0.29270437359809875,0.1907522976398468,0.5057129263877869,0.2970118522644043,-0.17033281922340393,0.49656495451927185,0.38085803389549255,0.20185399055480957,0.48841872811317444,0.3811430037021637,-0.2719627022743225,0.5039939284324646,0.4429294764995575,0.051785655319690704,0.5031014084815979,0.4368850290775299,-0.30879804491996765,0.5062453150749207,0.46833011507987976,0.04081500321626663,0.5058383345603943,0.4540063738822937,-0.34935393929481506,0.5100837349891663,0.46743524074554443,0.00665094843134284,0.5077400803565979,0.44693756103515625,-0.33686715364456177,0.5101237297058105,0.45425862073898315,0.03362979739904404,0.5076309442520142,0.44264164566993713,-0.3047218918800354,0.5139868855476379,0.49003151059150696,0.12520435452461243,0.5055163502693176,0.4893326759338379,-0.12526538968086243,0.5740702152252197,0.5933940410614014,0.1748475730419159,0.514641284942627,0.6342670917510986,-0.17003825306892395,0.4984040856361389,0.6329681873321533,0.33903586864471436,0.49388545751571655,0.8177865743637085,-0.16803771257400513,0.4864552915096283,0.6294915676116943,0.3538401424884796,0.48462677001953125,0.8328739404678345,-0.16912692785263062,0.4912787973880768,0.6819925904273987,0.34146901965141296,0.5136787295341492,0.8665948510169983,-0.25221583247184753
frame_00452.jpg,0.5330016016960144,0.2493119090795517,-0.02036748081445694,0.527306079864502,0.23587557673454285,0.00018841298879124224,0.5261246562004089,0.23556910455226898,-6.414690869860351e-05,0.5251308679580688,0.2352202832698822,4.043608350912109e-05,0.5268946886062622,0.23630057275295258,-0.038000546395778656,0.5254503488540649,0.236368790268898,-0.038280267268419266,0.5242021083831787,0.23636916279792786,-0.03840120509266853,0.5167791247367859,0.23878583312034607,0.09192793071269989,0.5151854753494263,0.2420729100704193,-0.08465485274791718,0.5296369194984436,0.2627509832382202,0.016882818192243576,0.528892457485199,0.26299887895584106,-0.03542895242571831,0.5072275400161743,0.31111475825309753,0.17539195716381073,0.5051459074020386,0.31298431754112244,-0.17052100598812103,0.49770641326904297,0.3896638751029968,0.18031901121139526,0.4931092858314514,0.3847452402114868,-0.34091106057167053,0.5020560026168823,0.477950781583786,0.04007666930556297,0.5033127069473267,0.42622601985931396,-0.4847336411476135,0.5043326616287231,0.49141794443130493,0.02774328924715519,0.5059559345245361,0.4448867440223694,-0.5434240102767944,0.5072308778762817,0.4915202856063843,-0.004476507660001516,0.5083277225494385,0.43576064705848694,-0.5282357931137085,0.5054901242256165,0.4864285886287689,0.023402858525514603,0.5078922510147095,0.4332048296928406,-0.48309141397476196,0.5115097761154175,0.5065165758132935,0.11762423813343048,0.5082349181175232,0.513801634311676,-0.11768670380115509,0.5735931396484375,0.5909742116928101,0.1684277504682541,0.5102928280830383,0.661381721496582,-0.14547573029994965,0.49967002868652344,0.6323748230934143,0.3359571397304535,0.4935433268547058,0.8272621035575867,-0.10395979881286621,0.48600879311561584,0.642774760723114,0.35028690099716187,0.4841460585594177,0.8431336283683777,-0.10093545913696289,0.49224796891212463,0.6808971762657166,0.3202117681503296,0.5101855397224426,0.8674536347389221,-0.19014133512973785
frame_00453.jpg,0.5270752906799316,0.27506521344184875,-0.0755007416009903,0.5251458287239075,0.2595115602016449,-0.05288328975439072,0.5252763032913208,0.258365660905838,-0.053143590688705444,0.5250385999679565,0.25722330808639526,-0.05307280272245407,0.5221337676048279,0.26117345690727234,-0.08574940264225006,0.5204584002494812,0.2612418234348297,-0.08602204918861389,0.5189394354820251,0.2611970007419586,-0.08620486408472061,0.5173312425613403,0.2590554654598236,0.04892890900373459,0.5122299790382385,0.2649853229522705,-0.09978152811527252,0.5263480544090271,0.28631559014320374,-0.03407062217593193,0.5233033299446106,0.28804948925971985,-0.07919691503047943,0.500663697719574,0.32249823212623596,0.16208037734031677,0.5042678117752075,0.33493298292160034,-0.1780335009098053,0.49588170647621155,0.35776573419570923,0.25093889236450195,0.49991005659103394,0.40805408358573914,-0.3497242033481598,0.4963153302669525,0.3807697594165802,0.22970640659332275,0.5140867233276367,0.4263504147529602,-0.4811576008796692,0.49435392022132874,0.3889964520931244,0.2347681224346161,0.5157761573791504,0.43713897466659546,-0.5361553430557251,0.49605894088745117,0.3879602551460266,0.20619924366474152,0.5172581076622009,0.42909181118011475,-0.521105945110321,0.49758562445640564,0.38422977924346924,0.21782147884368896,0.5156780481338501,0.426693320274353,-0.4787418246269226,0.5073661208152771,0.5193860530853271,0.1162257194519043,0.5095371007919312,0.5237425565719604,-0.11637085676193237,0.5714396238327026,0.594114363193512,0.14338639378547668,0.5139006972312927,0.6555353403091431,-0.15358735620975494,0.5024168491363525,0.6405026912689209,0.29690223932266235,0.49226751923561096,0.8268519639968872,-0.1286279857158661,0.4907058775424957,0.6395827531814575,0.3096807897090912,0.4840530753135681,0.842872679233551,-0.12592753767967224,0.49237877130508423,0.7123066782951355,0.2776554822921753,0.5075268149375916,0.8635245561599731,-0.2033037394285202
frame_00454.jpg,0.5280308723449707,0.26917797327041626,-0.06863759458065033,0.5259901285171509,0.256095826625824,-0.04800683632493019,0.525944709777832,0.25542017817497253,-0.04825254902243614,0.5256792902946472,0.25464072823524475,-0.04815203696489334,0.5232066512107849,0.25700438022613525,-0.08441241085529327,0.5214594006538391,0.2570408582687378,-0.0846850723028183,0.5198731422424316,0.2569285035133362,-0.08481933176517487,0.5175858736038208,0.2559243440628052,0.046787772327661514,0.5124911665916443,0.25994452834129333,-0.11892541497945786,0.5264184474945068,0.28116723895072937,-0.028636181727051735,0.5234667062759399,0.2826244533061981,-0.07821323722600937,0.5015171766281128,0.32011985778808594,0.15992482006549835,0.5030940771102905,0.3301466107368469,-0.19384655356407166,0.4977540969848633,0.3584032952785492,0.24618932604789734,0.49875783920288086,0.41372910141944885,-0.3353193402290344,0.5018972754478455,0.41357332468032837,0.15423592925071716,0.520393967628479,0.4342043101787567,-0.4603416323661804,0.49965518712997437,0.42859724164009094,0.15261031687259674,0.5206162333488464,0.444389671087265,-0.5186929106712341,0.5017435550689697,0.4287433326244354,0.12070627510547638,0.5239812731742859,0.43637847900390625,-0.47631970047950745,0.5033084750175476,0.4227016270160675,0.13913021981716156,0.5218870639801025,0.43334901332855225,-0.4772959351539612,0.5071736574172974,0.5197332501411438,0.11769578605890274,0.5092753171920776,0.526270866394043,-0.11782380193471909,0.5795242190361023,0.5953486561775208,0.16805940866470337,0.5095702409744263,0.6806173324584961,-0.14262637495994568,0.5020865201950073,0.6355307698249817,0.34008675813674927,0.4917372167110443,0.8334863185882568,-0.10905031859874725,0.48987025022506714,0.6374269723892212,0.355840802192688,0.48337674140930176,0.8502591252326965,-0.10576961189508438,0.4919068217277527,0.6849108934402466,0.3410791754722595,0.5076190233230591,0.871015727519989,-0.18483924865722656
frame_00455.jpg,0.5296878218650818,0.26519453525543213,-0.04140956699848175,0.5263506770133972,0.2503194808959961,-0.022418903186917305,0.5259940028190613,0.2496359944343567,-0.022648166865110397,0.5256693363189697,0.2488868236541748,-0.022548289969563484,0.5247281789779663,0.2514336407184601,-0.06293514370918274,0.5232387781143188,0.25157487392425537,-0.06321915984153748,0.5219119191169739,0.2515672445297241,-0.0633351057767868,0.5175663828849792,0.25143924355506897,0.05823269486427307,0.5139433145523071,0.256560742855072,-0.11628901958465576,0.5266221165657043,0.27815333008766174,-0.005964179988950491,0.5246116518974304,0.2802838683128357,-0.06081562489271164,0.5017780065536499,0.31833380460739136,0.16706466674804688,0.5017966032028198,0.3265673518180847,-0.19791434705257416,0.4981704354286194,0.3709184229373932,0.23147621750831604,0.4981715679168701,0.4111524820327759,-0.3034190535545349,0.5081146955490112,0.42568859457969666,0.12532173097133636,0.5209941267967224,0.437801718711853,-0.32757654786109924,0.5115271806716919,0.44339969754219055,0.12686499953269958,0.5217376947402954,0.4491046071052551,-0.3677815794944763,0.5160484313964844,0.4400901198387146,0.09909647703170776,0.5267621278762817,0.44072869420051575,-0.34930530190467834,0.5220136046409607,0.43625351786613464,0.1102752834558487,0.5252685546875,0.43744370341300964,-0.322931706905365,0.5082165002822876,0.5169959664344788,0.11783313751220703,0.5080559849739075,0.5222755074501038,-0.11793128401041031,0.5810768008232117,0.5966329574584961,0.18099680542945862,0.5090019106864929,0.6731165647506714,-0.1399441659450531,0.5017700791358948,0.6373193860054016,0.3470011055469513,0.49138927459716797,0.8324023485183716,-0.11715354770421982,0.49060946702957153,0.6288862228393555,0.36218851804733276,0.48362913727760315,0.8490539193153381,-0.1153629869222641,0.49226102232933044,0.6868761777877808,0.35004493594169617,0.5069849491119385,0.8733999729156494,-0.1963641345500946
frame_00456.jpg,0.5298272371292114,0.24820108711719513,-0.052931614220142365,0.5262116193771362,0.23571771383285522,-0.03428347408771515,0.5256547331809998,0.23553265631198883,-0.03448101505637169,0.5251117944717407,0.23520229756832123,-0.0343417227268219,0.5247620940208435,0.23645751178264618,-0.0753931924700737,0.5234043002128601,0.2368360012769699,-0.07571742683649063,0.5222628116607666,0.23697446286678314,-0.07583719491958618,0.5171782970428467,0.24196018278598785,0.054413385689258575,0.51469486951828,0.2444809079170227,-0.12800684571266174,0.5267556309700012,0.2613293528556824,-0.014931172132492065,0.5249328017234802,0.2621815800666809,-0.07035311311483383,0.5026918649673462,0.30985257029533386,0.17073549330234528,0.5049630999565125,0.3178047835826874,-0.21022114157676697,0.4981628954410553,0.3784446716308594,0.19430570304393768,0.49662771821022034,0.410540372133255,-0.28615036606788635,0.5081987380981445,0.4437940716743469,0.033640943467617035,0.5239241123199463,0.4480912387371063,-0.2971302568912506,0.5114880800247192,0.4692709147930145,0.021054985001683235,0.5287302732467651,0.4576677083969116,-0.3398829698562622,0.5158429145812988,0.45911410450935364,-0.013760696165263653,0.533179521560669,0.4461613893508911,-0.3249918520450592,0.5216416120529175,0.4521649181842804,0.014953339472413063,0.5314737558364868,0.44322988390922546,-0.2912084758281708,0.5082612633705139,0.5090413689613342,0.12224404513835907,0.5079852342605591,0.514083743095398,-0.12226705253124237,0.5781163573265076,0.5990286469459534,0.1720706820487976,0.507564127445221,0.6589124202728271,-0.144997239112854,0.5004029273986816,0.6536130905151367,0.32216912508010864,0.49123626947402954,0.8316489458084106,-0.12141718715429306,0.488797664642334,0.6488904356956482,0.3327023386955261,0.4823881983757019,0.84854656457901,-0.11905119568109512,0.49224162101745605,0.7061485052108765,0.3000492751598358,0.5071473121643066,0.8733989596366882,-0.2042219191789627
frame_00457.jpg,0.5312674045562744,0.23034915328025818,-0.07359234988689423,0.5270974040031433,0.2195313423871994,-0.05394239351153374,0.5263490080833435,0.21946291625499725,-0.05413711816072464,0.5257039070129395,0.21923460066318512,-0.054009683430194855,0.5259063243865967,0.22023388743400574,-0.0943915992975235,0.5244730710983276,0.22072219848632812,-0.09472016245126724,0.5232347846031189,0.22097738087177277,-0.09486369043588638,0.5173335671424866,0.22695741057395935,0.04114114120602608,0.5150055289268494,0.22974513471126556,-0.141453355550766,0.5281558632850647,0.24565421044826508,-0.03309144824743271,0.5263516306877136,0.2461060881614685,-0.0878281518816948,0.5066123008728027,0.299056738615036,0.16334781050682068,0.5060247182846069,0.30675697326660156,-0.22368080914020538,0.49836140871047974,0.38094982504844666,0.18934416770935059,0.4951632022857666,0.40378183126449585,-0.29304516315460205,0.5082823634147644,0.46126118302345276,0.05325790494680405,0.5231166481971741,0.46967893838882446,-0.32586464285850525,0.5116975903511047,0.48911145329475403,0.044193364679813385,0.5291165113449097,0.4861634373664856,-0.3704085350036621,0.5168798565864563,0.487482488155365,0.007641246076673269,0.5362386107444763,0.4769805371761322,-0.3567036986351013,0.5204857587814331,0.47582921385765076,0.034515202045440674,0.5335224270820618,0.4702844023704529,-0.32092124223709106,0.5084818005561829,0.5015692710876465,0.12306970357894897,0.5070305466651917,0.5051291584968567,-0.12306596338748932,0.5746027231216431,0.6011766791343689,0.17200957238674164,0.5076109766960144,0.6553367972373962,-0.13886164128780365,0.5002350211143494,0.6591573357582092,0.3206363618373871,0.491319477558136,0.8312347531318665,-0.0964060053229332,0.48640337586402893,0.6520644426345825,0.33222466707229614,0.48237156867980957,0.8482147455215454,-0.0938165932893753,0.49234452843666077,0.7248707413673401,0.2951481342315674,0.5088884234428406,0.8742920756340027,-0.1878729611635208
frame_00458.jpg,0.5324047207832336,0.2205400913953781,-0.11872059106826782,0.5276873111724854,0.20912443101406097,-0.09738557040691376,0.5267858505249023,0.2089778333902359,-0.09757677465677261,0.526054859161377,0.2087322175502777,-0.09744597971439362,0.5267535448074341,0.2097649723291397,-0.13911671936511993,0.5252808332443237,0.2101118266582489,-0.13943029940128326,0.523986279964447,0.21027401089668274,-0.13955582678318024,0.5174106359481812,0.2164699137210846,0.0074479952454566956,0.5151483416557312,0.21915261447429657,-0.1819159984588623,0.5289285778999329,0.23648248612880707,-0.07482302933931351,0.5273606777191162,0.23657812178134918,-0.13130024075508118,0.5086617469787598,0.2923026978969574,0.13947716355323792,0.5063348412513733,0.30053865909576416,-0.2645376920700073,0.4984664022922516,0.3862934112548828,0.16704878211021423,0.49480828642845154,0.4036668539047241,-0.36845657229423523,0.5088686347007751,0.4713035225868225,0.03031817078590393,0.521019697189331,0.4918050169944763,-0.4177573621273041,0.5116515159606934,0.5036026835441589,0.019235458225011826,0.5231837034225464,0.5166980028152466,-0.47081613540649414,0.5168009996414185,0.5012649893760681,-0.02034669741988182,0.5341992378234863,0.5150724053382874,-0.4609595239162445,0.5198598504066467,0.49451392889022827,0.01023963000625372,0.5324037075042725,0.509087860584259,-0.4151579737663269,0.5099477171897888,0.4980427026748657,0.12579971551895142,0.5044077634811401,0.499418169260025,-0.1257907748222351,0.5728447437286377,0.6021637320518494,0.15591751039028168,0.5105319619178772,0.6499724984169006,-0.14192116260528564,0.5007598400115967,0.689193069934845,0.29466503858566284,0.49131470918655396,0.8284286856651306,-0.11005345731973648,0.48686209321022034,0.6889927387237549,0.30400294065475464,0.4821418821811676,0.8455950617790222,-0.1082538589835167,0.49235406517982483,0.7473135590553284,0.24683336913585663,0.5116376280784607,0.8744974732398987,-0.20228879153728485
frame_00459.jpg,0.5334153771400452,0.2179557979106903,-0.09230192005634308,0.5281223058700562,0.20508845150470734,-0.07122297585010529,0.5270085334777832,0.2048453986644745,-0.07142172753810883,0.5261462926864624,0.20449770987033844,-0.07129840552806854,0.5276044607162476,0.2055777758359909,-0.1119992583990097,0.5261167883872986,0.20575694739818573,-0.1123112291097641,0.5247808694839478,0.20572081208229065,-0.1124403104186058,0.5174327492713928,0.2118157595396042,0.02872016653418541,0.5153838396072388,0.21408897638320923,-0.1579807847738266,0.5296255350112915,0.2341330349445343,-0.05046556144952774,0.5283142328262329,0.234071284532547,-0.1057172566652298,0.5097616910934448,0.2894533574581146,0.14177003502845764,0.5085431337356567,0.29250895977020264,-0.2463303506374359,0.4984670579433441,0.38966694474220276,0.18927113711833954,0.4947688579559326,0.39742010831832886,-0.35074546933174133,0.5089321136474609,0.47375574707984924,0.06803233921527863,0.5130103826522827,0.49004408717155457,-0.3999156057834625,0.5115872025489807,0.5033879280090332,0.061592645943164825,0.5111566781997681,0.5159094929695129,-0.4515821933746338,0.516793429851532,0.5037433505058289,0.012958673760294914,0.5207284688949585,0.5142714977264404,-0.44148316979408264,0.5197952389717102,0.4965440034866333,0.04502805694937706,0.5236523747444153,0.5082613229751587,-0.3973042368888855,0.5106420516967773,0.49246838688850403,0.13152433931827545,0.5033717155456543,0.49160438776016235,-0.13152562081813812,0.5651814341545105,0.6072187423706055,0.1556902825832367,0.5166488289833069,0.6460214257240295,-0.15724410116672516,0.5007007122039795,0.7172881960868835,0.2836977243423462,0.49154454469680786,0.8224766254425049,-0.13690410554409027,0.4876583516597748,0.7225629687309265,0.2912788987159729,0.482156902551651,0.8437768220901489,-0.1381625533103943,0.4894925057888031,0.7864625453948975,0.23290511965751648,0.5119039416313171,0.8722683191299438,-0.2475065290927887
frame_00460.jpg,0.532285749912262,0.22176817059516907,-0.03789709135890007,0.5272303223609924,0.2080232948064804,-0.015800362452864647,0.5262326002120972,0.20778122544288635,-0.015960175544023514,0.5254868268966675,0.20743508636951447,-0.015833748504519463,0.5267852544784546,0.2083618938922882,-0.05560263991355896,0.5253939032554626,0.20846731960773468,-0.05593281239271164,0.5241330862045288,0.20838205516338348,-0.05606246739625931,0.5172416567802429,0.2136918008327484,0.08489443361759186,0.5151745676994324,0.2156185805797577,-0.09651176631450653,0.529178261756897,0.23613505065441132,0.0042009600438177586,0.5277693867683411,0.23613660037517548,-0.049936212599277496,0.509503960609436,0.2897351086139679,0.21418949961662292,0.5099627375602722,0.2873157560825348,-0.19529035687446594,0.4984358251094818,0.3945966362953186,0.26125407218933105,0.4947067201137543,0.3942818343639374,-0.30166032910346985,0.5088497400283813,0.47912806272506714,0.14757868647575378,0.5089515447616577,0.4861489236354828,-0.35623055696487427,0.5109785795211792,0.5082984566688538,0.14223244786262512,0.5053262710571289,0.5120199918746948,-0.40589362382888794,0.5167087316513062,0.5086331367492676,0.10143033415079117,0.5148255825042725,0.511923611164093,-0.3989798426628113,0.5195482969284058,0.5004344582557678,0.127586230635643,0.5183511972427368,0.5043813586235046,-0.35499313473701477,0.510748028755188,0.4913436770439148,0.1331399530172348,0.503410816192627,0.48964324593544006,-0.13317376375198364,0.5494368672370911,0.6288886666297913,0.12228310108184814,0.5209532976150513,0.6466705799102783,-0.16251429915428162,0.4988165497779846,0.7609344720840454,0.2122490406036377,0.4915470480918884,0.8209667801856995,-0.1520722210407257,0.4864579141139984,0.7679921984672546,0.2156938761472702,0.4818209707736969,0.8424232602119446,-0.15511077642440796,0.49811244010925293,0.8161580562591553,0.14099395275115967,0.5121186971664429,0.871170163154602,-0.2725400924682617
frame_00461.jpg,0.5341705679893494,0.22216874361038208,-0.019798709079623222,0.5279287099838257,0.20892854034900665,0.0018517228309065104,0.5265923142433167,0.20886476337909698,0.0016770754009485245,0.5256104469299316,0.20872996747493744,0.0017857890343293548,0.528205931186676,0.20912504196166992,-0.04006199538707733,0.5269068479537964,0.2092835009098053,-0.04038993641734123,0.5257169008255005,0.2092481255531311,-0.040520936250686646,0.5172675251960754,0.2153637856245041,0.09768752008676529,0.5164031982421875,0.216802179813385,-0.09252646565437317,0.5304078459739685,0.23655536770820618,0.020389094948768616,0.5298898220062256,0.23654277622699738,-0.03646604344248772,0.5096384882926941,0.29105424880981445,0.22220328450202942,0.51044762134552,0.2909710109233856,-0.1937655806541443,0.49851688742637634,0.4024900197982788,0.2650325298309326,0.4946156442165375,0.3949800431728363,-0.29989418387413025,0.5090148448944092,0.487001895904541,0.1548781841993332,0.5097733736038208,0.4962978661060333,-0.35305386781692505,0.510962188243866,0.5151989459991455,0.14845988154411316,0.5077769756317139,0.5249422788619995,-0.40398192405700684,0.5166417360305786,0.5159185528755188,0.10811614990234375,0.5163454413414001,0.524970293045044,-0.3954106867313385,0.5192932486534119,0.5075814127922058,0.13499537110328674,0.5189543962478638,0.5173026919364929,-0.351359099149704,0.5107449293136597,0.49203500151634216,0.13424940407276154,0.5034262537956238,0.49132412672042847,-0.13428330421447754,0.5418413877487183,0.6465079188346863,0.12136715650558472,0.5240401029586792,0.653247058391571,-0.16278883814811707,0.495898962020874,0.799680769443512,0.20737388730049133,0.4906187951564789,0.8212394714355469,-0.12904515862464905,0.4806099832057953,0.811211884021759,0.21056535840034485,0.4759456217288971,0.842072606086731,-0.12879838049411774,0.5074560642242432,0.8463174104690552,0.13851620256900787,0.5116202235221863,0.8732671737670898,-0.2388734370470047
frame_00462.jpg,0.5354810953140259,0.22441762685775757,0.015336940996348858,0.5284297466278076,0.21368640661239624,0.03624390810728073,0.5269244313240051,0.21412406861782074,0.03608790040016174,0.525787889957428,0.21453313529491425,0.03619595244526863,0.529029130935669,0.21379713714122772,-0.004515671171247959,0.5278512239456177,0.21434809267520905,-0.004846872296184301,0.5267757177352905,0.21480169892311096,-0.004972289316356182,0.5175775289535522,0.22039368748664856,0.12500759959220886,0.5176550149917603,0.22163598239421844,-0.06012781709432602,0.5319000482559204,0.23923100531101227,0.052935827523469925,0.5317150354385376,0.23915411531925201,-0.0023537350352853537,0.5108630657196045,0.2969368100166321,0.23994532227516174,0.5105627775192261,0.2959126830101013,-0.16566316783428192,0.498973548412323,0.4041089713573456,0.2754548192024231,0.49497222900390625,0.3953668475151062,-0.2855466604232788,0.5112289786338806,0.500466525554657,0.17155277729034424,0.5121003985404968,0.49033206701278687,-0.3489900529384613,0.51102614402771,0.5223100781440735,0.16658738255500793,0.510628879070282,0.5147256255149841,-0.3986569344997406,0.5166130661964417,0.5213366150856018,0.13096341490745544,0.5201098918914795,0.5174745321273804,-0.3875815272331238,0.5191298723220825,0.512352705001831,0.1538933515548706,0.5209115743637085,0.5103251934051514,-0.3464515507221222,0.509954571723938,0.49637308716773987,0.1336016058921814,0.5030356049537659,0.49212589859962463,-0.13363495469093323,0.5311965942382812,0.6562268137931824,0.09583848714828491,0.524896502494812,0.659009575843811,-0.16676585376262665,0.4929051399230957,0.8147905468940735,0.12464889138936996,0.48983344435691833,0.8223073482513428,-0.1570969820022583,0.477339506149292,0.8326898217201233,0.1217392310500145,0.4739309847354889,0.8431012034416199,-0.16006654500961304,0.5108422636985779,0.8608843088150024,0.04115406423807144,0.5119121670722961,0.8765183687210083,-0.2683236598968506
frame_00463.jpg,0.5360673666000366,0.24244274199008942,0.04595860093832016,0.5291681885719299,0.23131157457828522,0.06798237562179565,0.5275220274925232,0.2314143031835556,0.06781308352947235,0.5262253880500793,0.23154227435588837,0.06792397797107697,0.5300880670547485,0.2316431850194931,0.025633227080106735,0.5291510224342346,0.23200300335884094,0.02532041445374489,0.5283741354942322,0.2322871834039688,0.02524196170270443,0.5179797410964966,0.23625285923480988,0.16028574109077454,0.519784152507782,0.2377595454454422,-0.03290398418903351,0.5322510600090027,0.2556816637516022,0.08476360142230988,0.5323673486709595,0.2556080222129822,0.02723134495317936,0.5069400072097778,0.30927932262420654,0.27186495065689087,0.5102567076683044,0.3068869709968567,-0.14674149453639984,0.49727481603622437,0.40199512243270874,0.31255051493644714,0.4949154853820801,0.39535605907440186,-0.2937435209751129,0.5091085433959961,0.45344629883766174,0.21219637989997864,0.5096962451934814,0.44531184434890747,-0.4162686765193939,0.5110159516334534,0.4745592176914215,0.20747673511505127,0.5110147595405579,0.4609724283218384,-0.4702604413032532,0.5149675607681274,0.4698653519153595,0.1739511489868164,0.5134133696556091,0.4545532166957855,-0.4565551280975342,0.5151548981666565,0.4583965837955475,0.19498711824417114,0.5133167505264282,0.4502621293067932,-0.4142375588417053,0.5095018744468689,0.5061776638031006,0.13576850295066833,0.5036845803260803,0.5038012266159058,-0.13587069511413574,0.5259135961532593,0.6689038872718811,0.09415684640407562,0.5257077217102051,0.6735270023345947,-0.16953375935554504,0.4879634976387024,0.8289266228675842,0.10720977932214737,0.487487256526947,0.8330477476119995,-0.17145772278308868,0.47147336602211,0.8462342023849487,0.10257117450237274,0.47021737694740295,0.8515297174453735,-0.1753074824810028,0.5109079480171204,0.8704078197479248,0.028765344992280006,0.5127485990524292,0.8831031322479248,-0.27480441331863403
frame_00464.jpg,0.5385251045227051,0.2587369382381439,0.021900193765759468,0.5322974920272827,0.24574144184589386,0.04454314336180687,0.5310174822807312,0.24539905786514282,0.04435908421874046,0.5299889445304871,0.24504491686820984,0.04447212815284729,0.5321531891822815,0.2465389370918274,0.00140207982622087,0.5309404134750366,0.24684244394302368,0.0010873863939195871,0.5298939943313599,0.24708952009677887,0.0010181128745898604,0.5201850533485413,0.25008702278137207,0.13744910061359406,0.5203447341918945,0.25457897782325745,-0.05752533674240112,0.5337561368942261,0.27181756496429443,0.06100158765912056,0.5333245396614075,0.27176186442375183,0.0028843898326158524,0.5045939683914185,0.32052719593048096,0.2547105848789215,0.5090340375900269,0.32750222086906433,-0.16457805037498474,0.4983219504356384,0.4177020788192749,0.2885477840900421,0.49497073888778687,0.4259175658226013,-0.2734357416629791,0.5169237852096558,0.4731094539165497,0.1707194596529007,0.526116132736206,0.4492471516132355,-0.3053099513053894,0.5192619562149048,0.4815126657485962,0.1645960956811905,0.535158634185791,0.45875102281570435,-0.3470497727394104,0.5233383774757385,0.4790678024291992,0.13015924394130707,0.5352246165275574,0.44780462980270386,-0.32895296812057495,0.5233923196792603,0.47315898537635803,0.15309275686740875,0.530499279499054,0.445108562707901,-0.29871824383735657,0.5091021060943604,0.5202645659446716,0.13644136488437653,0.5056079030036926,0.5216501951217651,-0.13658113777637482,0.5221129059791565,0.6799866557121277,0.10583789646625519,0.5252874493598938,0.6860936880111694,-0.16942599415779114,0.485196977853775,0.8345688581466675,0.13386014103889465,0.4841320514678955,0.8398343920707703,-0.16331776976585388,0.4679090082645416,0.850272536277771,0.13123273849487305,0.4663337171077728,0.8555482029914856,-0.1652211993932724,0.5098713636398315,0.8747726082801819,0.06763677299022675,0.511002242565155,0.8878206014633179,-0.27375349402427673
frame_00465.jpg,0.5410930514335632,0.2640044391155243,0.01176130585372448,0.5349973440170288,0.2518899142742157,0.03447659686207771,0.5337186455726624,0.2515617311000824,0.03429450839757919,0.5326482057571411,0.2511812150478363,0.034410685300827026,0.5343600511550903,0.2524391710758209,-0.008644090965390205,0.5328761339187622,0.2525639832019806,-0.008963728323578835,0.5315454006195068,0.25261378288269043,-0.009031124413013458,0.5217905044555664,0.2557550072669983,0.12769074738025665,0.5211692452430725,0.2595880329608917,-0.06697195768356323,0.5356635451316833,0.27694910764694214,0.050922293215990067,0.5351039171218872,0.27685245871543884,-0.007069231476634741,0.5045565366744995,0.32473039627075195,0.24763965606689453,0.5086635947227478,0.33388397097587585,-0.17163348197937012,0.5019033551216125,0.42291757464408875,0.2801155745983124,0.4964105188846588,0.4316566288471222,-0.2702449560165405,0.5333422422409058,0.4705125689506531,0.1594722718000412,0.5370372533798218,0.4505839943885803,-0.3000011146068573,0.53896564245224,0.4740842282772064,0.15504799783229828,0.5505750179290771,0.45919615030288696,-0.3429572880268097,0.538070797920227,0.46003445982933044,0.11917414516210556,0.551325261592865,0.4469265639781952,-0.32601216435432434,0.5351752638816833,0.45130693912506104,0.1421300321817398,0.545350968837738,0.4436138868331909,-0.29385071992874146,0.5087844133377075,0.5252691507339478,0.13594956696033478,0.5056295990943909,0.5262148380279541,-0.13608597218990326,0.5256901383399963,0.681589663028717,0.10394823551177979,0.5248280167579651,0.6897386312484741,-0.1732146292924881,0.4857092499732971,0.8325042724609375,0.1323651224374771,0.4830678403377533,0.8431131839752197,-0.1583608239889145,0.46924906969070435,0.8482387065887451,0.13018640875816345,0.4661082327365875,0.8585240840911865,-0.15964047610759735,0.5090688467025757,0.8758243918418884,0.06752853095531464,0.5096784234046936,0.8904556632041931,-0.2525847852230072
frame_00466.jpg,0.540885329246521,0.26383501291275024,-0.021540354937314987,0.5347639322280884,0.25150373578071594,0.0022789903450757265,0.533577561378479,0.25122150778770447,0.0021012788638472557,0.5326139330863953,0.25088053941726685,0.0022183633409440517,0.5341283679008484,0.2518821358680725,-0.041609205305576324,0.532691478729248,0.2519180178642273,-0.04195023700594902,0.5313993096351624,0.2518842816352844,-0.042009979486465454,0.5219051837921143,0.2545967102050781,0.10523279756307602,0.5211325287818909,0.25778499245643616,-0.09341008961200714,0.5356966257095337,0.27616292238235474,0.02192031778395176,0.5350928902626038,0.2761825919151306,-0.03698580712080002,0.5041892528533936,0.3227993845939636,0.23967282474040985,0.5085357427597046,0.33289143443107605,-0.19729867577552795,0.5021615624427795,0.42404958605766296,0.27741995453834534,0.49648141860961914,0.4346696138381958,-0.280301034450531,0.5316274166107178,0.46261799335479736,0.15552014112472534,0.542533278465271,0.4531157314777374,-0.30840548872947693,0.5450774431228638,0.4644627273082733,0.15289625525474548,0.5567450523376465,0.46336543560028076,-0.35126426815986633,0.5484182834625244,0.4529532492160797,0.11791376769542694,0.5568289160728455,0.45107144117355347,-0.3342350125312805,0.543403685092926,0.4490112066268921,0.14006979763507843,0.5514250993728638,0.4469970464706421,-0.30176207423210144,0.5073322653770447,0.5250653028488159,0.1417360007762909,0.5060685873031616,0.5280824303627014,-0.14188726246356964,0.5224151611328125,0.6823554635047913,0.11233414709568024,0.5247272253036499,0.6906182765960693,-0.18055175244808197,0.48530274629592896,0.8301671743392944,0.16123734414577484,0.48342061042785645,0.8440062403678894,-0.16064897179603577,0.469555139541626,0.8484946489334106,0.161838561296463,0.4667331278324127,0.8623107671737671,-0.1614484339952469,0.5108307600021362,0.8697270750999451,0.0990147814154625,0.5107899308204651,0.8901353478431702,-0.2554197907447815
frame_00467.jpg,0.5405534505844116,0.25154873728752136,0.020716223865747452,0.5344685316085815,0.23897607624530792,0.041096750646829605,0.5332770347595215,0.23887398838996887,0.04093490168452263,0.532296895980835,0.23871175944805145,0.04102716222405434,0.5338920950889587,0.23963111639022827,-0.002395432209596038,0.5325413942337036,0.2400519996881485,-0.002749701961874962,0.5313646197319031,0.24032561480998993,-0.0028525800444185734,0.5219035744667053,0.2453947216272354,0.1261071264743805,0.5215649008750916,0.24804188311100006,-0.07159673422574997,0.5356771945953369,0.2638236880302429,0.05697472766041756,0.5350824594497681,0.26406678557395935,-0.0017664445331320167,0.5050293803215027,0.3172360062599182,0.2532874643802643,0.5088551640510559,0.3265688121318817,-0.18912442028522491,0.5021368265151978,0.4214189946651459,0.30591192841529846,0.49698352813720703,0.4288700520992279,-0.27299851179122925,0.5189975500106812,0.5098752379417419,0.20682556927204132,0.5433762073516846,0.45398250222206116,-0.2996298670768738,0.5289297699928284,0.5321752429008484,0.20824316143989563,0.5567676424980164,0.4665052592754364,-0.34574010968208313,0.5309420824050903,0.5355743765830994,0.1683349907398224,0.5592479109764099,0.4561372399330139,-0.3268420398235321,0.5304977893829346,0.5320565104484558,0.188447043299675,0.554831326007843,0.45165807008743286,-0.29222872853279114,0.5063855051994324,0.5226054787635803,0.14151163399219513,0.5059115290641785,0.5250057578086853,-0.14162608981132507,0.5199974775314331,0.6778050661087036,0.06014321371912956,0.5256630182266235,0.6857097744941711,-0.2383464276790619,0.48540014028549194,0.8331030011177063,0.021989449858665466,0.4840846657752991,0.8438512086868286,-0.3234501779079437,0.46903592348098755,0.8537318706512451,0.013197761960327625,0.46730050444602966,0.8637329936027527,-0.3348243236541748,0.5105249285697937,0.874757707118988,-0.05263451859354973,0.5203941464424133,0.8922287225723267,-0.43286365270614624
frame_00468.jpg,0.5408832430839539,0.2358015477657318,0.008587533608078957,0.5346810817718506,0.22276750206947327,0.026553243398666382,0.5332604646682739,0.22277623414993286,0.02640610560774803,0.5321212410926819,0.22265896201133728,0.026485785841941833,0.5345686674118042,0.22292785346508026,-0.018837854266166687,0.5331939458847046,0.22313879430294037,-0.019183192402124405,0.5319476127624512,0.22312381863594055,-0.019304078072309494,0.5219584703445435,0.2300226092338562,0.11016315221786499,0.5218243598937988,0.23142147064208984,-0.09039486199617386,0.5362914800643921,0.25046589970588684,0.04406401142477989,0.5358291268348694,0.250580370426178,-0.016998175531625748,0.5097943544387817,0.3082498610019684,0.25009313225746155,0.5094934105873108,0.3110089898109436,-0.2006300389766693,0.502087414264679,0.40692564845085144,0.2902093529701233,0.4963796138763428,0.40821799635887146,-0.2808976471424103,0.5205165147781372,0.4745244085788727,0.19597476720809937,0.5385960340499878,0.455018013715744,-0.3152109384536743,0.5283628702163696,0.4962480962276459,0.1867319792509079,0.549005925655365,0.46853119134902954,-0.36034563183784485,0.5341483950614929,0.48088011145591736,0.12890225648880005,0.5526573657989502,0.45873668789863586,-0.3443118631839752,0.5330442190170288,0.47627267241477966,0.16436971724033356,0.5490745306015015,0.4542335569858551,-0.3093288242816925,0.5064417719841003,0.5131378769874573,0.14053238928318024,0.505652666091919,0.5146042704582214,-0.14064259827136993,0.5207017064094543,0.6589990258216858,0.07672597467899323,0.5196202993392944,0.6781591773033142,-0.2009577751159668,0.49002590775489807,0.8178793787956238,0.10760356485843658,0.48713287711143494,0.8419598937034607,-0.20334546267986298,0.4771934449672699,0.8346478343009949,0.10582016408443451,0.4721577763557434,0.8628600239753723,-0.20770666003227234,0.5108171105384827,0.8642532825469971,0.0390208438038826,0.5195317268371582,0.8876711130142212,-0.3251934051513672
frame_00469.jpg,0.5408599972724915,0.226125568151474,0.005375738255679607,0.5348675847053528,0.2135402411222458,0.02436501905322075,0.5333883166313171,0.21340420842170715,0.02424413338303566,0.5321744084358215,0.21311336755752563,0.024322103708982468,0.5348020792007446,0.21349285542964935,-0.021931249648332596,0.5333975553512573,0.21336983144283295,-0.022263390943408012,0.5321094989776611,0.21296991407871246,-0.02239203453063965,0.5221441984176636,0.21964780986309052,0.10968784242868423,0.5218218564987183,0.22005906701087952,-0.09015128016471863,0.5363311767578125,0.24152599275112152,0.043179042637348175,0.5358161330223083,0.24120178818702698,-0.01960170455276966,0.511718213558197,0.29719147086143494,0.24474477767944336,0.5096429586410522,0.2985806167125702,-0.20131652057170868,0.5020614266395569,0.395754337310791,0.2901279032230377,0.49552178382873535,0.3945801854133606,-0.30237191915512085,0.5191034078598022,0.4696095883846283,0.18220289051532745,0.5287414789199829,0.45874443650245667,-0.33299797773361206,0.5248340368270874,0.4958460032939911,0.17728601396083832,0.5341348648071289,0.47956934571266174,-0.3828621506690979,0.5337318778038025,0.48254725337028503,0.13233232498168945,0.5414198637008667,0.47375473380088806,-0.366392582654953,0.5321281552314758,0.4764465391635895,0.15955157577991486,0.5399006605148315,0.4660526514053345,-0.32741624116897583,0.5070110559463501,0.5025687217712402,0.1417284905910492,0.5063247084617615,0.5041043758392334,-0.14182202517986298,0.52099609375,0.6589112877845764,0.09200417250394821,0.5228736400604248,0.6601380109786987,-0.19625790417194366,0.4922519624233246,0.8161609768867493,0.11656498908996582,0.4920225143432617,0.8243378400802612,-0.17215661704540253,0.480151891708374,0.8332645297050476,0.1087193638086319,0.4779183864593506,0.8423662185668945,-0.17324016988277435,0.5121330618858337,0.8619087934494019,0.061468131840229034,0.5189544558525085,0.8759590983390808,-0.270877480506897
frame_00470.jpg,0.5412048697471619,0.2189159244298935,-0.002410690765827894,0.5352460145950317,0.2058587670326233,0.018442025408148766,0.5337192416191101,0.20560531318187714,0.01832345686852932,0.5324369668960571,0.20523060858249664,0.018405752256512642,0.5351930856704712,0.205839142203331,-0.026703525334596634,0.5337475538253784,0.20562760531902313,-0.02702396549284458,0.5324020385742188,0.2051590085029602,-0.027156203985214233,0.5224596261978149,0.21156135201454163,0.10841020196676254,0.5218843221664429,0.21210183203220367,-0.0902894139289856,0.5367180109024048,0.23492108285427094,0.03668317571282387,0.5361113548278809,0.2345108538866043,-0.02458053082227707,0.5129762291908264,0.28871744871139526,0.24407942593097687,0.5104990005493164,0.2891683280467987,-0.2067093402147293,0.502030611038208,0.3929647207260132,0.2919290065765381,0.49461865425109863,0.38825032114982605,-0.31715506315231323,0.5185400247573853,0.4698584973812103,0.1857520043849945,0.5207628607749939,0.4734896123409271,-0.347542941570282,0.5206882953643799,0.4990447163581848,0.18384414911270142,0.5193268060684204,0.5014731287956238,-0.3980642855167389,0.5333303213119507,0.49700960516929626,0.14159724116325378,0.5295161604881287,0.5010855793952942,-0.38252943754196167,0.5310659408569336,0.4909854829311371,0.16531068086624146,0.5315167903900146,0.4926873743534088,-0.3423892855644226,0.5082433223724365,0.49468517303466797,0.14474275708198547,0.5074242949485779,0.49389201402664185,-0.14484748244285583,0.5232831835746765,0.6516939997673035,0.10502199828624725,0.532191276550293,0.6417821645736694,-0.19516441226005554,0.49426841735839844,0.8149822354316711,0.12739385664463043,0.4922242760658264,0.8068786263465881,-0.16113749146461487,0.4845268726348877,0.8421622514724731,0.1223449558019638,0.4783100187778473,0.8233121633529663,-0.1604570746421814,0.5126602053642273,0.8630560040473938,0.047150418162345886,0.5164141058921814,0.8704158663749695,-0.2485356628894806
frame_00471.jpg,0.5415109395980835,0.21687354147434235,-0.06595636904239655,0.5354076623916626,0.20274196565151215,-0.04380834102630615,0.5338250398635864,0.20264548063278198,-0.044004153460264206,0.5324928760528564,0.20239324867725372,-0.043855827301740646,0.5352776050567627,0.20245996117591858,-0.08566506952047348,0.5337399840354919,0.20230156183242798,-0.08598808944225311,0.5323375463485718,0.20192474126815796,-0.0861387774348259,0.5226129293441772,0.20851631462574005,0.0586882010102272,0.5218678712844849,0.20911160111427307,-0.13217639923095703,0.5371381640434265,0.23174454271793365,-0.023476343601942062,0.5363103151321411,0.23135310411453247,-0.0805366188287735,0.5142456889152527,0.2838282883167267,0.1809322088956833,0.5106168389320374,0.28336790204048157,-0.22870829701423645,0.5020009279251099,0.3830181062221527,0.21082119643688202,0.4938673973083496,0.37887975573539734,-0.3531251847743988,0.5148393511772156,0.4661044478416443,0.08920380473136902,0.5112109184265137,0.4741576910018921,-0.42026033997535706,0.5156817436218262,0.49655255675315857,0.08229395002126694,0.50918048620224,0.5014954209327698,-0.47497934103012085,0.5248125791549683,0.49623626470565796,0.04237637296319008,0.5176721811294556,0.5021683573722839,-0.46371227502822876,0.525873064994812,0.4899730682373047,0.0694621205329895,0.5203995108604431,0.49474117159843445,-0.41789254546165466,0.5142264366149902,0.486905962228775,0.13808150589466095,0.5070770978927612,0.48474544286727905,-0.1381329596042633,0.5534325242042542,0.6143170595169067,0.1730843186378479,0.5214704275131226,0.6431894302368164,-0.16063788533210754,0.49939361214637756,0.7161760330200195,0.30641496181488037,0.4910053610801697,0.8050228953361511,-0.1337510645389557,0.48796266317367554,0.720531165599823,0.31489282846450806,0.4780242443084717,0.8219209909439087,-0.13467448949813843,0.5034509897232056,0.7813335657119751,0.2511667311191559,0.5134997367858887,0.8675004839897156,-0.24865546822547913
frame_00472.jpg,0.5414236783981323,0.21774902939796448,-0.044266872107982635,0.5353275537490845,0.2034529745578766,-0.022345224395394325,0.5337534546852112,0.20330239832401276,-0.022525900974869728,0.5324286818504333,0.20302285254001617,-0.022392861545085907,0.5352199077606201,0.20318950712680817,-0.06414054334163666,0.5337077379226685,0.20298068225383759,-0.06446115672588348,0.5323031544685364,0.20256294310092926,-0.06458687037229538,0.5225964784622192,0.20855362713336945,0.07588580995798111,0.521720290184021,0.20905224978923798,-0.11880667507648468,0.5370775461196899,0.23178628087043762,-0.0033281550277024508,0.5362532138824463,0.23151247203350067,-0.060165274888277054,0.5149266719818115,0.28496870398521423,0.19531123340129852,0.5108423829078674,0.2829517722129822,-0.2098660171031952,0.5019062161445618,0.38235902786254883,0.22718381881713867,0.49376583099365234,0.3777453303337097,-0.33910220861434937,0.5125583410263062,0.4662804901599884,0.10765484720468521,0.5071215629577637,0.4732477366924286,-0.38511723279953003,0.5122668743133545,0.49640458822250366,0.10072489827871323,0.5045658349990845,0.4985283613204956,-0.4363138675689697,0.5192947387695312,0.49622049927711487,0.06227167323231697,0.5123039484024048,0.498862624168396,-0.4211551249027252,0.5219985246658325,0.4899195432662964,0.08851057291030884,0.5151082277297974,0.49178454279899597,-0.3802524209022522,0.5147848129272461,0.48382270336151123,0.13191086053848267,0.5066720843315125,0.48165449500083923,-0.1319536417722702,0.5555030107498169,0.6059167981147766,0.15019769966602325,0.5216023325920105,0.6319011449813843,-0.1624877154827118,0.5003499388694763,0.7002516388893127,0.2644403576850891,0.4901329576969147,0.8093460202217102,-0.13923253118991852,0.48848867416381836,0.6999698877334595,0.2714685797691345,0.478007972240448,0.825323224067688,-0.13698551058769226,0.49734362959861755,0.7630819082260132,0.2151476889848709,0.5129910707473755,0.8659852147102356,-0.2670683264732361
frame_00473.jpg,0.5409899950027466,0.21848300099372864,-0.058549076318740845,0.534562885761261,0.2051573544740677,-0.038572005927562714,0.5329167246818542,0.20502811670303345,-0.038775596767663956,0.5315067768096924,0.2048230767250061,-0.03863902390003204,0.5349692106246948,0.20513968169689178,-0.07953125983476639,0.533643364906311,0.20503999292850494,-0.07984007894992828,0.5322475433349609,0.20472237467765808,-0.07997343689203262,0.5224897265434265,0.2104855477809906,0.05572652071714401,0.5223507285118103,0.2109992951154709,-0.13102808594703674,0.5368536710739136,0.23173189163208008,-0.018680095672607422,0.5362057089805603,0.2315666377544403,-0.07423250377178192,0.5147867202758789,0.2849563956260681,0.16878411173820496,0.5124762654304504,0.2826824188232422,-0.21755993366241455,0.5018146634101868,0.3778572976589203,0.19141104817390442,0.4938201308250427,0.37809884548187256,-0.3270151913166046,0.5101332068443298,0.46275582909584045,0.05827903002500534,0.5095373392105103,0.4729541838169098,-0.36949101090431213,0.510287880897522,0.49155986309051514,0.0496453121304512,0.5093860626220703,0.49675264954566956,-0.4121193289756775,0.5158287286758423,0.4923669695854187,0.0121998880058527,0.5164442658424377,0.4967111647129059,-0.4030839502811432,0.5181928277015686,0.48412272334098816,0.039275895804166794,0.5181447267532349,0.48988139629364014,-0.36672243475914,0.5144089460372925,0.48534151911735535,0.127445250749588,0.5066558122634888,0.48452261090278625,-0.12748578190803528,0.5704480409622192,0.590818464756012,0.15909498929977417,0.5172364115715027,0.6331387162208557,-0.13613483309745789,0.5035930871963501,0.6602916717529297,0.302832692861557,0.4900846481323242,0.8094502091407776,-0.08747764676809311,0.4925340712070465,0.6543422937393188,0.3142314851284027,0.47849637269973755,0.8251258730888367,-0.0843680128455162,0.49158620834350586,0.711134135723114,0.27447888255119324,0.5112187266349792,0.8633392453193665,-0.1793760061264038
frame_00474.jpg,0.5403605103492737,0.21904397010803223,-0.0203133262693882,0.5334064364433289,0.20723313093185425,-0.0027518952265381813,0.5315021276473999,0.2072015404701233,-0.0029645427130162716,0.5298236608505249,0.20721253752708435,-0.0028480272740125656,0.5347750782966614,0.2075030356645584,-0.04204273596405983,0.5335864424705505,0.20757517218589783,-0.042328715324401855,0.532288670539856,0.20744405686855316,-0.042464666068553925,0.5216976404190063,0.21169117093086243,0.07247540354728699,0.5239096879959106,0.21141266822814941,-0.10204507410526276,0.5364717245101929,0.23256619274616241,0.01379498839378357,0.536167323589325,0.2319156378507614,-0.03945641592144966,0.5135476589202881,0.28618380427360535,0.18445582687854767,0.5128429532051086,0.2853536009788513,-0.19006302952766418,0.5019369721412659,0.3769592344760895,0.19428452849388123,0.49658551812171936,0.37398257851600647,-0.2980056703090668,0.508264422416687,0.45286235213279724,0.05492857098579407,0.507978081703186,0.4523347318172455,-0.32572805881500244,0.5086455941200256,0.4776821434497833,0.04526188224554062,0.5080271363258362,0.47257545590400696,-0.3646218776702881,0.5128074884414673,0.4792852997779846,0.012527978047728539,0.5116485357284546,0.4716741740703583,-0.3543408513069153,0.5140577554702759,0.46740803122520447,0.03743129223585129,0.5129013657569885,0.46516504883766174,-0.3226866126060486,0.5135354995727539,0.4875493049621582,0.12333865463733673,0.5106297731399536,0.4868565499782562,-0.12340555340051651,0.5661355257034302,0.5944527983665466,0.15737368166446686,0.5161446332931519,0.6295914053916931,-0.131879061460495,0.5034693479537964,0.6469475030899048,0.2819134593009949,0.4900383949279785,0.80995112657547,-0.10660696029663086,0.49100175499916077,0.6474372744560242,0.2910280227661133,0.47874894738197327,0.8315091729164124,-0.10577453672885895,0.49314624071121216,0.7043658494949341,0.25304925441741943,0.5108047127723694,0.8632705807685852,-0.19220617413520813
frame_00475.jpg,0.5376406908035278,0.23250749707221985,-0.010770889930427074,0.5310497283935547,0.22219228744506836,0.005560672841966152,0.5293880105018616,0.22199572622776031,0.005316884256899357,0.5278860330581665,0.2218179851770401,0.005423205904662609,0.5332251191139221,0.22296375036239624,-0.030307840555906296,0.5328215956687927,0.2231927067041397,-0.030567344278097153,0.5321440696716309,0.22326914966106415,-0.030676525086164474,0.5209630727767944,0.22497572004795074,0.07716339081525803,0.5248666405677795,0.22672489285469055,-0.08471032977104187,0.5349694490432739,0.24377493560314178,0.0203794427216053,0.5355974435806274,0.244138702750206,-0.028489794582128525,0.5083835124969482,0.28801029920578003,0.16509440541267395,0.513545572757721,0.295075923204422,-0.1749553382396698,0.49858182668685913,0.3627079129219055,0.16355469822883606,0.5037901401519775,0.36795341968536377,-0.3229016959667206,0.5070011615753174,0.43111804127693176,0.03210659325122833,0.5090872645378113,0.4344261586666107,-0.4366539418697357,0.5070074796676636,0.4585643708705902,0.021133113652467728,0.5094552636146545,0.4524415135383606,-0.4892926812171936,0.5096182823181152,0.4571813941001892,-0.01134095061570406,0.5121893882751465,0.4481426477432251,-0.47853755950927734,0.5110664963722229,0.4447764754295349,0.015465155243873596,0.5129326581954956,0.4427303373813629,-0.43582263588905334,0.5115755796432495,0.4918707013130188,0.11448657512664795,0.5117430686950684,0.49609723687171936,-0.11456610262393951,0.5733259916305542,0.5883004665374756,0.16289907693862915,0.5166699290275574,0.6326771974563599,-0.14359211921691895,0.5057117938995361,0.63334721326828,0.3170557916164398,0.48837265372276306,0.8163922429084778,-0.12024352699518204,0.49243777990341187,0.6296026110649109,0.3298770785331726,0.4786035418510437,0.8388715982437134,-0.1193663626909256,0.4938453137874603,0.6872736215591431,0.31015685200691223,0.5088239312171936,0.864116370677948,-0.19939939677715302
frame_00476.jpg,0.5386600494384766,0.2528119385242462,0.038219232112169266,0.5329626202583313,0.24113519489765167,0.052690308541059494,0.5315861105918884,0.24057593941688538,0.05244230479001999,0.5303251147270203,0.2398841679096222,0.05243212729692459,0.5338723063468933,0.24237339198589325,0.01931748166680336,0.5331371426582336,0.24274514615535736,0.01905019022524357,0.5322837233543396,0.24295254051685333,0.01887887343764305,0.5216913223266602,0.2427985668182373,0.10396470129489899,0.5247920751571655,0.24812616407871246,-0.04694360867142677,0.5353705883026123,0.2641579806804657,0.061109595000743866,0.535652220249176,0.26577773690223694,0.015574892982840538,0.5026800632476807,0.2964736223220825,0.178094282746315,0.5134392976760864,0.32232555747032166,-0.14428018033504486,0.49859362840652466,0.2373293936252594,0.2973492443561554,0.5122742652893066,0.40782877802848816,-0.3261348605155945,0.4958558976650238,0.19468547403812408,0.3632276654243469,0.5115925669670105,0.4365226924419403,-0.46181169152259827,0.48855918645858765,0.19629332423210144,0.3777167499065399,0.5095356702804565,0.4469825327396393,-0.5085744857788086,0.48872047662734985,0.19641707837581635,0.35751160979270935,0.5143468379974365,0.4440660774707794,-0.49977907538414,0.4930521547794342,0.1985160857439041,0.3561081886291504,0.514991283416748,0.4388223886489868,-0.46151894330978394,0.5075719952583313,0.5079742074012756,0.10784204304218292,0.5143843293190002,0.5121406316757202,-0.10817426443099976,0.5454208254814148,0.6529313325881958,0.10183721780776978,0.5553524494171143,0.5881635546684265,-0.1448167860507965,0.49147215485572815,0.8150162100791931,0.09053439646959305,0.5033703446388245,0.635045051574707,-0.03977486863732338,0.48028844594955444,0.8407701849937439,0.08468302339315414,0.4937364459037781,0.6289246678352356,-0.02684459090232849,0.5045897960662842,0.8581138253211975,0.03261803463101387,0.500481903553009,0.6957356333732605,-0.029094401746988297
frame_00477.jpg,0.5408685207366943,0.26137468218803406,0.014300331473350525,0.5354019403457642,0.2487027645111084,0.0319548174738884,0.534103274345398,0.2479298710823059,0.03175250068306923,0.5329328179359436,0.24710169434547424,0.031815074384212494,0.5350593328475952,0.24967072904109955,-0.005258145276457071,0.5337645411491394,0.24972489476203918,-0.005548452492803335,0.5325412154197693,0.24971680343151093,-0.005679022986441851,0.5222985148429871,0.24920959770679474,0.09816135466098785,0.5242958068847656,0.25416019558906555,-0.05120210722088814,0.5360873937606812,0.2734488844871521,0.04676000028848648,0.5358619689941406,0.2744870185852051,-0.0039457594975829124,0.5016745924949646,0.3071637749671936,0.19047336280345917,0.5117675065994263,0.3318602442741394,-0.1736532747745514,0.49850088357925415,0.25980156660079956,0.3282354176044464,0.5101136565208435,0.4177190363407135,-0.33217138051986694,0.4980680048465729,0.30130916833877563,0.35070767998695374,0.5210281610488892,0.43956509232521057,-0.40252333879470825,0.49156102538108826,0.3379357159137726,0.36780959367752075,0.52241051197052,0.4496017098426819,-0.4283239245414734,0.4954192042350769,0.3274826407432556,0.339993953704834,0.5271427035331726,0.4423938989639282,-0.4094865918159485,0.4992353916168213,0.31896957755088806,0.33996841311454773,0.5244444608688354,0.4386351406574249,-0.391085684299469,0.5066884160041809,0.5146450400352478,0.11295213550329208,0.5153740644454956,0.5175430774688721,-0.11322883516550064,0.5142446756362915,0.6731629967689514,0.07508983463048935,0.581802487373352,0.5819798111915588,-0.0941620022058487,0.48642152547836304,0.834382176399231,0.01016383059322834,0.5082536339759827,0.6267921328544617,0.07821386307477951,0.47621893882751465,0.8592986464500427,-0.0011517140083014965,0.49937620759010315,0.6200827956199646,0.0977252647280693,0.5076195001602173,0.8788135051727295,-0.05478016287088394,0.5005467534065247,0.6917956471443176,0.12190751731395721
frame_00478.jpg,0.5420840978622437,0.2590602934360504,0.011096990667283535,0.536977231502533,0.2460089772939682,0.03228697553277016,0.5361698865890503,0.24542497098445892,0.032064370810985565,0.5355375409126282,0.24474471807479858,0.03217606991529465,0.5355371236801147,0.24647623300552368,-0.008620264008641243,0.5339950323104858,0.24636498093605042,-0.008918055333197117,0.5326261520385742,0.24618910253047943,-0.009024843573570251,0.5236603021621704,0.24693676829338074,0.1165173277258873,0.5241749286651611,0.25055837631225586,-0.06425826996564865,0.5375816822052002,0.2712549567222595,0.04733693227171898,0.5362852811813354,0.2716086506843567,-0.007510160095989704,0.5000683069229126,0.3068901598453522,0.24335718154907227,0.5114322900772095,0.3285006880760193,-0.17504435777664185,0.4933296740055084,0.3695519268512726,0.3130258023738861,0.508243978023529,0.4246578514575958,-0.24944940209388733,0.4996608793735504,0.4256882965564728,0.2413121461868286,0.5318402051925659,0.4411988854408264,-0.19642667472362518,0.49261927604675293,0.44352278113365173,0.24485251307487488,0.5404279232025146,0.44858258962631226,-0.2210804969072342,0.4966965615749359,0.4409051239490509,0.21443958580493927,0.5409027338027954,0.44086959958076477,-0.203474760055542,0.5021801590919495,0.4339514374732971,0.2270803451538086,0.5353449583053589,0.43877649307250977,-0.1863759309053421,0.5057179927825928,0.512352466583252,0.12012513726949692,0.5152108669281006,0.5156093835830688,-0.12055911868810654,0.5253108739852905,0.6698030233383179,0.026938211172819138,0.5812199711799622,0.5835016369819641,-0.11751092970371246,0.4854653775691986,0.833470344543457,-0.06273582577705383,0.5097485780715942,0.6338652968406677,0.07259304076433182,0.47553524374961853,0.8576555252075195,-0.07634894549846649,0.4991909861564636,0.6291648745536804,0.0948551818728447,0.5101455450057983,0.8771005868911743,-0.14180472493171692,0.5011735558509827,0.6960441470146179,0.11346393823623657
frame_00479.jpg,0.5427672863006592,0.25093501806259155,-0.05681377649307251,0.5373644232749939,0.2370586395263672,-0.0335470512509346,0.5364774465560913,0.23636767268180847,-0.033753059804439545,0.5357739925384521,0.23570892214775085,-0.03362222760915756,0.5356889963150024,0.2375798374414444,-0.07581073045730591,0.534008800983429,0.23738622665405273,-0.07612475007772446,0.532615065574646,0.2372453212738037,-0.07625163346529007,0.5241530537605286,0.23821672797203064,0.07148893177509308,0.5233606100082397,0.24115191400051117,-0.1204981580376625,0.5383726954460144,0.26229849457740784,-0.013066326268017292,0.5367124676704407,0.2630477845668793,-0.07034429907798767,0.50444096326828,0.30346375703811646,0.21062465012073517,0.511235773563385,0.32137393951416016,-0.20807573199272156,0.5002999305725098,0.3866249620914459,0.2292863428592682,0.5077853202819824,0.4196731448173523,-0.27782508730888367,0.5068544149398804,0.4531143605709076,0.07858167588710785,0.5297171473503113,0.44153663516044617,-0.28092604875564575,0.5067589282989502,0.48080283403396606,0.06858640164136887,0.5360660552978516,0.4525407552719116,-0.31936827301979065,0.5097689032554626,0.47501102089881897,0.03790099173784256,0.5395249128341675,0.44659605622291565,-0.30531731247901917,0.511670708656311,0.4672929644584656,0.06197553873062134,0.5369991064071655,0.442771315574646,-0.27489763498306274,0.5070482492446899,0.5080187916755676,0.13193994760513306,0.5155313611030579,0.5125170946121216,-0.13211031258106232,0.5653173327445984,0.6115403771400452,0.20303960144519806,0.5289429426193237,0.6407222151756287,-0.17203707993030548,0.5011993646621704,0.7323017120361328,0.3339851498603821,0.4934677481651306,0.816598117351532,-0.1529669612646103,0.4874604344367981,0.7437646389007568,0.34379130601882935,0.48243480920791626,0.8387443423271179,-0.15190580487251282,0.5100155472755432,0.744717538356781,0.31333619356155396,0.5028029680252075,0.8490750789642334,-0.2316829264163971
frame_00480.jpg,0.5432512760162354,0.23034267127513885,-0.045844461768865585,0.5381479859352112,0.21724237501621246,-0.022937806323170662,0.5372077822685242,0.2169950008392334,-0.023141901940107346,0.5364043712615967,0.21665547788143158,-0.023029224947094917,0.5363538265228271,0.21734263002872467,-0.06475052982568741,0.5344794988632202,0.2171848565340042,-0.06506535410881042,0.5328087210655212,0.2169017493724823,-0.065207339823246,0.5248808860778809,0.22153505682945251,0.07652907073497772,0.5232588052749634,0.22272582352161407,-0.11290184408426285,0.5390197038650513,0.24325022101402283,-0.004276059102267027,0.5372399687767029,0.24329222738742828,-0.06079855561256409,0.5092825889587402,0.29540523886680603,0.2198985069990158,0.5112329125404358,0.3041353225708008,-0.21158583462238312,0.5043156147003174,0.39194735884666443,0.2479363977909088,0.5067762136459351,0.4031384587287903,-0.28419801592826843,0.5162920951843262,0.4652511477470398,0.13358023762702942,0.5280938148498535,0.46078112721443176,-0.2948569655418396,0.5195988416671753,0.4892943799495697,0.12932375073432922,0.5333574414253235,0.4792340099811554,-0.3339760899543762,0.5238810777664185,0.4872455894947052,0.09585504978895187,0.5381572246551514,0.47588351368904114,-0.3188890814781189,0.5240103006362915,0.4777645170688629,0.11678103357553482,0.5361948013305664,0.4694124460220337,-0.2882993519306183,0.5094990730285645,0.49435117840766907,0.13503453135490417,0.5168372392654419,0.4963235855102539,-0.13521195948123932,0.5205470323562622,0.6509254574775696,0.13829950988292694,0.5684569478034973,0.6013849377632141,-0.16317835450172424,0.49602189660072327,0.8193612694740295,0.11249742656946182,0.5102311372756958,0.7010408043861389,-0.04647352918982506,0.48530253767967224,0.8434158563613892,0.10403243452310562,0.4961065649986267,0.7193797826766968,-0.03452695161104202,0.5120965242385864,0.8606861233711243,0.019322529435157776,0.5196322202682495,0.7701534628868103,-0.07704894989728928
frame_00481.jpg,0.5435625314712524,0.21722061932086945,-0.048224762082099915,0.5388058423995972,0.20388194918632507,-0.025392305105924606,0.537748396396637,0.20367884635925293,-0.025586703792214394,0.5368202328681946,0.20336408913135529,-0.025468608364462852,0.5372761487960815,0.20385684072971344,-0.06839044392108917,0.5353798270225525,0.20362743735313416,-0.06870580464601517,0.5335736870765686,0.20319914817810059,-0.06883381307125092,0.5254783034324646,0.20843419432640076,0.07540954649448395,0.5232758522033691,0.2088041454553604,-0.12064743041992188,0.5391088128089905,0.23124797642230988,-0.006364018656313419,0.5375264883041382,0.23092475533485413,-0.0648190900683403,0.5135738849639893,0.28564879298210144,0.21033000946044922,0.5112448334693909,0.2914804220199585,-0.22134292125701904,0.5064994692802429,0.3879065215587616,0.2296386957168579,0.5057781338691711,0.39577847719192505,-0.32045212388038635,0.5180857181549072,0.46521487832069397,0.09372996538877487,0.5248090624809265,0.47608616948127747,-0.3502874970436096,0.5226322412490845,0.4884205460548401,0.0842379480600357,0.5264573693275452,0.4974234998226166,-0.3993368446826935,0.5267746448516846,0.48933523893356323,0.04865448921918869,0.534006655216217,0.49497702717781067,-0.39100903272628784,0.5266636610031128,0.4812808334827423,0.07518713176250458,0.5344470143318176,0.48901504278182983,-0.3483457565307617,0.5156996846199036,0.4829140305519104,0.14111249148845673,0.51644366979599,0.48329851031303406,-0.14119449257850647,0.5547927021980286,0.6135793328285217,0.20286297798156738,0.5431254506111145,0.6262998580932617,-0.18063434958457947,0.5087434649467468,0.7291850447654724,0.31807422637939453,0.4986721873283386,0.8117402791976929,-0.17911335825920105,0.4966856837272644,0.7488341927528381,0.324184775352478,0.47260546684265137,0.8438184261322021,-0.18291644752025604,0.5242353081703186,0.7883251905441284,0.25951409339904785,0.5174033045768738,0.8655652403831482,-0.30101320147514343
frame_00482.jpg,0.5434890985488892,0.21178314089775085,-0.11440856754779816,0.5388351678848267,0.19774861633777618,-0.0939541608095169,0.5377401113510132,0.19731290638446808,-0.0941731184720993,0.5367792844772339,0.19676408171653748,-0.09404949098825455,0.5375264883041382,0.1981518566608429,-0.1351320892572403,0.5357036590576172,0.19794654846191406,-0.13546286523342133,0.5339293479919434,0.19751378893852234,-0.1356097161769867,0.5258311629295349,0.2016540914773941,0.008694340474903584,0.5233957767486572,0.20256848633289337,-0.17883872985839844,0.5390740633010864,0.22470974922180176,-0.07091809064149857,0.5375126600265503,0.22481918334960938,-0.12687066197395325,0.5152007341384888,0.27800601720809937,0.14240017533302307,0.5120540261268616,0.2846084535121918,-0.2616428732872009,0.5095034241676331,0.38545477390289307,0.17295655608177185,0.5051673650741577,0.39398422837257385,-0.36093369126319885,0.5178546905517578,0.46124327182769775,0.04583580046892166,0.5194830298423767,0.4857381582260132,-0.3994663953781128,0.5222384929656982,0.48785802721977234,0.03621244803071022,0.5228858590126038,0.511784017086029,-0.4486536979675293,0.5270261168479919,0.49055126309394836,-0.0019235669169574976,0.5320618152618408,0.5123542547225952,-0.44172200560569763,0.5269573926925659,0.48219653964042664,0.02659420669078827,0.5321487784385681,0.5028490424156189,-0.39794474840164185,0.5189028978347778,0.481283038854599,0.1399257779121399,0.5162270665168762,0.4817180037498474,-0.1401316076517105,0.5694060921669006,0.6077038645744324,0.17618680000305176,0.5382492542266846,0.6384007334709167,-0.16256511211395264,0.5096787214279175,0.7279087901115417,0.301529198884964,0.49081921577453613,0.8264440894126892,-0.13649968802928925,0.49557000398635864,0.7398080229759216,0.30942004919052124,0.4703649580478668,0.8551196455955505,-0.1375546157360077,0.5223180055618286,0.7860909700393677,0.24555830657482147,0.5215135812759399,0.8750551342964172,-0.2515612244606018
frame_00483.jpg,0.5436047911643982,0.2098437249660492,-0.05098237842321396,0.539069414138794,0.19583961367607117,-0.028255999088287354,0.5378936529159546,0.19538167119026184,-0.02840507961809635,0.5368685126304626,0.19487027823925018,-0.028266306966543198,0.5381997227668762,0.19636721909046173,-0.06947384774684906,0.5365649461746216,0.1962113380432129,-0.069808229804039,0.5349760055541992,0.19582922756671906,-0.06993944942951202,0.5262779593467712,0.19986549019813538,0.07554609328508377,0.524444043636322,0.20090430974960327,-0.1112966313958168,0.5391314625740051,0.22203221917152405,-0.006986263208091259,0.5377196073532104,0.22240452468395233,-0.06285009533166885,0.5148731470108032,0.27569037675857544,0.2037472277879715,0.5163511037826538,0.27761784195899963,-0.20511777698993683,0.5085448622703552,0.38497430086135864,0.23632943630218506,0.5046895742416382,0.38529735803604126,-0.30304306745529175,0.5171597003936768,0.4602108299732208,0.06285148113965988,0.512236475944519,0.479559987783432,-0.34230732917785645,0.5212206840515137,0.4861716628074646,0.05337675288319588,0.5116885900497437,0.5037261247634888,-0.3887020945549011,0.5254870653152466,0.4887804388999939,0.03807375952601433,0.5213105082511902,0.5040417313575745,-0.3840537667274475,0.5256628394126892,0.4806683659553528,0.03573775291442871,0.5229458808898926,0.4959369897842407,-0.34124743938446045,0.51836758852005,0.47597771883010864,0.13886041939258575,0.5160999298095703,0.4758407473564148,-0.13909871876239777,0.5631542205810547,0.6122402548789978,0.12417487800121307,0.5430823564529419,0.6364048719406128,-0.17170295119285583,0.5079087018966675,0.7331437468528748,0.24748487770557404,0.4979066252708435,0.7994433045387268,-0.12016360461711884,0.49485939741134644,0.7407591938972473,0.2483450472354889,0.4806744158267975,0.8201724290847778,-0.11744667589664459,0.5186129808425903,0.7906236052513123,0.1878509819507599,0.5204585790634155,0.8597897291183472,-0.20559808611869812
frame_00484.jpg,0.5441218614578247,0.2130337506532669,-0.0060233767144382,0.5395172834396362,0.19973453879356384,0.014581051655113697,0.5381817817687988,0.19931989908218384,0.014430592767894268,0.5370330214500427,0.19887831807136536,0.014554465189576149,0.5393552184104919,0.20022810995578766,-0.025351371616125107,0.538041353225708,0.20012250542640686,-0.02567789889872074,0.5368175506591797,0.19982708990573883,-0.025785693898797035,0.5268207788467407,0.20345300436019897,0.10587646812200546,0.527483344078064,0.20438523590564728,-0.07582156360149384,0.5396648645401001,0.22569939494132996,0.03260500729084015,0.538912832736969,0.2261817753314972,-0.021699341014027596,0.5133179426193237,0.278315007686615,0.21411585807800293,0.5207811594009399,0.28217485547065735,-0.1670621931552887,0.508040189743042,0.3832674026489258,0.23695576190948486,0.5045681595802307,0.38271310925483704,-0.2607937455177307,0.517427384853363,0.46122878789901733,0.09979777038097382,0.5118793249130249,0.4764406383037567,-0.2938215732574463,0.5203424692153931,0.4873063862323761,0.092649906873703,0.5110097527503967,0.500379741191864,-0.3345051407814026,0.5249428749084473,0.48939570784568787,0.06117080897092819,0.5186663866043091,0.5012072324752808,-0.3282359838485718,0.5251704454421997,0.4822753071784973,0.08010973781347275,0.520510196685791,0.49364814162254333,-0.2920853793621063,0.5179347991943359,0.47934529185295105,0.1316385418176651,0.5159649848937988,0.47936221957206726,-0.13178697228431702,0.5599409341812134,0.608877420425415,0.1049189567565918,0.5440362691879272,0.6344512701034546,-0.1818751096725464,0.5042259097099304,0.7161329388618469,0.22089239954948425,0.5065158605575562,0.8068283200263977,-0.1923096626996994,0.488819420337677,0.7203214168548584,0.23157651722431183,0.4822496771812439,0.8510493636131287,-0.19570687413215637,0.5099641680717468,0.7823341488838196,0.1726147085428238,0.5371023416519165,0.8683465719223022,-0.2934015989303589
frame_00485.jpg,0.5450937747955322,0.21816878020763397,0.009616432711482048,0.540165901184082,0.20660819113254547,0.028457164764404297,0.5386788249015808,0.20625907182693481,0.028290867805480957,0.537356436252594,0.20584648847579956,0.028417175635695457,0.540611743927002,0.20700043439865112,-0.01160619966685772,0.5396631956100464,0.20682929456233978,-0.011925684288144112,0.5388791561126709,0.20639632642269135,-0.012030022218823433,0.5278691649436951,0.20952101051807404,0.1116543561220169,0.5309547185897827,0.20981979370117188,-0.07007621228694916,0.5408662557601929,0.23087477684020996,0.04532824084162712,0.5410007238388062,0.23073337972164154,-0.008999219164252281,0.513126015663147,0.2850658595561981,0.21037736535072327,0.5227326154708862,0.28821220993995667,-0.15769322216510773,0.5076870322227478,0.385876327753067,0.21459193527698517,0.5058874487876892,0.3843398094177246,-0.2419498860836029,0.5160849690437317,0.4620930254459381,0.06292333453893661,0.5125776529312134,0.47471359372138977,-0.25734931230545044,0.5172864198684692,0.48779234290122986,0.052960969507694244,0.5119481682777405,0.49789363145828247,-0.2934519946575165,0.5206208825111389,0.4888366758823395,0.020620333030819893,0.5175963640213013,0.4979938268661499,-0.2858912944793701,0.5211744904518127,0.478691965341568,0.04537968710064888,0.5190514922142029,0.4902177155017853,-0.2547418475151062,0.5181602835655212,0.4876426160335541,0.1244918704032898,0.5160627365112305,0.4865342974662781,-0.12457206100225449,0.5689217448234558,0.6084170937538147,0.11419813334941864,0.5381264686584473,0.652581512928009,-0.17488572001457214,0.5040315389633179,0.6678658127784729,0.2504879832267761,0.5118297338485718,0.8297341465950012,-0.16686762869358063,0.48840585350990295,0.6614962220191956,0.2616555094718933,0.4996182322502136,0.8577967286109924,-0.167730450630188,0.4942972660064697,0.7379286289215088,0.2338448464870453,0.5344957113265991,0.887933611869812,-0.2558632493019104
frame_00486.jpg,0.5458403825759888,0.2314605861902237,0.004835889674723148,0.5411767363548279,0.22124485671520233,0.018525684252381325,0.5401305556297302,0.22075174748897552,0.01835271716117859,0.539382815361023,0.2201908379793167,0.018439216539263725,0.5408253073692322,0.22196577489376068,-0.022220660001039505,0.5396757125854492,0.2220027893781662,-0.022559963166713715,0.5387090444564819,0.221940279006958,-0.022704534232616425,0.5311213731765747,0.22370269894599915,0.1025276929140091,0.5306714773178101,0.22745037078857422,-0.08056635409593582,0.542692244052887,0.24266177415847778,0.03442540019750595,0.5415917634963989,0.2428109496831894,-0.02067425101995468,0.514348566532135,0.2937149107456207,0.20551177859306335,0.5217688679695129,0.3021222949028015,-0.16352799534797668,0.5088170766830444,0.38764363527297974,0.18683436512947083,0.5059828758239746,0.38817277550697327,-0.2521181106567383,0.5164138078689575,0.4590868353843689,0.003780042054131627,0.5153113603591919,0.46516042947769165,-0.27437981963157654,0.5175951719284058,0.48469990491867065,-0.012404230423271656,0.516115665435791,0.4874642789363861,-0.31323182582855225,0.521266758441925,0.4882113039493561,-0.04238433390855789,0.517757773399353,0.4783654808998108,-0.3036274015903473,0.5217409133911133,0.4737017750740051,-0.01354481466114521,0.5195178389549255,0.4724831283092499,-0.27118977904319763,0.5203385949134827,0.49866023659706116,0.12284499406814575,0.51678866147995,0.4991978406906128,-0.12291695922613144,0.5810298919677734,0.6080333590507507,0.13468098640441895,0.5369443297386169,0.6618980765342712,-0.17893289029598236,0.5039351582527161,0.6446844935417175,0.30255547165870667,0.5095691680908203,0.8420379757881165,-0.1912136971950531,0.4883628487586975,0.6329479813575745,0.3174365162849426,0.49816712737083435,0.8675401210784912,-0.19369737803936005,0.4899448752403259,0.7082492709159851,0.29241645336151123,0.5336257815361023,0.8896930813789368,-0.2945305109024048
frame_00487.jpg,0.5500513911247253,0.25279706716537476,0.030127063393592834,0.5450097322463989,0.24156619608402252,0.04822925850749016,0.5438536405563354,0.24156756699085236,0.04801022261381149,0.5428122282028198,0.24147339165210724,0.048065632581710815,0.5438613891601562,0.24198250472545624,0.009717256762087345,0.5422073602676392,0.24240268766880035,0.009420054964721203,0.5407261252403259,0.2428208738565445,0.009225700981914997,0.5330833196640015,0.2465783953666687,0.11923495680093765,0.5312932729721069,0.2502048909664154,-0.055898189544677734,0.545463502407074,0.2669888436794281,0.059503842145204544,0.5441216826438904,0.2676452100276947,0.007214777171611786,0.5143436789512634,0.31232550740242004,0.21452324092388153,0.5214784741401672,0.322563499212265,-0.16106563806533813,0.5086922645568848,0.3513339161872864,0.28835734724998474,0.5098252892494202,0.3971128463745117,-0.2606404423713684,0.5054751634597778,0.37070292234420776,0.25034719705581665,0.5205276608467102,0.4542003273963928,-0.270577996969223,0.501495897769928,0.38185033202171326,0.2560374140739441,0.5223316550254822,0.46514907479286194,-0.30280232429504395,0.5024696588516235,0.3805510699748993,0.23265020549297333,0.5223497152328491,0.4595925211906433,-0.2924041450023651,0.5054548382759094,0.37428930401802063,0.2393612563610077,0.5229313969612122,0.45618936419487,-0.26612868905067444,0.5200260877609253,0.5166335701942444,0.12143085151910782,0.5194221138954163,0.5163726210594177,-0.12161717563867569,0.5669234991073608,0.647545576095581,0.09761630743741989,0.5563197135925293,0.6494511365890503,-0.18153339624404907,0.5048221349716187,0.8191406726837158,0.11849690973758698,0.5088844895362854,0.6596723198890686,-0.0748210996389389,0.49290475249290466,0.8354634046554565,0.11622549593448639,0.4786241948604584,0.7160212397575378,-0.06041359156370163,0.5195574760437012,0.8681718111038208,0.06521280109882355,0.5050230622291565,0.728280246257782,-0.07934382557868958
frame_00488.jpg,0.5502058267593384,0.2640070617198944,0.008500058203935623,0.5454336404800415,0.25303176045417786,0.029913511127233505,0.5441793203353882,0.253050297498703,0.029735932126641273,0.5430081486701965,0.25301411747932434,0.02989315427839756,0.5445372462272644,0.2532840073108673,-0.011452569626271725,0.5429360866546631,0.2536279261112213,-0.011752502992749214,0.5414816737174988,0.25395601987838745,-0.011904912069439888,0.5330790281295776,0.2583372890949249,0.08215107768774033,0.5317466259002686,0.2617575228214264,-0.06918452680110931,0.5453382730484009,0.2777612805366516,0.04875814914703369,0.5441700220108032,0.2785181403160095,-0.01085447333753109,0.5116117000579834,0.3200727105140686,0.13607598841190338,0.5214035511016846,0.33531835675239563,-0.15002861618995667,0.5057270526885986,0.263403058052063,0.2579081654548645,0.5269850492477417,0.40825513005256653,-0.2743227183818817,0.4948910176753998,0.19409790635108948,0.2659805417060852,0.525305449962616,0.4457252621650696,-0.3973730206489563,0.4860309660434723,0.19566164910793304,0.27291253209114075,0.528403639793396,0.4570012390613556,-0.4422171711921692,0.48671168088912964,0.19216464459896088,0.25496533513069153,0.5250387787818909,0.4501457214355469,-0.4369376301765442,0.4929639399051666,0.19497230648994446,0.258988618850708,0.5251157879829407,0.44769608974456787,-0.39914947748184204,0.5203230381011963,0.5257713198661804,0.10439294576644897,0.520358145236969,0.5311546921730042,-0.10452334582805634,0.5868574976921082,0.6229077577590942,0.17316874861717224,0.545214831829071,0.6844688653945923,-0.16682234406471252,0.5044604539871216,0.6444578766822815,0.3481237292289734,0.5078158974647522,0.8320814371109009,-0.12308754771947861,0.4923849105834961,0.6363219022750854,0.36470359563827515,0.4873347878456116,0.8538605570793152,-0.1189841777086258,0.496925413608551,0.7049931287765503,0.3513376712799072,0.5205497145652771,0.8808386325836182,-0.19869302213191986
frame_00489.jpg,0.5498039126396179,0.2610780894756317,-0.03333432227373123,0.54500812292099,0.25057634711265564,-0.013962700963020325,0.5437489748001099,0.2503882348537445,-0.014204345643520355,0.5425920486450195,0.2501445710659027,-0.014080360531806946,0.54417884349823,0.2510364353656769,-0.05105116218328476,0.5425947308540344,0.25125476717948914,-0.05131746083498001,0.5411424040794373,0.2514137923717499,-0.051423363387584686,0.5327022671699524,0.25345778465270996,0.06629344075918198,0.5314180254936218,0.2567521929740906,-0.09658186882734299,0.5450357794761658,0.27320849895477295,0.0034791913349181414,0.543911337852478,0.2738501727581024,-0.04782123118638992,0.5120453834533691,0.3178871273994446,0.15676754713058472,0.5209192037582397,0.33079078793525696,-0.18612444400787354,0.5028904676437378,0.356024831533432,0.24085748195648193,0.5282484292984009,0.40759512782096863,-0.35990819334983826,0.5082685351371765,0.4036168158054352,0.19488368928432465,0.5296224355697632,0.4458743929862976,-0.49256449937820435,0.5011314153671265,0.4340721070766449,0.1966511309146881,0.531530499458313,0.4571203887462616,-0.5479411482810974,0.5058587789535522,0.43799975514411926,0.16687464714050293,0.532164454460144,0.45246168971061707,-0.5352872014045715,0.5073795914649963,0.43171828985214233,0.18157365918159485,0.5311650037765503,0.4483993649482727,-0.4915716052055359,0.5213863849639893,0.5230194330215454,0.10788030922412872,0.5200303792953491,0.53005450963974,-0.10809417068958282,0.5876668691635132,0.617193341255188,0.18086937069892883,0.5411744117736816,0.6844490766525269,-0.1605643332004547,0.5040993094444275,0.6355698108673096,0.3557395040988922,0.5072097778320312,0.8468361496925354,-0.13231077790260315,0.4921788275241852,0.6252664923667908,0.3710763454437256,0.49039745330810547,0.865877091884613,-0.1309155523777008,0.49063605070114136,0.6912700533866882,0.347442626953125,0.5239115357398987,0.8925687670707703,-0.22653937339782715
frame_00490.jpg,0.5496869087219238,0.2561131715774536,-0.04820866510272026,0.5449371337890625,0.24530024826526642,-0.02718907594680786,0.5439294576644897,0.2450685203075409,-0.02743127942085266,0.5431240200996399,0.24479299783706665,-0.027303988113999367,0.5439705848693848,0.24585171043872833,-0.06525419652462006,0.5424866080284119,0.24605002999305725,-0.0655338391661644,0.540635883808136,0.2461845576763153,-0.06564459204673767,0.5332874059677124,0.24814143776893616,0.06842127442359924,0.5304821729660034,0.25104472041130066,-0.10322685539722443,0.5451405644416809,0.2683578133583069,-0.007697066757827997,0.5437315702438354,0.26905354857444763,-0.0596868097782135,0.5144228339195251,0.31426113843917847,0.16846369206905365,0.5172126889228821,0.32746413350105286,-0.19092798233032227,0.511183500289917,0.3774469196796417,0.24724900722503662,0.5244098901748657,0.3953269124031067,-0.36104103922843933,0.5184551477432251,0.4475226402282715,0.19719643890857697,0.5293682813644409,0.4462769627571106,-0.48560991883277893,0.5167226195335388,0.4712070822715759,0.2009812295436859,0.5315485000610352,0.4591441750526428,-0.5392299890518188,0.5195892453193665,0.471384197473526,0.1674332171678543,0.5351332426071167,0.4550324082374573,-0.5258886814117432,0.5202627778053284,0.46421709656715393,0.18255236744880676,0.5343378186225891,0.4505327641963959,-0.4835752844810486,0.5226276516914368,0.5191138982772827,0.1089397519826889,0.5198110342025757,0.5248665809631348,-0.10922461748123169,0.5912136435508728,0.6091448664665222,0.177188441157341,0.5386749505996704,0.6734687685966492,-0.1616479605436325,0.5050445199012756,0.6451867818832397,0.29520857334136963,0.5068029761314392,0.8454758524894714,-0.17866815626621246,0.4921054244041443,0.6405588984489441,0.30562204122543335,0.4917728006839752,0.8635743856430054,-0.18161332607269287,0.49275946617126465,0.7115387320518494,0.2729616165161133,0.5247556567192078,0.8950004577636719,-0.28328487277030945
frame_00491.jpg,0.5496072173118591,0.24248766899108887,-0.08165356516838074,0.5448613166809082,0.22978027164936066,-0.060893066227436066,0.5437346696853638,0.22968871891498566,-0.06110413745045662,0.5428645014762878,0.22955137491226196,-0.060963086783885956,0.5437700748443604,0.22993208467960358,-0.10064705461263657,0.5422623157501221,0.23001925647258759,-0.10096605122089386,0.5404062867164612,0.230058491230011,-0.1011020690202713,0.5334204435348511,0.23451587557792664,0.04191755875945091,0.5304590463638306,0.2364904135465622,-0.13856995105743408,0.5449789762496948,0.2539170980453491,-0.03831956908106804,0.5436797142028809,0.2544955611228943,-0.09235140681266785,0.5192595720291138,0.3036559820175171,0.16013477742671967,0.5170614123344421,0.31175053119659424,-0.21717222034931183,0.5128365755081177,0.3801855742931366,0.18715491890907288,0.5230096578598022,0.39160457253456116,-0.33466842770576477,0.5209428071975708,0.4545583724975586,0.04850909486413002,0.5307841300964355,0.45898422598838806,-0.4177297055721283,0.5219844579696655,0.48242828249931335,0.03783435374498367,0.5335738658905029,0.47959625720977783,-0.4713228642940521,0.5259350538253784,0.48009786009788513,0.002968375338241458,0.5394995808601379,0.4779748320579529,-0.45724353194236755,0.5270024538040161,0.4685516953468323,0.03049876168370247,0.5383607149124146,0.4670443534851074,-0.4117717742919922,0.5244988203048706,0.5164911150932312,0.11153958737850189,0.5191072821617126,0.5234518647193909,-0.11167782545089722,0.5895720720291138,0.6047499775886536,0.16495324671268463,0.5351623892784119,0.6683460474014282,-0.14515134692192078,0.5113807916641235,0.661037802696228,0.29149287939071655,0.5071713924407959,0.8396588563919067,-0.12855514883995056,0.4977037012577057,0.6568223834037781,0.3026028275489807,0.49453824758529663,0.8577144145965576,-0.1295931190252304,0.49770188331604004,0.7228887677192688,0.25840502977371216,0.5282344222068787,0.8893767595291138,-0.2570880353450775
frame_00492.jpg,0.5510126948356628,0.21846899390220642,-0.06593196839094162,0.5459033250808716,0.2080894261598587,-0.0448995903134346,0.544589638710022,0.2081795185804367,-0.0450923852622509,0.5435446500778198,0.20815156400203705,-0.04495937377214432,0.5449453592300415,0.20807787775993347,-0.08601658046245575,0.5431857109069824,0.20815104246139526,-0.08633320033550262,0.5412501096725464,0.20806731283664703,-0.0864696204662323,0.5334885120391846,0.21470652520656586,0.0529436394572258,0.530398964881897,0.21553629636764526,-0.13415542244911194,0.5462090373039246,0.23353251814842224,-0.024639567360281944,0.5451018810272217,0.23319025337696075,-0.08048278093338013,0.5232734084129333,0.29172924160957336,0.16327491402626038,0.5160541534423828,0.29914772510528564,-0.22534775733947754,0.5161128640174866,0.3869462311267853,0.20408907532691956,0.5226458311080933,0.39235812425613403,-0.32593756914138794,0.5256016850471497,0.47144052386283875,0.07866160571575165,0.5347780585289001,0.4955478608608246,-0.35956451296806335,0.528734564781189,0.5059183239936829,0.07097873836755753,0.5374823808670044,0.5266163349151611,-0.41024136543273926,0.531501054763794,0.5015044808387756,0.0331743098795414,0.5453318357467651,0.531614363193512,-0.39865246415138245,0.5320185422897339,0.49950605630874634,0.05978081375360489,0.5496534109115601,0.5206767320632935,-0.3550558090209961,0.5270284414291382,0.5056524276733398,0.1216355711221695,0.5190837383270264,0.5105793476104736,-0.12169897556304932,0.5855414867401123,0.605230450630188,0.16991670429706573,0.5350711941719055,0.6659106016159058,-0.14054137468338013,0.5124579071998596,0.6645990610122681,0.3194122910499573,0.5094909071922302,0.8336313366889954,-0.0862329825758934,0.4969789385795593,0.6598581075668335,0.33096808195114136,0.4998903274536133,0.8501636981964111,-0.08339313417673111,0.5007795095443726,0.7268555164337158,0.279189795255661,0.5298814177513123,0.8850257992744446,-0.1957280933856964
frame_00493.jpg,0.5518130660057068,0.2098120152950287,-0.1097164899110794,0.5462625026702881,0.19803987443447113,-0.08806197345256805,0.5447427034378052,0.19788886606693268,-0.08826141059398651,0.5435471534729004,0.19765537977218628,-0.08811378479003906,0.545796275138855,0.19804827868938446,-0.13149486482143402,0.5440632104873657,0.1978900134563446,-0.1318044364452362,0.5422593355178833,0.1975223273038864,-0.13193318247795105,0.5333592891693115,0.20423947274684906,0.01563996449112892,0.5307260751724243,0.20480842888355255,-0.18159370124340057,0.5468341708183289,0.22562427818775177,-0.06602010130882263,0.5461019277572632,0.22513547539710999,-0.12483318895101547,0.5241035223007202,0.2861425280570984,0.14663289487361908,0.5158480405807495,0.29044967889785767,-0.26698073744773865,0.5172311067581177,0.3961654603481293,0.18658986687660217,0.5181464552879333,0.39866575598716736,-0.35805588960647583,0.5291543006896973,0.483671635389328,0.05797611549496651,0.5338040590286255,0.5097287893295288,-0.3959369659423828,0.5323399901390076,0.5145896077156067,0.04854312911629677,0.5360391139984131,0.5346077680587769,-0.4508725702762604,0.5371824502944946,0.5143761038780212,0.006381153129041195,0.5431980490684509,0.5368047952651978,-0.44194144010543823,0.5381062626838684,0.508335292339325,0.037216655910015106,0.5459994673728943,0.5286975502967834,-0.3932861387729645,0.5286211371421814,0.49623680114746094,0.1268121749162674,0.5190277099609375,0.4988442659378052,-0.12683840095996857,0.5837176442146301,0.6066552400588989,0.1679294854402542,0.5354889631271362,0.6623721718788147,-0.12759926915168762,0.5140997171401978,0.6958463788032532,0.31969207525253296,0.5138353705406189,0.8291763067245483,-0.06771264970302582,0.4966001510620117,0.6945886611938477,0.3307338356971741,0.5047668218612671,0.8471853137016296,-0.06540043652057648,0.5026837587356567,0.7574965357780457,0.27104949951171875,0.537883996963501,0.8801478743553162,-0.18239136040210724
frame_00494.jpg,0.5523321628570557,0.20446959137916565,-0.09119188040494919,0.5463372468948364,0.19220224022865295,-0.08731836080551147,0.544678807258606,0.19206523895263672,-0.08760382235050201,0.543420672416687,0.1918746381998062,-0.08748353272676468,0.5461697578430176,0.19210776686668396,-0.10909724235534668,0.5444216728210449,0.19192032516002655,-0.1093880757689476,0.5426481366157532,0.19154539704322815,-0.10953132063150406,0.5332130789756775,0.19838161766529083,0.05220513418316841,0.5307449698448181,0.19874411821365356,-0.15220576524734497,0.5473299026489258,0.2200324684381485,-0.0596776008605957,0.5469144582748413,0.2193947732448578,-0.10188275575637817,0.523692786693573,0.28089725971221924,0.18085071444511414,0.5147686004638672,0.28631851077079773,-0.23688998818397522,0.5173197984695435,0.38976138830184937,0.21972830593585968,0.5137490630149841,0.39573603868484497,-0.34106987714767456,0.5280072689056396,0.47120752930641174,0.0858953446149826,0.5331956148147583,0.4956209361553192,-0.38926491141319275,0.529971718788147,0.4989132583141327,0.08263593912124634,0.5338454842567444,0.519904613494873,-0.44134870171546936,0.5346836447715759,0.4996155798435211,0.04699909687042236,0.5426524877548218,0.5195876955986023,-0.43152928352355957,0.5356076955795288,0.49109944701194763,0.07031472772359848,0.5454264283180237,0.5114122033119202,-0.3867374658584595,0.5287507176399231,0.49245786666870117,0.12795719504356384,0.5189457535743713,0.49394261837005615,-0.1279904991388321,0.5750406980514526,0.6110312342643738,0.14000770449638367,0.5366843938827515,0.6555346250534058,-0.14056695997714996,0.5154057145118713,0.7353237271308899,0.2784433960914612,0.5163896083831787,0.8269235491752625,-0.113351009786129,0.5007480382919312,0.7350845336914062,0.2871834635734558,0.5073568224906921,0.8491461873054504,-0.11587878316640854,0.5128155946731567,0.7998880743980408,0.21794918179512024,0.5447678565979004,0.884045422077179,-0.23979735374450684
frame_00495.jpg,0.5527185201644897,0.20424939692020416,-0.07847234606742859,0.5466117262840271,0.1907023787498474,-0.05932478979229927,0.5448727011680603,0.19038963317871094,-0.059560030698776245,0.5434774160385132,0.1899951547384262,-0.059470284730196,0.546430230140686,0.19072765111923218,-0.10399574041366577,0.5446583032608032,0.19047659635543823,-0.10424531996250153,0.5428380966186523,0.1900494396686554,-0.10433828830718994,0.5331319570541382,0.19612827897071838,0.06736263632774353,0.5307186841964722,0.19705423712730408,-0.1391151249408722,0.547468900680542,0.21990202367305756,-0.0372437946498394,0.5469671487808228,0.2194928526878357,-0.09689059853553772,0.521973729133606,0.2817087173461914,0.19338083267211914,0.5154141783714294,0.283657044172287,-0.22966071963310242,0.5170562267303467,0.39124828577041626,0.2303006649017334,0.5118151903152466,0.3945797383785248,-0.34065893292427063,0.5265024900436401,0.46646803617477417,0.09770570695400238,0.530392050743103,0.49045220017433167,-0.3866264224052429,0.5279870629310608,0.5084898471832275,0.09447094798088074,0.5293633937835693,0.5142322778701782,-0.4375786781311035,0.5332119464874268,0.49847063422203064,0.058327816426754,0.5368886590003967,0.5134224891662598,-0.42833366990089417,0.5335344672203064,0.49654024839401245,0.08225442469120026,0.5402728319168091,0.5063162446022034,-0.3843863308429718,0.5288273096084595,0.4915069341659546,0.13235929608345032,0.5219436883926392,0.49171018600463867,-0.13242889940738678,0.5639206171035767,0.626329779624939,0.14725729823112488,0.5403850674629211,0.654112696647644,-0.14037618041038513,0.5157042741775513,0.7866308093070984,0.25901156663894653,0.5156066417694092,0.8239775896072388,-0.06854695081710815,0.5030577778816223,0.797356903553009,0.2632654309272766,0.5052616596221924,0.8408347964286804,-0.06503384560346603,0.5297006964683533,0.8394692540168762,0.19319146871566772,0.5419816970825195,0.8828901648521423,-0.16400368511676788
frame_00496.jpg,0.5518359541893005,0.20816661417484283,-0.015907684341073036,0.5454578995704651,0.1944016069173813,0.00771722849458456,0.5435646772384644,0.19407860934734344,0.007516329642385244,0.541982889175415,0.1936909258365631,0.007604623679071665,0.5456053018569946,0.19454938173294067,-0.03588363900780678,0.5439293384552002,0.19438520073890686,-0.0361616350710392,0.5422359108924866,0.19407053291797638,-0.036273229867219925,0.5318037867546082,0.19947761297225952,0.11004330217838287,0.5304206609725952,0.2008761614561081,-0.08894066512584686,0.5463064908981323,0.22285063564777374,0.02444605343043804,0.545897901058197,0.2225847989320755,-0.03473207354545593,0.520182728767395,0.2828654646873474,0.2245292216539383,0.5154155492782593,0.2840133607387543,-0.19705045223236084,0.5163110494613647,0.3907622992992401,0.2528958022594452,0.5091686248779297,0.3824732005596161,-0.34274160861968994,0.5262913107872009,0.46045511960983276,0.12246371805667877,0.5223599672317505,0.47189244627952576,-0.43352776765823364,0.5274190306663513,0.4972248673439026,0.11239401996135712,0.5202953219413757,0.4985484182834625,-0.48929738998413086,0.5302225351333618,0.49176281690597534,0.07657826691865921,0.5257339477539062,0.4972497224807739,-0.4791080951690674,0.5329244136810303,0.48694053292274475,0.1043754443526268,0.5275493264198303,0.48768678307533264,-0.43229180574417114,0.5284371972084045,0.48976242542266846,0.1334332376718521,0.5239132046699524,0.4895361363887787,-0.13353748619556427,0.5517980456352234,0.6381375193595886,0.12318388372659683,0.5430925488471985,0.6520249843597412,-0.15528562664985657,0.5158044695854187,0.7999786138534546,0.17315950989723206,0.5148516893386841,0.8166276216506958,-0.08578092604875565,0.5044901371002197,0.816506564617157,0.17116087675094604,0.5039786100387573,0.8297362923622131,-0.08607613295316696,0.5313693881034851,0.8570657968521118,0.08414844423532486,0.5370413064956665,0.8813679218292236,-0.19818487763404846
frame_00497.jpg,0.5516732931137085,0.21269607543945312,0.005556794814765453,0.5449978709220886,0.19829632341861725,0.030177190899848938,0.5432611703872681,0.197987362742424,0.029984354972839355,0.5417891144752502,0.19766776263713837,0.030071130022406578,0.5446335673332214,0.1985728144645691,-0.012956959195435047,0.5428282022476196,0.19846270978450775,-0.013236510567367077,0.5410548448562622,0.19822879135608673,-0.013356903567910194,0.5311098098754883,0.2002052515745163,0.13107293844223022,0.5291659235954285,0.20110146701335907,-0.06611929088830948,0.5461205244064331,0.22693714499473572,0.0463196337223053,0.5453231334686279,0.22649455070495605,-0.01242674421519041,0.5200912356376648,0.2829781472682953,0.2429630309343338,0.5133669972419739,0.2862781584262848,-0.17696653306484222,0.5158680081367493,0.38948509097099304,0.2718130946159363,0.5063126683235168,0.379340261220932,-0.3425683379173279,0.5255923271179199,0.46019160747528076,0.1460985243320465,0.5201433300971985,0.46676573157310486,-0.4529585838317871,0.5271552801132202,0.49199309945106506,0.1345386803150177,0.5196889042854309,0.4936736822128296,-0.5124155282974243,0.5303381085395813,0.48887184262275696,0.09910207986831665,0.5255518555641174,0.4908004701137543,-0.49895089864730835,0.5323678255081177,0.48198574781417847,0.1274474561214447,0.5268452763557434,0.4825882911682129,-0.450930655002594,0.5283976793289185,0.4898395836353302,0.13356314599514008,0.5250728726387024,0.4898494780063629,-0.13367518782615662,0.5481265783309937,0.645298421382904,0.12186586856842041,0.544875979423523,0.6522073745727539,-0.15751047432422638,0.515225350856781,0.8048818707466125,0.18760502338409424,0.5143560767173767,0.816788911819458,-0.09278954565525055,0.5034064054489136,0.8212201595306396,0.1876026690006256,0.5038184523582458,0.8293524384498596,-0.09153048694133759,0.5279356241226196,0.8559289574623108,0.10193413496017456,0.5321047902107239,0.8800574541091919,-0.19900861382484436
frame_00498.jpg,0.5505964159965515,0.23464789986610413,0.02878551557660103,0.5438851118087769,0.2219524085521698,0.048547275364398956,0.5422917604446411,0.221778005361557,0.048322439193725586,0.5408860445022583,0.22155113518238068,0.04834742099046707,0.5434879660606384,0.22226883471012115,0.00813395157456398,0.5419067144393921,0.22235406935214996,0.007824094966053963,0.5403749942779541,0.22236217558383942,0.007668009959161282,0.530540406703949,0.22430726885795593,0.1297467201948166,0.5291246175765991,0.22618331015110016,-0.05688837915658951,0.5453212261199951,0.24748562276363373,0.0626084953546524,0.5445635914802551,0.24758656322956085,0.007205595728009939,0.5118830800056458,0.2957863509654999,0.22241170704364777,0.5130648016929626,0.29897502064704895,-0.16193951666355133,0.512147843837738,0.3092537820339203,0.33082473278045654,0.5064948797225952,0.37014275789260864,-0.37701666355133057,0.5056060552597046,0.28436315059661865,0.38056740164756775,0.5180906653404236,0.43884122371673584,-0.5640800595283508,0.49882835149765015,0.2822909951210022,0.3921531140804291,0.5187697410583496,0.46186935901641846,-0.6242079734802246,0.49743518233299255,0.2757117450237274,0.3683023452758789,0.5234755873680115,0.4615788757801056,-0.6098071336746216,0.5039469003677368,0.27550074458122253,0.37109047174453735,0.5242487788200378,0.45473068952560425,-0.5637694597244263,0.5277090072631836,0.5017762780189514,0.1274682581424713,0.5255877375602722,0.5027546286582947,-0.12767581641674042,0.5471029281616211,0.6535435318946838,0.1219286322593689,0.5448782444000244,0.6655982136726379,-0.1512468159198761,0.5150489807128906,0.8190897703170776,0.1754399836063385,0.5141698718070984,0.8318073153495789,-0.12799933552742004,0.5029952526092529,0.830315887928009,0.17535223066806793,0.5032252073287964,0.8427002429962158,-0.12927909195423126,0.5283858776092529,0.8636095523834229,0.10843577235937119,0.5317731499671936,0.8870994448661804,-0.22178144752979279
frame_00499.jpg,0.550582766532898,0.24778738617897034,0.017284894362092018,0.5438440442085266,0.23720505833625793,0.03762513026595116,0.5422182679176331,0.23707905411720276,0.0373845212161541,0.5407613515853882,0.23695527017116547,0.037440650165081024,0.5434338450431824,0.23739074170589447,-0.0036629035603255033,0.5418373346328735,0.23748455941677094,-0.003948369529098272,0.5403117537498474,0.2375781387090683,-0.00407692464068532,0.5299164652824402,0.24030378460884094,0.12313882261514664,0.52897709608078,0.24236947298049927,-0.06682085245847702,0.5447700619697571,0.261290967464447,0.053147077560424805,0.5440919399261475,0.261432409286499,-0.0033274912275373936,0.5081809759140015,0.30572637915611267,0.22158420085906982,0.5127249956130981,0.3119995892047882,-0.17469939589500427,0.5082559585571289,0.3506585359573364,0.341940701007843,0.5045652389526367,0.37072545289993286,-0.40667200088500977,0.507461428642273,0.39795875549316406,0.37251701951026917,0.5179073810577393,0.4389820098876953,-0.5829983949661255,0.5019044280052185,0.4090574085712433,0.38668057322502136,0.518003523349762,0.4595261812210083,-0.6442181468009949,0.5043021440505981,0.40738287568092346,0.3536277413368225,0.5206832885742188,0.45792436599731445,-0.6285831332206726,0.5093407034873962,0.3941000998020172,0.35995638370513916,0.5211428999900818,0.450892835855484,-0.5820063352584839,0.5272032022476196,0.5152265429496765,0.12903228402137756,0.5254578590393066,0.5167266130447388,-0.12922140955924988,0.5460233092308044,0.667510449886322,0.11258377134799957,0.5454167127609253,0.67995285987854,-0.15632231533527374,0.5148347616195679,0.8273025751113892,0.14980801939964294,0.5134501457214355,0.8359985947608948,-0.12607084214687347,0.5015954375267029,0.8406102061271667,0.14722946286201477,0.4995460510253906,0.8484963774681091,-0.1264650672674179,0.5308500528335571,0.8659524321556091,0.07142490148544312,0.5309284925460815,0.8865782618522644,-0.22146961092948914
frame_00500.jpg,0.5501795411109924,0.26252344250679016,-0.01638663187623024,0.5432175397872925,0.250368595123291,0.007666148245334625,0.5418089628219604,0.2500719428062439,0.0074052102863788605,0.540514349937439,0.2497861683368683,0.00745811453089118,0.5424078702926636,0.2506024241447449,-0.032800693064928055,0.5407742857933044,0.2505825161933899,-0.03315061703324318,0.5392122864723206,0.2505894899368286,-0.03329920023679733,0.529630184173584,0.25435593724250793,0.1052645668387413,0.5277497172355652,0.25739845633506775,-0.07636319100856781,0.5445743799209595,0.2767958343029022,0.023597579449415207,0.543562650680542,0.2770531475543976,-0.03100734017789364,0.5086708664894104,0.3258451521396637,0.2174725979566574,0.5127633213996887,0.3400918245315552,-0.1760621815919876,0.5096350908279419,0.41084566712379456,0.3158453106880188,0.5028926134109497,0.43317970633506775,-0.33219727873802185,0.5289219617843628,0.4332773983478546,0.2784188687801361,0.5338820815086365,0.44332075119018555,-0.3925085663795471,0.5358285903930664,0.43408235907554626,0.28411656618118286,0.5419146418571472,0.4594962000846863,-0.4356098175048828,0.5402053594589233,0.43058741092681885,0.24929681420326233,0.5425937175750732,0.4505642056465149,-0.41721493005752563,0.5374252200126648,0.4239007234573364,0.2628922164440155,0.5396538972854614,0.44825315475463867,-0.38633060455322266,0.5271069407463074,0.5310911536216736,0.12906542420387268,0.525330662727356,0.5347427725791931,-0.12925778329372406,0.5475618243217468,0.6767377853393555,0.10234664380550385,0.545627772808075,0.688527524471283,-0.15611399710178375,0.514948844909668,0.8289191722869873,0.14602941274642944,0.5126757025718689,0.8392308950424194,-0.11088106781244278,0.5014020800590515,0.8403803706169128,0.14513316750526428,0.4968108534812927,0.8502533435821533,-0.10831773281097412,0.5315877795219421,0.8704743981361389,0.07809489220380783,0.5290473699569702,0.8873780965805054,-0.1899665892124176
frame_00501.jpg,0.549375593662262,0.25819817185401917,-0.05535747855901718,0.5426243543624878,0.24672521650791168,-0.03117719665169716,0.541521430015564,0.2463180124759674,-0.031391456723213196,0.540444016456604,0.245925173163414,-0.03130043298006058,0.541190505027771,0.24738217890262604,-0.07264457643032074,0.5394326448440552,0.2474815845489502,-0.07297971099615097,0.5377437472343445,0.24757365882396698,-0.07310893386602402,0.5294799208641052,0.2492205947637558,0.07553429901599884,0.5265151858329773,0.25222814083099365,-0.11221486330032349,0.5444953441619873,0.2712184488773346,-0.01156535092741251,0.5431194305419922,0.27180925011634827,-0.06763385236263275,0.5115131139755249,0.32209545373916626,0.21075022220611572,0.5126711130142212,0.3347179591655731,-0.20346923172473907,0.5120266079902649,0.42618483304977417,0.25880593061447144,0.5012986063957214,0.43749287724494934,-0.3248487114906311,0.5362699627876282,0.45720091462135315,0.12302130460739136,0.5419512391090393,0.45533886551856995,-0.3857578635215759,0.5449849963188171,0.46942272782325745,0.11163775622844696,0.551860511302948,0.46008291840553284,-0.43722057342529297,0.5528873205184937,0.4557412564754486,0.07334421575069427,0.554997444152832,0.4584091305732727,-0.4238860607147217,0.5486174821853638,0.4513304531574249,0.10298766940832138,0.5519147515296936,0.45434287190437317,-0.3818781077861786,0.5268658399581909,0.5286558866500854,0.129612535238266,0.5241167545318604,0.5315988063812256,-0.1297670304775238,0.5494483709335327,0.672713041305542,0.10729191452264786,0.5455527305603027,0.6858752965927124,-0.1637352705001831,0.5152119398117065,0.8215060830116272,0.19577515125274658,0.5120199918746948,0.839623212814331,-0.09497126936912537,0.5012883543968201,0.8331509828567505,0.2003297060728073,0.49465322494506836,0.8534096479415894,-0.09024227410554886,0.532141923904419,0.8690258860588074,0.14261823892593384,0.5290646553039551,0.887283444404602,-0.17640820145606995
frame_00502.jpg,0.5479488372802734,0.25310349464416504,-0.06576721370220184,0.5421875715255737,0.24191118776798248,-0.041899673640728,0.5414355993270874,0.2416803538799286,-0.04209434241056442,0.540473997592926,0.2415267825126648,-0.04199769347906113,0.5400145649909973,0.24220338463783264,-0.08185785263776779,0.5381669402122498,0.24221234023571014,-0.0821918174624443,0.5363542437553406,0.24219883978366852,-0.08231985569000244,0.5298193693161011,0.24462482333183289,0.06600058823823929,0.5254549980163574,0.2470599263906479,-0.11587820947170258,0.5444542169570923,0.26662978529930115,-0.02112961746752262,0.542070746421814,0.2670356035232544,-0.07529229670763016,0.5118023157119751,0.32081496715545654,0.210525244474411,0.5133970975875854,0.32784488797187805,-0.20621438324451447,0.5125690698623657,0.4250582456588745,0.2635437846183777,0.5018123984336853,0.42962801456451416,-0.3192378878593445,0.5338113903999329,0.47284504771232605,0.1588432788848877,0.5429830551147461,0.4620440900325775,-0.37833142280578613,0.5405669808387756,0.4942900836467743,0.15290792286396027,0.5523613691329956,0.4698043167591095,-0.42945146560668945,0.5469856858253479,0.4826866388320923,0.11480186879634857,0.5566980838775635,0.45938146114349365,-0.41622525453567505,0.5457279086112976,0.47375789284706116,0.1400335729122162,0.5541877150535583,0.45512717962265015,-0.37429529428482056,0.5260862112045288,0.5239917635917664,0.1309003233909607,0.5229880213737488,0.5267619490623474,-0.1310385912656784,0.5502907037734985,0.6662166118621826,0.1096300259232521,0.5455276370048523,0.6828086376190186,-0.17017778754234314,0.5151175260543823,0.814731240272522,0.189809650182724,0.5116464495658875,0.8381476998329163,-0.10142157226800919,0.5012009739875793,0.831017792224884,0.19296954572200775,0.49455446004867554,0.8518363833427429,-0.0961180180311203,0.5321371555328369,0.863237738609314,0.1327747106552124,0.5291078686714172,0.8867490291595459,-0.18075038492679596
frame_00503.jpg,0.5434796214103699,0.24079543352127075,-0.0952921062707901,0.5399940609931946,0.22820129990577698,-0.07077352702617645,0.5402149558067322,0.22780261933803558,-0.07094895094633102,0.5401211977005005,0.22735221683979034,-0.07082348316907883,0.5365508794784546,0.22862039506435394,-0.10763336718082428,0.5344744324684143,0.22858811914920807,-0.10798422992229462,0.5324245691299438,0.2283886969089508,-0.10813681036233902,0.5309300422668457,0.23206758499145508,0.047887273132801056,0.5232881307601929,0.23380878567695618,-0.12102383375167847,0.5431575179100037,0.25528934597969055,-0.04626550152897835,0.5386084914207458,0.2556363046169281,-0.09654156118631363,0.5170804262161255,0.3071765601634979,0.20157590508460999,0.5139811038970947,0.3077804744243622,-0.20482690632343292,0.5124121308326721,0.4121997654438019,0.2523629665374756,0.5021629929542542,0.4218336045742035,-0.3129196763038635,0.5320152044296265,0.4733084738254547,0.1342676877975464,0.5398985147476196,0.4666558802127838,-0.3747365176677704,0.5370373725891113,0.5027378797531128,0.12778058648109436,0.5474840402603149,0.4839688241481781,-0.4265878200531006,0.542389452457428,0.49363625049591064,0.0876089483499527,0.5521125197410583,0.4748591184616089,-0.41345706582069397,0.5416043996810913,0.4838516116142273,0.11459697782993317,0.5500333309173584,0.4684780240058899,-0.37089112401008606,0.5260608792304993,0.5143418312072754,0.13094620406627655,0.5218577980995178,0.516334056854248,-0.13107821345329285,0.5520564317703247,0.6497606039047241,0.12388448417186737,0.5398722887039185,0.6722050905227661,-0.17547759413719177,0.5150432586669922,0.7832746505737305,0.2640666961669922,0.513576865196228,0.8368489146232605,-0.1503121703863144,0.5022203922271729,0.7911161184310913,0.27411794662475586,0.4982883334159851,0.8576236963272095,-0.15117105841636658,0.5212429761886597,0.8397498726844788,0.22418169677257538,0.5394984483718872,0.8930014371871948,-0.257473349571228
frame_00504.jpg,0.5438874959945679,0.2189512699842453,-0.11744455993175507,0.5400517582893372,0.20829914510250092,-0.09426416456699371,0.5400804877281189,0.20834031701087952,-0.09445232897996902,0.5399171710014343,0.20824137330055237,-0.09436231106519699,0.5369520783424377,0.20851917564868927,-0.13470947742462158,0.5349153280258179,0.20867696404457092,-0.13501963019371033,0.532884955406189,0.20859743654727936,-0.135166734457016,0.53037029504776,0.2136785387992859,0.015600892715156078,0.52299964427948,0.21458548307418823,-0.16894245147705078,0.5430724024772644,0.23508189618587494,-0.07209067046642303,0.5387939214706421,0.23471146821975708,-0.12716764211654663,0.5227960348129272,0.2943020462989807,0.16243189573287964,0.513884961605072,0.2944486439228058,-0.25989875197410583,0.5128695964813232,0.41046956181526184,0.2113725244998932,0.5020729899406433,0.4178752601146698,-0.36656397581100464,0.5341440439224243,0.49659159779548645,0.09490006417036057,0.5389419794082642,0.5052513480186462,-0.41158705949783325,0.5370374321937561,0.5233006477355957,0.0861978530883789,0.5418825745582581,0.529807448387146,-0.47070422768592834,0.5407328009605408,0.5175477862358093,0.04526013508439064,0.5490866899490356,0.5322476029396057,-0.46524596214294434,0.54051673412323,0.5077113509178162,0.07494276762008667,0.5474860072135925,0.5222328901290894,-0.4111049175262451,0.5260384678840637,0.5075147747993469,0.135634645819664,0.5199533700942993,0.5077382326126099,-0.13570238649845123,0.5486454367637634,0.6440554261207581,0.1702384054660797,0.5374746322631836,0.6579515933990479,-0.17880553007125854,0.5155946016311646,0.7971012592315674,0.29776763916015625,0.5147289037704468,0.8352345824241638,-0.1286787986755371,0.503045916557312,0.8074991703033447,0.3043035566806793,0.501874566078186,0.8570758700370789,-0.1260891854763031,0.5214971899986267,0.8477782011032104,0.23368775844573975,0.5453293323516846,0.8913910388946533,-0.24087567627429962
frame_00505.jpg,0.5443810820579529,0.208108589053154,-0.09570537507534027,0.5401997566223145,0.1976509392261505,-0.07273294031620026,0.5401458740234375,0.1977931708097458,-0.07292439043521881,0.5399488210678101,0.1977994740009308,-0.07281404733657837,0.5370281934738159,0.19803699851036072,-0.11265172809362411,0.535098671913147,0.19841143488883972,-0.11296029388904572,0.533220112323761,0.1985977590084076,-0.11309292167425156,0.5303614735603333,0.20389311015605927,0.03446041792631149,0.5229225754737854,0.20552588999271393,-0.1477784961462021,0.5432686805725098,0.2248268574476242,-0.05150749161839485,0.5394137501716614,0.22486869990825653,-0.10586421191692352,0.5271461009979248,0.28783896565437317,0.16579195857048035,0.5137811303138733,0.28740373253822327,-0.23527094721794128,0.5129433870315552,0.4031309485435486,0.2131236046552658,0.5012175440788269,0.39878520369529724,-0.3418836295604706,0.5327435731887817,0.48181337118148804,0.0986524373292923,0.5267436504364014,0.4941082000732422,-0.4034973084926605,0.5356494188308716,0.5072268843650818,0.09051443636417389,0.5218974947929382,0.519257128238678,-0.45904916524887085,0.5403540730476379,0.5063103437423706,0.049679215997457504,0.5348949432373047,0.5190503001213074,-0.4520746171474457,0.5409866571426392,0.4981105625629425,0.07883696258068085,0.5379763841629028,0.5109997391700745,-0.4026262164115906,0.5267669558525085,0.4918937087059021,0.13134312629699707,0.5154539346694946,0.49084508419036865,-0.13136425614356995,0.5602748394012451,0.6192468404769897,0.16853877902030945,0.5314221382141113,0.6445019245147705,-0.17496779561042786,0.5155342817306519,0.7146810293197632,0.28213515877723694,0.5145541429519653,0.8194257616996765,-0.13109594583511353,0.5032604932785034,0.7235925793647766,0.29167836904525757,0.5019344687461853,0.8388922214508057,-0.13042274117469788,0.5137925148010254,0.7817217111587524,0.2316640168428421,0.5340753793716431,0.8831891417503357,-0.24375693500041962
frame_00506.jpg,0.5446091294288635,0.20262722671031952,-0.11734751611948013,0.5399854183197021,0.19203947484493256,-0.09504516422748566,0.5393037796020508,0.1922314167022705,-0.09523846954107285,0.5384297966957092,0.1923312246799469,-0.09509004652500153,0.5371161699295044,0.19192999601364136,-0.13637088239192963,0.5353065729141235,0.19203771650791168,-0.13667835295200348,0.5337096452713013,0.191968634724617,-0.13680365681648254,0.5290994644165039,0.1991005688905716,0.01083036046475172,0.5235827565193176,0.19938059151172638,-0.17792464792728424,0.5428366661071777,0.2193070948123932,-0.07373988628387451,0.5394374132156372,0.2186635583639145,-0.12997302412986755,0.5258470773696899,0.2824319303035736,0.13907025754451752,0.5138437747955322,0.28458449244499207,-0.2595968246459961,0.5119641423225403,0.3964257836341858,0.1700233817100525,0.501139760017395,0.39410895109176636,-0.3529619574546814,0.5244979858398438,0.47725120186805725,0.04053670912981033,0.5191358923912048,0.49919694662094116,-0.40673986077308655,0.5285906195640564,0.5057474374771118,0.031094815582036972,0.5160815715789795,0.5250421166419983,-0.4609833359718323,0.5318692326545715,0.505418598651886,-0.009585737250745296,0.5261723399162292,0.5227857232093811,-0.45332270860671997,0.5293585062026978,0.5003626346588135,0.020532868802547455,0.5292843580245972,0.5155173540115356,-0.40528640151023865,0.5266193747520447,0.4852577745914459,0.13130846619606018,0.5125551223754883,0.48534300923347473,-0.13133490085601807,0.5668469667434692,0.599286675453186,0.18883758783340454,0.5233982801437378,0.6382879018783569,-0.172403946518898,0.5118160247802734,0.6898869872093201,0.3260953724384308,0.5108253359794617,0.8111469745635986,-0.12828776240348816,0.49730604887008667,0.6887255311012268,0.3357827365398407,0.49960336089134216,0.8290721774101257,-0.12741002440452576,0.48645931482315063,0.7548779249191284,0.28346893191337585,0.5290272235870361,0.8655041456222534,-0.23402974009513855
frame_00507.jpg,0.5448329448699951,0.2017039656639099,-0.110379658639431,0.5400033593177795,0.19087456166744232,-0.08891020715236664,0.5391136407852173,0.1910427361726761,-0.08912228047847748,0.5380157232284546,0.19114559888839722,-0.08898092806339264,0.5371963977813721,0.19075463712215424,-0.13109660148620605,0.5353912711143494,0.19083498418331146,-0.13140417635440826,0.5338040590286255,0.1907549500465393,-0.13153794407844543,0.5284178853034973,0.19834725558757782,0.012076083570718765,0.5236625671386719,0.19862085580825806,-0.1806943416595459,0.5428439378738403,0.21884536743164062,-0.068568654358387,0.5397909879684448,0.21806660294532776,-0.12589631974697113,0.5249049067497253,0.2806917726993561,0.13294491171836853,0.5138449668884277,0.28327491879463196,-0.2619627118110657,0.5112125277519226,0.39045450091362,0.1577288657426834,0.49969449639320374,0.39002570509910583,-0.35143932700157166,0.5185297727584839,0.4733711779117584,0.030048230662941933,0.514308512210846,0.4950365126132965,-0.38475432991981506,0.52098149061203,0.5002487897872925,0.02189253643155098,0.511992335319519,0.5172281861305237,-0.43321114778518677,0.5240604877471924,0.49715182185173035,-0.015836376696825027,0.5196636915206909,0.5142791271209717,-0.42435669898986816,0.5249441862106323,0.4910697340965271,0.011095008812844753,0.5223941802978516,0.5072327852249146,-0.38211673498153687,0.526541531085968,0.48264798521995544,0.13101747632026672,0.5132516026496887,0.4835837185382843,-0.13102832436561584,0.5767664313316345,0.5774235129356384,0.21981318295001984,0.518281102180481,0.6335579752922058,-0.13381806015968323,0.5103954672813416,0.645900547504425,0.37986883521080017,0.5077683329582214,0.8067357540130615,-0.057360876351594925,0.49327486753463745,0.6400802135467529,0.3925616145133972,0.4982207715511322,0.8209627866744995,-0.05159062147140503,0.4949299395084381,0.7068057656288147,0.3562162518501282,0.5236226916313171,0.8651666641235352,-0.14296367764472961
frame_00508.jpg,0.5444713830947876,0.20436683297157288,-0.09697595238685608,0.5395424365997314,0.195562943816185,-0.0748060941696167,0.5387840270996094,0.1956326812505722,-0.07501265406608582,0.5378849506378174,0.1956348419189453,-0.07488846778869629,0.5368404388427734,0.19559748470783234,-0.1162405014038086,0.5348669290542603,0.19566106796264648,-0.11655056476593018,0.5330106616020203,0.19554734230041504,-0.11668411642313004,0.5283536911010742,0.20197293162345886,0.025282755494117737,0.5227205157279968,0.2024874985218048,-0.17018036544322968,0.5424590110778809,0.22232148051261902,-0.05462650582194328,0.5392800569534302,0.2215229570865631,-0.11106391251087189,0.5245625972747803,0.28221020102500916,0.15112903714179993,0.5126265287399292,0.286274790763855,-0.23888416588306427,0.5111173987388611,0.39052656292915344,0.1907281130552292,0.4993169903755188,0.38857680559158325,-0.309553325176239,0.5182238221168518,0.47063618898391724,0.07374933362007141,0.5165034532546997,0.4911423325538635,-0.33502069115638733,0.5196316242218018,0.4969838857650757,0.06794675439596176,0.5144881010055542,0.5134614706039429,-0.37910139560699463,0.5241118669509888,0.49417659640312195,0.030528003349900246,0.5220633745193481,0.5113790035247803,-0.3707590699195862,0.5234526991844177,0.4905644953250885,0.05531435087323189,0.5245829224586487,0.5041486024856567,-0.33208975195884705,0.5260066986083984,0.4842446446418762,0.1279851645231247,0.5137525200843811,0.485432505607605,-0.12803032994270325,0.5781539678573608,0.5757226943969727,0.2271917164325714,0.5159619450569153,0.635900616645813,-0.14191243052482605,0.5058079957962036,0.6284410357475281,0.4229070246219635,0.5045274496078491,0.8084229230880737,-0.06955330073833466,0.4900144934654236,0.6174781918525696,0.44040337204933167,0.49799418449401855,0.8238531947135925,-0.056998781859874725,0.4962329864501953,0.6824632287025452,0.42342767119407654,0.524206280708313,0.8643062710762024,-0.17459747195243835
frame_00509.jpg,0.5427408814430237,0.21459044516086578,-0.08427494019269943,0.5377602577209473,0.20347000658512115,-0.06265716999769211,0.5371147394180298,0.20336954295635223,-0.06285957247018814,0.5364899635314941,0.20327673852443695,-0.06271319091320038,0.5360969305038452,0.2041500061750412,-0.10377142578363419,0.5345560312271118,0.20445629954338074,-0.10408125817775726,0.5330298542976379,0.20455649495124817,-0.1042214184999466,0.5279802680015564,0.20855706930160522,0.035049669444561005,0.5231629014015198,0.20996777713298798,-0.15759220719337463,0.5410569310188293,0.2279445230960846,-0.0431772843003273,0.538788914680481,0.22831811010837555,-0.09923071414232254,0.5184491276741028,0.28310298919677734,0.1576964259147644,0.5127574801445007,0.2880120277404785,-0.23179630935192108,0.5079506039619446,0.38954102993011475,0.186566561460495,0.49810147285461426,0.3877343535423279,-0.31152981519699097,0.5162067413330078,0.4691334366798401,0.05553966015577316,0.5175815224647522,0.4811059534549713,-0.3371983766555786,0.5162184834480286,0.4949083626270294,0.048859741538763046,0.516584038734436,0.5021635293960571,-0.3814827501773834,0.5206486582756042,0.49207592010498047,0.012256392277777195,0.5238723754882812,0.5011618733406067,-0.3705841302871704,0.5212996006011963,0.4886677861213684,0.03705339878797531,0.5255808234214783,0.49348247051239014,-0.33335861563682556,0.5190935730934143,0.48643267154693604,0.12802369892597198,0.5139583349227905,0.48735272884368896,-0.12807099521160126,0.5782510042190552,0.5680447816848755,0.2354617416858673,0.5159998536109924,0.6390982866287231,-0.1707208752632141,0.5018585920333862,0.6187229156494141,0.4311697483062744,0.5000404119491577,0.8097826242446899,-0.14580292999744415,0.48891884088516235,0.6067629456520081,0.44882044196128845,0.4946288466453552,0.8275063037872314,-0.1429603397846222,0.4950992166996002,0.6721575856208801,0.4443453848361969,0.5125617980957031,0.8688936233520508,-0.2265867441892624
frame_00510.jpg,0.5429335832595825,0.23183941841125488,-0.0038412553258240223,0.5376120805740356,0.21940070390701294,0.017894897609949112,0.5367774963378906,0.21923431754112244,0.017690856009721756,0.5360187292098999,0.2191232293844223,0.017795436084270477,0.536286473274231,0.21994833648204803,-0.022643905133008957,0.534693717956543,0.22010673582553864,-0.022916154935956,0.5331867933273315,0.22015322744846344,-0.023056400939822197,0.5272650122642517,0.22294239699840546,0.1075044721364975,0.5240297317504883,0.2243528515100479,-0.07778183370828629,0.5408255457878113,0.2440093606710434,0.03347790241241455,0.5388995409011841,0.2445768415927887,-0.021535461768507957,0.5106061100959778,0.2896966338157654,0.22029629349708557,0.5127635598182678,0.2998107671737671,-0.18425539135932922,0.5018328428268433,0.3917730152606964,0.2451936900615692,0.4985883831977844,0.3872412443161011,-0.3164791464805603,0.5136778950691223,0.46007010340690613,0.11346427351236343,0.512824296951294,0.44715043902397156,-0.36075401306152344,0.5133419632911682,0.4942038953304291,0.1071806401014328,0.5100911855697632,0.4590866267681122,-0.4070098400115967,0.5185753703117371,0.4917665719985962,0.07473744451999664,0.5116832256317139,0.4567130506038666,-0.3940967917442322,0.5172291398048401,0.48485293984413147,0.09625597298145294,0.5130153298377991,0.4514254033565521,-0.3570159077644348,0.5121163129806519,0.4928881824016571,0.12804701924324036,0.517145037651062,0.4955221712589264,-0.12808503210544586,0.5342475175857544,0.6377621293067932,0.13899877667427063,0.5451589822769165,0.5986821055412292,-0.16983535885810852,0.496378093957901,0.7975314855575562,0.17917677760124207,0.49384212493896484,0.7030565738677979,-0.05810349062085152,0.4869809150695801,0.8122221827507019,0.1777629405260086,0.47855836153030396,0.7091366052627563,-0.04624101147055626,0.49781569838523865,0.8424959778785706,0.11234132945537567,0.5050329566001892,0.753850519657135,-0.08874236047267914
frame_00511.jpg,0.5427075624465942,0.24874569475650787,-0.033484842628240585,0.5374466776847839,0.2343882918357849,-0.012397894635796547,0.5366818904876709,0.2340679168701172,-0.012592548504471779,0.5360122323036194,0.23371686041355133,-0.012472446076571941,0.5361232757568359,0.23476195335388184,-0.053740013390779495,0.5346208810806274,0.23476415872573853,-0.05403788015246391,0.5332006216049194,0.23469890654087067,-0.05417151376605034,0.5272839069366455,0.23645010590553284,0.08437834680080414,0.5240309238433838,0.23898300528526306,-0.09886349737644196,0.5403584241867065,0.260269433259964,0.005015096161514521,0.5384174585342407,0.2606792449951172,-0.05065726488828659,0.5092902779579163,0.3054133951663971,0.20449502766132355,0.5108986496925354,0.3130534589290619,-0.1828901767730713,0.5006462931632996,0.39157524704933167,0.23604507744312286,0.5000064373016357,0.3876470923423767,-0.32050037384033203,0.5104976892471313,0.4568057060241699,0.11848857253789902,0.5139930248260498,0.44386646151542664,-0.404099702835083,0.5107064843177795,0.4799840748310089,0.11213890463113785,0.5114381313323975,0.45764344930648804,-0.4532272219657898,0.5146397352218628,0.4780309498310089,0.080320805311203,0.5152633190155029,0.45191970467567444,-0.4393071234226227,0.5146444439888,0.47020861506462097,0.10218161344528198,0.5171170234680176,0.4477192461490631,-0.4011212885379791,0.5124301314353943,0.5053752660751343,0.12467055022716522,0.5172005891799927,0.5098101496696472,-0.12473775446414948,0.5407241582870483,0.6170282363891602,0.14947627484798431,0.5233620405197144,0.6498777866363525,-0.17535530030727386,0.4975389540195465,0.6464205980300903,0.32913658022880554,0.4919363856315613,0.8029997944831848,-0.14804981648921967,0.4855181574821472,0.6790090203285217,0.34402355551719666,0.4791673719882965,0.8249468207359314,-0.14674308896064758,0.4928204119205475,0.7102087736129761,0.3126935064792633,0.5057556629180908,0.8426398634910583,-0.24130527675151825
frame_00512.jpg,0.5426687002182007,0.2509724199771881,-0.03826754540205002,0.5373042225837708,0.2369632124900818,-0.019666651263833046,0.5364258289337158,0.2365128993988037,-0.019880497828125954,0.5356366634368896,0.2360108643770218,-0.019794128835201263,0.5361971259117126,0.23746782541275024,-0.058037083595991135,0.5347185730934143,0.23741650581359863,-0.05833113193511963,0.533223032951355,0.23726573586463928,-0.058463454246520996,0.5266799330711365,0.23856519162654877,0.07448418438434601,0.5242848992347717,0.24157102406024933,-0.10717368125915527,0.5401341915130615,0.262816458940506,-0.0020954685751348734,0.5383984446525574,0.2632358968257904,-0.054377563297748566,0.5049406290054321,0.30649158358573914,0.1599743664264679,0.5107459425926208,0.31825801730155945,-0.18459777534008026,0.4956408143043518,0.3362145721912384,0.2744262218475342,0.5004985332489014,0.3884424865245819,-0.32183077931404114,0.5031687021255493,0.3529197573661804,0.3099031448364258,0.517850935459137,0.43864139914512634,-0.4238584637641907,0.501810610294342,0.3592357635498047,0.32451319694519043,0.5154542326927185,0.44958263635635376,-0.4694417119026184,0.5043830871582031,0.35808026790618896,0.2948331832885742,0.5203055143356323,0.442617267370224,-0.4560198187828064,0.506788432598114,0.35539573431015015,0.2987809181213379,0.5210212469100952,0.43943101167678833,-0.42130717635154724,0.5131049156188965,0.5092340111732483,0.11507733166217804,0.5167089700698853,0.513217568397522,-0.11517498642206192,0.5703548192977905,0.588455080986023,0.14758636057376862,0.5142728686332703,0.6609159708023071,-0.16126982867717743,0.49688521027565,0.631662905216217,0.32402077317237854,0.4902563691139221,0.8231835961341858,-0.1679103672504425,0.4834147095680237,0.6421995759010315,0.33190232515335083,0.47896823287010193,0.8444020748138428,-0.16982649266719818,0.4873044490814209,0.6815389394760132,0.30123600363731384,0.5066817998886108,0.8702373504638672,-0.2652301788330078
frame_00513.jpg,0.5427475571632385,0.24782204627990723,-0.04536115378141403,0.5372496843338013,0.2340785712003708,-0.02511681243777275,0.5363138914108276,0.23372505605220795,-0.02533021941781044,0.5354899764060974,0.2332598865032196,-0.02523832954466343,0.5362532734870911,0.23438085615634918,-0.06355573236942291,0.5347868204116821,0.2342911660671234,-0.06383848190307617,0.5333069562911987,0.234067901968956,-0.06398244202136993,0.5262924432754517,0.23692050576210022,0.07239827513694763,0.5242275595664978,0.23924461007118225,-0.11381548643112183,0.5399388074874878,0.2621297240257263,-0.006960191763937473,0.5383960008621216,0.2619554400444031,-0.059796564280986786,0.5064395070075989,0.3058623969554901,0.16469432413578033,0.5095868706703186,0.3150995969772339,-0.19126483798027039,0.49588632583618164,0.35205143690109253,0.2333194762468338,0.5000088214874268,0.3954354226589203,-0.2931973934173584,0.509941041469574,0.42549753189086914,0.1193053126335144,0.5293571949005127,0.4447993040084839,-0.30540731549263,0.5107647180557251,0.460251122713089,0.11452440917491913,0.532588541507721,0.45886167883872986,-0.34435176849365234,0.5151826739311218,0.45678064227104187,0.08146835118532181,0.5384677648544312,0.45538535714149475,-0.32946881651878357,0.5153637528419495,0.4479173719882965,0.10249276459217072,0.5352362990379333,0.45077812671661377,-0.2990330457687378,0.51385098695755,0.5081354379653931,0.11638467013835907,0.5159501433372498,0.5112971663475037,-0.11647816747426987,0.5779643654823303,0.5884605050086975,0.14511558413505554,0.5098404288291931,0.6596017479896545,-0.15085041522979736,0.49784451723098755,0.6439024209976196,0.3025924265384674,0.4898450970649719,0.8297092914581299,-0.1634085476398468,0.4837469160556793,0.6383902430534363,0.3157021403312683,0.4795601963996887,0.8497334718704224,-0.15869805216789246,0.4905620217323303,0.6945993304252625,0.29182901978492737,0.5077939033508301,0.8797412514686584,-0.23947174847126007
frame_00514.jpg,0.5426118969917297,0.22757869958877563,-0.045346446335315704,0.5368449687957764,0.21553334593772888,-0.025609444826841354,0.5356213450431824,0.21559405326843262,-0.0258018858730793,0.5344971418380737,0.2155672162771225,-0.025691237300634384,0.536255419254303,0.21540144085884094,-0.06548088043928146,0.5348320007324219,0.2154933512210846,-0.06579052656888962,0.533367395401001,0.21549925208091736,-0.06592561304569244,0.5255738496780396,0.2223866730928421,0.06975513696670532,0.5243349671363831,0.22399547696113586,-0.1146574392914772,0.5396462678909302,0.2422780692577362,-0.006773651577532291,0.5384119749069214,0.2419867217540741,-0.061164308339357376,0.5072183609008789,0.2965564727783203,0.16484278440475464,0.5096906423568726,0.3044918477535248,-0.19550487399101257,0.4975886940956116,0.36087462306022644,0.21683275699615479,0.4993281364440918,0.393221378326416,-0.2779695391654968,0.5103437900543213,0.455567330121994,0.09482987225055695,0.5287123918533325,0.45200905203819275,-0.28416708111763,0.5115484595298767,0.4821831285953522,0.08876199275255203,0.5318824648857117,0.4747609496116638,-0.3233477473258972,0.5163775086402893,0.48775842785835266,0.052941031754016876,0.5379875302314758,0.4692685306072235,-0.3114791214466095,0.5162829160690308,0.4780037999153137,0.0767829418182373,0.5364912748336792,0.4631192088127136,-0.27917197346687317,0.5142892599105835,0.4995976388454437,0.11815103143453598,0.5133410096168518,0.5026692748069763,-0.11824685335159302,0.5776804685592651,0.588403582572937,0.13789352774620056,0.5089870691299438,0.6587952971458435,-0.15154555439949036,0.504094660282135,0.6526468992233276,0.275443434715271,0.4912073016166687,0.8263922929763794,-0.14997698366641998,0.4894897937774658,0.6587133407592773,0.286952942609787,0.48069581389427185,0.8448411226272583,-0.14740687608718872,0.4918149411678314,0.7035157680511475,0.2531156539916992,0.5093283653259277,0.8825398087501526,-0.22960075736045837
frame_00515.jpg,0.542746901512146,0.21779093146324158,-0.12239819765090942,0.5368982553482056,0.20443382859230042,-0.10142016410827637,0.5356550216674805,0.20455092191696167,-0.10163229703903198,0.5345696806907654,0.20452430844306946,-0.101503886282444,0.5363692045211792,0.20424209535121918,-0.1429596245288849,0.5348891615867615,0.20438310503959656,-0.14327995479106903,0.5333802103996277,0.20439763367176056,-0.14342130720615387,0.5255628824234009,0.21175670623779297,-0.0022180068772286177,0.524289608001709,0.2130669802427292,-0.19111815094947815,0.539675235748291,0.2331978976726532,-0.08106133341789246,0.5384381413459778,0.23294219374656677,-0.13736654818058014,0.5121192932128906,0.29390451312065125,0.12309662252664566,0.509783923625946,0.30295196175575256,-0.2663920521736145,0.5040910243988037,0.3975089192390442,0.16619208455085754,0.49939727783203125,0.4073367416858673,-0.32583820819854736,0.5182439684867859,0.5094329118728638,0.04820023477077484,0.5305621027946472,0.5050700902938843,-0.3261236250400543,0.5193308591842651,0.5353257060050964,0.04116316884756088,0.5320920348167419,0.5366986989974976,-0.3638569712638855,0.5228813290596008,0.5322491526603699,0.0002254383434774354,0.5410125851631165,0.5378767848014832,-0.3376544713973999,0.5225969552993774,0.5228752493858337,0.02856077253818512,0.5405926704406738,0.5276995897293091,-0.3210074305534363,0.5144544839859009,0.4955691397190094,0.1184014081954956,0.5089197754859924,0.4967120289802551,-0.11854281276464462,0.5753074884414673,0.5910928845405579,0.17737631499767303,0.5102797746658325,0.6585795283317566,-0.1443970501422882,0.5053268671035767,0.6624258756637573,0.3262120485305786,0.4921395182609558,0.8234156370162964,-0.09971186518669128,0.48936399817466736,0.6810817718505859,0.3375210762023926,0.48140424489974976,0.8412333130836487,-0.09682075679302216,0.49334415793418884,0.713494598865509,0.2868613004684448,0.5113552808761597,0.8828485608100891,-0.20584940910339355
frame_00516.jpg,0.5414474010467529,0.21271952986717224,-0.12569080293178558,0.5358539819717407,0.1987805962562561,-0.1014314517378807,0.5348862409591675,0.19869866967201233,-0.10163307189941406,0.5340839624404907,0.1984848827123642,-0.10148096084594727,0.5347994565963745,0.1989283561706543,-0.14259830117225647,0.5330029726028442,0.19909746944904327,-0.1429312825202942,0.531150221824646,0.19911198318004608,-0.14306649565696716,0.5255511403083801,0.20526865124702454,0.013236388564109802,0.5221885442733765,0.2068549543619156,-0.1738956719636917,0.539114773273468,0.22665967047214508,-0.07797876000404358,0.5372806787490845,0.22657077014446259,-0.13388262689113617,0.5189462900161743,0.2915886342525482,0.14221680164337158,0.5096003413200378,0.29574552178382874,-0.2524005174636841,0.5060234665870667,0.39843687415122986,0.18906059861183167,0.4975709021091461,0.40707430243492126,-0.34591904282569885,0.5181909203529358,0.4891239404678345,0.062098897993564606,0.5228363275527954,0.4990517795085907,-0.40520063042640686,0.5193339586257935,0.5155209898948669,0.05179797485470772,0.5214181542396545,0.5262435078620911,-0.4618270993232727,0.5231955647468567,0.5150778293609619,0.010259532369673252,0.5323103666305542,0.5258050560951233,-0.45142263174057007,0.5236744284629822,0.5072379112243652,0.041646577417850494,0.5344120264053345,0.5183307528495789,-0.4031861424446106,0.5151879787445068,0.49221616983413696,0.12447456270456314,0.5061340928077698,0.4926386773586273,-0.12454110383987427,0.572432816028595,0.6013022661209106,0.17465001344680786,0.5122162103652954,0.6582261919975281,-0.14663559198379517,0.5046682953834534,0.6939364075660706,0.322965145111084,0.4929474890232086,0.8215631246566772,-0.10440103709697723,0.48577290773391724,0.7016401886940002,0.3343656361103058,0.48169994354248047,0.8365157246589661,-0.10084494203329086,0.4928469657897949,0.751058042049408,0.2804747521877289,0.5119088888168335,0.881348192691803,-0.22743010520935059
frame_00517.jpg,0.5412677526473999,0.20727966725826263,-0.1040239930152893,0.5353999733924866,0.19366861879825592,-0.08116099238395691,0.5342660546302795,0.19376720488071442,-0.08136425912380219,0.5333154201507568,0.1937563568353653,-0.08123032003641129,0.534700870513916,0.19367745518684387,-0.12230129539966583,0.5329838991165161,0.19393950700759888,-0.12262364476919174,0.5312203168869019,0.1940620392560959,-0.12275637686252594,0.5249801874160767,0.20111128687858582,0.024941010400652885,0.5220350027084351,0.20248906314373016,-0.16181614995002747,0.5387670993804932,0.22168758511543274,-0.05970262736082077,0.537144660949707,0.2212977260351181,-0.11556824296712875,0.5212835073471069,0.2909889817237854,0.1498108059167862,0.5096557140350342,0.293159157037735,-0.24423182010650635,0.5074501037597656,0.40249934792518616,0.19278118014335632,0.4974392354488373,0.4056118428707123,-0.3458687961101532,0.518750786781311,0.4924047887325287,0.08225011080503464,0.5190812349319458,0.5048615336418152,-0.41123494505882263,0.5204991102218628,0.5221871733665466,0.07467545568943024,0.5167360901832581,0.531693696975708,-0.4680206775665283,0.5244267582893372,0.5223201513290405,0.033967528492212296,0.5260135531425476,0.5309581160545349,-0.45972180366516113,0.5259050130844116,0.5136429667472839,0.06285765767097473,0.5291793942451477,0.5228062868118286,-0.4099608361721039,0.5160235166549683,0.49252644181251526,0.1270293891429901,0.5051241517066956,0.4933848977088928,-0.12707674503326416,0.5633504986763,0.6158916354179382,0.1596149504184723,0.5124458074569702,0.6574692130088806,-0.14196118712425232,0.5040968656539917,0.7402956485748291,0.3015848994255066,0.49667707085609436,0.8253098726272583,-0.10038991272449493,0.4859245717525482,0.7460935115814209,0.31058356165885925,0.4849455952644348,0.8491322994232178,-0.09958472102880478,0.5004695653915405,0.7953492999076843,0.23958058655261993,0.5180215835571289,0.8827110528945923,-0.22501352429389954
frame_00518.jpg,0.5413235425949097,0.2099350094795227,-0.07350759953260422,0.535468339920044,0.19637475907802582,-0.04910419508814812,0.5343334674835205,0.19643571972846985,-0.049299124628305435,0.5333824157714844,0.19642943143844604,-0.049160510301589966,0.5347519516944885,0.19642098248004913,-0.0909402072429657,0.5330480337142944,0.19662033021450043,-0.09127163887023926,0.5313158631324768,0.19668905436992645,-0.09141279757022858,0.5249853134155273,0.20289704203605652,0.06012946367263794,0.5220898389816284,0.20402690768241882,-0.13072526454925537,0.5387911200523376,0.22432322800159454,-0.028310472145676613,0.5371708273887634,0.22403137385845184,-0.08544625341892242,0.5219918489456177,0.2911243140697479,0.18620578944683075,0.5096223950386047,0.29178330302238464,-0.22234562039375305,0.5077604651451111,0.4030892550945282,0.2270907461643219,0.4970318675041199,0.40115970373153687,-0.34309250116348267,0.5189965963363647,0.4892326295375824,0.10590758174657822,0.5138817429542542,0.49902841448783875,-0.41188812255859375,0.5214235782623291,0.5192614793777466,0.09455035626888275,0.51195228099823,0.5262351632118225,-0.47053512930870056,0.5252721309661865,0.5189853310585022,0.05032110959291458,0.5207585692405701,0.5255876183509827,-0.46227702498435974,0.5268595218658447,0.5107777714729309,0.08469521254301071,0.5237603187561035,0.5175952911376953,-0.41117724776268005,0.5184583067893982,0.49492424726486206,0.12886056303977966,0.5060381889343262,0.49476927518844604,-0.12890315055847168,0.5525656938552856,0.6301445364952087,0.16621136665344238,0.5146234631538391,0.6626793146133423,-0.1408369243144989,0.5035357475280762,0.7795323133468628,0.3148660361766815,0.49724459648132324,0.8328840136528015,-0.0903470367193222,0.48609599471092224,0.7833718061447144,0.32364290952682495,0.48501548171043396,0.8540055155754089,-0.09000876545906067,0.5026888251304626,0.8270275592803955,0.2491830587387085,0.5207269191741943,0.8847392201423645,-0.22314977645874023
frame_00519.jpg,0.5413546562194824,0.21656106412410736,-0.064775750041008,0.5354148149490356,0.20360246300697327,-0.040303491055965424,0.5342172980308533,0.20374716818332672,-0.04050621762871742,0.5332209467887878,0.2039252370595932,-0.04037243500351906,0.5348204374313354,0.2036179006099701,-0.08290861546993256,0.5331138372421265,0.2037748247385025,-0.08323168009519577,0.5313341021537781,0.20381838083267212,-0.0833616703748703,0.5249872207641602,0.20929652452468872,0.06929516792297363,0.5222145318984985,0.2094164788722992,-0.1253998726606369,0.5388098955154419,0.23214967548847198,-0.019588055089116096,0.5372530221939087,0.23177149891853333,-0.07780281454324722,0.5217515230178833,0.29578348994255066,0.1928931474685669,0.5089037418365479,0.29435405135154724,-0.21841807663440704,0.5080837607383728,0.4063272178173065,0.22866150736808777,0.4962860643863678,0.40127265453338623,-0.34737032651901245,0.5189812779426575,0.49076855182647705,0.10462488234043121,0.5110733509063721,0.49720922112464905,-0.43568554520606995,0.5215854644775391,0.5209468007087708,0.09219624847173691,0.509503960609436,0.5244069695472717,-0.4949208199977875,0.5253195762634277,0.5192107558250427,0.050870995968580246,0.5182896256446838,0.5235767364501953,-0.4864392876625061,0.5268510580062866,0.5113208889961243,0.08377952128648758,0.5207847952842712,0.5153700709342957,-0.4352990984916687,0.5196737051010132,0.50127112865448,0.13164010643959045,0.5062812566757202,0.5012748837471008,-0.13167458772659302,0.5487304925918579,0.6413450837135315,0.16625067591667175,0.5177544355392456,0.6678276062011719,-0.1496664583683014,0.5025376677513123,0.7804892659187317,0.31067100167274475,0.4957766532897949,0.8339439034461975,-0.10431671142578125,0.48582983016967773,0.8031725287437439,0.31764063239097595,0.48312634229660034,0.8558750748634338,-0.10598818212747574,0.5052667856216431,0.8322350978851318,0.2352108657360077,0.5218549966812134,0.8831194043159485,-0.24270863831043243
frame_00520.jpg,0.5414718389511108,0.23231223225593567,-0.0010166887659579515,0.5353695154190063,0.22015923261642456,0.022716423496603966,0.5340783596038818,0.22016283869743347,0.0225153099745512,0.532983124256134,0.22019606828689575,0.022621136158704758,0.534845232963562,0.22037865221500397,-0.021459372714161873,0.5333384275436401,0.22055430710315704,-0.021755263209342957,0.5319255590438843,0.220633402466774,-0.02187022939324379,0.5248414278030396,0.22474674880504608,0.12046854197978973,0.523279070854187,0.2258630245923996,-0.08135011047124863,0.5388143658638,0.2464328557252884,0.038963016122579575,0.5374143123626709,0.24612738192081451,-0.021166590973734856,0.5183559060096741,0.30311450362205505,0.22448928654193878,0.5076688528060913,0.30487215518951416,-0.1863682121038437,0.5083332657814026,0.4125005006790161,0.25118905305862427,0.4963279664516449,0.4023647606372833,-0.34609514474868774,0.5190690755844116,0.4923066198825836,0.12668856978416443,0.5121249556541443,0.495242178440094,-0.42732134461402893,0.5227597951889038,0.5237373113632202,0.11632294952869415,0.5109372138977051,0.5217583179473877,-0.48312926292419434,0.5263789296150208,0.5237156748771667,0.08000241965055466,0.5187655687332153,0.5206043720245361,-0.47293829917907715,0.526824414730072,0.5188823938369751,0.10780849307775497,0.520847737789154,0.5125886797904968,-0.4261617660522461,0.5196748971939087,0.5085030198097229,0.1313522458076477,0.507698655128479,0.5099533796310425,-0.13138850033283234,0.5437251329421997,0.653091549873352,0.14573901891708374,0.5255993008613586,0.6687653660774231,-0.16429908573627472,0.5010555982589722,0.7961127161979675,0.24418644607067108,0.4938848614692688,0.8318830132484436,-0.10448060184717178,0.4859186112880707,0.8098344802856445,0.24787501990795135,0.48113590478897095,0.8524044156074524,-0.10612525045871735,0.5113392472267151,0.842857301235199,0.17355293035507202,0.517035186290741,0.8825077414512634,-0.22591157257556915
frame_00521.jpg,0.5434137582778931,0.25013741850852966,0.010448702611029148,0.5363460779190063,0.2371765673160553,0.03292560204863548,0.5348373055458069,0.23686259984970093,0.032716505229473114,0.5335304141044617,0.23653942346572876,0.03282101824879646,0.535990834236145,0.2374170869588852,-0.009900463744997978,0.5344559550285339,0.23740220069885254,-0.010206475853919983,0.5330635905265808,0.2373376488685608,-0.010304893366992474,0.5248567461967468,0.24010686576366425,0.12799601256847382,0.523792028427124,0.24233628809452057,-0.06742409616708755,0.5392575263977051,0.2633854150772095,0.050025273114442825,0.5379283428192139,0.2628217339515686,-0.008243991062045097,0.5180597305297852,0.3138091266155243,0.2329041212797165,0.5075331926345825,0.31748172640800476,-0.167026087641716,0.5086877942085266,0.41473767161369324,0.25923919677734375,0.49717363715171814,0.4045458734035492,-0.3178916275501251,0.5190486311912537,0.4818396270275116,0.12959127128124237,0.5139018297195435,0.47330281138420105,-0.4247133731842041,0.5227619409561157,0.513913631439209,0.11761675775051117,0.5173390507698059,0.49315860867500305,-0.48032933473587036,0.5261483788490295,0.5045371055603027,0.08425912261009216,0.5221559405326843,0.4858162999153137,-0.4684205651283264,0.5263227820396423,0.50014728307724,0.11184176057577133,0.5220108032226562,0.4807736575603485,-0.4232115149497986,0.5199498534202576,0.5198751091957092,0.1312858760356903,0.5079383254051208,0.5234845280647278,-0.1313169002532959,0.5408746004104614,0.6629197597503662,0.13341444730758667,0.5281621217727661,0.6782518625259399,-0.16530397534370422,0.4994741976261139,0.8104547262191772,0.2176637351512909,0.49237069487571716,0.8384329080581665,-0.11994455009698868,0.4851354658603668,0.8285604119300842,0.2202417105436325,0.47797122597694397,0.8578270077705383,-0.12054981291294098,0.5146564245223999,0.8436179757118225,0.15081541240215302,0.5172699689865112,0.8817588090896606,-0.22824397683143616
frame_00522.jpg,0.5449258089065552,0.26169130206108093,-0.0184759721159935,0.5377300381660461,0.24879176914691925,0.004502782132476568,0.5363610982894897,0.24819415807724,0.0042963349260389805,0.5352172255516052,0.2475753128528595,0.004413730464875698,0.5368035435676575,0.24928022921085358,-0.03799823671579361,0.5349918603897095,0.24909059703350067,-0.03831327334046364,0.5333420038223267,0.2488737255334854,-0.038422614336013794,0.5253432989120483,0.25032728910446167,0.10390126705169678,0.5237759351730347,0.25349533557891846,-0.08980800211429596,0.5398436188697815,0.27488136291503906,0.022814057767391205,0.5382816791534424,0.2747417986392975,-0.034928686916828156,0.5177035331726074,0.3243313729763031,0.22075100243091583,0.5067759156227112,0.33332011103630066,-0.18356184661388397,0.5113479495048523,0.4284539520740509,0.259400874376297,0.4974919855594635,0.4337560534477234,-0.2738833725452423,0.5230709910392761,0.4817584455013275,0.1299053132534027,0.5317252278327942,0.47454673051834106,-0.2941964268684387,0.5303102731704712,0.5138208866119385,0.11954666674137115,0.5397297143936157,0.49382489919662476,-0.3372611403465271,0.5314089059829712,0.49738091230392456,0.08700306713581085,0.5433348417282104,0.47986629605293274,-0.32585644721984863,0.5310823917388916,0.4848015606403351,0.11259821802377701,0.5402191877365112,0.47533127665519714,-0.2900890111923218,0.5203286409378052,0.5304750800132751,0.13163244724273682,0.5086643695831299,0.5373265147209167,-0.13167907297611237,0.5410121083259583,0.6708329319953918,0.1639280468225479,0.5276378989219666,0.6922443509101868,-0.1642448604106903,0.49882346391677856,0.815873920917511,0.2619955837726593,0.4905054569244385,0.8430849313735962,-0.09749963134527206,0.48428964614868164,0.8341014385223389,0.2647929787635803,0.4759024679660797,0.8634885549545288,-0.09408188611268997,0.5188246369361877,0.8462085723876953,0.21319857239723206,0.5180531740188599,0.8820839524269104,-0.18783147633075714
frame_00523.jpg,0.54561847448349,0.26110538840293884,-0.06520608812570572,0.5386615991592407,0.2481868863105774,-0.04172445088624954,0.537560760974884,0.24746909737586975,-0.04192723333835602,0.5366775393486023,0.24672004580497742,-0.041828352957963943,0.5370162129402161,0.24885481595993042,-0.08301278203725815,0.535033643245697,0.24876271188259125,-0.08333999663591385,0.5333553552627563,0.24871855974197388,-0.08344942331314087,0.5258382558822632,0.249198779463768,0.06343637406826019,0.5234082937240601,0.2524365186691284,-0.1244235634803772,0.540800154209137,0.27340856194496155,-0.021593574434518814,0.5386397838592529,0.27433863282203674,-0.07756663113832474,0.5175368189811707,0.32624420523643494,0.19933831691741943,0.5067059397697449,0.33548060059547424,-0.20885610580444336,0.5124090313911438,0.43248623609542847,0.25128334760665894,0.4975307583808899,0.43645790219306946,-0.29568061232566833,0.5308608412742615,0.4657382667064667,0.1295178234577179,0.5388995409011841,0.47345563769340515,-0.34058326482772827,0.541551947593689,0.48022639751434326,0.12025319039821625,0.5496223568916321,0.4839616119861603,-0.3895208537578583,0.5448470711708069,0.4647483825683594,0.08463133871555328,0.55113685131073,0.4679073989391327,-0.37719079852104187,0.5419443249702454,0.45990514755249023,0.11107201874256134,0.5475683808326721,0.4646453857421875,-0.3369229733943939,0.5198559165000916,0.5307291150093079,0.1318228542804718,0.5086288452148438,0.5361211895942688,-0.13185931742191315,0.5418736338615417,0.6698036193847656,0.18834614753723145,0.527265727519989,0.691358208656311,-0.16479335725307465,0.49887633323669434,0.798446774482727,0.3535084128379822,0.48939260840415955,0.8434137105941772,-0.11143586784601212,0.48440486192703247,0.8126049041748047,0.365776926279068,0.47541946172714233,0.8647034764289856,-0.1089661493897438,0.5183227062225342,0.8364315629005432,0.324573278427124,0.5190081596374512,0.8815608620643616,-0.19547851383686066
frame_00524.jpg,0.5456814169883728,0.25464633107185364,-0.0718844011425972,0.5386738181114197,0.2417205274105072,-0.04974599927663803,0.5375614166259766,0.24120895564556122,-0.04994979500770569,0.5366628170013428,0.24066893756389618,-0.049851998686790466,0.5370816588401794,0.2422313541173935,-0.09103767573833466,0.5351043939590454,0.24220305681228638,-0.09135879576206207,0.5334246754646301,0.2421708106994629,-0.09145987778902054,0.5258511304855347,0.24411091208457947,0.051969923079013824,0.5234137773513794,0.24674907326698303,-0.13529089093208313,0.5412310361862183,0.26750847697257996,-0.029155921190977097,0.5390953421592712,0.2680395841598511,-0.08497311174869537,0.5190635323524475,0.32279282808303833,0.18837454915046692,0.5067633390426636,0.3304639458656311,-0.21698343753814697,0.5123306512832642,0.4290483295917511,0.24986715614795685,0.4975500702857971,0.4340256154537201,-0.2993205785751343,0.5326982140541077,0.4671298861503601,0.12737420201301575,0.5374927520751953,0.47190314531326294,-0.3404783606529236,0.5427350997924805,0.48490145802497864,0.11680123955011368,0.5465381145477295,0.4837457239627838,-0.3894955515861511,0.5459372997283936,0.47298309206962585,0.07859283685684204,0.5496172904968262,0.4687565863132477,-0.3765420913696289,0.5442190170288086,0.46440792083740234,0.10749274492263794,0.5468579530715942,0.4646442234516144,-0.33645546436309814,0.5199821591377258,0.5278646349906921,0.13183924555778503,0.5089457631111145,0.5322017669677734,-0.1318698227405548,0.5432634353637695,0.6624742150306702,0.1830977201461792,0.524093747138977,0.6919134259223938,-0.13964608311653137,0.49834123253822327,0.8031833171844482,0.32822898030281067,0.489518940448761,0.8439822793006897,-0.0841095969080925,0.4844949245452881,0.8089988827705383,0.3367089629173279,0.47549352049827576,0.8675365447998047,-0.08217477053403854,0.5197694301605225,0.8386135697364807,0.27924689650535583,0.5231633186340332,0.8824909925460815,-0.18340741097927094
frame_00525.jpg,0.5456509590148926,0.2393796443939209,-0.04869183152914047,0.5386491417884827,0.2285325825214386,-0.02651834487915039,0.5375316143035889,0.22837404906749725,-0.02667330577969551,0.5366311073303223,0.22815266251564026,-0.02658112905919552,0.537078857421875,0.22889849543571472,-0.06792737543582916,0.5351046919822693,0.2289571911096573,-0.06824564188718796,0.5334047079086304,0.2289172261953354,-0.06832962483167648,0.5259085893630981,0.23287458717823029,0.0775471180677414,0.5233376026153564,0.23525218665599823,-0.11082194745540619,0.5414428114891052,0.25384196639060974,-0.004926140420138836,0.5393825769424438,0.2537727355957031,-0.06104949861764908,0.521864652633667,0.31223610043525696,0.21883933246135712,0.5089306235313416,0.31600797176361084,-0.21145541965961456,0.511534571647644,0.4150804579257965,0.2696952223777771,0.49749237298965454,0.412643700838089,-0.3251325488090515,0.5310987234115601,0.46711763739585876,0.15142421424388885,0.5318568348884583,0.4652140736579895,-0.4010787606239319,0.5393035411834717,0.48668015003204346,0.14234571158885956,0.5450913906097412,0.47993671894073486,-0.45653825998306274,0.5422284603118896,0.4774566888809204,0.10265092551708221,0.5466986894607544,0.4701493978500366,-0.44418826699256897,0.5410447716712952,0.4686509370803833,0.13111157715320587,0.5432075262069702,0.46568188071250916,-0.3984369933605194,0.5199742913246155,0.5184913873672485,0.1375754177570343,0.5088969469070435,0.5189405679702759,-0.1376020908355713,0.5415650606155396,0.6585481762886047,0.1161319762468338,0.5223034620285034,0.6900826692581177,-0.1517724096775055,0.4985411763191223,0.8131502866744995,0.1860223412513733,0.49364176392555237,0.8447478413581848,-0.15800419449806213,0.4849976897239685,0.8344418406486511,0.18695519864559174,0.47853976488113403,0.8703241944313049,-0.16396142542362213,0.5243068933486938,0.8463680744171143,0.10855703055858612,0.5421299934387207,0.8849818706512451,-0.2894623279571533
frame_00526.jpg,0.5441774129867554,0.22491097450256348,-0.09475021809339523,0.538076639175415,0.21449419856071472,-0.0710953027009964,0.5372925996780396,0.21466590464115143,-0.07127007097005844,0.5366109013557434,0.21471600234508514,-0.07117418199777603,0.5357474088668823,0.21480892598628998,-0.11190374940633774,0.5335543751716614,0.21513515710830688,-0.11224888265132904,0.5315727591514587,0.21533608436584473,-0.112369105219841,0.5261123776435852,0.21982607245445251,0.041949089616537094,0.5221109986305237,0.22156143188476562,-0.14369405806064606,0.5411856174468994,0.24020594358444214,-0.04793226346373558,0.5387403964996338,0.23994331061840057,-0.103266142308712,0.5234434604644775,0.298911988735199,0.1951218843460083,0.5089744925498962,0.3045693039894104,-0.2346881628036499,0.5113803744316101,0.39926135540008545,0.2608086168766022,0.4969187378883362,0.4052330553531647,-0.3404807448387146,0.5297873616218567,0.4655095934867859,0.14633777737617493,0.5316363573074341,0.46690085530281067,-0.39434924721717834,0.5384805798530579,0.4891757667064667,0.14130070805549622,0.5437336564064026,0.48052364587783813,-0.4470776915550232,0.5407198667526245,0.47831153869628906,0.10006722062826157,0.544539213180542,0.4722196161746979,-0.4353416860103607,0.539771318435669,0.471734881401062,0.12622025609016418,0.5426987409591675,0.468316912651062,-0.39144134521484375,0.5199785828590393,0.5071039199829102,0.13783898949623108,0.5080955624580383,0.5062357187271118,-0.13788266479969025,0.5425055623054504,0.6410335302352905,0.07918939739465714,0.519612729549408,0.667217493057251,-0.2119816541671753,0.4993053078651428,0.8022426962852478,0.13741564750671387,0.49796828627586365,0.8335743546485901,-0.2375079095363617,0.4847010672092438,0.8295319676399231,0.13806116580963135,0.48312729597091675,0.8646175265312195,-0.24431157112121582,0.5170437097549438,0.8426674604415894,0.06374486535787582,0.5429089069366455,0.8859704732894897,-0.3667183816432953
frame_00527.jpg,0.5440568923950195,0.21380522847175598,-0.11519596725702286,0.5380303859710693,0.20301242172718048,-0.0912727564573288,0.5372838377952576,0.20323596894741058,-0.09144841879606247,0.5365797877311707,0.20340031385421753,-0.09134440869092941,0.5355864763259888,0.20336134731769562,-0.13289165496826172,0.5332797765731812,0.20388473570346832,-0.13319344818592072,0.5311166048049927,0.20431286096572876,-0.1333124339580536,0.5261154174804688,0.20852480828762054,0.02140907570719719,0.5214345455169678,0.210086852312088,-0.16824984550476074,0.541098952293396,0.22985269129276276,-0.06887530535459518,0.5386006832122803,0.2297699898481369,-0.12537549436092377,0.5232880711555481,0.28966233134269714,0.17018435895442963,0.5113729238510132,0.2935973107814789,-0.25897416472435,0.5108238458633423,0.39455440640449524,0.2234145849943161,0.4972095489501953,0.3985522389411926,-0.37782904505729675,0.5271126627922058,0.46794793009757996,0.11112030595541,0.5258296728134155,0.4788872003555298,-0.44016599655151367,0.5297242403030396,0.4957275390625,0.1053890809416771,0.5261204242706299,0.5041383504867554,-0.4961918294429779,0.5357254147529602,0.49526670575141907,0.062416888773441315,0.5311995148658752,0.5037320256233215,-0.4867507815361023,0.5370644927024841,0.48595693707466125,0.09032394737005234,0.5337069034576416,0.49720466136932373,-0.4385277330875397,0.5170318484306335,0.49640920758247375,0.13985435664653778,0.5077935457229614,0.4931749701499939,-0.1398918628692627,0.5431751608848572,0.6292232275009155,0.12604472041130066,0.519684910774231,0.6520817279815674,-0.19043554365634918,0.4991132616996765,0.784993588924408,0.21606230735778809,0.4988579750061035,0.8268666863441467,-0.17757079005241394,0.4851527810096741,0.8006567358970642,0.21672675013542175,0.48620671033859253,0.8568951487541199,-0.18023338913917542,0.5127909183502197,0.8341542482376099,0.09310685098171234,0.5309352278709412,0.8852691054344177,-0.2994531989097595
frame_00528.jpg,0.5443593263626099,0.2091231495141983,-0.09429062157869339,0.5381193161010742,0.19825300574302673,-0.07130707800388336,0.5373028516769409,0.19845466315746307,-0.07149134576320648,0.536571741104126,0.19853466749191284,-0.07136969268321991,0.5358453989028931,0.1984064280986786,-0.11310454457998276,0.5334992408752441,0.19871924817562103,-0.11341042816638947,0.5312491655349731,0.1988862305879593,-0.11352615058422089,0.5261166095733643,0.20443512499332428,0.035056911408901215,0.5214688181877136,0.2056373953819275,-0.15525715053081512,0.5411709547042847,0.22480399906635284,-0.050304196774959564,0.5389224290847778,0.2245364934206009,-0.10697869956493378,0.5227862596511841,0.28561103343963623,0.16968701779842377,0.512292742729187,0.2895607650279999,-0.24678325653076172,0.5092807412147522,0.39206650853157043,0.20790085196495056,0.4963167607784271,0.3905116021633148,-0.35969430208206177,0.5213644504547119,0.4684235453605652,0.08717583119869232,0.5188981890678406,0.47856250405311584,-0.4174232482910156,0.5225919485092163,0.4981421232223511,0.07951335608959198,0.5164257884025574,0.5040839910507202,-0.4711422920227051,0.5291195511817932,0.4994696378707886,0.038253303617239,0.5243102312088013,0.5032026767730713,-0.4605904519557953,0.5318517684936523,0.49274298548698425,0.06675036251544952,0.527397632598877,0.4965170621871948,-0.4150954782962799,0.5170512199401855,0.48761045932769775,0.13942208886146545,0.5076903104782104,0.4847885072231293,-0.13947142660617828,0.5564988851547241,0.6119317412376404,0.1510491669178009,0.5144573450088501,0.6455084085464478,-0.16339507699012756,0.49991393089294434,0.7165514826774597,0.2652972936630249,0.4961971640586853,0.8170812726020813,-0.15148888528347015,0.48517274856567383,0.7282248735427856,0.27146539092063904,0.4854593873023987,0.8395007252693176,-0.15437738597393036,0.5046444535255432,0.78391033411026,0.19635076820850372,0.5227101445198059,0.8657464981079102,-0.280362069606781
frame_00529.jpg,0.5445005297660828,0.21050699055194855,-0.0970061719417572,0.5384252667427063,0.19891150295734406,-0.07443259656429291,0.5376632809638977,0.198830708861351,-0.07462142407894135,0.5370458364486694,0.19865407049655914,-0.07447659969329834,0.5359804630279541,0.1992291659116745,-0.11507072299718857,0.5335604548454285,0.19937627017498016,-0.11537881195545197,0.5312949419021606,0.19936594367027283,-0.1154942512512207,0.526786744594574,0.20529012382030487,0.03198336809873581,0.5215042233467102,0.20681671798229218,-0.15331634879112244,0.5413141250610352,0.2263123095035553,-0.05300468951463699,0.5389624834060669,0.22606632113456726,-0.10815854370594025,0.5226898789405823,0.28583431243896484,0.16362693905830383,0.5124637484550476,0.29024791717529297,-0.23992952704429626,0.5074912309646606,0.39044931530952454,0.20279519259929657,0.4955780506134033,0.3876788318157196,-0.3533689081668854,0.5165575742721558,0.46862807869911194,0.08328064531087875,0.5135265588760376,0.4785309433937073,-0.41298264265060425,0.5162831544876099,0.4980834424495697,0.07515113055706024,0.5094906687736511,0.5039432644844055,-0.4670848846435547,0.522898256778717,0.49949780106544495,0.03493834659457207,0.5181397795677185,0.5040040612220764,-0.45389240980148315,0.5257443189620972,0.4924874007701874,0.06337761133909225,0.5216295123100281,0.4977402091026306,-0.40981754660606384,0.5171343684196472,0.4845126271247864,0.13600635528564453,0.5077534914016724,0.48228636384010315,-0.13604195415973663,0.565332293510437,0.5995563268661499,0.15977106988430023,0.5097652673721313,0.6430661678314209,-0.1428215354681015,0.5027397871017456,0.6762229800224304,0.29010480642318726,0.4942363202571869,0.817375123500824,-0.13039524853229523,0.48523765802383423,0.681504487991333,0.29880446195602417,0.4845242500305176,0.8391172885894775,-0.13295897841453552,0.500306248664856,0.7435170412063599,0.23743955790996552,0.5209131240844727,0.8589386343955994,-0.25975969433784485
frame_00530.jpg,0.5445083379745483,0.21331167221069336,-0.11314044892787933,0.5384193658828735,0.20076094567775726,-0.08920193463563919,0.5376545786857605,0.20072126388549805,-0.08939524739980698,0.5370532870292664,0.20057415962219238,-0.08924642950296402,0.5359905958175659,0.2010933756828308,-0.12984944880008698,0.5335912108421326,0.20136921107769012,-0.13017277419567108,0.5313248634338379,0.20150978863239288,-0.13029703497886658,0.5269384384155273,0.20738302171230316,0.02314772456884384,0.5214239358901978,0.20923113822937012,-0.1613912284374237,0.5414422750473022,0.22864428162574768,-0.06713227927684784,0.5389679074287415,0.22848157584667206,-0.12213468551635742,0.5224156379699707,0.28813162446022034,0.15606281161308289,0.5123623609542847,0.2924991250038147,-0.23845967650413513,0.506957471370697,0.3910822868347168,0.19496910274028778,0.4953792095184326,0.3886330723762512,-0.33522576093673706,0.5156466364860535,0.46860796213150024,0.0619349405169487,0.5135049223899841,0.47850653529167175,-0.3826450705528259,0.5159158110618591,0.4978368580341339,0.051698505878448486,0.5108044743537903,0.5038618445396423,-0.43205004930496216,0.5214139223098755,0.4990529417991638,0.01224463526159525,0.5181993246078491,0.5031567811965942,-0.4239868223667145,0.5235837697982788,0.49178552627563477,0.041971080005168915,0.521040678024292,0.49698910117149353,-0.3803001344203949,0.5172045230865479,0.48539674282073975,0.12925177812576294,0.5077791213989258,0.4831860661506653,-0.12929695844650269,0.5693047046661377,0.5929101705551147,0.14747585356235504,0.508751392364502,0.6334415674209595,-0.14204703271389008,0.500126838684082,0.6499223709106445,0.2798450291156769,0.4940618872642517,0.8155043125152588,-0.11548863351345062,0.48256292939186096,0.6454648375511169,0.2866085171699524,0.4834304451942444,0.8344504833221436,-0.11551002413034439,0.48860612511634827,0.708580732345581,0.22618910670280457,0.5161954164505005,0.8616662621498108,-0.2304612696170807
frame_00531.jpg,0.5437792539596558,0.21873219311237335,-0.06745094060897827,0.5378118753433228,0.20662394165992737,-0.044740770012140274,0.5370339155197144,0.2067006379365921,-0.04493958130478859,0.5364413857460022,0.20669834315776825,-0.04481123015284538,0.5358187556266785,0.20685695111751556,-0.0860341414809227,0.533591091632843,0.2071322500705719,-0.08634428679943085,0.5313616991043091,0.20721116662025452,-0.08647732436656952,0.5267904996871948,0.21230317652225494,0.055961109697818756,0.521640419960022,0.21324951946735382,-0.1311543881893158,0.5408537983894348,0.23168571293354034,-0.025930773466825485,0.5387014150619507,0.23184895515441895,-0.0816829726099968,0.5183342695236206,0.28898319602012634,0.1624414175748825,0.5122997760772705,0.29530468583106995,-0.21120266616344452,0.5050204396247864,0.3914400041103363,0.20484590530395508,0.49542441964149475,0.39063987135887146,-0.300245076417923,0.5119885206222534,0.46887683868408203,0.07492063194513321,0.5142156481742859,0.47849544882774353,-0.3310956358909607,0.5115153789520264,0.4973462224006653,0.06583338975906372,0.512043297290802,0.503678023815155,-0.3740690350532532,0.5159838795661926,0.49884384870529175,0.028820816427469254,0.5199363827705383,0.5022623538970947,-0.36339670419692993,0.5173644423484802,0.49087652564048767,0.056017644703388214,0.5220624208450317,0.49630194902420044,-0.3271633982658386,0.5171195864677429,0.48757344484329224,0.12477336078882217,0.5104029774665833,0.4866548180580139,-0.12484189122915268,0.5695351362228394,0.5891410112380981,0.14214371144771576,0.5095728635787964,0.6368930339813232,-0.14110901951789856,0.49995049834251404,0.6340840458869934,0.2853480875492096,0.4932759404182434,0.8160629272460938,-0.10568426549434662,0.48252519965171814,0.6214764714241028,0.29718053340911865,0.4834253787994385,0.8363038897514343,-0.10352426767349243,0.49101361632347107,0.6910667419433594,0.2651945948600769,0.5087634921073914,0.8633714318275452,-0.19381269812583923
frame_00532.jpg,0.5418254733085632,0.23547601699829102,-0.0018098928267136216,0.536246657371521,0.22368736565113068,0.019995104521512985,0.5354509949684143,0.2236839383840561,0.019777674227952957,0.53482985496521,0.2236291915178299,0.019878337159752846,0.5349939465522766,0.22354954481124878,-0.018123898655176163,0.5332536101341248,0.22347909212112427,-0.018391968682408333,0.5313577055931091,0.22327545285224915,-0.01851828768849373,0.5263929963111877,0.22736859321594238,0.11361230909824371,0.5222131013870239,0.22676807641983032,-0.061412058770656586,0.5389770865440369,0.24669568240642548,0.03641274943947792,0.5375605225563049,0.24647299945354462,-0.015836553648114204,0.5127050280570984,0.29594653844833374,0.19601628184318542,0.5115485191345215,0.29655495285987854,-0.15213540196418762,0.5020599365234375,0.40007659792900085,0.1993158906698227,0.49958258867263794,0.36737945675849915,-0.30377668142318726,0.5109370946884155,0.47298094630241394,0.05559718608856201,0.5062552690505981,0.43366292119026184,-0.45047131180763245,0.5110999941825867,0.49744707345962524,0.04232628270983696,0.5072993040084839,0.4548465609550476,-0.5075217485427856,0.5148326754570007,0.49820461869239807,0.008653915487229824,0.5090904831886292,0.45441004633903503,-0.494328111410141,0.5156769156455994,0.4901934564113617,0.037608686834573746,0.5096723437309265,0.4484604001045227,-0.44947537779808044,0.5128898620605469,0.49699559807777405,0.11578260362148285,0.5161995887756348,0.4975866675376892,-0.11586097627878189,0.5356014966964722,0.6198321580886841,0.17003726959228516,0.5241890549659729,0.6381986737251282,-0.1563301533460617,0.4946880340576172,0.6776641011238098,0.3344467878341675,0.49219146370887756,0.8174360394477844,-0.14663131535053253,0.48265165090560913,0.6777914762496948,0.34695491194725037,0.4848455786705017,0.8366657495498657,-0.1473316252231598,0.4891974925994873,0.7177515029907227,0.3136593699455261,0.501865029335022,0.8593174815177917,-0.21828553080558777
