image_name,x_0,y_0,z_0,x_1,y_1,z_1,x_2,y_2,z_2,x_3,y_3,z_3,x_4,y_4,z_4,x_5,y_5,z_5,x_6,y_6,z_6,x_7,y_7,z_7,x_8,y_8,z_8,x_9,y_9,z_9,x_10,y_10,z_10,x_11,y_11,z_11,x_12,y_12,z_12,x_13,y_13,z_13,x_14,y_14,z_14,x_15,y_15,z_15,x_16,y_16,z_16,x_17,y_17,z_17,x_18,y_18,z_18,x_19,y_19,z_19,x_20,y_20,z_20,x_21,y_21,z_21,x_22,y_22,z_22,x_23,y_23,z_23,x_24,y_24,z_24,x_25,y_25,z_25,x_26,y_26,z_26,x_27,y_27,z_27,x_28,y_28,z_28,x_29,y_29,z_29,x_30,y_30,z_30,x_31,y_31,z_31,x_32,y_32,z_32
frame_00000.jpg,0.0,0.0,0.0,0.0,0.0,0.0,0.0,0.0,0.0,0.0,0.0,0.0,0.0,0.0,0.0,0.0,0.0,0.0,0.0,0.0,0.0,0.0,0.0,0.0,0.0,0.0,0.0,0.0,0.0,0.0,0.0,0.0,0.0,0.0,0.0,0.0,0.0,0.0,0.0,0.0,0.0,0.0,0.0,0.0,0.0,0.0,0.0,0.0,0.0,0.0,0.0,0.0,0.0,0.0,0.0,0.0,0.0,0.0,0.0,0.0,0.0,0.0,0.0,0.0,0.0,0.0,0.0,0.0,0.0,0.0,0.0,0.0,0.0,0.0,0.0,0.0,0.0,0.0,0.0,0.0,0.0,0.0,0.0,0.0,0.0,0.0,0.0,0.0,0.0,0.0,0.0,0.0,0.0,0.0,0.0,0.0,0.0,0.0,0.0
frame_00001.jpg,0.5720709562301636,0.19624677300453186,0.08175159245729446,0.5749361515045166,0.18525415658950806,0.044528067111968994,0.5735503435134888,0.18532857298851013,0.04431461915373802,0.57182377576828,0.18549147248268127,0.04435208812355995,0.5810818672180176,0.1893799901008606,0.06497707217931747,0.5838673710823059,0.19206193089485168,0.06462033092975616,0.5869311690330505,0.19496279954910278,0.06451944261789322,0.5684714317321777,0.19782117009162903,-0.07563301920890808,0.589590311050415,0.2110360711812973,0.016845282167196274,0.5662296414375305,0.21151810884475708,0.049368370324373245,0.5723438858985901,0.21770912408828735,0.07375455647706985,0.5191646218299866,0.2553344666957855,-0.16213159263134003,0.5884267687797546,0.31193697452545166,0.08143789321184158,0.46941858530044556,0.17766132950782776,-0.09780628979206085,0.5997797250747681,0.35946643352508545,0.25676897168159485,0.5006996393203735,0.14061778783798218,0.10301949083805084,0.5948343276977539,0.2970160245895386,0.466712087392807,0.4993372857570648,0.1352999210357666,0.11772878468036652,0.5962856411933899,0.2883596420288086,0.5037500262260437,0.5087956190109253,0.1391708254814148,0.11405129730701447,0.5935484766960144,0.2781789004802704,0.4909934401512146,0.5087651610374451,0.1443968415260315,0.1083359494805336,0.5909360647201538,0.27796390652656555,0.464948832988739,0.4387592673301697,0.49068835377693176,-0.07790626585483551,0.49243634939193726,0.5162950158119202,0.07774263620376587,0.3515806198120117,0.6058614253997803,-0.014580217190086842,0.4850838780403137,0.6489957571029663,0.08841651678085327,0.3117752969264984,0.7585437297821045,0.020637352019548416,0.48587363958358765,0.8222066760063171,0.0987362414598465,0.3179016709327698,0.7862161993980408,0.023527519777417183,0.48623815178871155,0.8477734327316284,0.10068132728338242,0.27301111817359924,0.7813697457313538,-0.01098768599331379,0.46680203080177307,0.8412205576896667,0.08465201407670975
frame_00002.jpg,0.5729118585586548,0.19627319276332855,0.049287136644124985,0.5756811499595642,0.18559522926807404,0.015448689460754395,0.5741812586784363,0.185552179813385,0.015212120488286018,0.572380781173706,0.18556039035320282,0.01524322759360075,0.5820289850234985,0.19026511907577515,0.0300814900547266,0.5849035382270813,0.19321180880069733,0.029724786058068275,0.5880637168884277,0.19617003202438354,0.029641669243574142,0.5684383511543274,0.19783082604408264,-0.08853333443403244,0.5897383093833923,0.21198144555091858,-0.020994847640395164,0.5667149424552917,0.2115212231874466,0.023100927472114563,0.5727858543395996,0.217715322971344,0.04010379686951637,0.5170221924781799,0.25543853640556335,-0.16340284049510956,0.5854093432426453,0.3113260269165039,0.06008300930261612,0.46963486075401306,0.17760875821113586,-0.09825924783945084,0.5923447608947754,0.3470059931278229,0.24305188655853271,0.5042851567268372,0.14005286991596222,0.08358361572027206,0.5972387790679932,0.2942022979259491,0.45367273688316345,0.5063635110855103,0.1327195018529892,0.09087434411048889,0.604709804058075,0.28770050406455994,0.48469671607017517,0.5161150693893433,0.13649635016918182,0.08457939326763153,0.598580539226532,0.27804020047187805,0.46888279914855957,0.5141819715499878,0.14347703754901886,0.08657359331846237,0.5927996635437012,0.2774084508419037,0.4502321779727936,0.4369257986545563,0.49187222123146057,-0.07460568845272064,0.48797568678855896,0.5156897902488708,0.0744534581899643,0.352922260761261,0.6062179207801819,0.018323760479688644,0.48494333028793335,0.6489511728286743,0.09223820269107819,0.3115432560443878,0.7592380046844482,0.09286641329526901,0.4824735224246979,0.8221849203109741,0.14202538132667542,0.3153720498085022,0.7864420413970947,0.09800077974796295,0.4799627661705017,0.8479529619216919,0.14792397618293762,0.27158641815185547,0.7825997471809387,0.04723622277379036,0.4668184816837311,0.8422954082489014,0.12340061366558075
frame_00003.jpg,0.5739892721176147,0.1974656730890274,0.08023735880851746,0.5761981010437012,0.18711921572685242,0.04640001803636551,0.5745976567268372,0.18714070320129395,0.046181052923202515,0.5727002024650574,0.1871521919965744,0.046230707317590714,0.5826396942138672,0.19141456484794617,0.05809325724840164,0.5855709910392761,0.19430726766586304,0.05775365233421326,0.588827908039093,0.19711466133594513,0.05765853077173233,0.5684020519256592,0.19918635487556458,-0.06364617496728897,0.590643584728241,0.21312440931797028,-0.019524846225976944,0.5675839185714722,0.21283088624477386,0.051501043140888214,0.5740016102790833,0.2189316600561142,0.06421952694654465,0.5160893201828003,0.2564477324485779,-0.14554381370544434,0.5903430581092834,0.3161377012729645,0.05157049372792244,0.4682433009147644,0.18033285439014435,-0.08218809217214584,0.6082327961921692,0.38134774565696716,0.18922482430934906,0.5047330856323242,0.13995324075222015,0.08745633810758591,0.6040765047073364,0.31658685207366943,0.3622376620769501,0.5065880417823792,0.13012216985225677,0.09747305512428284,0.6074859499931335,0.3068961799144745,0.3881022334098816,0.5180989503860474,0.13317017257213593,0.09230833500623703,0.6024254560470581,0.29448091983795166,0.37501198053359985,0.5157792568206787,0.14209869503974915,0.09134142845869064,0.5990277528762817,0.2941271662712097,0.35918599367141724,0.437075138092041,0.4930163323879242,-0.066351518034935,0.48812276124954224,0.5157269835472107,0.06618849188089371,0.35320574045181274,0.6065765619277954,0.03037840686738491,0.4836011826992035,0.6473206281661987,0.07361092418432236,0.31046849489212036,0.760327935218811,0.08103463798761368,0.4822917580604553,0.8221862316131592,0.1072685718536377,0.3119211494922638,0.7880118489265442,0.08485467731952667,0.47945070266723633,0.8482770919799805,0.11145540326833725,0.2699861228466034,0.7824864983558655,0.044453203678131104,0.4676741659641266,0.8434592485427856,0.08551154285669327
frame_00004.jpg,0.5730518698692322,0.20043866336345673,0.12984459102153778,0.5746956467628479,0.18970799446105957,0.09570889919996262,0.5728260278701782,0.18939822912216187,0.0955030545592308,0.5706148147583008,0.1890549659729004,0.09555573016405106,0.5817127823829651,0.19408217072486877,0.10022175312042236,0.5848530530929565,0.19678395986557007,0.099875308573246,0.5882799625396729,0.1993592530488968,0.09975193440914154,0.5654606223106384,0.19996662437915802,-0.019723577424883842,0.5902390480041504,0.21480458974838257,-0.018481921404600143,0.5665081739425659,0.21460074186325073,0.09947679936885834,0.5734115839004517,0.22015365958213806,0.10283797979354858,0.5113682150840759,0.25646480917930603,-0.07809711992740631,0.5915520191192627,0.32174983620643616,0.008467087522149086,0.4652504026889801,0.1833777129650116,0.031024355441331863,0.6144306063652039,0.4072209596633911,0.09808714687824249,0.5035715699195862,0.14199183881282806,0.23125198483467102,0.6120520234107971,0.32760000228881836,0.25831931829452515,0.5064611434936523,0.13269570469856262,0.25671860575675964,0.6144198179244995,0.3181013762950897,0.2782709002494812,0.5174657702445984,0.13431306183338165,0.24546627700328827,0.6075767278671265,0.3036804795265198,0.27224627137184143,0.5154954791069031,0.14399011433124542,0.23339703679084778,0.6053727269172668,0.3050381541252136,0.25827327370643616,0.43552452325820923,0.4962754249572754,-0.03330578655004501,0.48825764656066895,0.5183950066566467,0.03307285159826279,0.3531242311000824,0.6097130179405212,0.05452913045883179,0.48223477602005005,0.6484583616256714,0.04424178600311279,0.3088858723640442,0.7624841928482056,0.07570599764585495,0.48021331429481506,0.823820948600769,0.06710229814052582,0.30828502774238586,0.7906809449195862,0.07730341702699661,0.4765377640724182,0.8497947454452515,0.0704864040017128,0.26737987995147705,0.7824784517288208,0.04336680471897125,0.46889886260032654,0.8448687791824341,0.05563506484031677
frame_00005.jpg,0.5705608129501343,0.20034398138523102,0.1383567899465561,0.5728067755699158,0.18965213000774384,0.10284547507762909,0.5709441900253296,0.18933770060539246,0.10264106839895248,0.5687291026115417,0.18899479508399963,0.10269631445407867,0.579804003238678,0.19403314590454102,0.11043472588062286,0.5830431580543518,0.19674958288669586,0.11008214950561523,0.5865281820297241,0.19935442507266998,0.10995421558618546,0.5635961890220642,0.19993482530117035,-0.017415186390280724,0.5889365077018738,0.21487750113010406,0.005014781840145588,0.5636798143386841,0.21456770598888397,0.10606447607278824,0.5706769227981567,0.2200421690940857,0.11347950994968414,0.5101134181022644,0.2563612163066864,-0.08327125012874603,0.5917590856552124,0.3238079845905304,0.016569925472140312,0.4634118676185608,0.18486928939819336,0.010669386014342308,0.616933286190033,0.4122339189052582,0.11225174367427826,0.5032320618629456,0.14406250417232513,0.20294809341430664,0.6095935702323914,0.3352615237236023,0.27528029680252075,0.5060528516769409,0.13510538637638092,0.22607505321502686,0.6122643947601318,0.3295120894908905,0.2975965142250061,0.5169817209243774,0.13629858195781708,0.2163509875535965,0.6060408353805542,0.3145385682582855,0.2903253436088562,0.5150758624076843,0.145403191447258,0.20547091960906982,0.6037517189979553,0.3157574534416199,0.2747958302497864,0.43529534339904785,0.49685347080230713,-0.034538306295871735,0.4890018403530121,0.5187253952026367,0.03430823236703873,0.35348984599113464,0.6104261875152588,0.057938236743211746,0.48199430108070374,0.6486085057258606,0.046140044927597046,0.30837252736091614,0.7633999586105347,0.07504891604185104,0.48039698600769043,0.8247408270835876,0.06445087492465973,0.3076050579547882,0.791694700717926,0.07619349658489227,0.4770011007785797,0.8507582545280457,0.06754034757614136,0.26560795307159424,0.7806206941604614,0.04340655356645584,0.46938928961753845,0.8452473878860474,0.05396341159939766
frame_00006.jpg,0.5700574517250061,0.20031513273715973,0.1265251338481903,0.5720512270927429,0.18961311876773834,0.0915207713842392,0.5700865983963013,0.18926271796226501,0.09131484478712082,0.5677952766418457,0.1887950599193573,0.0913730338215828,0.5792447328567505,0.1939568817615509,0.09949258714914322,0.5825017094612122,0.19667614996433258,0.0991409569978714,0.5860205888748169,0.1992989182472229,0.09901799261569977,0.5621358156204224,0.19942472875118256,-0.024944385513663292,0.5881291627883911,0.2148418128490448,0.004583972971886396,0.5629972815513611,0.21436841785907745,0.09566940367221832,0.5702177286148071,0.2196519821882248,0.10373791307210922,0.5084619522094727,0.25604695081710815,-0.08566155284643173,0.5925194025039673,0.32379016280174255,0.0026640319265425205,0.4623095393180847,0.18577462434768677,0.007946062833070755,0.6187012791633606,0.41575783491134644,0.09335324913263321,0.5032395720481873,0.14489367604255676,0.19152560830116272,0.6191827058792114,0.33573296666145325,0.2518695890903473,0.5064412355422974,0.13555273413658142,0.2134234607219696,0.6238732933998108,0.3287177085876465,0.2711049020290375,0.5181333422660828,0.13704799115657806,0.20319564640522003,0.6172341108322144,0.3130115270614624,0.26462429761886597,0.5156887769699097,0.14601440727710724,0.19362060725688934,0.6152251362800598,0.31437355279922485,0.2515481114387512,0.43553632497787476,0.497350811958313,-0.03137153759598732,0.49100828170776367,0.5196147561073303,0.031138399615883827,0.3550829291343689,0.6113178730010986,0.0708666518330574,0.48183465003967285,0.6486817598342896,0.04835522174835205,0.3083353042602539,0.764350175857544,0.0941493883728981,0.48051658272743225,0.8250346779823303,0.0716024711728096,0.30793142318725586,0.7925205230712891,0.09590165317058563,0.4772438406944275,0.8509083986282349,0.0750778391957283,0.26579612493515015,0.7790073752403259,0.06747487932443619,0.4699884057044983,0.8457819819450378,0.0619269423186779
frame_00007.jpg,0.565936267375946,0.19825296103954315,0.11765266954898834,0.5690563917160034,0.18830707669258118,0.08228303492069244,0.5672411918640137,0.1879899501800537,0.0820741206407547,0.5650616884231567,0.1875000149011612,0.08212655782699585,0.5759563446044922,0.19236508011817932,0.09299039095640182,0.579006552696228,0.19488102197647095,0.09263774752616882,0.5823444128036499,0.1973225325345993,0.09252046793699265,0.5598735213279724,0.19836236536502838,-0.03435139358043671,0.5844355225563049,0.21327200531959534,0.00742736691609025,0.5587574243545532,0.2124233841896057,0.08668836206197739,0.5657389760017395,0.21750333905220032,0.09826522320508957,0.5075117349624634,0.2560427784919739,-0.10251948982477188,0.5924938321113586,0.3236314654350281,0.020240213721990585,0.4613622725009918,0.18609841167926788,-0.018044862896203995,0.6182656288146973,0.4104014039039612,0.135403573513031,0.5032132267951965,0.14512135088443756,0.17098169028759003,0.6155979037284851,0.33160820603370667,0.30866724252700806,0.5066401362419128,0.13564230501651764,0.18979762494564056,0.6198004484176636,0.3256051242351532,0.3338557481765747,0.5181448459625244,0.13774500787258148,0.18163353204727173,0.6139366030693054,0.31097766757011414,0.32492759823799133,0.5156983733177185,0.14631372690200806,0.1740608513355255,0.6115118861198425,0.31200110912323,0.3076896071434021,0.4360628128051758,0.49755996465682983,-0.0395033024251461,0.49289506673812866,0.5198624134063721,0.03929472714662552,0.35578325390815735,0.6123549938201904,0.05203590914607048,0.4816015362739563,0.6486846208572388,0.05773331969976425,0.30822262167930603,0.7666682004928589,0.08986716717481613,0.48063182830810547,0.8251866102218628,0.07982854545116425,0.30777475237846375,0.7958275079727173,0.09451676160097122,0.4775009751319885,0.8511639833450317,0.08316341042518616,0.26508817076683044,0.7775862216949463,0.0640273466706276,0.46969538927078247,0.8457570672035217,0.07143920660018921
frame_00008.jpg,0.5663200616836548,0.20325198769569397,0.14223536849021912,0.5693007111549377,0.191518172621727,0.1069081574678421,0.5674775838851929,0.19111484289169312,0.1067073717713356,0.5652750134468079,0.1905815303325653,0.1067584753036499,0.5762189030647278,0.19563786685466766,0.11494960635900497,0.5792716145515442,0.19810713827610016,0.11459735780954361,0.5826030969619751,0.20059505105018616,0.11447781324386597,0.5602078437805176,0.20022039115428925,-0.013009917922317982,0.5845367312431335,0.2159280925989151,0.021173778921365738,0.5592118501663208,0.21663519740104675,0.10993199050426483,0.5659170150756836,0.22163385152816772,0.11811454594135284,0.5080745816230774,0.25817862153053284,-0.08151040971279144,0.5938631296157837,0.32583919167518616,0.021589716896414757,0.46023088693618774,0.18707014620304108,0.005774582736194134,0.6179503798484802,0.4107341468334198,0.11165940761566162,0.5025733709335327,0.14576169848442078,0.18825797736644745,0.6136752367019653,0.33927762508392334,0.2651384472846985,0.5062889456748962,0.135949045419693,0.20945696532726288,0.6186584234237671,0.33367663621902466,0.28639915585517883,0.5179978609085083,0.13878878951072693,0.1996265947818756,0.6123411655426025,0.3191130459308624,0.2781327962875366,0.5155762434005737,0.1469171643257141,0.19041220843791962,0.6112766861915588,0.32020410895347595,0.2639416456222534,0.4371549189090729,0.49879190325737,-0.0353718064725399,0.4962345063686371,0.5235151052474976,0.03514362871646881,0.3570636510848999,0.6143853664398193,0.04680085554718971,0.4819971024990082,0.6518776416778564,0.032453469932079315,0.30838924646377563,0.7672292590141296,0.05500946566462517,0.4806814193725586,0.8283165693283081,0.034496456384658813,0.30787771940231323,0.7961585521697998,0.053979914635419846,0.4776586890220642,0.8528249859809875,0.03594685718417168,0.26478978991508484,0.7774356603622437,0.023371051996946335,0.469719260931015,0.8506228923797607,0.022924846038222313
frame_00009.jpg,0.5664187073707581,0.2087692767381668,0.14423558115959167,0.5695136189460754,0.19560042023658752,0.10821107774972916,0.5676875114440918,0.19509127736091614,0.10800521075725555,0.5654569864273071,0.1945388913154602,0.10805420577526093,0.576350212097168,0.19983555376529694,0.11555808782577515,0.5793501734733582,0.2022155225276947,0.11521253734827042,0.5826593637466431,0.20477882027626038,0.11509215831756592,0.5604552030563354,0.20318005979061127,-0.013406477868556976,0.5850842595100403,0.21927453577518463,0.020148880779743195,0.5594371557235718,0.22146987915039062,0.11160427331924438,0.5668257474899292,0.22662433981895447,0.11890365928411484,0.5082048177719116,0.25977835059165955,-0.08011112362146378,0.5946917533874512,0.3288281559944153,0.013758884742856026,0.46037355065345764,0.1873161643743515,0.009583472274243832,0.6192423701286316,0.4153074622154236,0.08855674415826797,0.5025704503059387,0.14608770608901978,0.19268681108951569,0.6147387623786926,0.3380166292190552,0.22961564362049103,0.506116509437561,0.1360214352607727,0.21445932984352112,0.6198569536209106,0.33206602931022644,0.24766448140144348,0.5177100896835327,0.13928085565567017,0.20385530591011047,0.6127835512161255,0.3173769414424896,0.24055513739585876,0.5154050588607788,0.1472339630126953,0.1945061981678009,0.6114920377731323,0.31878605484962463,0.22848424315452576,0.4376259446144104,0.5008777379989624,-0.032987844198942184,0.49764513969421387,0.5263620018959045,0.032753437757492065,0.35735875368118286,0.6170512437820435,0.050200123339891434,0.4838782846927643,0.6543076038360596,0.04000036418437958,0.30833011865615845,0.7684549689292908,0.054105013608932495,0.48097196221351624,0.8294822573661804,0.04768825322389603,0.3081018328666687,0.7967948913574219,0.05304218456149101,0.47804802656173706,0.8538020253181458,0.04958413541316986,0.2601800560951233,0.7774679660797119,0.0213608518242836,0.47003960609436035,0.8532088994979858,0.036470718681812286
frame_00010.jpg,0.5708173513412476,0.21304865181446075,0.14903856813907623,0.5714693069458008,0.19959865510463715,0.11348704993724823,0.5692786574363708,0.1989143192768097,0.11328299343585968,0.566780149936676,0.19829653203487396,0.11332996189594269,0.5790619254112244,0.20409728586673737,0.11839592456817627,0.5822585821151733,0.20656615495681763,0.118048295378685,0.5857354998588562,0.2091394066810608,0.11793790012598038,0.5607657432556152,0.2056649625301361,-0.006981794722378254,0.5884627103805542,0.22333663702011108,0.01951446942985058,0.5633755922317505,0.2247534692287445,0.11688466370105743,0.5718604326248169,0.23043860495090485,0.12105071544647217,0.5086432695388794,0.26015737652778625,-0.07027586549520493,0.5958681106567383,0.3289095461368561,0.008304877206683159,0.46049538254737854,0.1889229416847229,0.030666012316942215,0.623163104057312,0.41057050228118896,0.09043823927640915,0.5032027363777161,0.14634160697460175,0.22179719805717468,0.6183258891105652,0.3366132080554962,0.24508075416088104,0.5082662105560303,0.13607412576675415,0.24594175815582275,0.6215482950210571,0.3275507390499115,0.265419602394104,0.5191854238510132,0.13936927914619446,0.23377621173858643,0.6145819425582886,0.3116001486778259,0.2587788701057434,0.517001211643219,0.14751872420310974,0.22303923964500427,0.6128856539726257,0.31432709097862244,0.2445228397846222,0.43920525908470154,0.5021041035652161,-0.028398439288139343,0.4998432695865631,0.5289754867553711,0.028163587674498558,0.3579838275909424,0.6182070374488831,0.04649002104997635,0.4851900637149811,0.6542284488677979,0.03600363805890083,0.3083382248878479,0.7697418928146362,0.024614863097667694,0.4811611771583557,0.829329252243042,0.028553564101457596,0.30828338861465454,0.7974199652671814,0.02162838540971279,0.478179395198822,0.853763222694397,0.02869226038455963,0.26079389452934265,0.7801420092582703,-0.010933208279311657,0.47222989797592163,0.8530714511871338,0.014944629743695259
frame_00011.jpg,0.5766509771347046,0.2178826630115509,0.20233170688152313,0.5754939317703247,0.20415711402893066,0.16553565859794617,0.5728880167007446,0.2031722068786621,0.16533136367797852,0.5700820684432983,0.2022586613893509,0.16534678637981415,0.5838931798934937,0.20915089547634125,0.16863735020160675,0.5872626900672913,0.21165652573108673,0.16831699013710022,0.5909630656242371,0.21426139771938324,0.16821327805519104,0.5627220869064331,0.20891813933849335,0.03328608721494675,0.5935940146446228,0.22820588946342468,0.04699914529919624,0.5684581995010376,0.2283649891614914,0.16553114354610443,0.577633798122406,0.23474325239658356,0.16735050082206726,0.5098335146903992,0.2608945071697235,-0.0434841550886631,0.5979828834533691,0.3317826986312866,0.01286135334521532,0.4605185091495514,0.19231268763542175,0.04356062039732933,0.6191952228546143,0.42587339878082275,0.03992200642824173,0.5031498670578003,0.14665932953357697,0.21717610955238342,0.6072496175765991,0.3608406186103821,0.1363126039505005,0.5080901384353638,0.1359822303056717,0.23936860263347626,0.6056742072105408,0.3575606048107147,0.1472846418619156,0.5189092755317688,0.13944603502750397,0.22789621353149414,0.5982192158699036,0.3400799632072449,0.14182767271995544,0.5168098211288452,0.14767250418663025,0.21830756962299347,0.5980088114738464,0.34165656566619873,0.134599506855011,0.4398289620876312,0.5056749582290649,-0.017406366765499115,0.5006920099258423,0.533578634262085,0.01714804768562317,0.358833372592926,0.622943103313446,0.05781298875808716,0.4853156507015228,0.6543932557106018,0.012514089234173298,0.3083556592464447,0.7716261148452759,0.030291547998785973,0.4828011989593506,0.8295242786407471,0.0006301390822045505,0.3082128167152405,0.799557089805603,0.02688571810722351,0.47829538583755493,0.8537781834602356,0.00027222256176173687,0.2600935101509094,0.780073344707489,-0.0029231312219053507,0.4732151925563812,0.8527422547340393,-0.007498729974031448
frame_00012.jpg,0.5777562260627747,0.21607248485088348,0.21336039900779724,0.5761640667915344,0.2028469741344452,0.1763673573732376,0.5734974145889282,0.20195403695106506,0.17615823447704315,0.5706721544265747,0.20110027492046356,0.17615464329719543,0.584812343120575,0.20769158005714417,0.18167755007743835,0.5882095098495483,0.21016548573970795,0.18134967982769012,0.5918750166893005,0.21272502839565277,0.18122945725917816,0.5631197094917297,0.2083459496498108,0.04204266518354416,0.5944536328315735,0.2269642949104309,0.06491546332836151,0.5698181986808777,0.22727534174919128,0.17525522410869598,0.5786773562431335,0.2333129197359085,0.17994579672813416,0.511631190776825,0.260956346988678,-0.0431935116648674,0.6003934144973755,0.3316676914691925,0.020613253116607666,0.46052226424217224,0.1947212815284729,0.03537122532725334,0.6113450527191162,0.44266626238822937,0.04556785896420479,0.5031339526176453,0.1472897231578827,0.2062739133834839,0.5923731923103333,0.39444682002067566,0.12150342762470245,0.507908046245575,0.13622330129146576,0.22776643931865692,0.5876419544219971,0.38204720616340637,0.13274820148944855,0.5187791585922241,0.14002346992492676,0.2174687683582306,0.5797726511955261,0.3628937602043152,0.12399701774120331,0.5167523622512817,0.14827974140644073,0.2078690081834793,0.5811117887496948,0.36405041813850403,0.11817775666713715,0.44558992981910706,0.5067563652992249,-0.020044371485710144,0.5061830878257751,0.535986065864563,0.019770236685872078,0.3601911664009094,0.6167276501655579,0.06116976588964462,0.4890308380126953,0.6546695828437805,0.0016381122404709458,0.3122120201587677,0.7711349129676819,0.025433246046304703,0.48542046546936035,0.8300093412399292,-0.027075383812189102,0.3143441677093506,0.7979180216789246,0.020869934931397438,0.47938793897628784,0.8537734746932983,-0.02883199229836464,0.26785823702812195,0.7797738313674927,0.0007029984844848514,0.4731222093105316,0.8521165251731873,-0.02932031825184822
frame_00013.jpg,0.5765708684921265,0.21501272916793823,0.19888174533843994,0.5750871896743774,0.20174621045589447,0.16107194125652313,0.5725791454315186,0.20125851035118103,0.1608772575855255,0.5698693990707397,0.2007754147052765,0.16088569164276123,0.5837185978889465,0.20505274832248688,0.1709170639514923,0.5871308445930481,0.20680023729801178,0.170556902885437,0.5906821489334106,0.20848360657691956,0.17041125893592834,0.5631023645401001,0.20823515951633453,0.027990248054265976,0.5934559106826782,0.22212687134742737,0.07194658368825912,0.5690750479698181,0.22720836102962494,0.16146215796470642,0.577998697757721,0.2314397245645523,0.1721171736717224,0.5140402913093567,0.2614792287349701,-0.05766909196972847,0.6031354665756226,0.3314414322376251,0.048483967781066895,0.4602428376674652,0.19638530910015106,0.03247658908367157,0.6102415919303894,0.450735479593277,0.0768229216337204,0.5031149983406067,0.1475686877965927,0.1756855696439743,0.5893985629081726,0.4042516350746155,0.20200836658477783,0.5076760053634644,0.13622739911079407,0.19538508355617523,0.5836548209190369,0.3927450478076935,0.21948961913585663,0.5186639428138733,0.14015880227088928,0.18685267865657806,0.5749021768569946,0.374580979347229,0.21218761801719666,0.5165165662765503,0.14835931360721588,0.17763520777225494,0.5766266584396362,0.37523987889289856,0.20041732490062714,0.44973984360694885,0.510774552822113,-0.027027780190110207,0.5091613531112671,0.5408856868743896,0.026664558798074722,0.36002317070961,0.6067466139793396,0.04188794642686844,0.4930999279022217,0.6571459174156189,0.006132558453828096,0.3223739266395569,0.7706031799316406,0.0034462555777281523,0.4855598509311676,0.8305206298828125,-0.004257255233824253,0.32707712054252625,0.797766387462616,1.859559051808901e-05,0.4814383387565613,0.8548427224159241,-0.006372903939336538,0.2766456604003906,0.776795506477356,-0.011083845980465412,0.47229552268981934,0.8519266247749329,-0.005474904086440802
frame_00014.jpg,0.5596059560775757,0.20852859318256378,0.18228264153003693,0.5628884434700012,0.19661091268062592,0.1446535289287567,0.5612256526947021,0.19668929278850555,0.14445726573467255,0.559360921382904,0.1968574821949005,0.14447635412216187,0.5707191228866577,0.1981503665447235,0.1601531207561493,0.5738286375999451,0.19902832806110382,0.15977197885513306,0.5770784616470337,0.20005056262016296,0.15962892770767212,0.5576738715171814,0.20477686822414398,0.016002796590328217,0.5819393396377563,0.21191363036632538,0.09762413054704666,0.5539188981056213,0.2222403734922409,0.1465936303138733,0.5609849691390991,0.22488228976726532,0.16563746333122253,0.5167839527130127,0.26173287630081177,-0.06704673171043396,0.6023216247558594,0.32633256912231445,0.11862698942422867,0.4602983593940735,0.1963653713464737,-0.01185549795627594,0.6093190908432007,0.4397245943546295,0.22950664162635803,0.5048779249191284,0.14771026372909546,0.17536215484142303,0.5856101512908936,0.39728057384490967,0.37616971135139465,0.5103582143783569,0.13624578714370728,0.19576331973075867,0.5789855718612671,0.39034101366996765,0.40984106063842773,0.5200538039207458,0.1413150131702423,0.18791918456554413,0.5704672336578369,0.3757777512073517,0.3936850130558014,0.5177054405212402,0.14880649745464325,0.17817851901054382,0.5722455382347107,0.37525755167007446,0.37215346097946167,0.45591363310813904,0.5111292600631714,-0.06005561351776123,0.5155491828918457,0.5428444743156433,0.05975687503814697,0.3561595678329468,0.5989446640014648,0.01856599561870098,0.4968856871128082,0.6596478223800659,0.04525012522935867,0.3338247835636139,0.7666478753089905,-0.008709443733096123,0.4849548935890198,0.8305017352104187,-0.0046342215500772,0.3410337567329407,0.7950401306152344,-0.010619081556797028,0.48164790868759155,0.8549725413322449,-0.009052282199263573,0.29602962732315063,0.7715056538581848,-0.016293315216898918,0.4677101969718933,0.8516018986701965,-0.00791470892727375
frame_00015.jpg,0.5416964888572693,0.2065865844488144,0.1502934843301773,0.5467278957366943,0.1942407786846161,0.11055117845535278,0.5456808805465698,0.19426503777503967,0.11035887151956558,0.5444351434707642,0.1944306492805481,0.11036281287670135,0.5548217296600342,0.1954456865787506,0.14210721850395203,0.5583256483078003,0.1960473358631134,0.14169782400131226,0.561369001865387,0.19664901494979858,0.14156486093997955,0.5486313700675964,0.20135220885276794,-0.018794843927025795,0.5704174637794495,0.2068982869386673,0.09116929769515991,0.5391948223114014,0.22067707777023315,0.11408035457134247,0.545485258102417,0.22262395918369293,0.1574128121137619,0.5170277953147888,0.26269227266311646,-0.10738217830657959,0.6021829843521118,0.3146155774593353,0.13776299357414246,0.4603126049041748,0.19597768783569336,-0.058790285140275955,0.6091206669807434,0.42598390579223633,0.30215969681739807,0.5082958936691284,0.14853821694850922,0.15477684140205383,0.5788819193840027,0.3844558894634247,0.49235445261001587,0.5169485807418823,0.13819369673728943,0.1741293966770172,0.5727993249893188,0.37829768657684326,0.5352513790130615,0.5226027369499207,0.14382314682006836,0.17229120433330536,0.5645561814308167,0.36586061120033264,0.5163613557815552,0.5211569666862488,0.15082021057605743,0.1607702225446701,0.5656667351722717,0.36533597111701965,0.48803672194480896,0.4604533314704895,0.5124127864837646,-0.07628066837787628,0.5208021998405457,0.5441933274269104,0.07597270607948303,0.34793606400489807,0.5863602161407471,0.005077380686998367,0.49897462129592896,0.66120845079422,0.12691350281238556,0.3498374819755554,0.756454348564148,0.0065290010534226894,0.4848450720310211,0.8297488689422607,0.07107055187225342,0.36109504103660583,0.7854869961738586,0.0035640173591673374,0.4816155433654785,0.8542457222938538,0.06656032055616379,0.31380361318588257,0.7692974805831909,0.020119037479162216,0.4641232490539551,0.8490955233573914,0.0757882222533226
frame_00016.jpg,0.5357893705368042,0.20654577016830444,0.14138884842395782,0.5386367440223694,0.19389179348945618,0.09914111346006393,0.5374470949172974,0.19390419125556946,0.09895498305559158,0.5360985994338989,0.19408957660198212,0.09895278513431549,0.5464637279510498,0.1944682002067566,0.13004310429096222,0.5503694415092468,0.19464430212974548,0.12966756522655487,0.5542386174201965,0.19489359855651855,0.12963226437568665,0.5398276448249817,0.20043572783470154,-0.042874716222286224,0.5635086297988892,0.20369257032871246,0.07761801779270172,0.5331060886383057,0.2205330729484558,0.10121117532253265,0.5402995347976685,0.2216978818178177,0.14307913184165955,0.5168578028678894,0.2628769874572754,-0.1332736611366272,0.6018266677856445,0.29794493317604065,0.14027228951454163,0.46063750982284546,0.19566093385219574,-0.07238896191120148,0.6038545966148376,0.2605505883693695,0.31550899147987366,0.5111962556838989,0.15017324686050415,0.15997295081615448,0.5807308554649353,0.2092306911945343,0.5157011151313782,0.5204904079437256,0.1403154581785202,0.1794174611568451,0.5756029486656189,0.18936903774738312,0.5585013031959534,0.5261518955230713,0.14707142114639282,0.17582489550113678,0.5686155557632446,0.1876733899116516,0.5407665967941284,0.5230963230133057,0.15297172963619232,0.16510382294654846,0.5684553384780884,0.19420495629310608,0.5106858611106873,0.4630905091762543,0.5143190026283264,-0.09063848853111267,0.5192252993583679,0.5449395775794983,0.09031596779823303,0.3461689352989197,0.571001410484314,-0.023047562688589096,0.5018185973167419,0.66892009973526,0.1521400511264801,0.37303510308265686,0.7282002568244934,0.008169876411557198,0.4844171404838562,0.8303311467170715,0.0585254542529583,0.3926299214363098,0.7576407194137573,0.009440923109650612,0.4785141348838806,0.8539180755615234,0.05397418141365051,0.3414039611816406,0.7620810270309448,0.03139660507440567,0.4600789546966553,0.8506770730018616,0.05494332313537598
frame_00017.jpg,0.5320969223976135,0.20755289494991302,0.1441437304019928,0.5342375040054321,0.19406528770923615,0.1025683730840683,0.5333429574966431,0.19400262832641602,0.10237525403499603,0.5321669578552246,0.19409243762493134,0.10237105190753937,0.5409179329872131,0.1945602297782898,0.13003917038440704,0.545028567314148,0.1948447823524475,0.12966950237751007,0.5489417910575867,0.1950886994600296,0.1296297162771225,0.5366529822349548,0.2002571076154709,-0.03875243663787842,0.558735191822052,0.2029293179512024,0.07613144814968109,0.5307897329330444,0.22149798274040222,0.10486191511154175,0.5378137230873108,0.22201095521450043,0.14209780097007751,0.5165073871612549,0.2628081440925598,-0.12937238812446594,0.6016573905944824,0.29462650418281555,0.12362642586231232,0.46073728799819946,0.19543413817882538,-0.08001430332660675,0.6201379299163818,0.3161918818950653,0.26968878507614136,0.5113701820373535,0.1511273831129074,0.133993461728096,0.5836477279663086,0.21639224886894226,0.4622722566127777,0.5198479890823364,0.14055180549621582,0.15380385518074036,0.5843756198883057,0.2030039280653,0.5041661262512207,0.5260204672813416,0.14752011001110077,0.15306667983531952,0.5729759335517883,0.19490617513656616,0.4906834661960602,0.5227770805358887,0.1534760296344757,0.14016029238700867,0.5722841620445251,0.20199112594127655,0.45899587869644165,0.4652279317378998,0.514746904373169,-0.0861763060092926,0.5203806161880493,0.5453011393547058,0.08581948280334473,0.3434697985649109,0.5600005984306335,-0.017022572457790375,0.5047743320465088,0.6796733140945435,0.15408524870872498,0.38421064615249634,0.7011347413063049,0.011857646517455578,0.48551779985427856,0.8356385827064514,0.052820831537246704,0.4062410891056061,0.7256423830986023,0.012765820138156414,0.4798278212547302,0.8580153584480286,0.03680533915758133,0.35285311937332153,0.7432495951652527,0.06281162798404694,0.4607202410697937,0.854553759098053,0.05084293335676193
frame_00018.jpg,0.528170645236969,0.21131891012191772,0.15785667300224304,0.5310141444206238,0.19613268971443176,0.1165105327963829,0.5304704308509827,0.19585782289505005,0.11631394922733307,0.530001699924469,0.1956682950258255,0.11626239120960236,0.5360312461853027,0.1958431452512741,0.14739081263542175,0.5396360754966736,0.19541703164577484,0.14702504873275757,0.5431958436965942,0.19532181322574615,0.14698411524295807,0.5358418822288513,0.2006732076406479,-0.03207919001579285,0.554504930973053,0.20245155692100525,0.10594631731510162,0.5282766819000244,0.22474931180477142,0.11597198247909546,0.533380389213562,0.22440817952156067,0.15495571494102478,0.5161789655685425,0.26265090703964233,-0.11898710578680038,0.6014760732650757,0.2854772210121155,0.16694842278957367,0.4606352746486664,0.19532090425491333,-0.05969805270433426,0.6102499961853027,0.24112413823604584,0.34832528233528137,0.511001706123352,0.15127675235271454,0.20546762645244598,0.5834219455718994,0.19452661275863647,0.5616812705993652,0.5195435285568237,0.14057159423828125,0.22962720692157745,0.5829954743385315,0.1801023781299591,0.6087925434112549,0.5260450839996338,0.14776213467121124,0.22698533535003662,0.5741990208625793,0.18000760674476624,0.5918650031089783,0.5226558446884155,0.153709277510643,0.21184062957763672,0.5736774206161499,0.18863998353481293,0.5572851896286011,0.4701956808567047,0.5148401856422424,-0.0921570286154747,0.525297999382019,0.5447052717208862,0.09174558520317078,0.34435147047042847,0.5445864796638489,-0.04217683896422386,0.5036885142326355,0.6769628524780273,0.1515151560306549,0.3857467770576477,0.6827437281608582,-0.030911505222320557,0.48548802733421326,0.8352338075637817,0.024082912132143974,0.40567904710769653,0.7010672688484192,-0.028297722339630127,0.4800439774990082,0.8573744297027588,0.008584463968873024,0.3540816903114319,0.73037189245224,0.016472985967993736,0.46078911423683167,0.8548845052719116,0.013898690231144428
frame_00019.jpg,0.5305476784706116,0.2131923884153366,0.1414743959903717,0.5320917367935181,0.19746878743171692,0.09846878796815872,0.5310214161872864,0.19696615636348724,0.09824672341346741,0.5299206972122192,0.19651812314987183,0.09816937148571014,0.5384858846664429,0.19715768098831177,0.12296607345342636,0.5416196584701538,0.19625084102153778,0.12261982262134552,0.5450395345687866,0.1954769343137741,0.12257044017314911,0.5319039821624756,0.20084793865680695,-0.04624685272574425,0.5548847913742065,0.2030373364686966,0.062453486025333405,0.5288540124893188,0.22594377398490906,0.10046486556529999,0.5355135798454285,0.22576479613780975,0.1304958164691925,0.5104714035987854,0.2622956931591034,-0.12981471419334412,0.6010648608207703,0.2843724191188812,0.14283296465873718,0.4614381790161133,0.19440977275371552,-0.0688357800245285,0.6066219806671143,0.23843704164028168,0.290915310382843,0.5109583139419556,0.15127773582935333,0.17448028922080994,0.5823584794998169,0.19380062818527222,0.515506386756897,0.5194357633590698,0.1405165195465088,0.19470930099487305,0.5816168785095215,0.17905400693416595,0.5611826777458191,0.5257867574691772,0.1477905958890915,0.19423896074295044,0.5739129185676575,0.18214307725429535,0.5428749918937683,0.5226892232894897,0.15412476658821106,0.18062180280685425,0.573265790939331,0.1902797818183899,0.5110788345336914,0.4689810276031494,0.517059862613678,-0.0838935524225235,0.5268956422805786,0.5452948212623596,0.08350419998168945,0.34457895159721375,0.5335060954093933,0.0071700988337397575,0.509309709072113,0.6811255216598511,0.1665498912334442,0.40500372648239136,0.6647694706916809,0.05686258152127266,0.48786115646362305,0.8369764685630798,0.039395928382873535,0.4265557825565338,0.6737890839576721,0.0637100487947464,0.4814448356628418,0.8587532639503479,0.023394431918859482,0.3894248306751251,0.7145448923110962,0.12334327399730682,0.45972388982772827,0.859770655632019,0.038397517055273056
frame_00020.jpg,0.5262448191642761,0.2150178998708725,0.1319478303194046,0.5263564586639404,0.19926325976848602,0.09023895859718323,0.5247860550880432,0.1986551731824875,0.0900164544582367,0.5232822299003601,0.19803299009799957,0.08994714170694351,0.5343283414840698,0.19878166913986206,0.11256898939609528,0.5381666421890259,0.19757337868213654,0.11222237348556519,0.5424330234527588,0.19618944823741913,0.11218155920505524,0.5254315137863159,0.2014312893152237,-0.045425895601511,0.5520142316818237,0.2035694271326065,0.054975319653749466,0.5242327451705933,0.2276870310306549,0.09446722269058228,0.5321982502937317,0.22724291682243347,0.12148331105709076,0.5045527219772339,0.2622300088405609,-0.12333609163761139,0.6008842587471008,0.28136852383613586,0.1249413713812828,0.4617806375026703,0.19378429651260376,-0.049991630017757416,0.6013162732124329,0.22282832860946655,0.2748899757862091,0.5114945769309998,0.15119539201259613,0.20228096842765808,0.5786876082420349,0.17573989927768707,0.47662872076034546,0.5208884477615356,0.13973329961299896,0.22261932492256165,0.5755990743637085,0.15822234749794006,0.5163265466690063,0.5265682935714722,0.14746762812137604,0.21719340980052948,0.5690618753433228,0.1631932407617569,0.497234970331192,0.5234934687614441,0.15396817028522491,0.20646873116493225,0.568561851978302,0.17110824584960938,0.47097882628440857,0.4691498279571533,0.5172253251075745,-0.07993799448013306,0.5274786353111267,0.5461730360984802,0.07955426722764969,0.34359681606292725,0.5160154104232788,0.05233839154243469,0.5085428357124329,0.6796747446060181,0.21077363193035126,0.42347264289855957,0.6360570788383484,0.15640884637832642,0.4868084490299225,0.8366352319717407,0.11242969334125519,0.4440091550350189,0.6465338468551636,0.16955965757369995,0.48072800040245056,0.8609131574630737,0.10333104431629181,0.4071279466152191,0.6765653491020203,0.25354698300361633,0.46010762453079224,0.8594780564308167,0.12817774713039398
frame_00021.jpg,0.5261837244033813,0.2147882878780365,0.11986483633518219,0.525583028793335,0.19913561642169952,0.07749374210834503,0.5236799716949463,0.19856537878513336,0.07726135104894638,0.5218896269798279,0.19796521961688995,0.07719270884990692,0.5347846746444702,0.19871476292610168,0.09935121238231659,0.5387696623802185,0.19749778509140015,0.09900067001581192,0.5430432558059692,0.1962183564901352,0.09895523637533188,0.5236947536468506,0.2012474238872528,-0.05818602442741394,0.5516185760498047,0.2031392902135849,0.04097487032413483,0.5240062475204468,0.22770315408706665,0.08255640417337418,0.5327697396278381,0.22744379937648773,0.1090133786201477,0.5025182962417603,0.26313793659210205,-0.13428576290607452,0.5993672013282776,0.27935177087783813,0.12294696271419525,0.46178990602493286,0.19408641755580902,-0.05795364826917648,0.5981403589248657,0.21476198732852936,0.2688070237636566,0.5087893605232239,0.15015260875225067,0.19043144583702087,0.5778216123580933,0.16376465559005737,0.47451943159103394,0.5161702632904053,0.13602803647518158,0.20391027629375458,0.5735084414482117,0.14717981219291687,0.5155178308486938,0.5219244360923767,0.14350168406963348,0.20104265213012695,0.5683205127716064,0.15169821679592133,0.49611425399780273,0.5194491147994995,0.15040336549282074,0.19469520449638367,0.5679977536201477,0.16009068489074707,0.4688844680786133,0.46883660554885864,0.5209777355194092,-0.08133792132139206,0.5270513296127319,0.548266589641571,0.08089271932840347,0.3428804278373718,0.5171148777008057,0.0464707687497139,0.5080285668373108,0.6788866519927979,0.25222569704055786,0.433159738779068,0.6269539594650269,0.1151542216539383,0.4808107018470764,0.8363504409790039,0.16505154967308044,0.4551023840904236,0.6325929760932922,0.1268155872821808,0.4742443561553955,0.8606192469596863,0.1570824235677719,0.4244540333747864,0.6685264110565186,0.20083510875701904,0.45820730924606323,0.8590407967567444,0.17746929824352264
frame_00022.jpg,0.5253564119338989,0.21452099084854126,0.1178385391831398,0.5243871808052063,0.19895176589488983,0.07580044865608215,0.5222930312156677,0.1983724981546402,0.07556577771902084,0.5202798247337341,0.1978110373020172,0.07548981159925461,0.5343955755233765,0.19818708300590515,0.09680728614330292,0.5386898517608643,0.19689980149269104,0.09643536806106567,0.5429296493530273,0.19559864699840546,0.09636258333921432,0.522396445274353,0.2011568248271942,-0.05850593000650406,0.5511549115180969,0.20202693343162537,0.03665866702795029,0.5229953527450562,0.22760412096977234,0.08076564967632294,0.5325984358787537,0.2274036407470703,0.10610755532979965,0.49951082468032837,0.26431041955947876,-0.13524745404720306,0.5988706946372986,0.2780689597129822,0.11272859573364258,0.4617474675178528,0.1940581500530243,-0.06170585751533508,0.6036612391471863,0.21596895158290863,0.2613564133644104,0.5038851499557495,0.1488231122493744,0.18837033212184906,0.5776687264442444,0.15483863651752472,0.4599263668060303,0.5100611448287964,0.13167472183704376,0.20192153751850128,0.5748029351234436,0.1369703859090805,0.5005382299423218,0.5159878134727478,0.13892865180969238,0.20039662718772888,0.569332480430603,0.1409658044576645,0.48225894570350647,0.5139195322990417,0.14662057161331177,0.19360090792179108,0.5686386823654175,0.14857007563114166,0.45477360486984253,0.4681786894798279,0.5250946879386902,-0.08290119469165802,0.5266304016113281,0.5521249175071716,0.08242477476596832,0.34203168749809265,0.5191055536270142,-0.00807064026594162,0.5071438550949097,0.677644670009613,0.21796941757202148,0.4449760317802429,0.6286788582801819,0.0009484710171818733,0.4780961573123932,0.8361438512802124,0.0980982631444931,0.4664126932621002,0.6270322799682617,0.005250358488410711,0.47155046463012695,0.8612530827522278,0.07324830442667007,0.4380679130554199,0.6742268204689026,0.08576995134353638,0.4557856023311615,0.8617228269577026,0.09307830035686493
frame_00023.jpg,0.520641565322876,0.21432390809059143,0.1493833363056183,0.5202189683914185,0.19891439378261566,0.10801635682582855,0.5184120535850525,0.19830772280693054,0.10779507458209991,0.5167004466056824,0.19771946966648102,0.10769758373498917,0.5299149751663208,0.19780917465686798,0.12942536175251007,0.5342209339141846,0.19649694859981537,0.12904462218284607,0.5388965010643005,0.19517876207828522,0.12897703051567078,0.5196906328201294,0.20125530660152435,-0.02845974825322628,0.5480135083198547,0.20134878158569336,0.06773082166910172,0.5186194181442261,0.22775334119796753,0.11066196858882904,0.5282448530197144,0.22740070521831512,0.13645155727863312,0.49693426489830017,0.2666606903076172,-0.11519692838191986,0.5965455770492554,0.2774396240711212,0.1262785643339157,0.4607457220554352,0.19634614884853363,-0.03657608479261398,0.5967568159103394,0.21325960755348206,0.2812577188014984,0.5016480684280396,0.1490480899810791,0.22566649317741394,0.5761399269104004,0.15972401201725006,0.48731380701065063,0.5080515146255493,0.13199438154697418,0.24939057230949402,0.5735985636711121,0.14030297100543976,0.5323401689529419,0.5134704113006592,0.13881739974021912,0.24669775366783142,0.5680292844772339,0.14458659291267395,0.5132141709327698,0.51224285364151,0.14674896001815796,0.23101806640625,0.5668976902961731,0.15365634858608246,0.4818035960197449,0.4696274399757385,0.5277525782585144,-0.08532582968473434,0.5295159220695496,0.5545333027839661,0.08482798933982849,0.3405379354953766,0.5237297415733337,-0.04495735093951225,0.5016949772834778,0.6734327673912048,0.20141789317131042,0.4492732584476471,0.6248034834861755,-0.11354032903909683,0.47527995705604553,0.835448682308197,-0.05748748779296875,0.47046130895614624,0.6261996626853943,-0.11722781509160995,0.4685482382774353,0.8616721630096436,-0.08029032498598099,0.4511886537075043,0.6804035305976868,-0.05039243772625923,0.43924570083618164,0.8751005530357361,-0.07268466055393219
frame_00024.jpg,0.5226691365242004,0.21363602578639984,0.1535567194223404,0.5204790234565735,0.1978939175605774,0.11134824901819229,0.5177528858184814,0.19737005233764648,0.11112166941165924,0.5152057409286499,0.19690760970115662,0.11102640628814697,0.531758725643158,0.19642356038093567,0.13037291169166565,0.5363779664039612,0.19498831033706665,0.12998932600021362,0.5410641431808472,0.19352439045906067,0.12992139160633087,0.5155276656150818,0.20050281286239624,-0.025875668972730637,0.5494242906570435,0.1994197964668274,0.06407048553228378,0.5190182328224182,0.22751139104366302,0.11532701551914215,0.5299406051635742,0.22665682435035706,0.13772538304328918,0.49018964171409607,0.2665807902812958,-0.10783682018518448,0.5955168008804321,0.2744291424751282,0.12003038823604584,0.46100282669067383,0.1930750161409378,-0.004654362332075834,0.5931594371795654,0.2075062096118927,0.272298663854599,0.501920759677887,0.14884284138679504,0.27134788036346436,0.5759342312812805,0.16063953936100006,0.47198304533958435,0.5084725618362427,0.13109317421913147,0.29955166578292847,0.5723209381103516,0.13776816427707672,0.5130455493927002,0.5135535001754761,0.13752058148384094,0.2930886149406433,0.5666054487228394,0.14332599937915802,0.4954894185066223,0.5123146772384644,0.14574092626571655,0.2757013440132141,0.5652424693107605,0.15253005921840668,0.46744972467422485,0.4691300392150879,0.5317478179931641,-0.0842905342578888,0.5304340720176697,0.556709885597229,0.0838179886341095,0.3401026129722595,0.5251126885414124,-0.007028759922832251,0.5016890168190002,0.666181743144989,0.19000303745269775,0.44740739464759827,0.6314630508422852,-0.03742295503616333,0.47573980689048767,0.8310324549674988,-0.018495377153158188,0.46910786628723145,0.6346250176429749,-0.034283120185136795,0.46956807374954224,0.8612517714500427,-0.03768446668982506,0.4400237202644348,0.6832982301712036,0.02492852509021759,0.44379502534866333,0.8672771453857422,-0.026162579655647278
frame_00025.jpg,0.5206725597381592,0.2149335741996765,0.15395453572273254,0.5176253318786621,0.1985625922679901,0.11127553135156631,0.5145628452301025,0.1980564147233963,0.11105097830295563,0.5118314027786255,0.19759763777256012,0.11096533387899399,0.5295091271400452,0.19706544280052185,0.13215196132659912,0.5341862440109253,0.19557099044322968,0.13177187740802765,0.5388941764831543,0.1939505934715271,0.1317182034254074,0.5124289393424988,0.2014591544866562,-0.026510972529649734,0.5472146272659302,0.19963058829307556,0.0679854080080986,0.5169771909713745,0.22944198548793793,0.11503815650939941,0.5280780792236328,0.2281341403722763,0.1399870663881302,0.4905727803707123,0.2686619162559509,-0.10881221294403076,0.5930421948432922,0.2769332230091095,0.12950168550014496,0.4592604637145996,0.19586911797523499,-0.009870531037449837,0.5880389213562012,0.21606497466564178,0.29096609354019165,0.5007570385932922,0.15109501779079437,0.26616451144218445,0.5746643543243408,0.16791090369224548,0.48252254724502563,0.5082866549491882,0.13310298323631287,0.29122307896614075,0.5701984167098999,0.14563241600990295,0.5218700170516968,0.5140953660011292,0.1394348293542862,0.2857494354248047,0.5651475191116333,0.14960047602653503,0.504197895526886,0.5124479532241821,0.14808610081672668,0.2712141275405884,0.5635734796524048,0.15980911254882812,0.4769832491874695,0.4687284827232361,0.5381823778152466,-0.08676128089427948,0.5295791625976562,0.5641292929649353,0.08633352071046829,0.3392634093761444,0.5292648077011108,-0.0018092070240527391,0.501690685749054,0.6946387887001038,0.19274207949638367,0.442648321390152,0.6349983215332031,0.03239446133375168,0.4745872914791107,0.8537578582763672,-0.016892744228243828,0.46174368262290955,0.6352320313453674,0.04052591323852539,0.4673146605491638,0.8878986239433289,-0.021838825196027756,0.4379654824733734,0.6801990866661072,0.12907090783119202,0.4458756446838379,0.8882485628128052,-0.010937281884253025
frame_00026.jpg,0.5203506350517273,0.2152717411518097,0.18469932675361633,0.5170238614082336,0.19877812266349792,0.14108464121818542,0.5139117240905762,0.19827312231063843,0.14085152745246887,0.511145830154419,0.19781382381916046,0.14075155556201935,0.5291801691055298,0.19731034338474274,0.16329273581504822,0.5338414311408997,0.195815771818161,0.16291269659996033,0.5385162830352783,0.19413204491138458,0.16284434497356415,0.5125861167907715,0.201984703540802,-0.006672026123851538,0.5473236441612244,0.19979074597358704,0.09270648658275604,0.5169285535812378,0.2299032360315323,0.14189301431179047,0.5288785696029663,0.2287486344575882,0.16851547360420227,0.49192896485328674,0.27253463864326477,-0.10162752866744995,0.5915514826774597,0.27841269969940186,0.14203152060508728,0.4576089382171631,0.200249582529068,0.004582948517054319,0.5878576636314392,0.21757464110851288,0.30071714520454407,0.5009058117866516,0.15564697980880737,0.302438884973526,0.5731989741325378,0.1715906709432602,0.5040071606636047,0.5109943151473999,0.13788919150829315,0.33469539880752563,0.568147599697113,0.14974580705165863,0.5487543344497681,0.5187230706214905,0.14433501660823822,0.3287208676338196,0.5627873539924622,0.15409894287586212,0.5312955379486084,0.5164588689804077,0.15387457609176636,0.30798983573913574,0.5619814395904541,0.164287269115448,0.4987885057926178,0.46835342049598694,0.5403375625610352,-0.08820965141057968,0.5292036533355713,0.5651901960372925,0.0877513587474823,0.3390694260597229,0.5320470333099365,-0.027987727895379066,0.4956595003604889,0.6739866137504578,0.18495044112205505,0.4477360248565674,0.6400334239006042,-0.07833641767501831,0.474343866109848,0.8442164063453674,-0.04131494462490082,0.46699315309524536,0.6383382081985474,-0.07961679250001907,0.4678182601928711,0.8865898251533508,-0.06165308505296707,0.4534034729003906,0.6981542706489563,-0.008573385886847973,0.44068965315818787,0.8853493928909302,-0.052816420793533325
frame_00027.jpg,0.521111011505127,0.21523721516132355,0.21013744175434113,0.5170745253562927,0.19866114854812622,0.16731464862823486,0.5134093165397644,0.19820265471935272,0.16706255078315735,0.5100723505020142,0.19778704643249512,0.16696134209632874,0.530191957950592,0.1971721351146698,0.18794132769107819,0.5349123477935791,0.19578143954277039,0.18756282329559326,0.5395766496658325,0.19422751665115356,0.18748541176319122,0.509730875492096,0.20214740931987762,0.017744600772857666,0.5481002330780029,0.20004187524318695,0.1097918152809143,0.5166786909103394,0.22979211807250977,0.16652551293373108,0.529813826084137,0.2287285029888153,0.19099649786949158,0.48894229531288147,0.2745577394962311,-0.08258165419101715,0.5909436345100403,0.27927878499031067,0.1527930200099945,0.4572356343269348,0.2027222365140915,0.03699550777673721,0.5873922109603882,0.2188674956560135,0.3102734088897705,0.5011900067329407,0.15864591300487518,0.3505679666996002,0.570960283279419,0.1725296527147293,0.5170327425003052,0.5119659900665283,0.1411302089691162,0.3874431550502777,0.5644752979278564,0.15119856595993042,0.5616486072540283,0.5200427770614624,0.1471288651227951,0.38109490275382996,0.5604022741317749,0.15577970445156097,0.5467613339424133,0.5176929831504822,0.15677788853645325,0.3565804362297058,0.559947669506073,0.16537633538246155,0.5128011107444763,0.46810370683670044,0.5431340932846069,-0.08820264786481857,0.5294157266616821,0.5665990710258484,0.0877392441034317,0.3392413556575775,0.5372835993766785,0.008634136989712715,0.4857177138328552,0.6451174020767212,0.20603346824645996,0.44362109899520874,0.6442130208015442,-0.05805475637316704,0.47629743814468384,0.8141371607780457,-0.010216565802693367,0.4723665118217468,0.677749752998352,-0.05253011733293533,0.46831974387168884,0.8596858978271484,-0.027756502851843834,0.4443373680114746,0.7276063561439514,0.0443061925470829,0.4467768669128418,0.867257297039032,-0.016913969069719315
frame_00028.jpg,0.5208653807640076,0.21512974798679352,0.20222321152687073,0.5164316296577454,0.19861862063407898,0.15153947472572327,0.5127164125442505,0.19816040992736816,0.1512199342250824,0.509311318397522,0.19775407016277313,0.1510431319475174,0.5297417044639587,0.19718998670578003,0.17526434361934662,0.5344968438148499,0.1958591341972351,0.17482373118400574,0.5391781330108643,0.19439835846424103,0.1747003048658371,0.5087792873382568,0.2025560438632965,-0.010385336354374886,0.5477783679962158,0.20027747750282288,0.0888042002916336,0.51630699634552,0.2297968864440918,0.1496461182832718,0.5301034450531006,0.22898834943771362,0.1776800900697708,0.48827067017555237,0.27754679322242737,-0.10809828341007233,0.5907084941864014,0.28273141384124756,0.13798412680625916,0.4569520354270935,0.2068958431482315,0.03224252164363861,0.5855106711387634,0.22373037040233612,0.295881062746048,0.5012375116348267,0.16079550981521606,0.2938268482685089,0.5699555277824402,0.1732807457447052,0.5036753416061401,0.5132717490196228,0.14312440156936646,0.32366442680358887,0.5637626051902771,0.15267013013362885,0.5509041547775269,0.5204699635505676,0.14867383241653442,0.317836731672287,0.5590695142745972,0.15692225098609924,0.533161997795105,0.5183400511741638,0.1584247201681137,0.299083411693573,0.5589942336082458,0.1660332828760147,0.497286856174469,0.46620360016822815,0.5481112599372864,-0.08824988454580307,0.5291153192520142,0.5726633667945862,0.08778924494981766,0.33752596378326416,0.5414407253265381,0.006548943929374218,0.4871344566345215,0.6490519642829895,0.2108915150165558,0.442793071269989,0.6439383029937744,-0.028540413826704025,0.4720713198184967,0.8206743001937866,-0.002448536455631256,0.4653187692165375,0.6526027321815491,-0.024752110242843628,0.4678800702095032,0.859760582447052,-0.016326190903782845,0.44511762261390686,0.720831573009491,0.04914550855755806,0.446835458278656,0.8778197765350342,-0.012360180728137493
frame_00029.jpg,0.5215781927108765,0.214881032705307,0.17485830187797546,0.5176225900650024,0.19853784143924713,0.1275198757648468,0.5139943361282349,0.1981273591518402,0.12722325325012207,0.5105767250061035,0.19772715866565704,0.12706391513347626,0.5304852724075317,0.19719086587429047,0.1488731950521469,0.5351576209068298,0.19596362113952637,0.14845392107963562,0.5397886633872986,0.19480681419372559,0.1483277678489685,0.5092037916183472,0.2032293975353241,-0.02733999863266945,0.5482789874076843,0.20154526829719543,0.0656944140791893,0.5171593427658081,0.22981397807598114,0.12658099830150604,0.530447244644165,0.22923119366168976,0.15186302363872528,0.48752203583717346,0.2844714820384979,-0.12234016507863998,0.5885388851165771,0.2868744730949402,0.11729897558689117,0.4551669657230377,0.2143077552318573,-0.007846862077713013,0.582926869392395,0.22694239020347595,0.286358118057251,0.5010100603103638,0.16590754687786102,0.2785411477088928,0.5674247741699219,0.1749829351902008,0.49408847093582153,0.5104910135269165,0.1474313586950302,0.3055461645126343,0.5599446892738342,0.15483123064041138,0.5394576787948608,0.5181366801261902,0.15234364569187164,0.29984456300735474,0.5560423731803894,0.1590823084115982,0.5222969055175781,0.5168189406394958,0.16264203190803528,0.283088356256485,0.5557900667190552,0.16779671609401703,0.4889064431190491,0.4647989869117737,0.5541993975639343,-0.08781655877828598,0.526811957359314,0.5778108239173889,0.0873546451330185,0.3365545868873596,0.5475925803184509,-0.025311177596449852,0.49196505546569824,0.6763935685157776,0.20628242194652557,0.4431440830230713,0.6457379460334778,-0.07846815139055252,0.47652584314346313,0.8292801380157471,0.0032918937504291534,0.46466881036758423,0.6512113213539124,-0.0794125348329544,0.4643884599208832,0.8655904531478882,-0.0129495058208704,0.4495839476585388,0.7215717434883118,-0.009955210611224174,0.4463183283805847,0.8916696310043335,-0.0036521274596452713
frame_00030.jpg,0.5220801830291748,0.2122165560722351,0.12960274517536163,0.518108069896698,0.19722817838191986,0.08582726120948792,0.5144851803779602,0.19715647399425507,0.08554860949516296,0.5110554099082947,0.19710269570350647,0.08544476330280304,0.5309005975723267,0.19635224342346191,0.10635846853256226,0.5355256199836731,0.19567541778087616,0.10596130788326263,0.5401291847229004,0.19483420252799988,0.1058572381734848,0.5094075202941895,0.20323310792446136,-0.05956786125898361,0.5485439300537109,0.20167027413845062,0.0329192690551281,0.5176929831504822,0.22913311421871185,0.08739648759365082,0.5307572484016418,0.22883495688438416,0.11203356087207794,0.4878237247467041,0.2875349223613739,-0.15178391337394714,0.5863105058670044,0.28904595971107483,0.09124737977981567,0.4548724591732025,0.21807511150836945,-0.06199859827756882,0.5799477696418762,0.22784145176410675,0.258537232875824,0.5010154843330383,0.16835623979568481,0.20515675842761993,0.5633596181869507,0.1756468117237091,0.48388776183128357,0.5089588761329651,0.1483851969242096,0.22875156998634338,0.5571655035018921,0.15580052137374878,0.5318136811256409,0.5168117880821228,0.1529688835144043,0.22590215504169464,0.5539138913154602,0.1598917692899704,0.512691855430603,0.5157550573348999,0.16350997984409332,0.21066196262836456,0.5532046556472778,0.16830472648143768,0.4786163866519928,0.4647909104824066,0.5556812882423401,-0.09035085141658783,0.5258525013923645,0.5787807106971741,0.08987437188625336,0.336090087890625,0.5535902380943298,-0.022379152476787567,0.4895816445350647,0.6828902363777161,0.24804849922657013,0.4449160695075989,0.6464952230453491,-0.0472041554749012,0.4766228199005127,0.8407611846923828,0.08685477823019028,0.4654684066772461,0.6490076184272766,-0.04595291242003441,0.46058717370033264,0.8743131160736084,0.07197333872318268,0.4497016370296478,0.7134819030761719,0.01765579730272293,0.4373524785041809,0.8962275981903076,0.09154587984085083
frame_00031.jpg,0.5223595499992371,0.21245688199996948,0.08366426825523376,0.5184968113899231,0.1976441740989685,0.03946590796113014,0.5149544477462769,0.19769354164600372,0.039202623069286346,0.5115929841995239,0.1978292465209961,0.03913097828626633,0.5310590267181396,0.1968756765127182,0.059962593019008636,0.5356069207191467,0.19650998711585999,0.05958513170480728,0.5401327610015869,0.19603052735328674,0.059504490345716476,0.5099825859069824,0.20520715415477753,-0.09967997670173645,0.5485923290252686,0.2036634385585785,-0.006361222360283136,0.5180548429489136,0.2304704636335373,0.045781463384628296,0.5309686064720154,0.22987264394760132,0.07041614502668381,0.4882567524909973,0.2902575731277466,-0.17522291839122772,0.5856992602348328,0.29375237226486206,0.0654936283826828,0.45469266176223755,0.2210100144147873,-0.08817052096128464,0.5784679055213928,0.2285832017660141,0.24480049312114716,0.5011504888534546,0.16941876709461212,0.1533174216747284,0.5623953938484192,0.17606249451637268,0.4692285656929016,0.5090154409408569,0.14851370453834534,0.16901449859142303,0.5566891431808472,0.15662413835525513,0.5095325708389282,0.5169012546539307,0.15315678715705872,0.16381900012493134,0.5538104772567749,0.16014470160007477,0.4895164370536804,0.5157703757286072,0.16380204260349274,0.15719053149223328,0.5529530048370361,0.16848938167095184,0.46336787939071655,0.4642302095890045,0.557735800743103,-0.09001300483942032,0.5246136784553528,0.5822439789772034,0.08955949544906616,0.3349221646785736,0.5567142963409424,0.04739246517419815,0.4904019832611084,0.735327422618866,0.2796054482460022,0.44280996918678284,0.6454015970230103,0.18550950288772583,0.4725819230079651,0.8849561214447021,0.21274550259113312,0.4630182385444641,0.6475210189819336,0.202599436044693,0.46173882484436035,0.9080234169960022,0.20725874602794647,0.4446778893470764,0.6829787492752075,0.29601794481277466,0.4308488368988037,0.9224432706832886,0.23337295651435852
frame_00032.jpg,0.5225394368171692,0.2129906713962555,0.08427411317825317,0.5187766551971436,0.19851167500019073,0.04110093042254448,0.5153539180755615,0.1987411081790924,0.040843695402145386,0.5120469331741333,0.1990436166524887,0.04077056795358658,0.5312184691429138,0.19766856729984283,0.06215231865644455,0.5358000993728638,0.19748467206954956,0.061770617961883545,0.5403278470039368,0.19713973999023438,0.06168436259031296,0.5103990435600281,0.20721693336963654,-0.09635789692401886,0.5487611889839172,0.2049153596162796,-0.0009429942583665252,0.5181121230125427,0.231986865401268,0.04656505957245827,0.5310333967208862,0.23107974231243134,0.07184849679470062,0.48866549134254456,0.29194340109825134,-0.17705105245113373,0.5858713388442993,0.2993759512901306,0.07131708413362503,0.4535143971443176,0.22428251802921295,-0.09355004131793976,0.578525960445404,0.2350272238254547,0.24569456279277802,0.5008224248886108,0.1730060875415802,0.14795976877212524,0.5631300210952759,0.17701455950737,0.45566853880882263,0.5083821415901184,0.15068544447422028,0.1634528636932373,0.5576697587966919,0.15766464173793793,0.4922434687614441,0.5164406895637512,0.1553211659193039,0.1581185907125473,0.5547369718551636,0.16106030344963074,0.4731282591819763,0.5150807499885559,0.16625240445137024,0.15175360441207886,0.5539554953575134,0.16939093172550201,0.4494568407535553,0.464855819940567,0.5603258609771729,-0.09172479808330536,0.5256483554840088,0.5847941637039185,0.09132102876901627,0.33537977933883667,0.5584174990653992,0.061944592744112015,0.49085718393325806,0.7406644821166992,0.26205646991729736,0.441301167011261,0.6508952975273132,0.18421155214309692,0.4728391766548157,0.8911626935005188,0.17142191529273987,0.46158427000045776,0.6541645526885986,0.19966092705726624,0.4633661210536957,0.9181301593780518,0.16374662518501282,0.4437285363674164,0.6876646876335144,0.2957206070423126,0.43214303255081177,0.9235897064208984,0.19167375564575195
frame_00033.jpg,0.5255306959152222,0.2158736139535904,0.08906394988298416,0.5206137299537659,0.20152169466018677,0.04623302072286606,0.5162729024887085,0.20208114385604858,0.04595810920000076,0.5122759342193604,0.20264855027198792,0.045879561454057693,0.5339227914810181,0.20031781494617462,0.062218230217695236,0.5384618043899536,0.2002849578857422,0.061829499900341034,0.5430256128311157,0.2000347226858139,0.06172819063067436,0.5107036828994751,0.2114705592393875,-0.08950673043727875,0.5516003966331482,0.20856879651546478,-0.018105708062648773,0.5201558470726013,0.2363942712545395,0.05226265639066696,0.5339733958244324,0.23525021970272064,0.0709083154797554,0.4868757128715515,0.29452845454216003,-0.16279380023479462,0.5865801572799683,0.30359145998954773,0.04854888468980789,0.45334944128990173,0.22697047889232635,-0.0867721289396286,0.5782968401908875,0.24247309565544128,0.2184818983078003,0.4992848038673401,0.1736704558134079,0.15940804779529572,0.5613558888435364,0.17770925164222717,0.4296328127384186,0.5066088438034058,0.1502833217382431,0.1872803419828415,0.5570322275161743,0.15660320222377777,0.46562638878822327,0.5130191445350647,0.15492357313632965,0.18697425723075867,0.5538747310638428,0.16031388938426971,0.4489520192146301,0.5129499435424805,0.1659163385629654,0.16860118508338928,0.5527973175048828,0.16938363015651703,0.4247174859046936,0.4671352803707123,0.5650354623794556,-0.08589602261781693,0.5328220129013062,0.5880883932113647,0.08550155907869339,0.33935296535491943,0.5594797730445862,0.09076758474111557,0.49544042348861694,0.7238562703132629,0.2517746686935425,0.44051164388656616,0.6533822417259216,0.1874927580356598,0.47355085611343384,0.8825013041496277,0.1485636979341507,0.4608374238014221,0.6567261815071106,0.20022058486938477,0.46634641289711,0.9102044701576233,0.1397940069437027,0.43781161308288574,0.6938378214836121,0.2888959050178528,0.4336628019809723,0.9147195219993591,0.1666506975889206
frame_00034.jpg,0.5270033478736877,0.21735543012619019,0.10490518808364868,0.5216559767723083,0.20376308262348175,0.060889143496751785,0.5168348550796509,0.2045018970966339,0.060555052012205124,0.5123865008354187,0.20515652000904083,0.06046966463327408,0.5351468324661255,0.20230954885482788,0.06690359115600586,0.5396256446838379,0.20241779088974,0.06650906801223755,0.5442067384719849,0.20229798555374146,0.06642919778823853,0.5108740329742432,0.21470633149147034,-0.08348213136196136,0.5527681112289429,0.21166005730628967,0.0036520108114928007,0.5210689306259155,0.23767948150634766,0.06607253104448318,0.5352669954299927,0.2371746450662613,0.07222981005907059,0.4858635365962982,0.2969106137752533,-0.15132825076580048,0.5866280794143677,0.30323326587677,0.06554927676916122,0.45322543382644653,0.22867435216903687,-0.02430357225239277,0.5781988501548767,0.24356503784656525,0.2219374179840088,0.4991776943206787,0.17515864968299866,0.26578688621520996,0.5613099336624146,0.17805790901184082,0.4614085257053375,0.5065181255340576,0.1510792076587677,0.2931903898715973,0.5572995543479919,0.1565822809934616,0.5005890130996704,0.5133262872695923,0.15604685246944427,0.28676068782806396,0.5542691946029663,0.1605847328901291,0.4847049117088318,0.5130220651626587,0.16703228652477264,0.2708888649940491,0.5531215071678162,0.16977457702159882,0.45726221799850464,0.4693709909915924,0.5666078925132751,-0.08334178477525711,0.5358346104621887,0.588483989238739,0.08294741809368134,0.34397897124290466,0.5616442561149597,0.09709842503070831,0.49823707342147827,0.7181732058525085,0.24725541472434998,0.43994998931884766,0.655186653137207,0.18845941126346588,0.47700199484825134,0.8805617094039917,0.14397300779819489,0.4600411355495453,0.65687495470047,0.20079699158668518,0.47027072310447693,0.9134434461593628,0.1353403627872467,0.43328657746315,0.6946617364883423,0.2896730899810791,0.43448320031166077,0.9114151000976562,0.16342082619667053
frame_00035.jpg,0.5276083946228027,0.2172437310218811,0.15767700970172882,0.5224741697311401,0.20446385443210602,0.1144149899482727,0.5176515579223633,0.20536300539970398,0.11413657665252686,0.5131006240844727,0.20616485178470612,0.1140761524438858,0.5355230569839478,0.20306038856506348,0.1265702247619629,0.5399103164672852,0.2034243643283844,0.12619033455848694,0.5444390177726746,0.20362721383571625,0.12611421942710876,0.5110687613487244,0.2164355367422104,-0.03550293669104576,0.5530295372009277,0.2140989899635315,0.02710656262934208,0.521699070930481,0.23727163672447205,0.11545690149068832,0.5359232425689697,0.23679804801940918,0.12853951752185822,0.4852146506309509,0.29647931456565857,-0.11256684362888336,0.5867594480514526,0.3024091124534607,0.06941207498311996,0.45376747846603394,0.23318341374397278,0.030281096696853638,0.5771963596343994,0.2432403862476349,0.2583543062210083,0.49922338128089905,0.18471719324588776,0.3507467210292816,0.559653103351593,0.1807723045349121,0.5296484231948853,0.5066998600959778,0.1608322411775589,0.38616228103637695,0.5560087561607361,0.1583719402551651,0.5760074853897095,0.513525128364563,0.1662270724773407,0.37973231077194214,0.5535924434661865,0.1637391597032547,0.563539981842041,0.513104259967804,0.17812225222587585,0.35654932260513306,0.5525525808334351,0.17285674810409546,0.5278752446174622,0.4715614914894104,0.5659197568893433,-0.0732833668589592,0.5380769968032837,0.5876787900924683,0.07291211187839508,0.3478676378726959,0.5609095096588135,0.10593236982822418,0.4990755021572113,0.7188403606414795,0.2051851451396942,0.43463435769081116,0.6581757068634033,0.20575885474681854,0.47707995772361755,0.8873814940452576,0.13169553875923157,0.45476120710372925,0.6614837646484375,0.21932105720043182,0.47133883833885193,0.9156734347343445,0.1163884624838829,0.42523393034935,0.6975229978561401,0.30542129278182983,0.4348008632659912,0.9163168668746948,0.1393895447254181
frame_00036.jpg,0.5283157229423523,0.21731382608413696,0.15969014167785645,0.5231771469116211,0.20573778450489044,0.11639092862606049,0.5183728933334351,0.20683543384075165,0.11612170934677124,0.5138134360313416,0.20779027044773102,0.11606349050998688,0.5359271168708801,0.2042270451784134,0.13011696934700012,0.5402497053146362,0.20474514365196228,0.12974542379379272,0.5447366833686829,0.2051311433315277,0.12967464327812195,0.5111539959907532,0.21824289858341217,-0.032464928925037384,0.5535532832145691,0.21620489656925201,0.02845982275903225,0.5225468277931213,0.2369692325592041,0.11779093742370605,0.5367761850357056,0.23652076721191406,0.1329687088727951,0.48503321409225464,0.29722869396209717,-0.11160360276699066,0.5868170261383057,0.30215883255004883,0.07384492456912994,0.4540346562862396,0.23576876521110535,0.029908981174230576,0.5769465565681458,0.2426537126302719,0.2636735141277313,0.49928197264671326,0.18857567012310028,0.34700074791908264,0.5593013167381287,0.18334990739822388,0.5323076844215393,0.5066351294517517,0.16624875366687775,0.38139069080352783,0.5555517673492432,0.1609145849943161,0.5780366659164429,0.5134848356246948,0.171644926071167,0.37364649772644043,0.5533018708229065,0.16703374683856964,0.5648123621940613,0.5127220153808594,0.18248799443244934,0.3521624505519867,0.5523887872695923,0.1756948083639145,0.5301446914672852,0.4739217758178711,0.5666195750236511,-0.06976352632045746,0.5394381880760193,0.588398814201355,0.06941172480583191,0.35161176323890686,0.5596723556518555,0.12048431485891342,0.49965277314186096,0.7253032326698303,0.20361478626728058,0.4336616098880768,0.6582559943199158,0.2503359019756317,0.47821149230003357,0.8928323984146118,0.12279025465250015,0.45387545228004456,0.6597025394439697,0.26713067293167114,0.4739477038383484,0.9259697198867798,0.11335613578557968,0.4222868084907532,0.6979489922523499,0.3630344271659851,0.4371444284915924,0.9227494597434998,0.139376699924469
frame_00037.jpg,0.5293828845024109,0.2184867560863495,0.14044825732707977,0.524190366268158,0.20814037322998047,0.1027660146355629,0.5193225145339966,0.20932359993457794,0.10248227417469025,0.5146079063415527,0.21029816567897797,0.10244093835353851,0.5367621779441833,0.2067357748746872,0.11005250364542007,0.5411201119422913,0.20740585029125214,0.10967512428760529,0.5457757711410522,0.20791949331760406,0.10962263494729996,0.511292576789856,0.22073039412498474,-0.03658591955900192,0.5548328161239624,0.21927349269390106,0.012152248062193394,0.5235491394996643,0.23758698999881744,0.10646732896566391,0.5380071997642517,0.23734715580940247,0.11362270265817642,0.48275431990623474,0.2970157861709595,-0.10704304277896881,0.5868840217590332,0.3019023537635803,0.06032096594572067,0.4540836811065674,0.2390185296535492,0.036721765995025635,0.5773330926895142,0.24362847208976746,0.23906216025352478,0.497974157333374,0.1877443641424179,0.32930219173431396,0.5595076084136963,0.18339279294013977,0.48256978392601013,0.5036807060241699,0.16406385600566864,0.35965096950531006,0.5559555292129517,0.1604059636592865,0.5216461420059204,0.5108338594436646,0.16952495276927948,0.35103052854537964,0.5534871816635132,0.16599716246128082,0.5086719393730164,0.5100175142288208,0.18065473437309265,0.3334762752056122,0.5526261925697327,0.17538835108280182,0.4803176522254944,0.4743316173553467,0.5667967200279236,-0.06401868909597397,0.5395998358726501,0.5886995196342468,0.06364995986223221,0.3607545495033264,0.5595378279685974,0.10036871582269669,0.5014289021492004,0.7235217690467834,0.18243864178657532,0.43177953362464905,0.6637613773345947,0.18478138744831085,0.4817546308040619,0.8919684290885925,0.09943614900112152,0.45110884308815,0.6627015471458435,0.19660428166389465,0.4791160523891449,0.9218034148216248,0.09269936382770538,0.42269936203956604,0.7066434621810913,0.2825876772403717,0.4470544755458832,0.9254635572433472,0.11156445741653442
frame_00038.jpg,0.529710590839386,0.21964119374752045,0.1368950605392456,0.5245890021324158,0.20988550782203674,0.09985072910785675,0.5197983384132385,0.2109237164258957,0.09956341236829758,0.5150166153907776,0.21178288757801056,0.09953349828720093,0.5368999242782593,0.208780437707901,0.10561392456293106,0.5412474274635315,0.20945696532726288,0.10524015128612518,0.545948326587677,0.20996735990047455,0.10518590360879898,0.5113283395767212,0.22196313738822937,-0.03874879330396652,0.5552712082862854,0.22093547880649567,0.0058335899375379086,0.5240057706832886,0.2380102127790451,0.10406124591827393,0.53816157579422,0.23789353668689728,0.1092812567949295,0.481829971075058,0.2974883019924164,-0.10861234366893768,0.5868722200393677,0.3019038140773773,0.05420172959566116,0.4541434645652771,0.23999756574630737,0.033818330615758896,0.5774927735328674,0.24492119252681732,0.2360733449459076,0.49808043241500854,0.1889222413301468,0.3291187882423401,0.5616618394851685,0.1837223321199417,0.48261594772338867,0.5038954615592957,0.16416671872138977,0.3609817922115326,0.557841956615448,0.16045540571212769,0.5217156410217285,0.5109699368476868,0.16992422938346863,0.352004736661911,0.5547370910644531,0.16562946140766144,0.5093812346458435,0.5101548433303833,0.18145111203193665,0.3332776725292206,0.5538414120674133,0.17536230385303497,0.48048511147499084,0.4755767285823822,0.5669529438018799,-0.06361900269985199,0.5411425828933716,0.5886975526809692,0.06326419860124588,0.36559295654296875,0.5593436360359192,0.12225295603275299,0.5015510320663452,0.7215057015419006,0.184286966919899,0.4317995607852936,0.6668183207511902,0.20041222870349884,0.48242130875587463,0.8912078738212585,0.09141550958156586,0.4508235454559326,0.6677506566047668,0.2109214961528778,0.4819440245628357,0.9195355772972107,0.08404006063938141,0.42164668440818787,0.7125289440155029,0.28958311676979065,0.4483242630958557,0.9253530502319336,0.10240906476974487
frame_00039.jpg,0.5296996831893921,0.22956408560276031,0.15324540436267853,0.5246150493621826,0.21898064017295837,0.11548341810703278,0.5198749899864197,0.21970854699611664,0.11519507318735123,0.5151085257530212,0.22033804655075073,0.11511857807636261,0.5368717908859253,0.21782897412776947,0.12648218870162964,0.5412338972091675,0.21805071830749512,0.12612135708332062,0.545944333076477,0.21809251606464386,0.12607645988464355,0.5113473534584045,0.22955870628356934,-0.01658369041979313,0.5554376840591431,0.2274876981973648,0.03669760748744011,0.5239840745925903,0.2459719479084015,0.11815182864665985,0.5378609895706177,0.24659189581871033,0.12996479868888855,0.4807221293449402,0.29872408509254456,-0.09442346543073654,0.5864120125770569,0.30396780371665955,0.09044189751148224,0.45432525873184204,0.23925496637821198,0.04472006484866142,0.5777663588523865,0.24492546916007996,0.26795217394828796,0.4981765151023865,0.1877920776605606,0.3404269814491272,0.5631909966468811,0.18381474912166595,0.49469512701034546,0.5039684772491455,0.16316929459571838,0.3713802099227905,0.5586026310920715,0.15988299250602722,0.5352953672409058,0.5111391544342041,0.16891834139823914,0.364035427570343,0.5559900999069214,0.1647508144378662,0.5224225521087646,0.5103656053543091,0.18034441769123077,0.3454062044620514,0.5546340346336365,0.17491035163402557,0.49210089445114136,0.4769606590270996,0.5672721862792969,-0.06554917991161346,0.5419141054153442,0.5882691144943237,0.06512080878019333,0.3686537742614746,0.5591564774513245,0.07386159896850586,0.5043773055076599,0.7166466116905212,0.2183181345462799,0.43217119574546814,0.6818299889564514,0.0853661373257637,0.4853176474571228,0.8892903923988342,0.10957653820514679,0.4509851336479187,0.6858168244361877,0.08963000029325485,0.48640817403793335,0.916424036026001,0.10007669031620026,0.4237394332885742,0.7319561243057251,0.1543954312801361,0.4527836740016937,0.9241672158241272,0.12007788568735123
frame_00040.jpg,0.5285745859146118,0.233963742852211,0.1923777163028717,0.5235650539398193,0.222934290766716,0.15636470913887024,0.5189699530601501,0.2234237790107727,0.1561124622821808,0.5143886208534241,0.22390003502368927,0.15603291988372803,0.5355209708213806,0.2222290188074112,0.16780105233192444,0.5398246049880981,0.22239068150520325,0.1674385964870453,0.544532060623169,0.2223769575357437,0.16740037500858307,0.5103238821029663,0.2323729693889618,0.027162259444594383,0.5541777610778809,0.23075737059116364,0.07779089361429214,0.5225840210914612,0.24947349727153778,0.1562688648700714,0.5358257293701172,0.2500348389148712,0.1684894859790802,0.47843775153160095,0.30036213994026184,-0.05537781864404678,0.5843044519424438,0.3036283254623413,0.11408306658267975,0.45417219400405884,0.2390158325433731,0.08301760256290436,0.5779661536216736,0.23286032676696777,0.2799662947654724,0.4978894591331482,0.18846020102500916,0.38591739535331726,0.5632419586181641,0.18283432722091675,0.5082001090049744,0.5027002096176147,0.16393756866455078,0.4224788546562195,0.5582284927368164,0.15716828405857086,0.550669252872467,0.5104984045028687,0.16960789263248444,0.41368556022644043,0.5559906959533691,0.16174229979515076,0.5390048027038574,0.5097129940986633,0.1806490421295166,0.3907128572463989,0.5544942021369934,0.17202943563461304,0.5060552954673767,0.47745364904403687,0.5668440461158752,-0.06655345857143402,0.5415909886360168,0.5881837010383606,0.06610871106386185,0.3673728108406067,0.5591567754745483,0.028649384155869484,0.5037925243377686,0.7195680737495422,0.17059695720672607,0.43296441435813904,0.6859769821166992,0.004227364901453257,0.4859388470649719,0.887353241443634,0.0024822219274938107,0.451136976480484,0.6878253817558289,0.0045892708003520966,0.48790639638900757,0.9156209826469421,-0.013420390896499157,0.4281379282474518,0.7331400513648987,0.06444969028234482,0.45330706238746643,0.9245324730873108,-0.00499187596142292
frame_00041.jpg,0.5272868871688843,0.23791956901550293,0.19136300683021545,0.5221900343894958,0.22669275104999542,0.14562687277793884,0.517798125743866,0.22744368016719818,0.14534109830856323,0.5134663581848145,0.2281741052865982,0.14524006843566895,0.5335444211959839,0.2253917157649994,0.16195769608020782,0.537634015083313,0.22541822493076324,0.1615714132785797,0.5422034859657288,0.22530566155910492,0.16145536303520203,0.5089401006698608,0.2373441904783249,0.0015977738657966256,0.5522039532661438,0.23366524279117584,0.06273770332336426,0.5212885737419128,0.25470516085624695,0.14350813627243042,0.5335772037506104,0.2539098262786865,0.16117477416992188,0.4774545729160309,0.305853009223938,-0.07797884196043015,0.5836799740791321,0.303784042596817,0.10493682324886322,0.45158901810646057,0.2417098730802536,0.05325165390968323,0.5777546167373657,0.22648368775844574,0.2700220048427582,0.4973882734775543,0.19298109412193298,0.35200822353363037,0.5631639361381531,0.18207845091819763,0.47770944237709045,0.5015197396278381,0.1684921383857727,0.38889676332473755,0.55744868516922,0.1567198634147644,0.5152749419212341,0.5096321702003479,0.17543764412403107,0.38642752170562744,0.5556995272636414,0.1610821932554245,0.501259446144104,0.5089563131332397,0.18595968186855316,0.3583765923976898,0.5544050931930542,0.1710992008447647,0.47414928674697876,0.47708946466445923,0.5665234327316284,-0.06754616647958755,0.5412157773971558,0.5873883366584778,0.06711147725582123,0.3662099242210388,0.5631933212280273,0.03263663873076439,0.5037117004394531,0.7352357506752014,0.1790856271982193,0.43283611536026,0.6901951432228088,0.05820724368095398,0.48874276876449585,0.890609622001648,0.04040846973657608,0.4508402943611145,0.6877915859222412,0.06350374966859818,0.48985347151756287,0.9221080541610718,0.026093482971191406,0.42969903349876404,0.7332329154014587,0.12639324367046356,0.45471057295799255,0.9329483509063721,0.0495377779006958
frame_00042.jpg,0.5266410112380981,0.24273091554641724,0.17687538266181946,0.5218223333358765,0.23127563297748566,0.13814376294612885,0.5175920724868774,0.23218099772930145,0.13788197934627533,0.5134248733520508,0.23300693929195404,0.1377890259027481,0.5326481461524963,0.2296493649482727,0.15249206125736237,0.5366333723068237,0.2296140044927597,0.15212617814540863,0.5412160158157349,0.22939278185367584,0.15205956995487213,0.5086224675178528,0.24302048981189728,0.009870059788227081,0.5511674880981445,0.23776914179325104,0.0703059658408165,0.5206884741783142,0.25923240184783936,0.138485848903656,0.5323657393455505,0.25847405195236206,0.15442028641700745,0.4772021770477295,0.31111517548561096,-0.07475827634334564,0.5826007723808289,0.3101555407047272,0.11549601703882217,0.4494287073612213,0.2455456256866455,0.05448605865240097,0.5770939588546753,0.2280900776386261,0.26883789896965027,0.4963768422603607,0.1972946971654892,0.3388115465641022,0.5627433061599731,0.18190672993659973,0.44104209542274475,0.5001031160354614,0.17207269370555878,0.37007007002830505,0.5564807653427124,0.15635360777378082,0.47503215074539185,0.5085779428482056,0.17931802570819855,0.3634079396724701,0.5552358031272888,0.1607876718044281,0.4596002697944641,0.5080023407936096,0.18958300352096558,0.34343379735946655,0.5541707873344421,0.17105470597743988,0.435976505279541,0.47708645462989807,0.56620192527771,-0.07017949968576431,0.5408763289451599,0.5872207880020142,0.06969304382801056,0.36584874987602234,0.5684069395065308,0.005412127822637558,0.5016697645187378,0.7349656820297241,0.16561348736286163,0.4329575002193451,0.6923894286155701,0.002703468780964613,0.488578736782074,0.8896176218986511,0.0165809728205204,0.451144278049469,0.6886722445487976,0.004868500865995884,0.4884553551673889,0.9217767119407654,0.0022612856701016426,0.4318549633026123,0.7326581478118896,0.06470164656639099,0.4540875554084778,0.9342612028121948,0.009138427674770355
frame_00043.jpg,0.5252195596694946,0.24523712694644928,0.18587669730186462,0.5206526517868042,0.23392930626869202,0.1503225564956665,0.5166777968406677,0.23483724892139435,0.15005387365818024,0.5127291083335876,0.23573070764541626,0.14995047450065613,0.5308791995048523,0.23252393305301666,0.16426876187324524,0.5346630811691284,0.23259852826595306,0.16392019391059875,0.5390645861625671,0.23242972791194916,0.16387854516506195,0.5078855752944946,0.24681700766086578,0.026552420109510422,0.5484241247177124,0.24127691984176636,0.08761559426784515,0.5192967653274536,0.26142632961273193,0.15090832114219666,0.5305081605911255,0.26109734177589417,0.16647380590438843,0.4755655825138092,0.3122270703315735,-0.06329719722270966,0.5809794664382935,0.3126648962497711,0.14068090915679932,0.4477956295013428,0.24850167334079742,0.07046626508235931,0.5748886466026306,0.2305692732334137,0.29549935460090637,0.49515700340270996,0.20064374804496765,0.36568981409072876,0.5603582262992859,0.183259516954422,0.471610963344574,0.49890023469924927,0.17649544775485992,0.3968189060688019,0.5529323816299438,0.15770825743675232,0.5082147121429443,0.5070854425430298,0.1823650449514389,0.38940364122390747,0.551966667175293,0.16190622746944427,0.4932090640068054,0.5064478516578674,0.19222813844680786,0.37069836258888245,0.5515960454940796,0.17222540080547333,0.46672558784484863,0.4772264063358307,0.5674661993980408,-0.07659594714641571,0.5410226583480835,0.5870274901390076,0.07606126368045807,0.36707961559295654,0.5719268321990967,-0.01183777954429388,0.5064674615859985,0.7342992424964905,0.19858363270759583,0.4340492784976959,0.6991574764251709,-0.026649538427591324,0.4965226650238037,0.8881844282150269,0.05254827067255974,0.4523809552192688,0.6970846652984619,-0.025231346487998962,0.4978128969669342,0.9152143001556396,0.03727038949728012,0.4371427595615387,0.7419982552528381,0.033373016864061356,0.46678486466407776,0.9221126437187195,0.049684055149555206
frame_00044.jpg,0.5250118970870972,0.24765625596046448,0.12567558884620667,0.5200685262680054,0.23764967918395996,0.09151838719844818,0.5159994959831238,0.2386694699525833,0.09124021977186203,0.5120165944099426,0.2396690398454666,0.09117718040943146,0.5302062034606934,0.23626498878002167,0.10062821954488754,0.5340020656585693,0.2363777607679367,0.1002623662352562,0.5384339690208435,0.2361830323934555,0.10020647197961807,0.5062979459762573,0.2515430748462677,-0.013189996592700481,0.5474023818969727,0.24521559476852417,0.024362284690141678,0.5188025236129761,0.26394423842430115,0.098526731133461,0.5301346778869629,0.2634211480617523,0.10780654847621918,0.47253355383872986,0.3138325810432434,-0.07339508831501007,0.5807448625564575,0.3144315481185913,0.08107499033212662,0.44648176431655884,0.2501862943172455,0.06274227797985077,0.5728000402450562,0.23452655971050262,0.2461610734462738,0.4941093921661377,0.2010476142168045,0.3553953170776367,0.5583223104476929,0.1845623105764389,0.4476067125797272,0.4977475702762604,0.17716966569423676,0.37384775280952454,0.5510746240615845,0.15887300670146942,0.4822164475917816,0.5058977007865906,0.18277662992477417,0.3603135347366333,0.5506569743156433,0.1625368893146515,0.46699827909469604,0.5053945779800415,0.19221077859401703,0.35449540615081787,0.5505014657974243,0.17270676791667938,0.4438440203666687,0.4771057069301605,0.5729774236679077,-0.06639616191387177,0.540852427482605,0.58918696641922,0.06587634980678558,0.3674672842025757,0.5727263689041138,0.030677517876029015,0.5146371126174927,0.731715202331543,0.20894654095172882,0.4338567852973938,0.6983587145805359,0.04002976417541504,0.5076336860656738,0.8825569748878479,0.15443618595600128,0.45228371024131775,0.6973350048065186,0.04210904985666275,0.4988086223602295,0.8964923024177551,0.15066438913345337,0.4366099238395691,0.7395769357681274,0.03454892337322235,0.4807470738887787,0.9039378762245178,0.1734062135219574
frame_00045.jpg,0.5245227813720703,0.2500559687614441,0.08250485360622406,0.51941978931427,0.24056997895240784,0.04545842483639717,0.5153388977050781,0.2415444701910019,0.04515085369348526,0.5113025903701782,0.24259598553180695,0.04508920758962631,0.5296308994293213,0.2391328513622284,0.05522998049855232,0.5335280895233154,0.23915164172649384,0.05485602095723152,0.5380843281745911,0.23891474306583405,0.05477827042341232,0.5039998888969421,0.2555354833602905,-0.06798090785741806,0.5470800995826721,0.24839550256729126,-0.025125835090875626,0.5182228088378906,0.2667575180530548,0.05360179394483566,0.5295099020004272,0.26623883843421936,0.06385944783687592,0.46989956498146057,0.32191210985183716,-0.11070705950260162,0.5809963345527649,0.32326409220695496,0.0375252403318882,0.44691285490989685,0.25395989418029785,0.046417996287345886,0.5701719522476196,0.23702216148376465,0.22539599239826202,0.49426984786987305,0.20661203563213348,0.3291403353214264,0.5542475581169128,0.19471825659275055,0.45649510622024536,0.49805206060409546,0.18190696835517883,0.3524947762489319,0.5477583408355713,0.1704363226890564,0.49159926176071167,0.5061944127082825,0.18931308388710022,0.3398069441318512,0.5454501509666443,0.17406867444515228,0.4782475531101227,0.5056709051132202,0.1985972821712494,0.3298574388027191,0.5454224348068237,0.1839350163936615,0.4525895118713379,0.47618645429611206,0.5952531695365906,-0.06509314477443695,0.540939450263977,0.6093055605888367,0.06455475091934204,0.37123754620552063,0.5737411379814148,0.117282435297966,0.5168874263763428,0.7338712215423584,0.31181564927101135,0.4339733123779297,0.6991072297096252,0.1775244176387787,0.5039494037628174,0.8665889501571655,0.3161126673221588,0.45245784521102905,0.6999292373657227,0.18561086058616638,0.49851179122924805,0.8884202241897583,0.3181283473968506,0.4382147789001465,0.7439996004104614,0.2399580478668213,0.4817609190940857,0.8929834961891174,0.3542623817920685
frame_00046.jpg,0.5244668126106262,0.252372145652771,0.09733457863330841,0.5193136930465698,0.24282385408878326,0.05786547809839249,0.5152105689048767,0.24404989182949066,0.05758383870124817,0.5111265182495117,0.24530258774757385,0.05752057582139969,0.5296544432640076,0.24076732993125916,0.06858087331056595,0.5336061716079712,0.24079301953315735,0.06819041818380356,0.5381576418876648,0.2406763881444931,0.06809762865304947,0.5037384629249573,0.25839078426361084,-0.06640451401472092,0.5471731424331665,0.250434011220932,-0.019853193312883377,0.5183004140853882,0.27065804600715637,0.06473111361265182,0.529668927192688,0.26930102705955505,0.07603833079338074,0.4702374339103699,0.3277081847190857,-0.11532692611217499,0.5816072225570679,0.32192182540893555,0.032601673156023026,0.4471641480922699,0.26024308800697327,0.045242056250572205,0.5658326745033264,0.23222273588180542,0.22083935141563416,0.49435895681381226,0.21021109819412231,0.33575090765953064,0.5450568795204163,0.1947358101606369,0.4610939919948578,0.4990048408508301,0.18664588034152985,0.3672184646129608,0.5383142828941345,0.17194214463233948,0.5037320256233215,0.5065506100654602,0.1935475766658783,0.3539765477180481,0.5369203686714172,0.1760895997285843,0.4865376949310303,0.5057109594345093,0.20188674330711365,0.3376203179359436,0.5377411842346191,0.18486429750919342,0.45731592178344727,0.4741550385951996,0.5947640538215637,-0.06150636076927185,0.5408401489257812,0.6128553152084351,0.061002135276794434,0.3746105432510376,0.573564350605011,0.12575657665729523,0.5155897736549377,0.7442687153816223,0.2688564956188202,0.43441256880760193,0.7087830901145935,0.15876968204975128,0.501420259475708,0.8781765699386597,0.20089945197105408,0.45269402861595154,0.7153952121734619,0.16435733437538147,0.49439606070518494,0.9009528756141663,0.19541627168655396,0.4381604790687561,0.7514275312423706,0.22745569050312042,0.4774075150489807,0.9108506441116333,0.21942579746246338
frame_00047.jpg,0.5226835608482361,0.25352418422698975,0.10657703876495361,0.5173894166946411,0.2443067729473114,0.06619780510663986,0.513418436050415,0.24576692283153534,0.06592835485935211,0.5095357894897461,0.2471938133239746,0.06588040292263031,0.5280131101608276,0.24128831923007965,0.07686366140842438,0.532072901725769,0.24099896848201752,0.07647767663002014,0.5366711616516113,0.24063755571842194,0.07638513296842575,0.5025376081466675,0.2605781555175781,-0.06294848769903183,0.5456969738006592,0.25052347779273987,-0.016908690333366394,0.5173951387405396,0.2718731760978699,0.07271350920200348,0.5289298295974731,0.2696055471897125,0.08394972234964371,0.4702654480934143,0.32906845211982727,-0.11332434415817261,0.5810577273368835,0.32037392258644104,0.030625615268945694,0.4476659297943115,0.2638918459415436,0.0465460941195488,0.5636740922927856,0.22559019923210144,0.22662270069122314,0.4944620132446289,0.2128387838602066,0.3515498638153076,0.5412107706069946,0.19455502927303314,0.497968852519989,0.49911537766456604,0.18947328627109528,0.38627201318740845,0.5340789556503296,0.17097635567188263,0.5429118871688843,0.5066905617713928,0.19529151916503906,0.37274640798568726,0.5337504148483276,0.17679397761821747,0.5276522636413574,0.5058392882347107,0.203952357172966,0.35388046503067017,0.534854531288147,0.18628574907779694,0.49574217200279236,0.47556382417678833,0.596777617931366,-0.059335529804229736,0.5408235788345337,0.6140784621238708,0.05886872485280037,0.3813738524913788,0.5734911561012268,0.14651243388652802,0.5144262909889221,0.7605182528495789,0.29185950756073,0.43566107749938965,0.7195592522621155,0.2267313003540039,0.5006604194641113,0.9177760481834412,0.2851131558418274,0.45524469017982483,0.7325000762939453,0.23682279884815216,0.4956335127353668,0.9399997591972351,0.28608211874961853,0.4366377890110016,0.7562650442123413,0.29836517572402954,0.47481459379196167,0.9487911462783813,0.3102821111679077
frame_00048.jpg,0.5193418264389038,0.2525414824485779,0.09114991128444672,0.5139285326004028,0.24403519928455353,0.04936790466308594,0.5102277994155884,0.24583108723163605,0.0490897037088871,0.5066918134689331,0.24759501218795776,0.04904903098940849,0.5245798230171204,0.24072101712226868,0.0593901202082634,0.5285605192184448,0.24051722884178162,0.059006012976169586,0.532943844795227,0.24022434651851654,0.05890437960624695,0.500997006893158,0.26181432604789734,-0.08263473957777023,0.5422966480255127,0.25001463294029236,-0.038485679775476456,0.5148991346359253,0.2715217173099518,0.05657785385847092,0.5262972712516785,0.2688423991203308,0.0670788437128067,0.47021549940109253,0.33279404044151306,-0.13890770077705383,0.5800527334213257,0.3128204941749573,0.021018417552113533,0.4482493996620178,0.26797381043434143,0.014642493799328804,0.5620008707046509,0.21154507994651794,0.22154530882835388,0.4972069263458252,0.21766331791877747,0.3216772973537445,0.5334169864654541,0.18887928128242493,0.49684447050094604,0.5024152994155884,0.19431480765342712,0.35537809133529663,0.5261600613594055,0.1677190363407135,0.5440442562103271,0.5092923641204834,0.19846540689468384,0.3420710563659668,0.5245774984359741,0.17598924040794373,0.5259665250778198,0.5079025626182556,0.2064291387796402,0.32373151183128357,0.5262677669525146,0.1855187565088272,0.49361753463745117,0.49221867322921753,0.5956956148147583,-0.0652783140540123,0.5540363788604736,0.610927402973175,0.06477127969264984,0.38881227374076843,0.5730621218681335,0.12854430079460144,0.5186671018600464,0.731906533241272,0.33327680826187134,0.4379708170890808,0.723451554775238,0.18537333607673645,0.499481737613678,0.8868465423583984,0.3127829432487488,0.4576621651649475,0.7384740710258484,0.1927831619977951,0.4955413341522217,0.917784571647644,0.3119644522666931,0.4365983009338379,0.7615494132041931,0.247091606259346,0.4735971987247467,0.9163967370986938,0.33913132548332214
frame_00049.jpg,0.5186514854431152,0.25153085589408875,0.10051442682743073,0.5127519965171814,0.24292884767055511,0.05992058664560318,0.5089669227600098,0.2447105497121811,0.05964871495962143,0.5053651332855225,0.24647419154644012,0.05961232632398605,0.5235445499420166,0.23973645269870758,0.06918087601661682,0.527462363243103,0.23957403004169464,0.06879456341266632,0.5317615270614624,0.23930072784423828,0.06869302690029144,0.5000750422477722,0.2602422833442688,-0.06914135068655014,0.5410531759262085,0.24908185005187988,-0.029831936582922935,0.5142313241958618,0.27052074670791626,0.0665682703256607,0.5258496999740601,0.2679411768913269,0.07604150474071503,0.4690779745578766,0.33072128891944885,-0.12993282079696655,0.5797027349472046,0.31023749709129333,0.016950493678450584,0.45216384530067444,0.2670150101184845,0.021793173626065254,0.5616627931594849,0.2087271362543106,0.20449206233024597,0.4998167157173157,0.21777382493019104,0.32178908586502075,0.5339342355728149,0.1816880851984024,0.4768238663673401,0.5050031542778015,0.195052832365036,0.3565897047519684,0.5262552499771118,0.16193057596683502,0.520900309085846,0.5108012557029724,0.19870038330554962,0.3427999019622803,0.5246208310127258,0.17060518264770508,0.5032267570495605,0.5092275142669678,0.20630261301994324,0.32477110624313354,0.5262870788574219,0.1829667091369629,0.47355979681015015,0.49040594696998596,0.5941931009292603,-0.06127684563398361,0.5531342029571533,0.6089037656784058,0.06078112870454788,0.388239324092865,0.5727056264877319,0.15434300899505615,0.517457127571106,0.7344490885734558,0.2942231595516205,0.43894100189208984,0.7199909687042236,0.2138122320175171,0.5010924339294434,0.90865159034729,0.25749045610427856,0.4575692117214203,0.7361227869987488,0.22114303708076477,0.495261013507843,0.9241781234741211,0.2552955746650696,0.4363624155521393,0.7573921084403992,0.27249765396118164,0.4725953936576843,0.9238339066505432,0.27371108531951904
frame_00050.jpg,0.5152344107627869,0.2487930804491043,0.1038285344839096,0.5094233751296997,0.2406608909368515,0.06230016425251961,0.5055695176124573,0.24275456368923187,0.06204945594072342,0.5018527507781982,0.2447919398546219,0.06210828945040703,0.5201898813247681,0.2368844598531723,0.07569427043199539,0.5239934921264648,0.2367296665906906,0.0753156989812851,0.5281236171722412,0.23652347922325134,0.07522822171449661,0.49701231718063354,0.2562154233455658,-0.04855084791779518,0.5378580093383789,0.24565961956977844,-0.021810032427310944,0.5104339718818665,0.26777970790863037,0.07140903174877167,0.5224641561508179,0.2643408179283142,0.0824178159236908,0.466731458902359,0.3285514712333679,-0.07845665514469147,0.5766388773918152,0.30194130539894104,0.007666424848139286,0.4584398865699768,0.26574084162712097,0.09210637211799622,0.5620712041854858,0.21227805316448212,0.18690262734889984,0.5003237724304199,0.2162581831216812,0.3824227452278137,0.5367985963821411,0.17617304623126984,0.4585467278957367,0.5070413947105408,0.1938648521900177,0.42021995782852173,0.5296862125396729,0.15183502435684204,0.49741506576538086,0.5110716223716736,0.19720524549484253,0.40403467416763306,0.5274149179458618,0.1589052379131317,0.4836166501045227,0.5093392133712769,0.20511096715927124,0.38351956009864807,0.5284098982810974,0.17124441266059875,0.4564990997314453,0.49261274933815,0.5926026105880737,-0.040168389678001404,0.5532540678977966,0.6075883507728577,0.039695482701063156,0.40851277112960815,0.5721716284751892,0.20724442601203918,0.511422872543335,0.7415654063224792,0.24608203768730164,0.44241148233413696,0.7204821109771729,0.29096555709838867,0.49644437432289124,0.912057101726532,0.2358134239912033,0.45874935388565063,0.733966588973999,0.30061909556388855,0.4822695255279541,0.9350868463516235,0.22801735997200012,0.44052791595458984,0.7557052373886108,0.35408246517181396,0.47181621193885803,0.9239512085914612,0.2587043344974518
frame_00051.jpg,0.5128437876701355,0.2438633143901825,0.10609392821788788,0.5065063238143921,0.23527079820632935,0.06700249016284943,0.5027185678482056,0.2370130568742752,0.06674955785274506,0.4990590214729309,0.2385735809803009,0.06675677001476288,0.5175421237945557,0.23243005573749542,0.0742558091878891,0.5215492844581604,0.23250454664230347,0.07385985553264618,0.5258827805519104,0.2323729544878006,0.07373418658971786,0.4948650002479553,0.2487839311361313,-0.0366940014064312,0.5353938341140747,0.24170897901058197,-0.03745530545711517,0.5089107751846313,0.26284095644950867,0.07476387172937393,0.5207697153091431,0.25957247614860535,0.07794570177793503,0.46514320373535156,0.32430920004844666,-0.04484175518155098,0.5748769044876099,0.29683053493499756,-0.03875020518898964,0.4716913104057312,0.26510950922966003,0.12222397327423096,0.56255704164505,0.21423904597759247,0.11601480096578598,0.5050773620605469,0.2168889343738556,0.3882500231266022,0.5383874177932739,0.1729513555765152,0.36063089966773987,0.5115939974784851,0.19450059533119202,0.42693766951560974,0.531588077545166,0.14749762415885925,0.38920915126800537,0.5131924748420715,0.19730877876281738,0.4102739691734314,0.5281744599342346,0.15206418931484222,0.37999385595321655,0.5117570757865906,0.20455852150917053,0.38861003518104553,0.5287271738052368,0.16420409083366394,0.3598722219467163,0.49155545234680176,0.5903007388114929,-0.007585473358631134,0.5529415011405945,0.6067509055137634,0.007167254574596882,0.42564526200294495,0.5816053152084351,0.28454193472862244,0.5194826722145081,0.7302572131156921,0.20925363898277283,0.44510141015052795,0.7193008661270142,0.34897175431251526,0.49663877487182617,0.8346354961395264,0.1790035516023636,0.45902219414711,0.7328887581825256,0.3556146025657654,0.4854801297187805,0.854238748550415,0.176079660654068,0.44175952672958374,0.7549258470535278,0.3960948586463928,0.4717545509338379,0.896738588809967,0.17816931009292603
frame_00052.jpg,0.5115240812301636,0.22893214225769043,0.1123882383108139,0.5048344135284424,0.22107961773872375,0.08049677312374115,0.5009267926216125,0.22265006601810455,0.08022604882717133,0.4971157908439636,0.22406233847141266,0.08024753630161285,0.5158289074897766,0.21876376867294312,0.07520762830972672,0.5196537971496582,0.21883128583431244,0.07485011219978333,0.523773729801178,0.21851593255996704,0.07476432621479034,0.49220386147499084,0.23559799790382385,-0.0207767803221941,0.5324746370315552,0.22937892377376556,-0.037847671657800674,0.5077160000801086,0.2469775378704071,0.0855673998594284,0.5194077491760254,0.2445029467344284,0.08144773542881012,0.4617404341697693,0.3120558559894562,-0.034759487956762314,0.5738576650619507,0.2854069471359253,-0.053222812712192535,0.4788142144680023,0.2817523181438446,0.12535569071769714,0.5631094574928284,0.21453243494033813,0.0854271650314331,0.5147557258605957,0.21705804765224457,0.3881295621395111,0.5387799739837646,0.17045147716999054,0.3281775116920471,0.5214539766311646,0.19644099473953247,0.4299926161766052,0.5324548482894897,0.14566652476787567,0.3570481538772583,0.5216769576072693,0.19680960476398468,0.41164007782936096,0.529281497001648,0.14905288815498352,0.3504115343093872,0.5195582509040833,0.20392799377441406,0.3875020742416382,0.5297573804855347,0.1604161113500595,0.3283863067626953,0.4913829267024994,0.5779572129249573,-0.003933662548661232,0.5563732385635376,0.5969464182853699,0.003505140542984009,0.43444257974624634,0.5850874185562134,0.26703864336013794,0.5193439722061157,0.7092740535736084,0.19339562952518463,0.4495568871498108,0.7180344462394714,0.2972544729709625,0.49661344289779663,0.7989222407341003,0.06428804248571396,0.46058735251426697,0.7311615347862244,0.30083703994750977,0.4885910451412201,0.815372884273529,0.05201399326324463,0.44364452362060547,0.7589176893234253,0.33942994475364685,0.4685825705528259,0.8643817901611328,0.04266007989645004
frame_00053.jpg,0.5110253095626831,0.2107069492340088,0.09887024760246277,0.5039602518081665,0.20410551130771637,0.06846309453248978,0.49972185492515564,0.20555676519870758,0.06817972660064697,0.49565792083740234,0.20685745775699615,0.06819780170917511,0.5151752233505249,0.2004997730255127,0.0615791454911232,0.5189869999885559,0.19946371018886566,0.0611768439412117,0.5230923891067505,0.19803664088249207,0.06105635315179825,0.49062901735305786,0.2204342484474182,-0.02307545766234398,0.5317121744155884,0.2075895369052887,-0.060463082045316696,0.507050633430481,0.22851470112800598,0.0748402327299118,0.5186688899993896,0.22426748275756836,0.06407970190048218,0.45845383405685425,0.2998534142971039,-0.03760402649641037,0.5740800499916077,0.2724102735519409,-0.07338223606348038,0.47635483741760254,0.2818092405796051,0.1518605351448059,0.5625470280647278,0.21118612587451935,0.07062117010354996,0.5125231742858887,0.2109707146883011,0.4373006224632263,0.5396767854690552,0.16832727193832397,0.32651975750923157,0.5189045667648315,0.19016951322555542,0.4814084470272064,0.533295750617981,0.1450275480747223,0.35450801253318787,0.5207539200782776,0.18954695761203766,0.46279144287109375,0.5291516780853271,0.1482667326927185,0.3480333089828491,0.5185796022415161,0.19789299368858337,0.4374505877494812,0.529506266117096,0.15892557799816132,0.3272128403186798,0.49173760414123535,0.5700899958610535,0.007351525127887726,0.55767422914505,0.5893039703369141,-0.0077764964662492275,0.4431625008583069,0.5945079326629639,0.3311832547187805,0.5191622972488403,0.7112414836883545,0.18960902094841003,0.4554404616355896,0.7242366075515747,0.4277656674385071,0.48271527886390686,0.8574714660644531,0.07899343222379684,0.46397677063941956,0.7492859959602356,0.4371632933616638,0.4759233593940735,0.888128399848938,0.10082652419805527,0.4446312487125397,0.7623429894447327,0.4709193706512451,0.4684361517429352,0.8716070055961609,0.11950425058603287
frame_00054.jpg,0.5052754282951355,0.19792668521404266,0.06962548196315765,0.4984658658504486,0.1913488358259201,0.03664054721593857,0.49437785148620605,0.19299684464931488,0.03633781149983406,0.49042797088623047,0.19467775523662567,0.036382369697093964,0.5092482566833496,0.18636423349380493,0.03484955430030823,0.5128626823425293,0.18427784740924835,0.03442303463816643,0.516901969909668,0.1818292886018753,0.03429856151342392,0.48592042922973633,0.20777946710586548,-0.06595571339130402,0.5267372727394104,0.18725191056728363,-0.07790426164865494,0.5013236999511719,0.21500997245311737,0.043545451015233994,0.5119300484657288,0.20989128947257996,0.03835577890276909,0.45455512404441833,0.2891979217529297,-0.05527033656835556,0.573462724685669,0.253520131111145,-0.07961006462574005,0.4563067853450775,0.2553527057170868,0.12163324654102325,0.5570573210716248,0.19793657958507538,0.080241858959198,0.5052250623703003,0.20461109280586243,0.4075886309146881,0.535690426826477,0.16606254875659943,0.3476138710975647,0.5173324942588806,0.18485890328884125,0.44408169388771057,0.5282537937164307,0.14459697902202606,0.3797387182712555,0.5186040997505188,0.18514268100261688,0.43062061071395874,0.5230384469032288,0.14810451865196228,0.3711090683937073,0.5139678120613098,0.19273391366004944,0.4100211262702942,0.5238735675811768,0.15797914564609528,0.34794262051582336,0.49410516023635864,0.558192789554596,0.0009617268806323409,0.5643888711929321,0.5654166340827942,-0.0014333997387439013,0.44994258880615234,0.5991154313087463,0.3423357605934143,0.5314043760299683,0.6772122979164124,0.2565102279186249,0.45910748839378357,0.7296616435050964,0.4390999674797058,0.4975852072238922,0.7937936782836914,0.2885897159576416,0.46624937653541565,0.7524930834770203,0.4479464888572693,0.4923143982887268,0.8101984262466431,0.2944946587085724,0.44502463936805725,0.7632447481155396,0.46347060799598694,0.4790295660495758,0.8354579210281372,0.2937830984592438
frame_00055.jpg,0.5010324716567993,0.18533821403980255,0.05765501782298088,0.494249165058136,0.17856723070144653,0.02193804271519184,0.49008363485336304,0.1802525818347931,0.02164408564567566,0.4860598146915436,0.18196804821491241,0.021712854504585266,0.5048067569732666,0.1734294593334198,0.024193210527300835,0.5083138942718506,0.17127901315689087,0.023765217512845993,0.5122488141059875,0.16886523365974426,0.023617107421159744,0.48201727867126465,0.1938096433877945,-0.088235042989254,0.5219959020614624,0.17368175089359283,-0.080691859126091,0.49669748544692993,0.20189671218395233,0.030173465609550476,0.5073282122612,0.19580170512199402,0.03013944998383522,0.4523577094078064,0.281253844499588,-0.08906621485948563,0.5731526017189026,0.23684890568256378,-0.06649568676948547,0.43255487084388733,0.24116353690624237,0.11482802778482437,0.5528761148452759,0.19126224517822266,0.10960028320550919,0.4943963885307312,0.20759619772434235,0.4064553380012512,0.5325263142585754,0.16361981630325317,0.38243451714515686,0.5079304575920105,0.18511387705802917,0.4490478038787842,0.5249298214912415,0.14414845407009125,0.42216402292251587,0.5108803510665894,0.18524713814258575,0.4314505457878113,0.5194100141525269,0.1472529023885727,0.42027679085731506,0.50654536485672,0.19282735884189606,0.40789660811424255,0.5204970836639404,0.1568218320608139,0.3886534571647644,0.5013515949249268,0.5490521192550659,-0.008548131212592125,0.5717698335647583,0.5478329062461853,0.008087498135864735,0.45519623160362244,0.600867509841919,0.31759291887283325,0.5395470857620239,0.6760146617889404,0.2744123935699463,0.45948582887649536,0.7310073375701904,0.45629042387008667,0.5155045986175537,0.8136262893676758,0.36691179871559143,0.4693247377872467,0.7533490657806396,0.46993303298950195,0.5042699575424194,0.8346264958381653,0.37750881910324097,0.44053807854652405,0.7668976187705994,0.476389080286026,0.49308329820632935,0.8528048992156982,0.3719194531440735
frame_00056.jpg,0.4991646707057953,0.18082277476787567,0.07280927151441574,0.4924589991569519,0.1734987050294876,0.035123005509376526,0.48856687545776367,0.17499582469463348,0.034832242876291275,0.48481932282447815,0.17647364735603333,0.03488989174365997,0.5024747848510742,0.16888836026191711,0.03926348686218262,0.5059282779693604,0.1669735461473465,0.038851432502269745,0.5098092555999756,0.16481323540210724,0.03871572017669678,0.48121270537376404,0.18620143830776215,-0.0870179682970047,0.5190443396568298,0.1691935956478119,-0.06778886169195175,0.49537983536720276,0.19593492150306702,0.04276943951845169,0.5055228471755981,0.18983501195907593,0.044969942420721054,0.45296376943588257,0.2736351788043976,-0.10129199922084808,0.5729331970214844,0.2279226928949356,-0.0504198856651783,0.4128033220767975,0.23718857765197754,0.10610091686248779,0.5421148538589478,0.19194139540195465,0.13557389378547668,0.4847966134548187,0.210857555270195,0.43648678064346313,0.5248618125915527,0.16395696997642517,0.46049609780311584,0.49439921975135803,0.19873422384262085,0.4842595160007477,0.5182508826255798,0.15209993720054626,0.5024272203445435,0.5019122362136841,0.19489465653896332,0.46493786573410034,0.5149956345558167,0.15150371193885803,0.49849414825439453,0.4969673752784729,0.20301684737205505,0.4384400248527527,0.5154587030410767,0.15793690085411072,0.46429309248924255,0.5036789178848267,0.5384796261787415,-0.012248600833117962,0.5756686925888062,0.5347654223442078,0.01183751504868269,0.4589804708957672,0.6119741201400757,0.3257024884223938,0.5464408993721008,0.6720611453056335,0.26364651322364807,0.4601005017757416,0.7351081967353821,0.48914894461631775,0.5223158597946167,0.8263063430786133,0.3583228588104248,0.46947258710861206,0.7609172463417053,0.5047972202301025,0.5111649632453918,0.839989423751831,0.3691874146461487,0.4368629455566406,0.7676206827163696,0.5070909261703491,0.5024332404136658,0.8609875440597534,0.3554110527038574
frame_00057.jpg,0.5006899237632751,0.18007370829582214,0.0790461003780365,0.4942045211791992,0.17302165925502777,0.04171271622180939,0.490405797958374,0.17501331865787506,0.04142351821064949,0.4866723120212555,0.17698566615581512,0.0414663702249527,0.5041292905807495,0.16821901500225067,0.04525940492749214,0.507701575756073,0.16692064702510834,0.044847521930933,0.5116159319877625,0.1656312346458435,0.04470176249742508,0.48256221413612366,0.18646873533725739,-0.07826067507266998,0.5207569003105164,0.1719476729631424,-0.06492684781551361,0.49699074029922485,0.1962514966726303,0.048587922006845474,0.507297933101654,0.18988686800003052,0.05013095587491989,0.4545539915561676,0.2724164128303528,-0.10399917513132095,0.5712618231773376,0.2263084352016449,-0.0746716856956482,0.39359620213508606,0.23793846368789673,0.021574649959802628,0.5346387624740601,0.18924376368522644,0.03311952203512192,0.47152867913246155,0.2187078893184662,0.2454616278409958,0.5079894661903381,0.175485759973526,0.24810011684894562,0.48248791694641113,0.21458791196346283,0.276245653629303,0.5037738084793091,0.1683923602104187,0.2743961215019226,0.4868108630180359,0.21152624487876892,0.2529604136943817,0.49522000551223755,0.1782505214214325,0.26226913928985596,0.4832964837551117,0.216630220413208,0.24206063151359558,0.4941748082637787,0.1837395876646042,0.24534980952739716,0.5058190226554871,0.5202125310897827,-0.0046435692347586155,0.5785954594612122,0.5180603861808777,0.004240070004016161,0.4636675715446472,0.6147612929344177,0.2981868386268616,0.5556925535202026,0.66579270362854,0.1551057994365692,0.4593506455421448,0.7335416674613953,0.4318271577358246,0.531025230884552,0.8260523080825806,0.13135096430778503,0.4693640172481537,0.7564069032669067,0.48593711853027344,0.5169005990028381,0.8495599031448364,0.1294689178466797,0.43594127893447876,0.7664538621902466,0.3904377818107605,0.5097516179084778,0.8636805415153503,0.0980251282453537
frame_00058.jpg,0.5063002705574036,0.16083501279354095,0.24657246470451355,0.5008851885795593,0.151558980345726,0.2082470953464508,0.4978504776954651,0.15270717442035675,0.2079494446516037,0.4944816529750824,0.15377187728881836,0.20798464119434357,0.5091161727905273,0.14899033308029175,0.20788395404815674,0.5119425654411316,0.14838415384292603,0.2075539380311966,0.5146351456642151,0.1475057303905487,0.20743191242218018,0.48880285024642944,0.1643926054239273,0.0686875581741333,0.5218584537506104,0.15612387657165527,0.06487879902124405,0.5032271146774292,0.17605075240135193,0.20802056789398193,0.5114877223968506,0.17300698161125183,0.2047923356294632,0.45521241426467896,0.25357046723365784,0.0030275958124548197,0.5714468359947205,0.21550200879573822,0.02066999487578869,0.4000406265258789,0.2559417486190796,0.12521366775035858,0.5619741082191467,0.2698855698108673,0.06389649212360382,0.432681143283844,0.27888599038124084,0.3734619617462158,0.5150429606437683,0.2513747811317444,0.20087547600269318,0.42744016647338867,0.27595120668411255,0.4101654887199402,0.5227479338645935,0.25363999605178833,0.21644356846809387,0.43641406297683716,0.26674115657806396,0.4026230275630951,0.5054455995559692,0.2526622712612152,0.21479806303977966,0.4438101649284363,0.26865285634994507,0.37877413630485535,0.4977783262729645,0.25720730423927307,0.2008160799741745,0.5058721899986267,0.49480584263801575,0.008109916001558304,0.579055666923523,0.48386305570602417,-0.008360067382454872,0.4664369225502014,0.610533595085144,0.2956203818321228,0.5767384171485901,0.6250603795051575,0.10679352283477783,0.45883703231811523,0.7414616346359253,0.277474045753479,0.5746335387229919,0.8013770580291748,0.08670060336589813,0.46913018822669983,0.7683753967285156,0.27772262692451477,0.5671784281730652,0.8319952487945557,0.0849444717168808,0.4356001019477844,0.762887179851532,0.2542216181755066,0.5878375768661499,0.8207252621650696,0.05708891898393631
frame_00059.jpg,0.5101078748703003,0.14783312380313873,0.21397630870342255,0.5069014430046082,0.13383997976779938,0.16501659154891968,0.5051990151405334,0.13382838666439056,0.16462774574756622,0.5032981634140015,0.1339830607175827,0.16447612643241882,0.511698842048645,0.133681982755661,0.2009749859571457,0.5135083794593811,0.13345608115196228,0.19999602437019348,0.515221357345581,0.1332152634859085,0.1993875801563263,0.496342271566391,0.1412995308637619,0.011827720329165459,0.5226628184318542,0.14026418328285217,0.030033627524971962,0.5073102712631226,0.16152994334697723,0.15606382489204407,0.5127001404762268,0.16129574179649353,0.18217413127422333,0.4558115005493164,0.24664011597633362,-0.035310130566358566,0.5721274614334106,0.21222375333309174,0.009214352816343307,0.39388877153396606,0.2661699950695038,0.08955945819616318,0.5647076368331909,0.26189419627189636,0.06940232217311859,0.4052427411079407,0.2583872675895691,0.30447354912757874,0.5313979387283325,0.23486775159835815,0.2878624498844147,0.3943496346473694,0.2495691329240799,0.329558789730072,0.5374702215194702,0.2264699935913086,0.31887561082839966,0.4009684920310974,0.24266637861728668,0.323281854391098,0.5240499377250671,0.22385980188846588,0.3111434876918793,0.41086307168006897,0.2477603405714035,0.30926138162612915,0.5152193307876587,0.22986893355846405,0.2852170765399933,0.5099823474884033,0.4869241416454315,0.005660952068865299,0.5782625079154968,0.4807891249656677,-0.005900771357119083,0.4694097936153412,0.6076764464378357,0.2640402913093567,0.5865943431854248,0.623686671257019,0.13826479017734528,0.46116217970848083,0.7395364046096802,0.29227912425994873,0.5882734060287476,0.7968254089355469,0.1486503779888153,0.47315675020217896,0.766670286655426,0.29469120502471924,0.5847601294517517,0.829031229019165,0.1418159306049347,0.43526068329811096,0.7626025676727295,0.2748538553714752,0.5936330556869507,0.8151431679725647,0.13767805695533752
frame_00060.jpg,0.5177938342094421,0.14156021177768707,0.28934797644615173,0.5127654671669006,0.12906333804130554,0.2507553696632385,0.510006844997406,0.12914437055587769,0.2504880130290985,0.5070780515670776,0.12936721742153168,0.2504907250404358,0.5208343863487244,0.12966682016849518,0.252990186214447,0.5233709216117859,0.12971754372119904,0.25267401337623596,0.5259039402008057,0.12985776364803314,0.25257357954978943,0.4998297095298767,0.13816656172275543,0.10631252825260162,0.5275745391845703,0.13914842903614044,0.10973229259252548,0.5127328634262085,0.156034916639328,0.24867582321166992,0.5208975076675415,0.15583166480064392,0.2485104352235794,0.4589831829071045,0.23875966668128967,0.018199864774942398,0.5722237229347229,0.1995890736579895,0.09680585563182831,0.3907500207424164,0.2771938741207123,0.14096525311470032,0.5638700127601624,0.26453855633735657,0.2115505039691925,0.39842575788497925,0.2697954475879669,0.41172975301742554,0.5367823243141174,0.24625012278556824,0.4312136173248291,0.3880537450313568,0.2640434205532074,0.44521522521972656,0.5450158715248108,0.24031397700309753,0.4664803147315979,0.39516910910606384,0.24965186417102814,0.4441061019897461,0.5311389565467834,0.23584868013858795,0.46450313925743103,0.4048580229282379,0.253231018781662,0.4197631776332855,0.5239890813827515,0.24171829223632812,0.4336245059967041,0.5146531462669373,0.4730997085571289,-0.0028115171007812023,0.5851627588272095,0.46301373839378357,0.0028105538804084063,0.46982496976852417,0.599524736404419,0.17275644838809967,0.5932394862174988,0.6094331741333008,0.12268179655075073,0.46043986082077026,0.7426992654800415,0.1617898941040039,0.5928025841712952,0.791781485080719,0.10784053802490234,0.47261109948158264,0.7694796919822693,0.15968428552150726,0.5896196961402893,0.8222344517707825,0.10694952309131622,0.43538886308670044,0.7666262984275818,0.1450446993112564,0.5956456065177917,0.8148740530014038,0.0926896408200264
frame_00061.jpg,0.5184793472290039,0.13699151575565338,0.23141685128211975,0.513229489326477,0.12634088099002838,0.1948462724685669,0.5101861953735352,0.12653344869613647,0.19460533559322357,0.5069114565849304,0.12707138061523438,0.19462481141090393,0.5220590829849243,0.12705163657665253,0.19457824528217316,0.5250031352043152,0.1275593340396881,0.19424991309642792,0.5280035734176636,0.12823766469955444,0.1941397339105606,0.4997662603855133,0.1355486661195755,0.06875289231538773,0.5293790698051453,0.13846895098686218,0.0658465176820755,0.5133891105651855,0.1512744277715683,0.1977314054965973,0.5224891901016235,0.15168793499469757,0.19494396448135376,0.4601980745792389,0.23478548228740692,0.001744795241393149,0.5731026530265808,0.19634877145290375,0.045861609280109406,0.39666467905044556,0.27417322993278503,0.1110982745885849,0.5642186403274536,0.27193647623062134,0.04389592260122299,0.40698567032814026,0.27229854464530945,0.2834841310977936,0.5465929508209229,0.2549354135990143,0.10183785110712051,0.4084400534629822,0.2641448974609375,0.30539315938949585,0.5475140810012817,0.24613790214061737,0.10695628076791763,0.42089247703552246,0.25205713510513306,0.296438992023468,0.5335784554481506,0.24326011538505554,0.10460340976715088,0.42362260818481445,0.255026251077652,0.2853359580039978,0.5286572575569153,0.24834942817687988,0.09975333511829376,0.5161724090576172,0.4647957980632782,-0.004339786246418953,0.5865532755851746,0.45670896768569946,0.004240541718900204,0.46786317229270935,0.5993728637695312,0.15157011151313782,0.6000815033912659,0.6090708374977112,0.09495626389980316,0.4599985182285309,0.7464215159416199,0.17209398746490479,0.6020524501800537,0.7816474437713623,0.1221543401479721,0.47207990288734436,0.7723811864852905,0.17210693657398224,0.6005088686943054,0.8086353540420532,0.12544673681259155,0.4354180693626404,0.770606279373169,0.1495993435382843,0.6068400144577026,0.8182461857795715,0.10684784501791
frame_00062.jpg,0.5221822261810303,0.13903380930423737,0.20981407165527344,0.5169856548309326,0.12947650253772736,0.17412351071834564,0.5135949850082397,0.12962955236434937,0.17388714849948883,0.509662926197052,0.13005267083644867,0.1738886535167694,0.5264673233032227,0.13025625050067902,0.17173641920089722,0.5294342041015625,0.13091473281383514,0.17139966785907745,0.5325652360916138,0.13170723617076874,0.17129692435264587,0.500456690788269,0.13807620108127594,0.057245224714279175,0.5332150459289551,0.1414550393819809,0.0450436994433403,0.5166383385658264,0.15336498618125916,0.1795773208141327,0.525991678237915,0.1546601802110672,0.17410248517990112,0.4591290354728699,0.2278910130262375,-0.005914818495512009,0.5731656551361084,0.19486990571022034,0.03052336350083351,0.3943747878074646,0.25449129939079285,0.045810334384441376,0.5870663523674011,0.26153507828712463,-0.004073089919984341,0.42673438787460327,0.2638743817806244,0.16817982494831085,0.5488321781158447,0.2522525191307068,0.053981292992830276,0.44160500168800354,0.25322622060775757,0.1824897974729538,0.5456968545913696,0.2451791614294052,0.05884433537721634,0.45642533898353577,0.24553416669368744,0.16902020573616028,0.5322705507278442,0.24844194948673248,0.048114676028490067,0.4611732065677643,0.24960432946681976,0.16593356430530548,0.5283278226852417,0.25216957926750183,0.048248227685689926,0.514546275138855,0.4623749554157257,-0.0013336914125829935,0.5848214030265808,0.45664671063423157,0.0011218847939744592,0.47252827882766724,0.5992321372032166,0.16273093223571777,0.6109258532524109,0.6104447841644287,0.06217741221189499,0.45968738198280334,0.7518497109413147,0.1758592128753662,0.6208299398422241,0.7911090850830078,0.061141639947891235,0.4686332643032074,0.7779273986816406,0.17448677122592926,0.6177883148193359,0.8187752962112427,0.06125948950648308,0.4397713243961334,0.7756959795951843,0.15252013504505157,0.6257489323616028,0.8266394734382629,0.03395848721265793
frame_00063.jpg,0.5248992443084717,0.14181174337863922,0.1953180730342865,0.5199102163314819,0.13196833431720734,0.15776467323303223,0.5165330171585083,0.1320604830980301,0.15751835703849792,0.5128666758537292,0.13249091804027557,0.15753552317619324,0.5288537740707397,0.13252845406532288,0.1606353372335434,0.5314949750900269,0.13288742303848267,0.1602323353290558,0.5341331958770752,0.13332054018974304,0.16010954976081848,0.5018655061721802,0.13971272110939026,0.041801776736974716,0.5339018106460571,0.14189371466636658,0.03926289826631546,0.5188532471656799,0.15501710772514343,0.1624116450548172,0.5279463529586792,0.1565273404121399,0.1615067720413208,0.456603467464447,0.22576966881752014,-0.017629193142056465,0.5727591514587402,0.19620873034000397,0.0006158401956781745,0.39015769958496094,0.2418481856584549,-0.04890993982553482,0.5805497765541077,0.294801265001297,-0.0987987145781517,0.42751631140708923,0.26633220911026,-0.016560528427362442,0.5542338490486145,0.29355335235595703,-0.14581862092018127,0.446251779794693,0.25539445877075195,-0.01976802758872509,0.5531357526779175,0.28622567653656006,-0.15875035524368286,0.46480029821395874,0.24189825356006622,-0.02937374636530876,0.5382696390151978,0.28260132670402527,-0.1654190719127655,0.4686230719089508,0.25113481283187866,-0.019506486132740974,0.5346565842628479,0.28590157628059387,-0.15212976932525635,0.5134465098381042,0.4613557755947113,0.0015456692781299353,0.583844780921936,0.4560418426990509,-0.001847867271862924,0.47206196188926697,0.5991449952125549,0.15128692984580994,0.6235154867172241,0.6083164215087891,0.050225935876369476,0.4592244625091553,0.7529071569442749,0.13684320449829102,0.6334815621376038,0.7857480645179749,0.04571011662483215,0.46490660309791565,0.7779069542884827,0.1319102644920349,0.6271310448646545,0.8122087121009827,0.04488774389028549,0.4396621286869049,0.78121417760849,0.09744402021169662,0.6438400149345398,0.826291024684906,0.010471891611814499
frame_00064.jpg,0.52415531873703,0.14314743876457214,0.19665859639644623,0.5188368558883667,0.132530078291893,0.16362982988357544,0.5156313180923462,0.13283918797969818,0.16336525976657867,0.5121499300003052,0.13338766992092133,0.1633206307888031,0.527612566947937,0.13218852877616882,0.16068437695503235,0.530373752117157,0.13232630491256714,0.16034691035747528,0.5332283973693848,0.1325521618127823,0.1602242887020111,0.501789391040802,0.14085158705711365,0.05747473984956741,0.5338233113288879,0.14060835540294647,0.03759954124689102,0.5185986757278442,0.15683510899543762,0.16879317164421082,0.527488648891449,0.15731015801429749,0.16183525323867798,0.45489272475242615,0.22121120989322662,-0.0001871195127023384,0.5725537538528442,0.19677497446537018,-0.004140966571867466,0.37994834780693054,0.21537438035011292,0.0018380206311121583,0.5773816704750061,0.2990761995315552,-0.16313061118125916,0.38845711946487427,0.14683136343955994,0.1589203178882599,0.560209333896637,0.33248382806777954,-0.31132450699806213,0.38994771242141724,0.11579088121652603,0.16635164618492126,0.5618325471878052,0.3366047739982605,-0.3421838879585266,0.40073949098587036,0.10807108134031296,0.16039510071277618,0.5501116514205933,0.33303162455558777,-0.3461044430732727,0.40531426668167114,0.12806536257266998,0.15995776653289795,0.5460086464881897,0.33210036158561707,-0.3187042772769928,0.5127002596855164,0.4641382396221161,0.01822226122021675,0.5829113721847534,0.45657458901405334,-0.01853165403008461,0.4727974534034729,0.5990981459617615,0.1737670600414276,0.632060706615448,0.6011707186698914,0.017320599406957626,0.4574517607688904,0.7588534951210022,0.1858406811952591,0.6440327763557434,0.7874554991722107,0.033686231821775436,0.46009764075279236,0.7849598526954651,0.18313643336296082,0.6339739561080933,0.8134482502937317,0.03442714735865593,0.43994632363319397,0.7867488265037537,0.14006853103637695,0.6611249446868896,0.8215398192405701,-0.016993241384625435
frame_00065.jpg,0.523123562335968,0.14594091475009918,0.1413465291261673,0.5179108381271362,0.1345580369234085,0.1068931370973587,0.5145949125289917,0.1346200853586197,0.1065954938530922,0.5110629796981812,0.1349083036184311,0.10659468173980713,0.5271916389465332,0.13439519703388214,0.10275000333786011,0.5303456783294678,0.13433627784252167,0.1024450808763504,0.5336281061172485,0.13433998823165894,0.10231076180934906,0.5017246007919312,0.14205142855644226,0.004911305848509073,0.5362273454666138,0.1418042927980423,-0.01637742482125759,0.5176929235458374,0.15919968485832214,0.11639083921909332,0.5271893739700317,0.15994106233119965,0.10865767300128937,0.45465365052223206,0.22200532257556915,-0.03296847641468048,0.5724863409996033,0.20093883574008942,-0.0580800361931324,0.3921760022640228,0.22420193254947662,-0.07022903859615326,0.5766541957855225,0.2909589409828186,-0.16995449364185333,0.4461432993412018,0.21997301280498505,-0.06304752826690674,0.5570881962776184,0.2927798330783844,-0.24221885204315186,0.4538145959377289,0.2155776023864746,-0.07065664231777191,0.5574015378952026,0.2898269593715668,-0.2658945322036743,0.4691498875617981,0.20745866000652313,-0.08335761725902557,0.5458652377128601,0.29017841815948486,-0.2693684697151184,0.4698370099067688,0.21776267886161804,-0.06798706948757172,0.5423128008842468,0.2927100360393524,-0.24805429577827454,0.5100635290145874,0.46854645013809204,0.02051149494946003,0.5807465314865112,0.457973837852478,-0.020805753767490387,0.4749378561973572,0.6023657917976379,0.1759634017944336,0.6348215341567993,0.6006192564964294,0.04107653349637985,0.4560841917991638,0.7623909711837769,0.20344612002372742,0.6526500582695007,0.7788959741592407,0.07718876004219055,0.45699888467788696,0.789057195186615,0.20249824225902557,0.6426103711128235,0.8027932643890381,0.07632783055305481,0.4411323666572571,0.7940248847007751,0.1563841551542282,0.6725043058395386,0.8078952431678772,0.04023506119847298
frame_00066.jpg,0.5245650410652161,0.15146824717521667,0.1483607441186905,0.5200366973876953,0.13720184564590454,0.11608368158340454,0.5168583989143372,0.13558341562747955,0.11580806970596313,0.5136069059371948,0.13608795404434204,0.11581704765558243,0.5289697051048279,0.1400446742773056,0.10942643880844116,0.5320332050323486,0.1404411941766739,0.10909469425678253,0.5351632237434387,0.14056557416915894,0.10900753736495972,0.505115270614624,0.1450720727443695,0.024766720831394196,0.5373683571815491,0.1472422331571579,-0.015091980807483196,0.518706738948822,0.16163524985313416,0.12382272630929947,0.5280832052230835,0.16501441597938538,0.11386384814977646,0.4548163414001465,0.22455213963985443,0.021276162937283516,0.5694387555122375,0.20832134783267975,-0.042170315980911255,0.43426257371902466,0.20772534608840942,0.12542644143104553,0.5648168325424194,0.28141337633132935,0.025477979332208633,0.45593705773353577,0.1891951560974121,0.2821735739707947,0.5392777919769287,0.23961852490901947,0.22827744483947754,0.45747408270835876,0.1821850687265396,0.3050541579723358,0.5479362607002258,0.23418912291526794,0.2499806135892868,0.46731066703796387,0.1823618859052658,0.2978772222995758,0.5388310551643372,0.23337212204933167,0.2441018521785736,0.46971672773361206,0.1858215034008026,0.2838214635848999,0.5333790183067322,0.23710155487060547,0.2293611317873001,0.5081983804702759,0.47265204787254333,0.03458016365766525,0.5753486752510071,0.4613776206970215,-0.03484905883669853,0.47684192657470703,0.6126466393470764,0.13597670197486877,0.6426330804824829,0.5982086658477783,-0.01768563501536846,0.4535916745662689,0.7810310125350952,0.13070513308048248,0.6561305522918701,0.772043764591217,-0.012003585696220398,0.45193591713905334,0.8071720600128174,0.12813811004161835,0.6457113027572632,0.7976402044296265,-0.010998604819178581,0.4422043263912201,0.8101805448532104,0.08834190666675568,0.681535542011261,0.8059051632881165,-0.053611673414707184
frame_00067.jpg,0.5238985419273376,0.15221360325813293,0.15313051640987396,0.5196298360824585,0.1386282742023468,0.12012555450201035,0.5163849592208862,0.13751067221164703,0.11985093355178833,0.5130486488342285,0.13762302696704865,0.11985763162374496,0.528800368309021,0.1408274620771408,0.1135801300406456,0.5319123268127441,0.14119775593280792,0.11324237287044525,0.5350404977798462,0.14130999147891998,0.11314859241247177,0.5046830773353577,0.14495094120502472,0.026986274868249893,0.5372830629348755,0.14813882112503052,-0.018030649051070213,0.518316924571991,0.16330935060977936,0.1269848644733429,0.5276638269424438,0.165916308760643,0.11695124208927155,0.45405229926109314,0.22763460874557495,0.01592455618083477,0.5677353143692017,0.22173818945884705,-0.061931561678647995,0.45604872703552246,0.2936388850212097,0.10156717151403427,0.5648390054702759,0.30182039737701416,-0.12012884765863419,0.4791889786720276,0.25130125880241394,0.250199556350708,0.5396459698677063,0.24334435164928436,-0.11768496036529541,0.4797961115837097,0.24210001528263092,0.27644944190979004,0.5451341271400452,0.2347966879606247,-0.12991955876350403,0.48688846826553345,0.23526184260845184,0.2699671983718872,0.5384495854377747,0.23239365220069885,-0.13009528815746307,0.4910576343536377,0.23594218492507935,0.2546236515045166,0.5340034365653992,0.2381727546453476,-0.12003197520971298,0.5036276578903198,0.47877004742622375,0.036982592195272446,0.5706042051315308,0.46543675661087036,-0.037252314388751984,0.4753301739692688,0.6229305267333984,0.13025811314582825,0.6407836675643921,0.6030880808830261,-0.00730991642922163,0.44765394926071167,0.7969796657562256,0.13010038435459137,0.6550571322441101,0.7762735486030579,0.006635043770074844,0.44550448656082153,0.8222293257713318,0.12767471373081207,0.643806517124176,0.8014426827430725,0.008639436215162277,0.44207850098609924,0.8249741792678833,0.09374819695949554,0.6854677796363831,0.8102623224258423,-0.028360703960061073
frame_00068.jpg,0.523511528968811,0.15736371278762817,0.14296340942382812,0.5194173455238342,0.14234264194965363,0.11258937418460846,0.5161789059638977,0.1406419575214386,0.11233767122030258,0.5128645300865173,0.1396530568599701,0.11239826679229736,0.5286231637001038,0.1461586356163025,0.10219524800777435,0.5316841006278992,0.1470750868320465,0.10186205059289932,0.5347493886947632,0.14765657484531403,0.10178028047084808,0.5048869848251343,0.14573559165000916,0.02108233980834484,0.5370826721191406,0.1564202904701233,-0.029814284294843674,0.5179275870323181,0.16813744604587555,0.12029606103897095,0.5273483395576477,0.17153102159500122,0.10508652776479721,0.45232224464416504,0.2324158251285553,0.014595575630664825,0.5663145780563354,0.23407278954982758,-0.07047320902347565,0.4694792330265045,0.33274075388908386,0.08466856181621552,0.5727963447570801,0.33160150051116943,-0.06607674062252045,0.49572038650512695,0.35313817858695984,0.1432717740535736,0.554977536201477,0.27429434657096863,0.02827836573123932,0.4986400008201599,0.3546738624572754,0.15317942202091217,0.5463029742240906,0.2507668733596802,0.027499845251441002,0.5050927400588989,0.3507134020328522,0.14172090590000153,0.5401633977890015,0.24562665820121765,0.027466926723718643,0.5077338218688965,0.3482761085033417,0.140838161110878,0.5373730063438416,0.25467124581336975,0.029829850420355797,0.4985787868499756,0.48343902826309204,0.040013112127780914,0.5646125078201294,0.4655840992927551,-0.04026225954294205,0.4742761552333832,0.6282983422279358,0.12995943427085876,0.6394573450088501,0.6056414246559143,-0.005662816110998392,0.4445950984954834,0.8039647340774536,0.1319204866886139,0.6516236066818237,0.7769946455955505,0.01713215932250023,0.4413226246833801,0.8278194069862366,0.12995754182338715,0.6400302648544312,0.8024585843086243,0.02026120387017727,0.4420468807220459,0.8303361535072327,0.1006590947508812,0.6807451248168945,0.8108922839164734,-0.01158955693244934
frame_00069.jpg,0.5193629264831543,0.16322702169418335,0.13734270632266998,0.5167622566223145,0.14811258018016815,0.10672248899936676,0.5142285227775574,0.1466762125492096,0.10647312551736832,0.51148521900177,0.1455099880695343,0.10654784739017487,0.5244078636169434,0.15183447301387787,0.0969039797782898,0.5271614789962769,0.15295836329460144,0.09658212214708328,0.5299842357635498,0.15372909605503082,0.09651090204715729,0.5042921304702759,0.15246976912021637,0.014924973249435425,0.5321892499923706,0.16435614228248596,-0.030922675505280495,0.5147672295570374,0.17524415254592896,0.11573414504528046,0.5224964022636414,0.1780194193124771,0.10102090984582901,0.452341228723526,0.2352740466594696,0.011617083102464676,0.5596913695335388,0.24192704260349274,-0.0691244900226593,0.46775469183921814,0.3529590368270874,0.0786445364356041,0.5750481486320496,0.337513267993927,-0.08788038790225983,0.4916468560695648,0.3623031973838806,0.12155425548553467,0.5537726283073425,0.2788888216018677,-0.043167680501937866,0.4926883280277252,0.3637160062789917,0.12892678380012512,0.5469790697097778,0.25629591941833496,-0.05186808854341507,0.4993031620979309,0.35806310176849365,0.11783894151449203,0.5390298962593079,0.2471311092376709,-0.05312737822532654,0.5028375387191772,0.3560596704483032,0.11922585964202881,0.5351449847221375,0.2557714283466339,-0.04470811411738396,0.4946173131465912,0.48834750056266785,0.039935123175382614,0.5580595135688782,0.47074800729751587,-0.040192339569330215,0.47399550676345825,0.631683886051178,0.1409679800271988,0.6359652280807495,0.6025376915931702,-0.005493230186402798,0.4433745741844177,0.8100164532661438,0.13770565390586853,0.645903468132019,0.7719526886940002,0.02375248819589615,0.43836528062820435,0.8400433659553528,0.13412970304489136,0.6355737447738647,0.7979328036308289,0.027173185721039772,0.44448503851890564,0.8273425698280334,0.09889781475067139,0.6707223057746887,0.7988754510879517,-0.003846187610179186
frame_00070.jpg,0.5079782009124756,0.17356881499290466,0.1388387531042099,0.5060815215110779,0.1598718762397766,0.10840117931365967,0.5038377046585083,0.1591690480709076,0.10808490216732025,0.501192569732666,0.15855908393859863,0.10816194117069244,0.5146265625953674,0.1616913378238678,0.09932135045528412,0.5182620286941528,0.1624186933040619,0.09912622720003128,0.5217178463935852,0.16308161616325378,0.09906158596277237,0.4962728023529053,0.16693609952926636,0.015971168875694275,0.5256198644638062,0.17487730085849762,-0.026229700073599815,0.5044087171554565,0.18739508092403412,0.1178792268037796,0.5128478407859802,0.18898266553878784,0.10357643663883209,0.4518436789512634,0.25206562876701355,0.006684527732431889,0.5552457571029663,0.24921944737434387,-0.06010018661618233,0.4697214663028717,0.397830605506897,0.025234445929527283,0.5700215101242065,0.33693578839302063,-0.15549150109291077,0.48804330825805664,0.45266708731651306,0.04533510282635689,0.5421806573867798,0.2748861312866211,-0.2202165424823761,0.4873081147670746,0.46544742584228516,0.047638941556215286,0.5377598404884338,0.2549763321876526,-0.2467394769191742,0.494594007730484,0.45701977610588074,0.03607804328203201,0.5385510921478271,0.24688100814819336,-0.24091187119483948,0.49860110878944397,0.4514400362968445,0.042810335755348206,0.5340560674667358,0.25516432523727417,-0.22226957976818085,0.49327221512794495,0.4978469908237457,0.0361182726919651,0.5595506429672241,0.478471577167511,-0.03637651726603508,0.4686196744441986,0.6367366909980774,0.1572815179824829,0.6247967481613159,0.6035187840461731,0.023128442466259003,0.43960151076316833,0.8203787207603455,0.15243026614189148,0.641568124294281,0.7646877765655518,0.07694873213768005,0.43616247177124023,0.8521433472633362,0.14884500205516815,0.6339578032493591,0.7937100529670715,0.08012787252664566,0.44433099031448364,0.8248220682144165,0.10151517391204834,0.6650092601776123,0.7939544320106506,0.03565295413136482
frame_00071.jpg,0.5096069574356079,0.17744149267673492,0.17269274592399597,0.5071717500686646,0.1640319973230362,0.1463359147310257,0.5047017335891724,0.16307902336120605,0.1460752785205841,0.5018947720527649,0.16222359240055084,0.14611949026584625,0.5158523917198181,0.16671352088451385,0.13634397089481354,0.5193484425544739,0.16755083203315735,0.13613757491111755,0.522724986076355,0.1683243066072464,0.13609719276428223,0.49606838822364807,0.16944296658039093,0.058974046260118484,0.5263710021972656,0.17847304046154022,0.014651480130851269,0.5055201053619385,0.1901845782995224,0.15246380865573883,0.5142462849617004,0.19275078177452087,0.13740870356559753,0.4516025483608246,0.25113093852996826,0.04050607979297638,0.5523964166641235,0.2543518543243408,-0.03411657363176346,0.4686110019683838,0.3806135356426239,0.032027214765548706,0.5629671812057495,0.34896010160446167,-0.1312924325466156,0.491438090801239,0.44393905997276306,0.02245415188372135,0.5429216027259827,0.30615121126174927,-0.19460394978523254,0.49033504724502563,0.4569918215274811,0.019099773839116096,0.535435140132904,0.2776712477207184,-0.21949657797813416,0.49818068742752075,0.45422500371932983,0.009410207159817219,0.5359362363815308,0.26992732286453247,-0.214614599943161,0.5016075372695923,0.44456788897514343,0.01931251958012581,0.5312030911445618,0.27815568447113037,-0.1966264247894287,0.4903244972229004,0.4977535903453827,0.03616508096456528,0.5572176575660706,0.4804185628890991,-0.03640255704522133,0.4672391414642334,0.6333505511283875,0.1238660216331482,0.6176908612251282,0.6047300696372986,0.02080480568110943,0.4367895722389221,0.821256697177887,0.08893407881259918,0.6304413676261902,0.7664835453033447,0.03680310398340225,0.4336739480495453,0.8536059856414795,0.08091824501752853,0.6232904195785522,0.7959102988243103,0.035841263830661774,0.440577894449234,0.8279221057891846,0.024158993735909462,0.6617971062660217,0.7945767045021057,-0.016487393528223038
frame_00072.jpg,0.5087136030197144,0.18164904415607452,0.22352394461631775,0.506662905216217,0.1683199554681778,0.19788751006126404,0.5040920972824097,0.16724705696105957,0.1976817399263382,0.5012459754943848,0.16624978184700012,0.1977178454399109,0.5154379606246948,0.17131677269935608,0.1864968091249466,0.5188260674476624,0.17219513654708862,0.18626660108566284,0.5221874713897705,0.1730434149503708,0.18623903393745422,0.4948742985725403,0.1728435903787613,0.10708234459161758,0.5255445241928101,0.18318797647953033,0.05671452358365059,0.5041054487228394,0.19398635625839233,0.20110972225666046,0.5128806829452515,0.19682826101779938,0.1845192313194275,0.44944411516189575,0.2587272822856903,0.07552754133939743,0.5486246943473816,0.2593648433685303,-0.009470053017139435,0.46554994583129883,0.37198910117149353,0.01228388212621212,0.5574137568473816,0.3576740324497223,-0.10259915888309479,0.48809003829956055,0.38716837763786316,-0.06819434463977814,0.5424625873565674,0.3272349238395691,-0.12448672205209732,0.48760277032852173,0.3885922133922577,-0.08483701944351196,0.5354973077774048,0.30991849303245544,-0.1431187242269516,0.4948929250240326,0.3810950219631195,-0.08912128210067749,0.5309804081916809,0.29851967096328735,-0.14128679037094116,0.49838098883628845,0.3787378668785095,-0.07222055643796921,0.5262241363525391,0.30503353476524353,-0.12665580213069916,0.48586827516555786,0.4976079761981964,0.03886806219816208,0.5514572858810425,0.48146364092826843,-0.03912089020013809,0.4661921560764313,0.6317136883735657,0.09299071133136749,0.6108596324920654,0.6054450869560242,0.007534286472946405,0.43682271242141724,0.8145166039466858,0.03977722302079201,0.6222081184387207,0.7761903405189514,-0.0026784702204167843,0.43387356400489807,0.8479906320571899,0.03031555935740471,0.6152909994125366,0.8094614148139954,-0.005437854677438736,0.43735432624816895,0.8341246247291565,-0.029312053695321083,0.6549447774887085,0.7970865964889526,-0.06065506488084793
frame_00073.jpg,0.5095375180244446,0.1818648725748062,0.28234294056892395,0.5072131156921387,0.16894418001174927,0.2575443983078003,0.5045472383499146,0.16781432926654816,0.25737589597702026,0.5016005039215088,0.16679386794567108,0.25741642713546753,0.516041100025177,0.17202146351337433,0.2467639148235321,0.5193718671798706,0.17285852134227753,0.24652540683746338,0.5226835012435913,0.1736769676208496,0.24651005864143372,0.4946441650390625,0.17356255650520325,0.16390866041183472,0.5258849859237671,0.18328870832920074,0.11643578857183456,0.5045530200004578,0.19403544068336487,0.25847095251083374,0.513217568397522,0.19674226641654968,0.24279490113258362,0.44952908158302307,0.2566174566745758,0.12660010159015656,0.5490134954452515,0.2621082067489624,0.03550593927502632,0.46615663170814514,0.36461085081100464,0.056033991277217865,0.5538535714149475,0.3624858558177948,-0.05820011347532272,0.48864689469337463,0.36781060695648193,-0.00010702244617277756,0.5379490256309509,0.3315705955028534,-0.09211179614067078,0.4887138307094574,0.3677481412887573,-0.011834537610411644,0.5343087315559387,0.3156331479549408,-0.10285769402980804,0.49528175592422485,0.361549973487854,-0.016083773225545883,0.5230503678321838,0.30356845259666443,-0.10295133292675018,0.4988164007663727,0.36016932129859924,-0.0037065926007926464,0.5188379883766174,0.309519499540329,-0.09466270357370377,0.4829474091529846,0.49726423621177673,0.04217543452978134,0.5481554269790649,0.48222917318344116,-0.04243650287389755,0.4634227752685547,0.6354926228523254,0.08178391307592392,0.6081985831260681,0.6169174313545227,0.0050496263429522514,0.43325963616371155,0.8257025480270386,0.014852498658001423,0.6224955320358276,0.7951470613479614,-0.01532385777682066,0.4307940900325775,0.855749249458313,0.004254730883985758,0.6147669553756714,0.8262331485748291,-0.018999919295310974,0.4339063763618469,0.8398969769477844,-0.05624901503324509,0.6533128023147583,0.8060405850410461,-0.07586745917797089
frame_00074.jpg,0.509894847869873,0.18196286261081696,0.2777409851551056,0.5073779821395874,0.1696302592754364,0.2524252235889435,0.5046762228012085,0.16848041117191315,0.252252995967865,0.501769483089447,0.16742652654647827,0.2522812485694885,0.5162792205810547,0.17277199029922485,0.24129275977611542,0.519646942615509,0.17369571328163147,0.2410612851381302,0.5230029225349426,0.1745605617761612,0.24103255569934845,0.4947754740715027,0.1741010546684265,0.15853719413280487,0.5261529684066772,0.18389299511909485,0.10885791480541229,0.5050052404403687,0.19391244649887085,0.2537164092063904,0.513744592666626,0.19652001559734344,0.23744793236255646,0.4486766457557678,0.2555848956108093,0.11673512309789658,0.5484664440155029,0.2621059715747833,0.030513187870383263,0.4628501832485199,0.3658224642276764,0.04489584267139435,0.552606463432312,0.3632308542728424,-0.060246534645557404,0.4868749976158142,0.3601897358894348,-0.044157080352306366,0.5354257822036743,0.33631619811058044,-0.11403021961450577,0.48713645339012146,0.36116039752960205,-0.06186308339238167,0.5332171320915222,0.32152432203292847,-0.13514140248298645,0.49407368898391724,0.358067125082016,-0.06529290974140167,0.5196644067764282,0.30915504693984985,-0.13288867473602295,0.4974832534790039,0.3597124516963959,-0.04835442826151848,0.515677809715271,0.3146435618400574,-0.11666159331798553,0.4811362326145172,0.49708566069602966,0.04359443113207817,0.5467976331710815,0.48221251368522644,-0.0438406839966774,0.46146973967552185,0.6344884634017944,0.0941598117351532,0.6092649698257446,0.6171941161155701,-0.010224893689155579,0.4338778555393219,0.8189153075218201,0.0492948517203331,0.6227020025253296,0.794914186000824,-0.025858145207166672,0.43053755164146423,0.8484974503517151,0.04100770130753517,0.614709734916687,0.8250980377197266,-0.02874010242521763,0.43369024991989136,0.8358019590377808,-0.016869256272912025,0.6522789597511292,0.8061371445655823,-0.08555327355861664
frame_00075.jpg,0.5112577676773071,0.1827055960893631,0.25704631209373474,0.509319007396698,0.1712285429239273,0.22858254611492157,0.5066661834716797,0.1702396422624588,0.22840344905853271,0.5038217306137085,0.1693115383386612,0.22843675315380096,0.5181034803390503,0.17408625781536102,0.21974797546863556,0.5212646722793579,0.17499755322933197,0.21950531005859375,0.5244970321655273,0.17590497434139252,0.21947939693927765,0.4960770010948181,0.17590799927711487,0.12705619633197784,0.5272005796432495,0.18502627313137054,0.08775996416807175,0.505843997001648,0.19454325735569,0.23080293834209442,0.5144532918930054,0.197132408618927,0.2175786793231964,0.44920071959495544,0.25593554973602295,0.08809635788202286,0.549422025680542,0.26347169280052185,0.018926924094557762,0.46126118302345276,0.3569037616252899,0.03698895126581192,0.5604111552238464,0.36025407910346985,-0.05985002964735031,0.4857054352760315,0.3414968252182007,-0.01008911244571209,0.5364097356796265,0.32389721274375916,-0.10997174680233002,0.4861380457878113,0.3367001712322235,-0.021280772984027863,0.5338299870491028,0.3083614110946655,-0.11979261785745621,0.49310582876205444,0.3300747871398926,-0.026081835851073265,0.5213821530342102,0.2975696623325348,-0.11917533725500107,0.49649113416671753,0.33185431361198425,-0.013590519316494465,0.5174564123153687,0.3034301996231079,-0.11106262356042862,0.48055505752563477,0.4968932569026947,0.041989825665950775,0.5480648279190063,0.4840643107891083,-0.04224641993641853,0.45709744095802307,0.6383932828903198,0.08431272208690643,0.6091263294219971,0.6303465962409973,-0.0036076740361750126,0.4325457513332367,0.8268231153488159,0.0460318885743618,0.6227844953536987,0.8078219890594482,-0.014223156496882439,0.4284723699092865,0.8544068932533264,0.03858638182282448,0.6130191683769226,0.8352586627006531,-0.01655864529311657,0.42987313866615295,0.8407894968986511,-0.014188040979206562,0.6517668962478638,0.8190577626228333,-0.06936807930469513
frame_00076.jpg,0.5116251707077026,0.1865818202495575,0.3335956931114197,0.509931206703186,0.1747617870569229,0.30443665385246277,0.5071384310722351,0.17366574704647064,0.3042721152305603,0.50421541929245,0.1725885570049286,0.30428028106689453,0.5194203853607178,0.17793914675712585,0.29602548480033875,0.5228034853935242,0.1789686381816864,0.29577434062957764,0.5261633992195129,0.18000836670398712,0.29576224088668823,0.4964872896671295,0.178767129778862,0.18801157176494598,0.52825927734375,0.18938980996608734,0.15086182951927185,0.5060706734657288,0.19778156280517578,0.30181074142456055,0.5146397352218628,0.2011251449584961,0.2890831232070923,0.4493483901023865,0.2593459188938141,0.1367020457983017,0.5499411821365356,0.2664334177970886,0.07240065932273865,0.4569794237613678,0.35765448212623596,0.18312180042266846,0.5573269128799438,0.36400172114372253,0.07897089421749115,0.4830281734466553,0.34031879901885986,0.29991698265075684,0.5366240739822388,0.31843802332878113,0.19396154582500458,0.484890878200531,0.33498474955558777,0.31791794300079346,0.5309170484542847,0.3017643988132477,0.2018919736146927,0.4904504716396332,0.3282449543476105,0.31192904710769653,0.5224001407623291,0.29348528385162354,0.20468440651893616,0.4937312602996826,0.3299150764942169,0.3003690838813782,0.5181962251663208,0.29868945479393005,0.19516189396381378,0.48010310530662537,0.4977026879787445,0.0406997874379158,0.5478174090385437,0.48589468002319336,-0.040942948311567307,0.4562322199344635,0.6406831741333008,0.09775717556476593,0.6095055341720581,0.6356945633888245,-0.005631597246974707,0.4332882761955261,0.8254514336585999,0.05065160244703293,0.622883677482605,0.8183068633079529,-0.05119626969099045,0.43008479475975037,0.8549272418022156,0.043314866721630096,0.6123088598251343,0.8481817841529846,-0.05624905228614807,0.42785120010375977,0.8397027254104614,0.002140937838703394,0.6513974070549011,0.8287001848220825,-0.10214296728372574
frame_00077.jpg,0.5117770433425903,0.18918642401695251,0.30987319350242615,0.5099805593490601,0.17786867916584015,0.2815617024898529,0.5071874856948853,0.1769140064716339,0.28138983249664307,0.5042596459388733,0.17595836520195007,0.28141435980796814,0.5199978351593018,0.18064048886299133,0.2735660672187805,0.5236312747001648,0.1815260946750641,0.2733313739299774,0.5271720290184021,0.1824338436126709,0.2733263373374939,0.4966041147708893,0.1818600445985794,0.1730792075395584,0.5295001268386841,0.19194506108760834,0.13826830685138702,0.506212592124939,0.2006581872701645,0.2807735204696655,0.5148855447769165,0.203851118683815,0.26881149411201477,0.44962579011917114,0.2610641419887543,0.11986689269542694,0.5504858493804932,0.2695470452308655,0.06066029518842697,0.45614171028137207,0.36069947481155396,0.16130544245243073,0.5574744939804077,0.3686211407184601,0.010347778908908367,0.4812778830528259,0.3478042185306549,0.05842960998415947,0.5372025370597839,0.32887694239616394,0.04177713021636009,0.4826344847679138,0.3437756597995758,0.047545675188302994,0.5327825546264648,0.31336718797683716,0.0352347157895565,0.4887680113315582,0.33534520864486694,0.044619522988796234,0.5228990912437439,0.30185824632644653,0.03651537373661995,0.492105633020401,0.3360655605792999,0.05569702386856079,0.5186952948570251,0.30680006742477417,0.04064406454563141,0.4807656705379486,0.4996148645877838,0.04007377475500107,0.5487396717071533,0.4892425835132599,-0.040313489735126495,0.4562324583530426,0.6443553566932678,0.10093607008457184,0.6096800565719604,0.6387182474136353,-0.0006203475641086698,0.4336899220943451,0.8297312259674072,0.057976134121418,0.6222462058067322,0.821108877658844,-0.02380768209695816,0.4310954213142395,0.8583965301513672,0.050493113696575165,0.6099954843521118,0.8520780801773071,-0.02708417735993862,0.42491596937179565,0.8449727892875671,0.003485051216557622,0.6510140895843506,0.8322878479957581,-0.07556942105293274
frame_00078.jpg,0.5128712058067322,0.1903972625732422,0.28700050711631775,0.5104206204414368,0.1794780045747757,0.25828781723976135,0.5074195265769958,0.17856179177761078,0.2581174671649933,0.5043790340423584,0.17757821083068848,0.2581545412540436,0.5208858251571655,0.1822059452533722,0.25130605697631836,0.5247141718864441,0.18309757113456726,0.25105926394462585,0.5284265279769897,0.18399253487586975,0.25104644894599915,0.4968849718570709,0.18357083201408386,0.151499405503273,0.5310323238372803,0.19317194819450378,0.12175563722848892,0.5069876909255981,0.20202447474002838,0.2588108479976654,0.5162322521209717,0.20520271360874176,0.24823026359081268,0.4518357217311859,0.26014700531959534,0.10536253452301025,0.5505777597427368,0.27110087871551514,0.05186270922422409,0.4575182795524597,0.33570414781570435,0.10872870683670044,0.5577066540718079,0.36752116680145264,0.023674143478274345,0.4846626818180084,0.3320052921772003,0.0800192728638649,0.5400494933128357,0.32346323132514954,0.08073575794696808,0.4874250888824463,0.33107754588127136,0.07656777650117874,0.5332581400871277,0.31273123621940613,0.07789642363786697,0.4936082363128662,0.3281051516532898,0.07311581075191498,0.5260204672813416,0.2975684404373169,0.07851143181324005,0.4961945116519928,0.32805106043815613,0.07812044769525528,0.5219993591308594,0.3029753267765045,0.07997813820838928,0.48114314675331116,0.5015762448310852,0.03658813238143921,0.5493958592414856,0.49347177147865295,-0.036834266036748886,0.4565678536891937,0.6457538604736328,0.08155215531587601,0.6098188161849976,0.641252875328064,0.0019322549924254417,0.4338008463382721,0.8323347568511963,0.031619809567928314,0.6212010979652405,0.8210411071777344,-0.029889855533838272,0.43168196082115173,0.8617851734161377,0.023407714441418648,0.6081505417823792,0.8518964052200317,-0.03429601341485977,0.4247136116027832,0.8472239375114441,-0.02603069879114628,0.6508626341819763,0.835658073425293,-0.0840788409113884
frame_00079.jpg,0.5132867097854614,0.190693199634552,0.29095038771629333,0.5104660987854004,0.1794079840183258,0.26125648617744446,0.5074692368507385,0.17848481237888336,0.2610766291618347,0.5044079422950745,0.1775112748146057,0.2611173093318939,0.5209503173828125,0.1820923238992691,0.25515681505203247,0.5248317122459412,0.18295791745185852,0.2548823654651642,0.5286077857017517,0.18381820619106293,0.25484952330589294,0.4969314932823181,0.18357951939105988,0.14755888283252716,0.5316126942634583,0.19314593076705933,0.12095914036035538,0.5072487592697144,0.20299211144447327,0.26053768396377563,0.5169409513473511,0.20578111708164215,0.2509217858314514,0.453559011220932,0.25953251123428345,0.10721801221370697,0.5515570044517517,0.2751362919807434,0.0608043298125267,0.4572644829750061,0.336573988199234,0.1886862814426422,0.5629559755325317,0.3721234202384949,0.11647899448871613,0.4842407703399658,0.3306615948677063,0.36019137501716614,0.5401216149330139,0.3157637417316437,0.28470221161842346,0.4867199957370758,0.32950159907341003,0.38891419768333435,0.5338594913482666,0.31245243549346924,0.3017212152481079,0.4930168688297272,0.3271285593509674,0.38153767585754395,0.5295672416687012,0.29682308435440063,0.30633220076560974,0.49572768807411194,0.32717233896255493,0.36202162504196167,0.5287682414054871,0.30027520656585693,0.2884724736213684,0.4813247323036194,0.5058212876319885,0.03321615606546402,0.5495731830596924,0.49989283084869385,-0.03339012712240219,0.45677369832992554,0.6500769257545471,0.0913868173956871,0.6099671721458435,0.6509706974029541,0.025338437408208847,0.4325180649757385,0.83330237865448,0.0493365153670311,0.621311604976654,0.8288236856460571,-0.027493223547935486,0.4311160445213318,0.8659456968307495,0.04234427213668823,0.6086163520812988,0.8596534729003906,-0.031376615166664124,0.422595351934433,0.8526104092597961,-0.021861258894205093,0.6506193280220032,0.8419559597969055,-0.06539039313793182
frame_00080.jpg,0.5132883787155151,0.19281743466854095,0.31151658296585083,0.5101288557052612,0.18100164830684662,0.2822652757167816,0.5069586634635925,0.1800062656402588,0.28206080198287964,0.5037360191345215,0.1789867877960205,0.28208068013191223,0.5208677053451538,0.183455228805542,0.27713316679000854,0.5248152017593384,0.1841019243001938,0.2769199311733246,0.5286110043525696,0.18469977378845215,0.2768966853618622,0.4966224730014801,0.1848049908876419,0.1666264832019806,0.5319119691848755,0.1939460188150406,0.1448562890291214,0.5071362257003784,0.20524954795837402,0.2794283330440521,0.5170106887817383,0.20766878128051758,0.27118179202079773,0.4537690281867981,0.26332032680511475,0.11187728494405746,0.5518829822540283,0.27909958362579346,0.06996268033981323,0.455589234828949,0.3777258098125458,0.15237729251384735,0.574112594127655,0.3845338523387909,0.04721807315945625,0.4809390604496002,0.4261898994445801,0.12282456457614899,0.5434595346450806,0.3312189280986786,0.09733427315950394,0.4829041361808777,0.437656432390213,0.12243914604187012,0.5414799451828003,0.3156284689903259,0.07860743254423141,0.4911584258079529,0.43547359108924866,0.11453098058700562,0.5293670892715454,0.29964712262153625,0.08135487139225006,0.4936071038246155,0.43044349551200867,0.12063279002904892,0.5285342931747437,0.3065390884876251,0.0935891643166542,0.47994178533554077,0.5085588097572327,0.03320198878645897,0.5496398210525513,0.5030481219291687,-0.03338088467717171,0.4569706320762634,0.6508368253707886,0.11490094661712646,0.610142707824707,0.6546244025230408,0.01724417321383953,0.43162813782691956,0.8325812220573425,0.08476165682077408,0.6213473081588745,0.8336108922958374,-0.022222351282835007,0.43020591139793396,0.8655847311019897,0.0783114954829216,0.6078742742538452,0.8636382818222046,-0.026062171906232834,0.4236238896846771,0.8515065908432007,0.028098728507757187,0.6507096886634827,0.8488746285438538,-0.07319235801696777
frame_00081.jpg,0.513336718082428,0.19503901898860931,0.3324231803417206,0.5100605487823486,0.18294090032577515,0.30330348014831543,0.5068364143371582,0.18201684951782227,0.30312275886535645,0.5035711526870728,0.18108303844928741,0.3031468391418457,0.5208624601364136,0.18515677750110626,0.2977580428123474,0.5248174071311951,0.18567273020744324,0.2974896728992462,0.5286429524421692,0.18612636625766754,0.29745978116989136,0.49654799699783325,0.18688756227493286,0.1824670433998108,0.5320265889167786,0.19465604424476624,0.15888254344463348,0.5071824193000793,0.20803897082805634,0.2989402413368225,0.5171410441398621,0.2097344845533371,0.29011988639831543,0.4564177989959717,0.2625928521156311,0.14414533972740173,0.5530767440795898,0.2822410762310028,0.08934663236141205,0.4644043445587158,0.24322296679019928,0.2558402419090271,0.5739002823829651,0.3906633257865906,0.1627495139837265,0.4833458960056305,0.18978165090084076,0.46020907163619995,0.5607908964157104,0.3470246195793152,0.34145957231521606,0.48704808950424194,0.1772850602865219,0.49082788825035095,0.548612654209137,0.3195926249027252,0.36020413041114807,0.49154797196388245,0.17558836936950684,0.48663195967674255,0.5407276153564453,0.3080228269100189,0.3643319010734558,0.49353447556495667,0.1807437241077423,0.46375006437301636,0.5498632192611694,0.32623183727264404,0.345993310213089,0.48016589879989624,0.5128743648529053,0.034253425896167755,0.5501343011856079,0.5094677805900574,-0.03439680486917496,0.45712193846702576,0.6535835862159729,0.12717333436012268,0.6103453636169434,0.6651061773300171,0.027064865455031395,0.43063730001449585,0.8340417146682739,0.1071566566824913,0.6207603216171265,0.8407475352287292,0.001304162316955626,0.42894190549850464,0.8672407269477844,0.1032983809709549,0.6059556603431702,0.8686186075210571,-0.0007552019087597728,0.42417389154434204,0.8537126779556274,0.06730164587497711,0.649555504322052,0.8584460020065308,-0.042263664305210114
frame_00082.jpg,0.5124140977859497,0.19802697002887726,0.20487701892852783,0.5087984800338745,0.1861245036125183,0.18000555038452148,0.5053297877311707,0.18539400398731232,0.17986860871315002,0.5017755031585693,0.18467505276203156,0.17986351251602173,0.5201891660690308,0.1879906952381134,0.17057199776172638,0.5243366360664368,0.18846870958805084,0.17023703455924988,0.5283793807029724,0.18889738619327545,0.17013008892536163,0.4951445460319519,0.19061104953289032,0.08700525015592575,0.5320202708244324,0.19754411280155182,0.04454005882143974,0.5060096383094788,0.21175280213356018,0.18166598677635193,0.5167063474655151,0.21258875727653503,0.16750451922416687,0.4574461877346039,0.2653375267982483,0.09115979075431824,0.5537601113319397,0.28646188974380493,-0.028397884219884872,0.4709608554840088,0.24725723266601562,0.17371021211147308,0.5836365222930908,0.4006129801273346,-0.05430678650736809,0.48422545194625854,0.17919757962226868,0.28394749760627747,0.6152703762054443,0.5034081935882568,-0.03421732038259506,0.48687809705734253,0.16520172357559204,0.29691413044929504,0.623873770236969,0.5306947827339172,-0.04677224159240723,0.49116382002830505,0.1630258858203888,0.2917609214782715,0.6220842599868774,0.5327823758125305,-0.05029994249343872,0.49349445104599,0.1692965179681778,0.2845529615879059,0.6112333536148071,0.5163594484329224,-0.034936219453811646,0.4802178740501404,0.5159580111503601,0.039630770683288574,0.5509523749351501,0.5135225057601929,-0.039863470941782,0.4571797251701355,0.6550074219703674,0.12371114641427994,0.610409140586853,0.6660740375518799,0.0017614271491765976,0.4303644299507141,0.8345639705657959,0.10420364141464233,0.6206501722335815,0.8408021330833435,0.014709335751831532,0.42907005548477173,0.868943989276886,0.09921139478683472,0.6063674688339233,0.8668721914291382,0.015942227095365524,0.424616277217865,0.8569986820220947,0.055049460381269455,0.6445356011390686,0.8556721210479736,-0.029409196227788925
frame_00083.jpg,0.5100345015525818,0.19871872663497925,0.26639696955680847,0.5063654184341431,0.18623502552509308,0.23426516354084015,0.5031417012214661,0.18557573854923248,0.23410284519195557,0.49972549080848694,0.18501701951026917,0.2341458797454834,0.5174218416213989,0.1877405047416687,0.23247405886650085,0.5218501091003418,0.18801386654376984,0.2321607619524002,0.5262678265571594,0.18825332820415497,0.23212189972400665,0.4936527609825134,0.19114361703395844,0.10566246509552002,0.5314642786979675,0.1965513527393341,0.10351294279098511,0.5048089027404785,0.21234963834285736,0.23213164508342743,0.5154326558113098,0.21292158961296082,0.2282649278640747,0.45795708894729614,0.2674223780632019,0.09556660056114197,0.5552452206611633,0.28764963150024414,0.04545619338750839,0.4699045717716217,0.2537015676498413,0.17307348549365997,0.580035924911499,0.39346250891685486,0.10182324796915054,0.48635879158973694,0.18731102347373962,0.31289276480674744,0.5904873609542847,0.3958018124103546,0.24089398980140686,0.4875114858150482,0.17552359402179718,0.3312532305717468,0.610089898109436,0.3817894160747528,0.25410792231559753,0.4929904043674469,0.16853518784046173,0.3274725079536438,0.5619074106216431,0.35054484009742737,0.25144562125205994,0.4937903881072998,0.17870134115219116,0.314717173576355,0.5705472826957703,0.37411871552467346,0.24138882756233215,0.4798928201198578,0.5159989595413208,0.03579522296786308,0.5511788129806519,0.5143772959709167,-0.035997506231069565,0.45697373151779175,0.661413848400116,0.11510082334280014,0.610467791557312,0.6645575761795044,-0.0020429990254342556,0.43008390069007874,0.8427192568778992,0.10116056352853775,0.6191531419754028,0.8379700183868408,-0.009675173088908195,0.4287475049495697,0.877640426158905,0.09741298109292984,0.604857325553894,0.8650104999542236,-0.00992756336927414,0.4249195456504822,0.864764928817749,0.05403151363134384,0.6445778012275696,0.859325647354126,-0.0536499097943306
frame_00084.jpg,0.5095575451850891,0.19763784110546112,0.30650824308395386,0.5057152509689331,0.1852855384349823,0.2778257429599762,0.5026283860206604,0.18462325632572174,0.277665913105011,0.4993616044521332,0.18406830728054047,0.2777009606361389,0.5164471864700317,0.18688760697841644,0.27400535345077515,0.5209505558013916,0.1872272938489914,0.27368226647377014,0.525490939617157,0.18753662705421448,0.27363473176956177,0.49333930015563965,0.19026845693588257,0.16079376637935638,0.5313286185264587,0.19644904136657715,0.14539337158203125,0.5045682787895203,0.21116238832473755,0.2749388813972473,0.5152901411056519,0.2119399458169937,0.2681719660758972,0.45852336287498474,0.26603591442108154,0.13722828030586243,0.5555087327957153,0.2882610857486725,0.09409824758768082,0.4708690047264099,0.24167734384536743,0.26163753867149353,0.5741128325462341,0.37645652890205383,0.20302386581897736,0.4861389100551605,0.17355044186115265,0.4828435778617859,0.5501528978347778,0.3156110942363739,0.41940921545028687,0.48735150694847107,0.15825213491916656,0.5163008570671082,0.5542761087417603,0.30758681893348694,0.4476102888584137,0.49266186356544495,0.1535124033689499,0.5127831697463989,0.5406192541122437,0.30412718653678894,0.45013362169265747,0.4920196533203125,0.1613975614309311,0.48700013756752014,0.5440425872802734,0.30862540006637573,0.42436137795448303,0.4784451127052307,0.5151064991950989,0.03383229300379753,0.5505857467651367,0.5139515399932861,-0.033985164016485214,0.4545142650604248,0.6666720509529114,0.07744824141263962,0.610158383846283,0.6661688089370728,-0.02117784693837166,0.42920246720314026,0.8566895723342896,0.02879425883293152,0.6190058588981628,0.8396388292312622,-0.03297682851552963,0.42825832962989807,0.8882290720939636,0.02239772491157055,0.6051031351089478,0.8686168789863586,-0.03348229452967644,0.4084819257259369,0.8847423791885376,-0.020475244149565697,0.6442530155181885,0.8648915886878967,-0.07240535318851471
frame_00085.jpg,0.5094245672225952,0.19700436294078827,0.33078625798225403,0.5053903460502625,0.18465568125247955,0.3042380213737488,0.5023192763328552,0.1839870661497116,0.3040681481361389,0.49909281730651855,0.18342775106430054,0.30408555269241333,0.5160095691680908,0.1863250732421875,0.29742521047592163,0.5205153822898865,0.18669010698795319,0.29710572957992554,0.5250739455223083,0.1870252788066864,0.2970547676086426,0.4929135739803314,0.18978168070316315,0.19307729601860046,0.531138002872467,0.196112722158432,0.1631813794374466,0.5044156312942505,0.21038053929805756,0.3007579445838928,0.5152653455734253,0.21130943298339844,0.2899954915046692,0.4584430754184723,0.26512911915779114,0.16949617862701416,0.5555143356323242,0.2888154089450836,0.1044633612036705,0.47094231843948364,0.24387548863887787,0.3122301995754242,0.5720499753952026,0.37040963768959045,0.2174537479877472,0.48605719208717346,0.17726664245128632,0.5538619160652161,0.5486103296279907,0.3159249722957611,0.4501918852329254,0.4872211813926697,0.16171711683273315,0.5925969481468201,0.5407446622848511,0.2975158989429474,0.4813230037689209,0.4923751950263977,0.15976320207118988,0.5880246758460999,0.5337784886360168,0.2969762980937958,0.4837394654750824,0.49079710245132446,0.16436739265918732,0.5579962730407715,0.5346312522888184,0.29863741993904114,0.4556562304496765,0.47710490226745605,0.514549970626831,0.03504444658756256,0.5499683618545532,0.5138566493988037,-0.035187192261219025,0.45403629541397095,0.6657310128211975,0.07317368686199188,0.6084742546081543,0.6660446524620056,-0.039958707988262177,0.42760005593299866,0.8584156036376953,0.015267650596797466,0.6189947724342346,0.8417059779167175,-0.057854801416397095,0.4266888499259949,0.8907914757728577,0.008525582030415535,0.6053498387336731,0.8709030151367188,-0.05846871808171272,0.41257089376449585,0.8853667974472046,-0.02547801099717617,0.6442694664001465,0.863704264163971,-0.08858241140842438
frame_00086.jpg,0.508720338344574,0.1964905858039856,0.3135373592376709,0.5045208930969238,0.1842430680990219,0.2850356101989746,0.5014389753341675,0.1835929900407791,0.2848542332649231,0.49818649888038635,0.18305131793022156,0.28488558530807495,0.514944851398468,0.18591834604740143,0.2792399227619171,0.5194054245948792,0.18629980087280273,0.27896836400032043,0.5239393711090088,0.18664857745170593,0.2789326310157776,0.4917791783809662,0.18959097564220428,0.17282772064208984,0.5301882028579712,0.19561631977558136,0.1471562534570694,0.5040022134780884,0.20987439155578613,0.2826491892337799,0.5147002935409546,0.21085676550865173,0.2733486592769623,0.4580322206020355,0.2647908627986908,0.16379475593566895,0.5553329586982727,0.29057106375694275,0.08629893511533737,0.47047433257102966,0.3637523949146271,0.09005913138389587,0.5718616843223572,0.37709102034568787,0.005993666592985392,0.48603734374046326,0.40784722566604614,0.049469150602817535,0.5465810298919678,0.33139917254447937,-0.010167260654270649,0.48707205057144165,0.41883713006973267,0.04385945573449135,0.5341121554374695,0.30319100618362427,-0.02499576471745968,0.4923083782196045,0.41428250074386597,0.03779015690088272,0.5289703607559204,0.3072910010814667,-0.02289111167192459,0.4929419457912445,0.4097875952720642,0.04691414535045624,0.5286848545074463,0.3035690188407898,-0.011966047808527946,0.47566112875938416,0.5146815180778503,0.033733200281858444,0.5479196310043335,0.5144369602203369,-0.03393121063709259,0.45348015427589417,0.6692567467689514,0.0633881539106369,0.6064645051956177,0.6662976741790771,-0.04175624996423721,0.42786937952041626,0.8630309700965881,0.0027442818973213434,0.6178799271583557,0.8436345458030701,-0.06167566031217575,0.42694130539894104,0.8956785202026367,-0.006988121662288904,0.6049069762229919,0.8756717443466187,-0.06421784311532974,0.4146566390991211,0.8888311982154846,-0.055871378630399704,0.6414477825164795,0.864915668964386,-0.10243348032236099
frame_00087.jpg,0.5058403015136719,0.19926081597805023,0.29322391748428345,0.5017045736312866,0.18721166253089905,0.2665223181247711,0.4988746643066406,0.18657279014587402,0.26636025309562683,0.49581924080848694,0.18605750799179077,0.2664008140563965,0.511420726776123,0.18881267309188843,0.2610641419887543,0.5156154036521912,0.18904240429401398,0.26070135831832886,0.5201522707939148,0.18905211985111237,0.26064473390579224,0.48942679166793823,0.19284135103225708,0.16343900561332703,0.5270077586174011,0.19618578255176544,0.13933220505714417,0.5018332600593567,0.212571382522583,0.2660973370075226,0.5115417242050171,0.21343477070331573,0.25679266452789307,0.4564109444618225,0.2648909091949463,0.1431490033864975,0.553748369216919,0.2910912334918976,0.07766174525022507,0.4702089726924896,0.2751954197883606,0.26198485493659973,0.5635254979133606,0.34980180859565735,0.18275080621242523,0.4855365753173828,0.207617849111557,0.4924437999725342,0.5444578528404236,0.31987428665161133,0.4100295901298523,0.48704925179481506,0.18509051203727722,0.5290664434432983,0.5325833559036255,0.2971970736980438,0.4403110146522522,0.4921669363975525,0.18596644699573517,0.5236998796463013,0.526403546333313,0.2981347441673279,0.44195786118507385,0.4913702607154846,0.19142933189868927,0.49625077843666077,0.5239801406860352,0.2983589172363281,0.41534000635147095,0.4735792577266693,0.515810489654541,0.03384486585855484,0.5428364276885986,0.5162312984466553,-0.034030891954898834,0.45316991209983826,0.6684909462928772,0.05236741900444031,0.6016284823417664,0.664743185043335,-0.060245078057050705,0.42710310220718384,0.8599101305007935,-0.015155483968555927,0.6161092519760132,0.8429781794548035,-0.09039358794689178,0.42546576261520386,0.8918787837028503,-0.02331327460706234,0.602362334728241,0.8745956420898438,-0.09251101315021515,0.4154936671257019,0.8886778354644775,-0.06119154766201973,0.6414904594421387,0.8717628121376038,-0.12613652646541595
frame_00088.jpg,0.5029520392417908,0.20247937738895416,0.29633861780166626,0.49887481331825256,0.1903531402349472,0.26895254850387573,0.49609798192977905,0.18970650434494019,0.26879990100860596,0.4930403232574463,0.18916301429271698,0.26884788274765015,0.5083142518997192,0.19179433584213257,0.26326435804367065,0.5123782753944397,0.19189681112766266,0.26292333006858826,0.5167320966720581,0.1916835606098175,0.26287996768951416,0.48649707436561584,0.19630815088748932,0.16365940868854523,0.523816704750061,0.1978529393672943,0.1382881999015808,0.4990805685520172,0.2156689167022705,0.26878201961517334,0.5083751678466797,0.2164963334798813,0.2593252658843994,0.45345592498779297,0.2658720910549164,0.14230695366859436,0.5517151951789856,0.29146209359169006,0.07571282982826233,0.4656509757041931,0.2817002236843109,0.22267289459705353,0.558436930179596,0.34973543882369995,0.14560015499591827,0.4804753363132477,0.21782568097114563,0.3722290098667145,0.541187047958374,0.323751300573349,0.31544095277786255,0.48703259229660034,0.17972557246685028,0.39415785670280457,0.528070330619812,0.3038509488105774,0.334587037563324,0.4920250475406647,0.17464280128479004,0.3901951313018799,0.5219839215278625,0.3029332756996155,0.33553820848464966,0.49032196402549744,0.18510089814662933,0.3743197023868561,0.5251002907752991,0.3043327033519745,0.3187270164489746,0.4717494547367096,0.516169011592865,0.035389531403779984,0.5411204099655151,0.5167945623397827,-0.03557553142309189,0.4529113173484802,0.6694548726081848,0.056851863861083984,0.6006215214729309,0.6673147678375244,-0.06898761540651321,0.4259510040283203,0.8646783828735352,0.001054199761711061,0.6148334741592407,0.8481454253196716,-0.1027243584394455,0.4236780107021332,0.893622636795044,-0.006268869154155254,0.6018490791320801,0.8810675144195557,-0.10494808107614517,0.40969905257225037,0.8931412100791931,-0.04725709930062294,0.6416552662849426,0.8791726231575012,-0.14244815707206726
frame_00089.jpg,0.4995412230491638,0.20495326817035675,0.29628583788871765,0.4956508278846741,0.1931416243314743,0.26782914996147156,0.49266132712364197,0.19274550676345825,0.2676697373390198,0.48931413888931274,0.19243590533733368,0.26771080493927,0.5050522685050964,0.1941133439540863,0.2621643841266632,0.5090819001197815,0.19412828981876373,0.2618368864059448,0.5133143067359924,0.19382023811340332,0.2617909610271454,0.48278847336769104,0.19961638748645782,0.16237658262252808,0.5200678110122681,0.19972410798072815,0.1360194981098175,0.4954257607460022,0.21873126924037933,0.267354816198349,0.5045571327209473,0.21900372207164764,0.2579175531864166,0.4507001042366028,0.26918354630470276,0.12985950708389282,0.5498899221420288,0.29194575548171997,0.05641723424196243,0.4625536799430847,0.3289985954761505,0.17849686741828918,0.5556228160858154,0.3370323181152344,-0.0007997138309292495,0.4780656695365906,0.2902812957763672,0.27971991896629333,0.5406723618507385,0.32164818048477173,0.021248769015073776,0.47971048951148987,0.27795159816741943,0.2961496114730835,0.526943027973175,0.305753231048584,0.016243770718574524,0.4851936399936676,0.2687317132949829,0.2919386327266693,0.5207763910293579,0.2993062734603882,0.019152624532580376,0.4881209433078766,0.2720149755477905,0.280937135219574,0.5250946283340454,0.30519768595695496,0.020988987758755684,0.46968942880630493,0.5189012885093689,0.03533414378762245,0.5406912565231323,0.5184606313705444,-0.03553687781095505,0.4522562623023987,0.6691091060638428,0.06440040469169617,0.6002720594406128,0.6683294773101807,-0.0599089078605175,0.425331175327301,0.8642714023590088,-0.011148883029818535,0.613872766494751,0.8481559753417969,-0.09583447128534317,0.4234312176704407,0.8942443132400513,-0.02196953073143959,0.6021510362625122,0.8835293650627136,-0.09864569455385208,0.41139596700668335,0.890893280506134,-0.06169241666793823,0.6320925951004028,0.8790614604949951,-0.1279410868883133
frame_00090.jpg,0.49905747175216675,0.20398369431495667,0.26783037185668945,0.49504512548446655,0.19219334423542023,0.2374776303768158,0.4919508993625641,0.19178073108196259,0.23729006946086884,0.4884619116783142,0.19144387543201447,0.2373238056898117,0.5044793486595154,0.19326958060264587,0.23322267830371857,0.508410632610321,0.19336241483688354,0.2329421043395996,0.5126081705093384,0.19316746294498444,0.2328929454088211,0.4812118411064148,0.19865499436855316,0.12662695348262787,0.5188786387443542,0.19951088726520538,0.10678371042013168,0.49475130438804626,0.21803762018680573,0.2370777428150177,0.5039169788360596,0.2183796614408493,0.22943389415740967,0.4476647973060608,0.2718197703361511,0.08311919867992401,0.5497149229049683,0.29278039932250977,0.03308967500925064,0.4628106951713562,0.37805354595184326,0.0587732195854187,0.5569754838943481,0.35391053557395935,-0.07761174440383911,0.48347848653793335,0.3888671100139618,0.06110658496618271,0.5365245938301086,0.3309185206890106,-0.1353214532136917,0.48427075147628784,0.39049068093299866,0.061260901391506195,0.5251790285110474,0.3112628757953644,-0.1549692004919052,0.49123233556747437,0.38193872570991516,0.05424248054623604,0.5201060771942139,0.3078484833240509,-0.15266869962215424,0.4954493045806885,0.3807627260684967,0.05887529253959656,0.5189160108566284,0.31409361958503723,-0.1382795125246048,0.46985822916030884,0.5216563940048218,0.029414692893624306,0.5413264632225037,0.5202997326850891,-0.029698621481657028,0.45170873403549194,0.6694895625114441,0.06684302538633347,0.5999879240989685,0.6714001297950745,-0.05136978626251221,0.42468228936195374,0.8635482788085938,-0.0028043847996741533,0.6098214387893677,0.8487436771392822,-0.08078242093324661,0.4223940372467041,0.8938219547271729,-0.013392788358032703,0.5977271795272827,0.882621169090271,-0.0835714042186737,0.41237521171569824,0.8893190026283264,-0.0586911141872406,0.6300640106201172,0.8813089728355408,-0.11694546043872833
frame_00091.jpg,0.49835363030433655,0.20320160686969757,0.3070449233055115,0.49393153190612793,0.19209568202495575,0.2768062949180603,0.4907357692718506,0.19153079390525818,0.2766450047492981,0.4871691167354584,0.19105790555477142,0.2766650915145874,0.5030810832977295,0.19295842945575714,0.2705397307872772,0.5067735910415649,0.19300241768360138,0.27022358775138855,0.510714590549469,0.19271622598171234,0.2701820731163025,0.4794604182243347,0.19797785580158234,0.15684521198272705,0.5164805054664612,0.1992766112089157,0.12853702902793884,0.4941042959690094,0.21794554591178894,0.27395445108413696,0.5030021667480469,0.21774163842201233,0.2636399567127228,0.44590872526168823,0.27147871255874634,0.12040138244628906,0.5495036840438843,0.2922498881816864,0.0530766025185585,0.4592980742454529,0.35351425409317017,0.23130735754966736,0.5517522096633911,0.323294073343277,0.10728279501199722,0.48054027557373047,0.34678173065185547,0.44238346815109253,0.5288405418395996,0.2964509427547455,0.29462483525276184,0.48106735944747925,0.3511542081832886,0.47707444429397583,0.5234400033950806,0.2858383059501648,0.3160563111305237,0.4855858385562897,0.3794715106487274,0.47187358140945435,0.5175400972366333,0.2734838128089905,0.3187762498855591,0.4909636378288269,0.36774274706840515,0.44561880826950073,0.5175423622131348,0.2854706048965454,0.29804569482803345,0.4690219759941101,0.5215112566947937,0.029666822403669357,0.5415266156196594,0.5201858282089233,-0.029922693967819214,0.4507710337638855,0.6708658337593079,0.06717227399349213,0.5987798571586609,0.6714689135551453,-0.0473347082734108,0.42324599623680115,0.8725173473358154,0.006089411210268736,0.6066251397132874,0.8503522276878357,-0.07382700592279434,0.41975030303001404,0.9003809094429016,-0.0031854878179728985,0.5931922197341919,0.8820491433143616,-0.07631386071443558,0.403644859790802,0.8945090174674988,-0.0390678346157074,0.6284275650978088,0.8790861368179321,-0.099704310297966
frame_00092.jpg,0.49632638692855835,0.2014109045267105,0.31377050280570984,0.4920235574245453,0.1908736526966095,0.2828912138938904,0.4888063073158264,0.19054003059864044,0.28272882103919983,0.4853084981441498,0.1902928352355957,0.2827517092227936,0.5010364055633545,0.19162891805171967,0.2783304452896118,0.5046812295913696,0.19188861548900604,0.27801769971847534,0.508599579334259,0.19181247055530548,0.2779736816883087,0.47769618034362793,0.19778837263584137,0.16247771680355072,0.514159083366394,0.19908976554870605,0.14143481850624084,0.49196672439575195,0.21723170578479767,0.2802535891532898,0.5008499026298523,0.21686553955078125,0.2721491754055023,0.44460296630859375,0.2710292935371399,0.12143401801586151,0.5478168725967407,0.2917843461036682,0.06487937271595001,0.457111120223999,0.36007434129714966,0.2064472734928131,0.5488941073417664,0.3307053744792938,0.04648111015558243,0.47558969259262085,0.3334091305732727,0.3525444269180298,0.5246108174324036,0.3019396960735321,0.09544555842876434,0.4746719300746918,0.32712143659591675,0.3748084008693695,0.5217424631118774,0.2918895483016968,0.09583045542240143,0.4797109067440033,0.32388269901275635,0.36982235312461853,0.5189349055290222,0.28343358635902405,0.09956438094377518,0.48569002747535706,0.32375869154930115,0.3542090356349945,0.5169026255607605,0.29167038202285767,0.0957377701997757,0.4680347442626953,0.5211198329925537,0.02924538590013981,0.5400254130363464,0.5197113752365112,-0.029506772756576538,0.4496005177497864,0.6713360548019409,0.06900249421596527,0.5971473455429077,0.6706303358078003,-0.04513892903923988,0.4221794009208679,0.8702228665351868,0.004923432134091854,0.6053010821342468,0.8492816090583801,-0.0707402154803276,0.4188985228538513,0.899150550365448,-0.004256259184330702,0.591343104839325,0.8809375762939453,-0.07321672141551971,0.4011344909667969,0.895408034324646,-0.04058229923248291,0.6250526905059814,0.8778018355369568,-0.09641725569963455
frame_00093.jpg,0.4958881735801697,0.19723398983478546,0.308163046836853,0.4913880228996277,0.18821009993553162,0.2779814302921295,0.48815831542015076,0.1882423609495163,0.27781546115875244,0.484694242477417,0.18822380900382996,0.2778412401676178,0.5004130005836487,0.18827785551548004,0.27299487590789795,0.5039945840835571,0.18848927319049835,0.2726918160915375,0.5078884363174438,0.18844112753868103,0.27265045046806335,0.47713321447372437,0.19671986997127533,0.16081048548221588,0.5133082270622253,0.19752413034439087,0.1409803181886673,0.491534948348999,0.21295498311519623,0.27588191628456116,0.5002620816230774,0.2120288461446762,0.26738399267196655,0.4439795911312103,0.26748257875442505,0.1314113438129425,0.5474002361297607,0.29157838225364685,0.0656227096915245,0.45470842719078064,0.35649698972702026,0.2843089699745178,0.5490087270736694,0.32123181223869324,0.1655242145061493,0.47588205337524414,0.29249927401542664,0.548507809638977,0.5233631134033203,0.28447163105010986,0.40365615487098694,0.47580355405807495,0.2808765769004822,0.5933781266212463,0.5202447175979614,0.2728962302207947,0.4344363808631897,0.48054060339927673,0.2741498649120331,0.5853785872459412,0.5198341608047485,0.2733244001865387,0.4371711313724518,0.48569783568382263,0.2779470384120941,0.5522120594978333,0.5172074437141418,0.27993813157081604,0.4087611138820648,0.4669681191444397,0.5197152495384216,0.03125855699181557,0.5384880900382996,0.5183279514312744,-0.0314486064016819,0.4495229721069336,0.6703582406044006,0.0706648975610733,0.5962861180305481,0.669264554977417,-0.04705461859703064,0.4215875267982483,0.8713833689689636,0.005837133154273033,0.6045204401016235,0.8483983874320984,-0.0701570138335228,0.4182051122188568,0.9005535244941711,-0.002772027160972357,0.5910747647285461,0.8801792860031128,-0.07005389034748077,0.40218883752822876,0.8982271552085876,-0.024604378268122673,0.6253786087036133,0.876911461353302,-0.08538763970136642
frame_00094.jpg,0.4961763024330139,0.19561117887496948,0.2767593264579773,0.4915500581264496,0.18694616854190826,0.24858227372169495,0.488332599401474,0.1870979517698288,0.24839386343955994,0.4848697781562805,0.18711885809898376,0.24843069911003113,0.5005497336387634,0.18681111931800842,0.24152342975139618,0.5040947198867798,0.18701094388961792,0.2411782443523407,0.5079841613769531,0.18697555363178253,0.24113109707832336,0.4770519733428955,0.1960011124610901,0.14067581295967102,0.5130103826522827,0.19682317972183228,0.10915949195623398,0.4918237328529358,0.21131651103496552,0.248865008354187,0.5004053115844727,0.2103312611579895,0.23739929497241974,0.4429193437099457,0.26600855588912964,0.12981955707073212,0.5462390184402466,0.29129451513290405,0.061428315937519073,0.4553408622741699,0.3330281376838684,0.3068026900291443,0.5485954284667969,0.3148370683193207,0.18970471620559692,0.47980156540870667,0.2548116445541382,0.5987655520439148,0.5190221071243286,0.2553791403770447,0.4603942036628723,0.4816979467868805,0.23830460011959076,0.6483498811721802,0.5191948413848877,0.24174290895462036,0.49656233191490173,0.483953058719635,0.2312813103199005,0.638448178768158,0.5107613801956177,0.23763544857501984,0.4980259835720062,0.48880210518836975,0.23715905845165253,0.6022359132766724,0.5104990005493164,0.24003879725933075,0.46567559242248535,0.4667009711265564,0.5195106267929077,0.032853804528713226,0.5376266241073608,0.518079400062561,-0.033001355826854706,0.4494479298591614,0.6700360774993896,0.07139077037572861,0.5953529477119446,0.6690168976783752,-0.04605523496866226,0.42095333337783813,0.8697873950004578,0.01109079085290432,0.6044740080833435,0.8468219637870789,-0.06295308470726013,0.4176032543182373,0.8997319340705872,0.005237125791609287,0.5906492471694946,0.8800408244132996,-0.06172068789601326,0.3996010422706604,0.8986845016479492,-0.014782975427806377,0.6265102624893188,0.8764520287513733,-0.07759752869606018
frame_00095.jpg,0.49346399307250977,0.19562901556491852,0.25763005018234253,0.48864632844924927,0.18690316379070282,0.2289040982723236,0.48529258370399475,0.18701361119747162,0.22872669994831085,0.4816974699497223,0.18700085580348969,0.2287733554840088,0.497458279132843,0.18672429025173187,0.22086724638938904,0.5008141994476318,0.18688425421714783,0.2205139696598053,0.504588782787323,0.18680819869041443,0.22046303749084473,0.47355490922927856,0.19574132561683655,0.12271203100681305,0.5098321437835693,0.1966903954744339,0.08625728636980057,0.4890117645263672,0.2113136649131775,0.23074114322662354,0.49746379256248474,0.2103232741355896,0.21804273128509521,0.4416576325893402,0.2664010226726532,0.12537816166877747,0.5442200899124146,0.2894534170627594,0.03661956265568733,0.4557834565639496,0.3324960470199585,0.2901993691921234,0.5490680932998657,0.3121749460697174,0.15719589591026306,0.4817224144935608,0.26244035363197327,0.5559893846511841,0.5206588506698608,0.26397499442100525,0.41001734137535095,0.48442572355270386,0.24807170033454895,0.6015433073043823,0.520584762096405,0.2557845115661621,0.442108154296875,0.4858885407447815,0.2411036491394043,0.5909565687179565,0.5128759145736694,0.25334131717681885,0.4423142373561859,0.4905434250831604,0.24595507979393005,0.5584604144096375,0.511407732963562,0.2584603726863861,0.41462522745132446,0.4664735794067383,0.5193665623664856,0.03568708896636963,0.5368257761001587,0.5178740620613098,-0.035834092646837234,0.4491322636604309,0.6697928309440613,0.07459847629070282,0.5931328535079956,0.6685939431190491,-0.0423266738653183,0.4203035831451416,0.8688220381736755,0.02405605837702751,0.60404372215271,0.8464296460151672,-0.046562258154153824,0.41721710562705994,0.8990866541862488,0.018863270059227943,0.5908905267715454,0.8797428011894226,-0.04521459341049194,0.3981577754020691,0.8970835208892822,-0.005254463292658329,0.6242971420288086,0.8735211491584778,-0.06450945883989334
frame_00096.jpg,0.4929010272026062,0.1956302523612976,0.27940088510513306,0.48790135979652405,0.18687282502651215,0.254116952419281,0.48458153009414673,0.18694502115249634,0.2539300322532654,0.48106127977371216,0.18691207468509674,0.2539657652378082,0.4967753291130066,0.1866990476846695,0.24437782168388367,0.5001715421676636,0.18685689568519592,0.2440096139907837,0.5039579272270203,0.18676045536994934,0.24395236372947693,0.4731312692165375,0.1955215483903885,0.15284773707389832,0.5089436173439026,0.19663646817207336,0.11007995903491974,0.4883970618247986,0.21129004657268524,0.2546618580818176,0.49676841497421265,0.21023139357566833,0.23967106640338898,0.44087305665016174,0.2663901746273041,0.15324807167053223,0.5440266728401184,0.28849804401397705,0.06323236227035522,0.4561116695404053,0.32246458530426025,0.34169068932533264,0.5490479469299316,0.31451016664505005,0.20369546115398407,0.4845661520957947,0.24647018313407898,0.6404092311859131,0.5218176245689392,0.2625657021999359,0.47950977087020874,0.48825138807296753,0.22902926802635193,0.6924302577972412,0.5214667320251465,0.24803055822849274,0.5166307687759399,0.49182453751564026,0.2158138006925583,0.6820594668388367,0.5139702558517456,0.24496880173683167,0.5204497575759888,0.4933592677116394,0.22793571650981903,0.6437762379646301,0.5118253827095032,0.2523924708366394,0.48605722188949585,0.46640801429748535,0.5193217396736145,0.03731375187635422,0.5367681980133057,0.5175020694732666,-0.03745206445455551,0.447916179895401,0.6695995926856995,0.07255372405052185,0.5932871103286743,0.66839599609375,-0.04549535736441612,0.4202357828617096,0.8681557178497314,0.01148068718612194,0.6043615341186523,0.845284104347229,-0.06999026238918304,0.4171527028083801,0.8985700011253357,0.005308805964887142,0.5910624265670776,0.8785861134529114,-0.07111615687608719,0.397929310798645,0.8994253277778625,-0.01639970764517784,0.6245726346969604,0.8732704520225525,-0.09136500209569931
frame_00097.jpg,0.49088501930236816,0.20067499577999115,0.31243354082107544,0.48588475584983826,0.19070543348789215,0.28466859459877014,0.4824638366699219,0.1906764954328537,0.28450140357017517,0.47883209586143494,0.19060839712619781,0.2845059037208557,0.49496990442276,0.19083945453166962,0.277437299489975,0.4983243942260742,0.19091559946537018,0.2771150469779968,0.5021011233329773,0.19069084525108337,0.2770516574382782,0.47109144926071167,0.1986553966999054,0.17471812665462494,0.5068730711936951,0.19945326447486877,0.14147725701332092,0.48612913489341736,0.2152334749698639,0.2828899025917053,0.49464553594589233,0.21380482614040375,0.27116888761520386,0.4402538239955902,0.26742616295814514,0.14916811883449554,0.5426791906356812,0.2876774072647095,0.06796194612979889,0.45419010519981384,0.3314879536628723,0.2999477684497833,0.5485614538192749,0.31512466073036194,0.08468135446310043,0.48431792855262756,0.2710174322128296,0.6140543222427368,0.521992564201355,0.27193230390548706,0.19442611932754517,0.4879544675350189,0.25567516684532166,0.6576083898544312,0.5198363065719604,0.25807157158851624,0.2048400640487671,0.4915652275085449,0.24594374001026154,0.6502692103385925,0.5142360925674438,0.24713921546936035,0.20942017436027527,0.4932681918144226,0.25212210416793823,0.622327983379364,0.5127272605895996,0.2575569748878479,0.1966395080089569,0.4654257297515869,0.5190520286560059,0.03698123246431351,0.5359108448028564,0.5168543457984924,-0.03713841736316681,0.44786912202835083,0.6686087846755981,0.06962420046329498,0.5927428603172302,0.6687021851539612,-0.06076740100979805,0.4202571511268616,0.866617739200592,0.003159802407026291,0.6044111847877502,0.8451012372970581,-0.09826204180717468,0.4172542691230774,0.8984482288360596,-0.004821192938834429,0.5913422703742981,0.8782603144645691,-0.10100817680358887,0.39870795607566833,0.898644745349884,-0.03620726615190506,0.6254726648330688,0.8757916688919067,-0.13033291697502136
frame_00098.jpg,0.4883902668952942,0.20468804240226746,0.30674469470977783,0.4830172061920166,0.1943918615579605,0.27943843603134155,0.47949352860450745,0.19441039860248566,0.27927151322364807,0.475726455450058,0.19440163671970367,0.2792980968952179,0.4923951029777527,0.19464059174060822,0.2719842493534088,0.4956901967525482,0.1947581171989441,0.2716558873653412,0.4994358420372009,0.1945306807756424,0.2715986371040344,0.46838945150375366,0.20227473974227905,0.1738809496164322,0.5039131045341492,0.2026706337928772,0.13866592943668365,0.4835803508758545,0.21869733929634094,0.2783428132534027,0.49229684472084045,0.21722529828548431,0.2663683295249939,0.43966737389564514,0.2691706717014313,0.15986737608909607,0.5412193536758423,0.28765517473220825,0.06929232180118561,0.45433998107910156,0.331085205078125,0.3082977831363678,0.5465738773345947,0.31117600202560425,0.15424951910972595,0.48440414667129517,0.2711501121520996,0.5540080070495605,0.5198925137519836,0.2687894403934479,0.3819822669029236,0.48806270956993103,0.25601330399513245,0.5973871946334839,0.5167040824890137,0.25327247381210327,0.4110112190246582,0.4913416802883148,0.24673087894916534,0.5882627367973328,0.5110928416252136,0.2488139569759369,0.41407233476638794,0.4932619035243988,0.2522842288017273,0.5568939447402954,0.511670708656311,0.26208412647247314,0.38703033328056335,0.46457919478416443,0.518907904624939,0.03856738284230232,0.5338610410690308,0.5160508751869202,-0.038740646094083786,0.4479270577430725,0.6675038933753967,0.06640275567770004,0.590796947479248,0.6685699820518494,-0.059422560036182404,0.42028412222862244,0.8646358251571655,-0.010348252020776272,0.604289174079895,0.8449932336807251,-0.10762816667556763,0.4174014627933502,0.8970726728439331,-0.019188500940799713,0.5915970802307129,0.878085732460022,-0.11160155385732651,0.41029706597328186,0.8886680603027344,-0.05249609425663948,0.6248846054077148,0.8739154934883118,-0.14293210208415985
frame_00099.jpg,0.4872864782810211,0.20493382215499878,0.30013951659202576,0.4820187985897064,0.19472602009773254,0.2728869318962097,0.47860583662986755,0.1948305070400238,0.2727243900299072,0.4749473035335541,0.19489739835262299,0.272777259349823,0.49124598503112793,0.19479233026504517,0.26455020904541016,0.49452972412109375,0.1948467344045639,0.26420068740844727,0.49828797578811646,0.1945558488368988,0.2641385793685913,0.4678623676300049,0.20278112590312958,0.17109842598438263,0.5031875371932983,0.20255111157894135,0.1313975751399994,0.4826721251010895,0.21890078485012054,0.27345338463783264,0.49137958884239197,0.2173510044813156,0.26033955812454224,0.43943357467651367,0.26944640278816223,0.1526988446712494,0.5410851240158081,0.28762391209602356,0.06002601981163025,0.45458635687828064,0.33057406544685364,0.2914372384548187,0.5457305908203125,0.31218141317367554,0.1499902307987213,0.48430147767066956,0.26895463466644287,0.5199547410011292,0.5198273062705994,0.2679826617240906,0.3817006051540375,0.4878862798213959,0.25378990173339844,0.5604066848754883,0.5161975026130676,0.25123876333236694,0.41023874282836914,0.4912595748901367,0.2455408275127411,0.551511824131012,0.5106569528579712,0.24840112030506134,0.41244158148765564,0.4931938648223877,0.2505934536457062,0.522197961807251,0.511829137802124,0.2633400559425354,0.3864920139312744,0.46432915329933167,0.5186657309532166,0.040294449776411057,0.5333889126777649,0.5148444771766663,-0.04047693684697151,0.4482496678829193,0.6674632430076599,0.07048575580120087,0.5895221829414368,0.6669033765792847,-0.05728369951248169,0.42049440741539,0.8643369674682617,0.005309449043124914,0.603537917137146,0.844946563243866,-0.09668028354644775,0.41751137375831604,0.8955080509185791,-0.0017903335392475128,0.5910612940788269,0.8780021071434021,-0.0997607633471489,0.4091530740261078,0.889808714389801,-0.031001875177025795,0.6248313188552856,0.8732033967971802,-0.1293754279613495
frame_00100.jpg,0.4842548370361328,0.2082294374704361,0.29860275983810425,0.4787469506263733,0.19855065643787384,0.2722659111022949,0.47530779242515564,0.1988779455423355,0.2721025049686432,0.47154203057289124,0.19915536046028137,0.27214765548706055,0.48769816756248474,0.1980813890695572,0.26405009627342224,0.49073681235313416,0.19808784127235413,0.26368117332458496,0.49423354864120483,0.1978265792131424,0.26360639929771423,0.46527355909347534,0.20654021203517914,0.16891410946846008,0.49962538480758667,0.2052425742149353,0.13071231544017792,0.48002633452415466,0.22244793176651,0.2721484899520874,0.4886201322078705,0.2201591283082962,0.26024216413497925,0.43843549489974976,0.27708446979522705,0.16709300875663757,0.540100634098053,0.28766363859176636,0.05932808667421341,0.4546930193901062,0.3330507278442383,0.3331492245197296,0.5457586646080017,0.311710923910141,0.15630348026752472,0.48417702317237854,0.26892539858818054,0.5902175903320312,0.5201417207717896,0.2682919502258301,0.39782819151878357,0.48785415291786194,0.25328385829925537,0.6363231539726257,0.5158355832099915,0.25012364983558655,0.42664462327957153,0.4901863932609558,0.24524585902690887,0.6265290975570679,0.5100170969963074,0.24733176827430725,0.4285823404788971,0.4924214780330658,0.2502988576889038,0.5927417278289795,0.510856032371521,0.2622069716453552,0.40274494886398315,0.4639541208744049,0.5186076164245605,0.046103693544864655,0.5332226753234863,0.5148187279701233,-0.04629497230052948,0.448589026927948,0.6666165590286255,0.0732072964310646,0.5881666541099548,0.6665488481521606,-0.0652291476726532,0.4205778241157532,0.8651131987571716,0.00954507663846016,0.6026039123535156,0.8449119925498962,-0.1020704060792923,0.4172886312007904,0.8960867524147034,0.002660633297637105,0.5895656943321228,0.8777760863304138,-0.10435362160205841,0.4077600836753845,0.8953855037689209,-0.02642209455370903,0.6261589527130127,0.8733476400375366,-0.13256093859672546
frame_00101.jpg,0.4842089116573334,0.2101612538099289,0.30182021856307983,0.47838717699050903,0.19995944201946259,0.27738943696022034,0.4749506115913391,0.20026034116744995,0.27720382809638977,0.47124963998794556,0.20050644874572754,0.27724725008010864,0.48737049102783203,0.19964687526226044,0.2682337164878845,0.4903930723667145,0.19973936676979065,0.26787513494491577,0.4938669204711914,0.19956260919570923,0.2677983343601227,0.46503525972366333,0.20816025137901306,0.18048736453056335,0.4990609288215637,0.20710371434688568,0.13810795545578003,0.48012128472328186,0.22475966811180115,0.2771596312522888,0.4886319637298584,0.22278980910778046,0.2633534073829651,0.43728476762771606,0.2807621955871582,0.18318991363048553,0.5392042398452759,0.28878262639045715,0.06917254626750946,0.4547778069972992,0.3325091302394867,0.3633787930011749,0.5439832210540771,0.31096750497817993,0.19339121878147125,0.48240581154823303,0.25625237822532654,0.6431572437286377,0.5205532312393188,0.2612770199775696,0.4648799002170563,0.485745906829834,0.236426442861557,0.6934002041816711,0.5121983289718628,0.23900412023067474,0.4988371729850769,0.48909956216812134,0.2226572334766388,0.6841105222702026,0.5066971182823181,0.23592250049114227,0.5021823644638062,0.4896872937679291,0.2346150130033493,0.6464289426803589,0.507348895072937,0.2412126511335373,0.4710378050804138,0.4634059965610504,0.5187046527862549,0.048784781247377396,0.5326634049415588,0.5152173042297363,-0.0489552803337574,0.44854411482810974,0.6656857132911682,0.09076583385467529,0.5859183073043823,0.6654935479164124,-0.06481568515300751,0.42064446210861206,0.8650065064430237,0.031677182763814926,0.6019870638847351,0.8436828255653381,-0.09932151436805725,0.417246013879776,0.8959963321685791,0.025329679250717163,0.5896244049072266,0.8756940364837646,-0.10211227089166641,0.41355594992637634,0.8922595381736755,-0.00551516842097044,0.6244683265686035,0.8674737215042114,-0.12749050557613373
frame_00102.jpg,0.4792183041572571,0.2143516093492508,0.29860514402389526,0.4739243984222412,0.20390602946281433,0.27714353799819946,0.4703880250453949,0.2042112499475479,0.2769615650177002,0.4665553569793701,0.20453782379627228,0.2769872546195984,0.4831255078315735,0.2035670131444931,0.26754844188690186,0.4861542582511902,0.20367249846458435,0.2671627700328827,0.48947444558143616,0.20358806848526,0.26706188917160034,0.46042394638061523,0.21263451874256134,0.17792007327079773,0.49466371536254883,0.21101336181163788,0.13804534077644348,0.4754653871059418,0.22894857823848724,0.2760806679725647,0.48411375284194946,0.22711457312107086,0.2631489634513855,0.4363230764865875,0.28543636202812195,0.18368734419345856,0.5367545485496521,0.2897246778011322,0.06856240332126617,0.4522795081138611,0.334929496049881,0.3616659939289093,0.5423386693000793,0.30337175726890564,0.19148492813110352,0.4679914116859436,0.2585044503211975,0.6401082873344421,0.5105968713760376,0.2537989914417267,0.46834397315979004,0.4690574109554291,0.2407788336277008,0.6902851462364197,0.5028324127197266,0.2298324704170227,0.5022593140602112,0.4702010154724121,0.22818444669246674,0.6821704506874084,0.4973917007446289,0.22759665548801422,0.5036200881004333,0.4732069969177246,0.2385215014219284,0.6439219117164612,0.49857234954833984,0.23712369799613953,0.47396713495254517,0.46167898178100586,0.5197133421897888,0.050523608922958374,0.5308946371078491,0.5157905220985413,-0.050699733197689056,0.4483581483364105,0.665448784828186,0.08980516344308853,0.583967387676239,0.6649984121322632,-0.06150134652853012,0.4203929305076599,0.8649503588676453,0.016777319833636284,0.6018232107162476,0.843632698059082,-0.10127384960651398,0.41631069779396057,0.8959559202194214,0.008953913114964962,0.5897725820541382,0.8752750158309937,-0.10445046424865723,0.41119498014450073,0.8935126066207886,-0.024627167731523514,0.6268427968025208,0.8675788640975952,-0.1359788328409195
frame_00103.jpg,0.4762647747993469,0.21530653536319733,0.27076026797294617,0.47113990783691406,0.20526297390460968,0.24898605048656464,0.46758246421813965,0.2055157721042633,0.2488066852092743,0.4637463092803955,0.20576296746730804,0.2488585263490677,0.4805852770805359,0.20518805086612701,0.23996946215629578,0.4837494492530823,0.20547956228256226,0.23959970474243164,0.4871905744075775,0.20559272170066833,0.2395268678665161,0.4570480287075043,0.21388082206249237,0.16367146372795105,0.49241724610328674,0.21348446607589722,0.12247119843959808,0.47238677740097046,0.22991816699504852,0.2506343722343445,0.4813527464866638,0.22856970131397247,0.23697152733802795,0.4337140917778015,0.2863380014896393,0.17418105900287628,0.5338335037231445,0.29083672165870667,0.061040155589580536,0.45206719636917114,0.33337703347206116,0.3478524386882782,0.5406152009963989,0.3033997118473053,0.18205375969409943,0.46934133768081665,0.25320395827293396,0.6172078847885132,0.5051476955413818,0.24525295197963715,0.4515858292579651,0.47105345129966736,0.23369158804416656,0.6657368540763855,0.49934086203575134,0.2252214252948761,0.484102725982666,0.4720749258995056,0.22495269775390625,0.6559634208679199,0.4944034516811371,0.22325007617473602,0.48503345251083374,0.47512927651405334,0.2327493131160736,0.6200944185256958,0.4944794178009033,0.22833247482776642,0.45677104592323303,0.45953312516212463,0.5207682847976685,0.049553174525499344,0.5280896425247192,0.5168313980102539,-0.04973196983337402,0.447740375995636,0.6654061079025269,0.07446281611919403,0.5826386213302612,0.6644871830940247,-0.05994996428489685,0.4192334711551666,0.8663354516029358,0.002219509333372116,0.6016421318054199,0.844280481338501,-0.09815140813589096,0.41512173414230347,0.8960886597633362,-0.005832737777382135,0.5898494124412537,0.8759555816650391,-0.10105103254318237,0.40659070014953613,0.8948140740394592,-0.03876902908086777,0.626891553401947,0.8676700592041016,-0.1313716322183609
frame_00104.jpg,0.47332343459129333,0.21524973213672638,0.2609449028968811,0.4681583344936371,0.2053520232439041,0.23872093856334686,0.46464842557907104,0.2055782526731491,0.23854711651802063,0.46092963218688965,0.20577876269817352,0.23859111964702606,0.4780769944190979,0.2054409384727478,0.22953717410564423,0.48145031929016113,0.2058589905500412,0.2291683405637741,0.48503556847572327,0.20612937211990356,0.22910241782665253,0.45451340079307556,0.21398988366127014,0.15377528965473175,0.4899009168148041,0.21446305513381958,0.11103658378124237,0.46938568353652954,0.22986353933811188,0.24020686745643616,0.47890862822532654,0.22875332832336426,0.22597858309745789,0.4317072331905365,0.2868882715702057,0.17007404565811157,0.530055582523346,0.2913723289966583,0.049619898200035095,0.4519712030887604,0.32508134841918945,0.34233367443084717,0.5395484566688538,0.29576224088668823,0.17537394165992737,0.4704912602901459,0.2454719841480255,0.605370819568634,0.5025370121002197,0.23962338268756866,0.4452260434627533,0.4726312756538391,0.22594119608402252,0.6535794138908386,0.49739569425582886,0.21812082827091217,0.47832709550857544,0.4742587208747864,0.2128491997718811,0.6430009603500366,0.4922567903995514,0.21759788691997528,0.4776908755302429,0.47666287422180176,0.2256138175725937,0.6077442169189453,0.4921494424343109,0.22525493800640106,0.44995707273483276,0.457479327917099,0.5221712589263916,0.049674276262521744,0.5259977579116821,0.5174792408943176,-0.049864061176776886,0.44710469245910645,0.6654719710350037,0.06374131888151169,0.5808128118515015,0.6646457314491272,-0.07154473662376404,0.41835108399391174,0.8699561953544617,-0.02379712276160717,0.600534975528717,0.8440446257591248,-0.11827067285776138,0.4148228168487549,0.8973476886749268,-0.03370659425854683,0.5890812873840332,0.8746292591094971,-0.12195543944835663,0.40556997060775757,0.8988264799118042,-0.06625793874263763,0.6257168054580688,0.8687990307807922,-0.14930282533168793
frame_00105.jpg,0.4710988998413086,0.21454037725925446,0.213351771235466,0.4654187560081482,0.20482996106147766,0.19131985306739807,0.46179836988449097,0.20510520040988922,0.1911497414112091,0.45786434412002563,0.2053852081298828,0.1912110298871994,0.4751673638820648,0.20503933727741241,0.183212012052536,0.47849544882774353,0.20555751025676727,0.18284271657466888,0.48208141326904297,0.2059064507484436,0.18278439342975616,0.45063090324401855,0.2147984504699707,0.11251123249530792,0.48671025037765503,0.21432660520076752,0.07509075105190277,0.4677213132381439,0.22943268716335297,0.19556379318237305,0.4768882691860199,0.22843608260154724,0.1826736330986023,0.4279831349849701,0.288575142621994,0.13318926095962524,0.5282196998596191,0.2924533486366272,0.032098375260829926,0.44872722029685974,0.3166159689426422,0.3126968443393707,0.5345035791397095,0.2941502630710602,0.16100303828716278,0.46551671624183655,0.2332281619310379,0.5732461810112,0.4986233115196228,0.2318349927663803,0.4377261698246002,0.46659860014915466,0.21264901757240295,0.6197910904884338,0.4936545789241791,0.21239134669303894,0.4655500054359436,0.4675506055355072,0.20427198708057404,0.6057972311973572,0.48891520500183105,0.2111773043870926,0.4757949411869049,0.47125688195228577,0.21241448819637299,0.5743700265884399,0.4886782169342041,0.21617063879966736,0.4455605447292328,0.45580101013183594,0.5253496766090393,0.04598773270845413,0.5239039063453674,0.5207193493843079,-0.046201564371585846,0.4444595277309418,0.666327178478241,0.05213850736618042,0.5735738277435303,0.6685457229614258,-0.039185769855976105,0.41760364174842834,0.8714193105697632,-0.023740364238619804,0.5961013436317444,0.8442017436027527,-0.06591533124446869,0.41478151082992554,0.8979540467262268,-0.03283556550741196,0.5841229557991028,0.8745148777961731,-0.06856821477413177,0.4011777341365814,0.8985627889633179,-0.07341930270195007,0.6162731647491455,0.8687885999679565,-0.10388416051864624
frame_00106.jpg,0.46858030557632446,0.2140694409608841,0.22871503233909607,0.4627629220485687,0.20445647835731506,0.20614488422870636,0.45926421880722046,0.20478227734565735,0.20596754550933838,0.4555342197418213,0.20510397851467133,0.20601928234100342,0.472182035446167,0.20461130142211914,0.19763432443141937,0.475365549325943,0.20510810613632202,0.19726915657520294,0.47881174087524414,0.20541821420192719,0.19720162451267242,0.4487115442752838,0.21498700976371765,0.1222701221704483,0.4834126830101013,0.2138834446668625,0.08352459967136383,0.4655274450778961,0.22902585566043854,0.20895826816558838,0.4743688702583313,0.2279941290616989,0.19562482833862305,0.42499271035194397,0.28777843713760376,0.13885222375392914,0.5253620743751526,0.2926299273967743,0.031100939959287643,0.44630780816078186,0.31505855917930603,0.31651249527931213,0.5329702496528625,0.2960352897644043,0.15777242183685303,0.4630041718482971,0.23877239227294922,0.5798735022544861,0.4974677562713623,0.23834675550460815,0.42077726125717163,0.4644034504890442,0.2199297845363617,0.6276305913925171,0.4923393130302429,0.21934792399406433,0.44948631525039673,0.4653007388114929,0.21192635595798492,0.6146814823150635,0.4878726005554199,0.21810179948806763,0.4539206027984619,0.4688469469547272,0.21935956180095673,0.5814931392669678,0.4876742362976074,0.2233853042125702,0.4266001284122467,0.45230111479759216,0.5251460671424866,0.04596073925495148,0.5193467140197754,0.5208665132522583,-0.046170253306627274,0.4407265782356262,0.6702239513397217,0.05613436549901962,0.5701629519462585,0.6692249774932861,-0.042702652513980865,0.4172348082065582,0.8768511414527893,-0.01594807580113411,0.5902935862541199,0.8437694311141968,-0.07060971111059189,0.41474342346191406,0.900608479976654,-0.024529721587896347,0.5769103765487671,0.8727133274078369,-0.07284568250179291,0.40117305517196655,0.8987146615982056,-0.06189502403140068,0.6105446219444275,0.8661996126174927,-0.10452361404895782
frame_00107.jpg,0.46530085802078247,0.21399901807308197,0.22396424412727356,0.4593544900417328,0.20472916960716248,0.20186403393745422,0.4558297097682953,0.20521779358386993,0.20168593525886536,0.4520988464355469,0.20566876232624054,0.20173104107379913,0.46908774971961975,0.20451620221138,0.19368188083171844,0.472337543964386,0.2049674689769745,0.19330482184886932,0.47580456733703613,0.20525339245796204,0.19322672486305237,0.44540935754776,0.21568720042705536,0.12112370878458023,0.4806849956512451,0.21389684081077576,0.08340542018413544,0.46229034662246704,0.2292710691690445,0.2052212655544281,0.4715491235256195,0.22795242071151733,0.19225122034549713,0.42212969064712524,0.29045647382736206,0.13818970322608948,0.5217901468276978,0.2929478585720062,0.032749004662036896,0.44442957639694214,0.3249534070491791,0.3184434473514557,0.5341387987136841,0.2975465655326843,0.15668411552906036,0.45826706290245056,0.24920114874839783,0.5926705598831177,0.49761778116226196,0.24048884212970734,0.41442617774009705,0.4592224061489105,0.22993646562099457,0.6418322324752808,0.49225467443466187,0.22187581658363342,0.44376760721206665,0.45981794595718384,0.22266922891139984,0.6307307481765747,0.48769712448120117,0.22140488028526306,0.4461454749107361,0.4634585380554199,0.2287662774324417,0.5953367352485657,0.487933486700058,0.22692540287971497,0.41951650381088257,0.45023179054260254,0.5264022946357727,0.04536396637558937,0.5181787610054016,0.5213745832443237,-0.04557178169488907,0.438545286655426,0.673706591129303,0.03683055192232132,0.5714781284332275,0.670188307762146,-0.05645202845335007,0.4149731695652008,0.880867063999176,-0.059673894196748734,0.5911477208137512,0.8437443971633911,-0.10192924737930298,0.41375532746315,0.908919095993042,-0.07064713537693024,0.5788312554359436,0.8720706105232239,-0.1058100014925003,0.39816349744796753,0.906741201877594,-0.10929088294506073,0.6071394085884094,0.8671904802322388,-0.13578996062278748
frame_00108.jpg,0.4633882939815521,0.213546022772789,0.2351190745830536,0.4578615725040436,0.20458388328552246,0.21204034984111786,0.45443814992904663,0.20496273040771484,0.2118765115737915,0.4507984519004822,0.2053474485874176,0.2119358479976654,0.4671804904937744,0.20430007576942444,0.2038004845380783,0.4703945517539978,0.20475097000598907,0.2034398317337036,0.47389644384384155,0.20507526397705078,0.20337477326393127,0.44355183839797974,0.21537700295448303,0.12763714790344238,0.47938862442970276,0.21359744668006897,0.08995221555233002,0.46008363366127014,0.22918781638145447,0.21500928699970245,0.46910205483436584,0.22768166661262512,0.20201197266578674,0.4195984899997711,0.2895638048648834,0.1413774937391281,0.5197668075561523,0.2929101884365082,0.036408353596925735,0.43906038999557495,0.3249489367008209,0.33738285303115845,0.5326914191246033,0.29841408133506775,0.174637570977211,0.45595353841781616,0.2495165914297104,0.627281904220581,0.4973600506782532,0.24162054061889648,0.4534100592136383,0.4576798975467682,0.23066644370555878,0.679465651512146,0.49224624037742615,0.22121986746788025,0.4875200390815735,0.4614448547363281,0.2234226018190384,0.6669780015945435,0.4875434935092926,0.22156831622123718,0.4868360161781311,0.46182650327682495,0.2296501100063324,0.6297390460968018,0.4879928529262543,0.22839048504829407,0.45822614431381226,0.4482475817203522,0.5261956453323364,0.04553496092557907,0.5162770748138428,0.5214483141899109,-0.04573221877217293,0.43858224153518677,0.6739806532859802,0.041945092380046844,0.5670419931411743,0.6701605916023254,-0.04228533059358597,0.4142302870750427,0.8825422525405884,-0.058194637298583984,0.5896998643875122,0.8436444401741028,-0.0825929343700409,0.412667840719223,0.9132129549980164,-0.06972621381282806,0.5780795812606812,0.8719087839126587,-0.08659924566745758,0.39802542328834534,0.9107151031494141,-0.11202208697795868,0.6055442094802856,0.8660207986831665,-0.12083663046360016
frame_00109.jpg,0.4621160626411438,0.21349361538887024,0.24229037761688232,0.45672139525413513,0.20433633029460907,0.21859505772590637,0.45334094762802124,0.20473237335681915,0.21842806041240692,0.44975343346595764,0.20514632761478424,0.21848364174365997,0.4657931327819824,0.2041058987379074,0.2105647325515747,0.4689174294471741,0.2045319378376007,0.2102055549621582,0.472318559885025,0.2048228234052658,0.21013939380645752,0.4424094557762146,0.21539519727230072,0.12939275801181793,0.4776730537414551,0.21352572739124298,0.09393482655286789,0.45889702439308167,0.22895607352256775,0.22102312743663788,0.46773210167884827,0.22752563655376434,0.20816151797771454,0.4173831343650818,0.28949442505836487,0.14918699860572815,0.5162760615348816,0.2938126027584076,0.037650853395462036,0.4376586079597473,0.3254130184650421,0.34726494550704956,0.5331725478172302,0.2988267242908478,0.17911382019519806,0.4532265067100525,0.2484789937734604,0.6350798010826111,0.49616584181785583,0.24288183450698853,0.46275585889816284,0.4526166021823883,0.24020591378211975,0.6874560117721558,0.4912487864494324,0.22223709523677826,0.49789437651634216,0.4537782073020935,0.23435479402542114,0.6758845448493958,0.48659324645996094,0.2217574268579483,0.4951189160346985,0.4563697874546051,0.2394060641527176,0.6379657983779907,0.4872308671474457,0.22925002872943878,0.46720290184020996,0.4472181797027588,0.526782214641571,0.047031402587890625,0.5149124264717102,0.5221579074859619,-0.047218453139066696,0.4369231164455414,0.6959635615348816,0.04260430485010147,0.5640636682510376,0.6707378029823303,-0.06310433894395828,0.4139687418937683,0.884821355342865,-0.06396754831075668,0.5868370532989502,0.8447502851486206,-0.12460772693157196,0.413945734500885,0.912693977355957,-0.0759303942322731,0.5732146501541138,0.8729689121246338,-0.13012833893299103,0.40076327323913574,0.9113447666168213,-0.11328687518835068,0.6066194772720337,0.8675953149795532,-0.16161927580833435
frame_00110.jpg,0.46196213364601135,0.21316708624362946,0.26066336035728455,0.4562864899635315,0.20416919887065887,0.23916642367839813,0.452825129032135,0.20455823838710785,0.23898272216320038,0.4491233825683594,0.20498284697532654,0.23901157081127167,0.4655248522758484,0.20406478643417358,0.22883236408233643,0.46877631545066833,0.2044525444507599,0.22846868634223938,0.47238898277282715,0.2046876698732376,0.22837722301483154,0.44147199392318726,0.2153668850660324,0.15353956818580627,0.4782772660255432,0.2133564054965973,0.10690413415431976,0.45858678221702576,0.22872434556484222,0.23993191123008728,0.46770066022872925,0.22702927887439728,0.22412101924419403,0.41609758138656616,0.2894366383552551,0.17301921546459198,0.5158720016479492,0.2941223978996277,0.03790607303380966,0.4368775486946106,0.33069178462028503,0.3744049072265625,0.533702552318573,0.3014790117740631,0.18708278238773346,0.4528939127922058,0.24857518076896667,0.6750249862670898,0.4975646138191223,0.24724537134170532,0.48780888319015503,0.4540233016014099,0.25291329622268677,0.7308405041694641,0.49244755506515503,0.2275966852903366,0.5245131254196167,0.4572421610355377,0.24010612070560455,0.7188357710838318,0.48775726556777954,0.22771641612052917,0.523534893989563,0.45744428038597107,0.25233209133148193,0.6779788136482239,0.4882276654243469,0.23580315709114075,0.4934481978416443,0.44645971059799194,0.5266290903091431,0.05092238262295723,0.5134165287017822,0.5221703052520752,-0.051080502569675446,0.4365616738796234,0.701562225818634,0.04524945095181465,0.5637071132659912,0.6721470952033997,-0.07477164268493652,0.413654625415802,0.8871752023696899,-0.05288771912455559,0.585245668888092,0.8447738885879517,-0.13066579401493073,0.4139648377895355,0.9131841659545898,-0.06361391395330429,0.5711801052093506,0.8726604580879211,-0.13516314327716827,0.40121760964393616,0.9140363335609436,-0.09784111380577087,0.6027998924255371,0.8679159879684448,-0.1635551005601883
frame_00111.jpg,0.4615333080291748,0.21306107938289642,0.23458468914031982,0.4558376371860504,0.20404185354709625,0.21339252591133118,0.4523777961730957,0.2044290155172348,0.21319863200187683,0.4486214220523834,0.20485736429691315,0.2132270634174347,0.46514958143234253,0.2039717584848404,0.20376984775066376,0.4685007631778717,0.2043616771697998,0.20339059829711914,0.47228574752807617,0.20460852980613708,0.20330123603343964,0.44080108404159546,0.21533170342445374,0.13364721834659576,0.47875675559043884,0.21323154866695404,0.08929882943630219,0.4581136107444763,0.22849377989768982,0.21575315296649933,0.4675847589969635,0.22691328823566437,0.20090630650520325,0.4155353009700775,0.2892356514930725,0.16037967801094055,0.5158470869064331,0.29459524154663086,0.028700361028313637,0.437591016292572,0.3301655650138855,0.35931098461151123,0.5363560914993286,0.3043604791164398,0.1753540337085724,0.45287975668907166,0.24883460998535156,0.6387468576431274,0.49812474846839905,0.24741750955581665,0.46676307916641235,0.45613259077072144,0.25054606795310974,0.6896925568580627,0.4932791292667389,0.22813940048217773,0.5005993247032166,0.45881780982017517,0.24039936065673828,0.67853844165802,0.4885849952697754,0.2284635752439499,0.5082815289497375,0.4568696618080139,0.25345346331596375,0.641459584236145,0.488966166973114,0.23648162186145782,0.47339510917663574,0.4460514485836029,0.5274574160575867,0.050521381199359894,0.5118571519851685,0.5230699181556702,-0.05068816617131233,0.43683934211730957,0.704914927482605,0.04500151425600052,0.5652462244033813,0.6755977869033813,-0.07199619710445404,0.4127240777015686,0.8888498544692993,-0.0579884871840477,0.585822582244873,0.8468219637870789,-0.1193484216928482,0.413266122341156,0.9172862768173218,-0.06934227049350739,0.5728874802589417,0.8731978535652161,-0.12306748330593109,0.40455132722854614,0.9197199940681458,-0.10002024471759796,0.6016811728477478,0.8703829646110535,-0.15705974400043488
frame_00112.jpg,0.46127191185951233,0.21332433819770813,0.23334625363349915,0.455493688583374,0.2045017033815384,0.21193966269493103,0.4520413279533386,0.2050383985042572,0.21174867451190948,0.44829803705215454,0.20556573569774628,0.21177713572978973,0.4647907614707947,0.20416249334812164,0.20231707394123077,0.46814578771591187,0.20446404814720154,0.20194268226623535,0.4719820022583008,0.20460224151611328,0.20185978710651398,0.4406753182411194,0.2160717397928238,0.13159088790416718,0.4786018431186676,0.21326947212219238,0.08719329535961151,0.4577934741973877,0.22865475714206696,0.21436771750450134,0.4672800600528717,0.2270330786705017,0.19950102269649506,0.41536855697631836,0.2896738350391388,0.15597127377986908,0.5141990780830383,0.2950745224952698,0.02684517204761505,0.4359298646450043,0.3302711844444275,0.3529568016529083,0.5373151302337646,0.3065129220485687,0.16222648322582245,0.4528900980949402,0.248997300863266,0.62708580493927,0.4980244040489197,0.2483939379453659,0.4418822228908539,0.45706409215927124,0.2500253915786743,0.6771321892738342,0.49336355924606323,0.2298780083656311,0.4737362861633301,0.45924702286720276,0.24167555570602417,0.666092038154602,0.4888343811035156,0.22998185455799103,0.47326189279556274,0.4576137661933899,0.251865029335022,0.6298128366470337,0.4892128109931946,0.23789317905902863,0.4464588761329651,0.4461948871612549,0.5278025269508362,0.050263773649930954,0.510482907295227,0.5239113569259644,-0.05043443292379379,0.4371365010738373,0.7052603960037231,0.04506503790616989,0.5655292868614197,0.6780516505241394,-0.07588613033294678,0.4123079776763916,0.8894473314285278,-0.052876345813274384,0.5863605737686157,0.8478621244430542,-0.11730287969112396,0.4153352379798889,0.9181117415428162,-0.06367373466491699,0.573340892791748,0.8733733892440796,-0.12045113742351532,0.40726161003112793,0.922491192817688,-0.09469018131494522,0.6017280220985413,0.8724997639656067,-0.1493382602930069
frame_00113.jpg,0.46168431639671326,0.21317066252231598,0.23539452254772186,0.45603981614112854,0.20443148910999298,0.2138381004333496,0.4526999890804291,0.20495343208312988,0.21364514529705048,0.449046790599823,0.20547036826610565,0.21368002891540527,0.4651024341583252,0.20405317842960358,0.20377251505851746,0.4684942364692688,0.20419572293758392,0.20339441299438477,0.47240743041038513,0.2040700912475586,0.20328843593597412,0.4415903687477112,0.21603134274482727,0.13291585445404053,0.4792138934135437,0.2128688544034958,0.08769447356462479,0.45831114053726196,0.22831140458583832,0.21643631160259247,0.4676366448402405,0.22668765485286713,0.20121106505393982,0.41484135389328003,0.2893231511116028,0.1558564156293869,0.5153089165687561,0.2969810664653778,0.027639511972665787,0.43391212821006775,0.32908502221107483,0.351733535528183,0.5373190641403198,0.3078747093677521,0.18231871724128723,0.4539276659488678,0.2493007481098175,0.6423143148422241,0.49765148758888245,0.2531331479549408,0.47308093309402466,0.4578123688697815,0.2493501454591751,0.6956161260604858,0.49326080083847046,0.23561754822731018,0.5076583027839661,0.4598740041255951,0.24171055853366852,0.6822813153266907,0.4889112114906311,0.23472833633422852,0.5045924186706543,0.4586823582649231,0.2513088285923004,0.6447845101356506,0.48924094438552856,0.24096235632896423,0.4773094654083252,0.44515499472618103,0.530140221118927,0.05065244436264038,0.5071409940719604,0.526425302028656,-0.050809770822525024,0.43747687339782715,0.7130088806152344,0.055883247405290604,0.5659285187721252,0.6799132823944092,-0.09043196588754654,0.42347821593284607,0.8995290994644165,-0.031603697687387466,0.5861029624938965,0.8557111024856567,-0.13359756767749786,0.42603960633277893,0.9301079511642456,-0.04150654748082161,0.5738661289215088,0.8826653957366943,-0.13672223687171936,0.41849809885025024,0.9299876689910889,-0.06941582262516022,0.6050894856452942,0.8788421154022217,-0.16125652194023132
frame_00114.jpg,0.46226757764816284,0.2132144272327423,0.22321303188800812,0.4565829336643219,0.2043790966272354,0.20168130099773407,0.4531182646751404,0.20494690537452698,0.20148739218711853,0.44931522011756897,0.2055034041404724,0.20151805877685547,0.4657289981842041,0.2039283663034439,0.19252131879329681,0.46911248564720154,0.20409657061100006,0.19214293360710144,0.4729920029640198,0.2040247619152069,0.192051500082016,0.4417211413383484,0.21607905626296997,0.12226824462413788,0.47959214448928833,0.21283945441246033,0.08015821129083633,0.45886653661727905,0.2284115105867386,0.20490309596061707,0.46813344955444336,0.22691522538661957,0.1906299889087677,0.41504353284835815,0.28869178891181946,0.14713096618652344,0.5160297155380249,0.2986932694911957,0.02644936367869377,0.4302487373352051,0.32846006751060486,0.3495951294898987,0.5370911955833435,0.31128206849098206,0.18200531601905823,0.44937652349472046,0.2627939283847809,0.6352300047874451,0.4968887269496918,0.2607589662075043,0.47187742590904236,0.45283088088035583,0.25428637862205505,0.6878277063369751,0.4911307394504547,0.24369078874588013,0.5067040920257568,0.4546014666557312,0.24915814399719238,0.6744014620780945,0.48759207129478455,0.2425406277179718,0.5036202669143677,0.45601096749305725,0.2552759647369385,0.637603759765625,0.4881954789161682,0.2494400292634964,0.4762634336948395,0.44456252455711365,0.5307421684265137,0.0507805161178112,0.5051270723342896,0.5298151969909668,-0.05093013495206833,0.43754443526268005,0.7150417566299438,0.05714983865618706,0.5637838840484619,0.6832637786865234,-0.0892682746052742,0.42233237624168396,0.9002891182899475,-0.011210224591195583,0.5855506658554077,0.8588837385177612,-0.12645389139652252,0.4232615828514099,0.9297797083854675,-0.018748832866549492,0.5737153887748718,0.886309802532196,-0.13120350241661072,0.4161820411682129,0.9330152273178101,-0.04831009358167648,0.6096988916397095,0.8852047324180603,-0.15508688986301422
frame_00115.jpg,0.4627889096736908,0.21648576855659485,0.19601646065711975,0.4576830267906189,0.20632143318653107,0.17481723427772522,0.45463189482688904,0.20676282048225403,0.1746281385421753,0.45124536752700806,0.20717832446098328,0.17466536164283752,0.46623724699020386,0.2058289498090744,0.16341781616210938,0.46965283155441284,0.2057165801525116,0.16303983330726624,0.4736208915710449,0.2052638679742813,0.1629589945077896,0.4448626637458801,0.21684011816978455,0.10102258622646332,0.4798049330711365,0.21344631910324097,0.04877259582281113,0.45960313081741333,0.23139582574367523,0.18022727966308594,0.46834373474121094,0.23043574392795563,0.16298629343509674,0.4155876040458679,0.28803253173828125,0.13709872961044312,0.5161336660385132,0.3007126748561859,-0.007906297221779823,0.4310585558414459,0.3272229731082916,0.33569031953811646,0.5363661646842957,0.3176272213459015,0.12967340648174286,0.4502139985561371,0.26940855383872986,0.6058663129806519,0.4971925616264343,0.2726646959781647,0.40399909019470215,0.45357823371887207,0.25869840383529663,0.6572924256324768,0.4906124472618103,0.25368526577949524,0.43371978402137756,0.4554707407951355,0.2554224133491516,0.6409220099449158,0.4868897497653961,0.25147223472595215,0.4315057694911957,0.458257257938385,0.259933203458786,0.6065977811813354,0.4879930913448334,0.2563632130622864,0.4084104001522064,0.44421783089637756,0.5320519804954529,0.058170776814222336,0.5009421110153198,0.5331884622573853,-0.05830644443631172,0.44191694259643555,0.7170234322547913,0.09213051199913025,0.5626038312911987,0.6922684907913208,-0.11162371933460236,0.4262099266052246,0.8980110883712769,0.05573136359453201,0.5836488008499146,0.8667132258415222,-0.13191546499729156,0.42580658197402954,0.9275221228599548,0.05097252130508423,0.5702508687973022,0.8919641971588135,-0.1332610696554184,0.42578572034835815,0.9297266006469727,0.02994532883167267,0.6098021268844604,0.8964414596557617,-0.15737316012382507
frame_00116.jpg,0.4642191529273987,0.21666717529296875,0.21058440208435059,0.4595910608768463,0.20625486969947815,0.19103467464447021,0.4568336606025696,0.20664067566394806,0.1908496767282486,0.453671932220459,0.20706850290298462,0.1908920705318451,0.46793684363365173,0.20590917766094208,0.18123990297317505,0.47149696946144104,0.20571781694889069,0.1808663308620453,0.47561413049697876,0.20518091320991516,0.1807878464460373,0.4469034671783447,0.21653352677822113,0.10771645605564117,0.4816177487373352,0.21334736049175262,0.058073051273822784,0.4608675539493561,0.23124748468399048,0.19490095973014832,0.4690361022949219,0.23036298155784607,0.17957532405853271,0.41554659605026245,0.28645452857017517,0.13205282390117645,0.516466498374939,0.3005833327770233,-0.0037677637301385403,0.4299958646297455,0.3283945322036743,0.32850828766822815,0.5366895794868469,0.3274625539779663,0.13442698121070862,0.4510137438774109,0.28324195742607117,0.6050167679786682,0.49825769662857056,0.2840249240398407,0.4113399386405945,0.4545021653175354,0.27387818694114685,0.6565849781036377,0.49082088470458984,0.2688835859298706,0.44258323311805725,0.45647087693214417,0.27044370770454407,0.641358494758606,0.4872052073478699,0.2620750367641449,0.4418041706085205,0.4587783217430115,0.273377925157547,0.6063159704208374,0.48841196298599243,0.2697395980358124,0.41643816232681274,0.44206732511520386,0.5331970453262329,0.057244885712862015,0.5011882185935974,0.5342175364494324,-0.057378776371479034,0.4420546889305115,0.7214725017547607,0.082614466547966,0.5598118305206299,0.6944448947906494,-0.10073870420455933,0.42736583948135376,0.9022527933120728,0.03785642236471176,0.5812841653823853,0.8727195262908936,-0.1270129233598709,0.4272644519805908,0.9341042041778564,0.03245494142174721,0.5669776201248169,0.8975505828857422,-0.12884041666984558,0.42935070395469666,0.9365464448928833,0.010163037106394768,0.6095516085624695,0.9043161869049072,-0.15422627329826355
frame_00117.jpg,0.4674321115016937,0.21433335542678833,0.25101348757743835,0.462620347738266,0.20324596762657166,0.22311708331108093,0.4599756598472595,0.20338855683803558,0.2229277789592743,0.4570433497428894,0.20352837443351746,0.22294524312019348,0.47143611311912537,0.20326760411262512,0.2159416228532791,0.47533875703811646,0.2029629647731781,0.21557743847370148,0.4798102378845215,0.20228607952594757,0.2154969722032547,0.45039209723472595,0.21298302710056305,0.11087818443775177,0.4856545329093933,0.2103864699602127,0.07587966322898865,0.4641682207584381,0.22743989527225494,0.22335872054100037,0.4727608263492584,0.22755122184753418,0.21159574389457703,0.4157853126525879,0.2830905318260193,0.13077352941036224,0.5209146738052368,0.3036223351955414,0.02180979959666729,0.42696839570999146,0.330365926027298,0.32949694991111755,0.5367110371589661,0.32746031880378723,0.20334067940711975,0.4516041874885559,0.2866152226924896,0.6488739252090454,0.4994409680366516,0.28816238045692444,0.5215891003608704,0.45459142327308655,0.27697956562042236,0.7066884636878967,0.4933691918849945,0.2758254408836365,0.5623677968978882,0.46009501814842224,0.2655307352542877,0.6909552216529846,0.49037060141563416,0.2727665603160858,0.5640363097190857,0.46087273955345154,0.2759443521499634,0.6512027978897095,0.4915216565132141,0.2778927683830261,0.528666615486145,0.4405490756034851,0.5353180766105652,0.049675412476062775,0.5020626783370972,0.5350998044013977,-0.04972672089934349,0.43856483697891235,0.719178318977356,0.07762252539396286,0.5581686496734619,0.6985774636268616,-0.08182939887046814,0.42910805344581604,0.9138891100883484,0.023112909868359566,0.5761412978172302,0.8827401995658875,-0.10201332718133926,0.4360986649990082,0.9464552402496338,0.017257709056138992,0.5639302134513855,0.9104147553443909,-0.10361222177743912,0.42945680022239685,0.9423435926437378,-0.0058586494997143745,0.6035666465759277,0.9069487452507019,-0.12861394882202148
frame_00118.jpg,0.46979933977127075,0.212604358792305,0.2623135447502136,0.4650725722312927,0.20126459002494812,0.23273126780986786,0.462423712015152,0.20124565064907074,0.2325296849012375,0.4595298767089844,0.2012275755405426,0.2325286865234375,0.4743669033050537,0.20147943496704102,0.22541289031505585,0.47854843735694885,0.20113112032413483,0.22503845393657684,0.4832485318183899,0.20044073462486267,0.22493624687194824,0.45338454842567444,0.21082666516304016,0.11506034433841705,0.48907405138015747,0.20839738845825195,0.07881464809179306,0.4662896990776062,0.22506578266620636,0.23191063106060028,0.4754255414009094,0.2256990224123001,0.22010071575641632,0.41602230072021484,0.2805430293083191,0.1310112178325653,0.5242960453033447,0.3059012293815613,0.022267770022153854,0.42558830976486206,0.33519089221954346,0.33457571268081665,0.5358895063400269,0.3268880844116211,0.2038380652666092,0.4518609046936035,0.293709933757782,0.675302267074585,0.5008984208106995,0.2929391860961914,0.5368000864982605,0.45518699288368225,0.2848129868507385,0.7369123101234436,0.49606746435165405,0.28170469403266907,0.5806411504745483,0.4602290987968445,0.2776263654232025,0.7218689322471619,0.4931930899620056,0.2800297737121582,0.5831062197685242,0.46110835671424866,0.28268706798553467,0.6783965826034546,0.49402517080307007,0.287746399641037,0.5447657704353333,0.43903499841690063,0.5371379256248474,0.04965092986822128,0.5018163919448853,0.5367876887321472,-0.04970322176814079,0.4463065564632416,0.7255313396453857,0.07520143687725067,0.5582093596458435,0.6958309412002563,-0.08667580783367157,0.43221935629844666,0.9124457240104675,0.013624319806694984,0.5620230436325073,0.8793841600418091,-0.10151158273220062,0.44197049736976624,0.9503970742225647,0.006713236216455698,0.533191978931427,0.905032217502594,-0.10161417722702026,0.4397708475589752,0.9429143071174622,-0.015072000212967396,0.5809813737869263,0.9027592539787292,-0.11184854805469513
frame_00119.jpg,0.47260236740112305,0.21002964675426483,0.2583340108394623,0.4680054187774658,0.199325293302536,0.22940728068351746,0.4652669429779053,0.19926592707633972,0.22920997440814972,0.462258905172348,0.1992211490869522,0.22921881079673767,0.4778836667537689,0.19991932809352875,0.2223023623228073,0.4824334979057312,0.19988061487674713,0.221933051943779,0.4873444437980652,0.19954651594161987,0.22184625267982483,0.4566226005554199,0.20870639383792877,0.10610581934452057,0.4940515160560608,0.2078406810760498,0.07970176637172699,0.46894222497940063,0.22282730042934418,0.22996743023395538,0.4789303243160248,0.2240021675825119,0.21742793917655945,0.4165567457675934,0.28014373779296875,0.10077404975891113,0.5280617475509644,0.3098903000354767,0.028632665053009987,0.4263433516025543,0.34083396196365356,0.29513847827911377,0.5308912992477417,0.3373829424381256,0.1949436366558075,0.45222052931785583,0.3063045144081116,0.6158997416496277,0.5013988018035889,0.30408865213394165,0.5019866228103638,0.4553622305393219,0.2989923059940338,0.6716417670249939,0.49665647745132446,0.2969355285167694,0.5396473407745361,0.4604591429233551,0.29236286878585815,0.6582555770874023,0.4953603148460388,0.2956109941005707,0.5396528840065002,0.46261024475097656,0.2958883047103882,0.6197217702865601,0.49466705322265625,0.2989514172077179,0.5085130929946899,0.4368593692779541,0.5407701134681702,0.037385012954473495,0.5004481673240662,0.5392084717750549,-0.03745187446475029,0.4474509358406067,0.7277967929840088,0.07543732225894928,0.5632390379905701,0.6941725611686707,-0.07045738399028778,0.43997377157211304,0.9118416905403137,0.0195473600178957,0.5529567003250122,0.876717746257782,-0.057345855981111526,0.4450777471065521,0.9469388723373413,0.01308625377714634,0.5366295576095581,0.902082622051239,-0.054270725697278976,0.4379071295261383,0.9408359527587891,-0.000592041586060077,0.575752854347229,0.9011444449424744,-0.052811216562986374
frame_00120.jpg,0.4763396680355072,0.2054741084575653,0.2203628122806549,0.4716761112213135,0.19524557888507843,0.18501095473766327,0.46881303191185,0.19523566961288452,0.1848120540380478,0.4656344950199127,0.19522586464881897,0.18482854962348938,0.4819943308830261,0.19622941315174103,0.18156370520591736,0.48662954568862915,0.1967466175556183,0.18121585249900818,0.4915430545806885,0.19707530736923218,0.181181401014328,0.4594801962375641,0.2044014185667038,0.05602625012397766,0.49856868386268616,0.20633764564990997,0.03964953497052193,0.47178179025650024,0.2192194163799286,0.1856825053691864,0.4824666380882263,0.22069542109966278,0.17872503399848938,0.416900634765625,0.2793126702308655,0.0518794059753418,0.5307966470718384,0.31315338611602783,-0.008725703693926334,0.4271509647369385,0.340839684009552,0.23063668608665466,0.5305691957473755,0.36596426367759705,0.10152195394039154,0.4524305462837219,0.3044584095478058,0.5035756230354309,0.5013251304626465,0.3080487549304962,0.3116944432258606,0.4552195966243744,0.2974427342414856,0.5472844839096069,0.49955493211746216,0.3008963465690613,0.33223798871040344,0.460078626871109,0.29070913791656494,0.5340241193771362,0.4967506527900696,0.29924362897872925,0.33178430795669556,0.4626336693763733,0.2939116060733795,0.5061155557632446,0.4960445761680603,0.3019775450229645,0.3146754801273346,0.4334496855735779,0.546122133731842,0.03804159164428711,0.4966582655906677,0.5460830926895142,-0.03812151402235031,0.44553661346435547,0.7256559729576111,0.13546913862228394,0.560205340385437,0.7005112767219543,-0.06404025107622147,0.4368927478790283,0.9098024964332581,0.14118817448616028,0.556709349155426,0.8891617655754089,-0.043358974158763885,0.44224223494529724,0.9439518451690674,0.1400209367275238,0.5356462001800537,0.9146379232406616,-0.039825744926929474,0.43443337082862854,0.9325653314590454,0.13053694367408752,0.5778942108154297,0.9135738611221313,-0.04813634604215622
frame_00121.jpg,0.48138824105262756,0.2037976235151291,0.12663036584854126,0.4767945408821106,0.19289551675319672,0.09307257831096649,0.47360938787460327,0.1927207112312317,0.09283150732517242,0.47031235694885254,0.19252267479896545,0.09282779693603516,0.48789557814598083,0.19436286389827728,0.08768853545188904,0.4927246570587158,0.1952836513519287,0.08732473850250244,0.4976475238800049,0.19612082839012146,0.08723784983158112,0.4638180136680603,0.20051710307598114,-0.02118583768606186,0.5047634840011597,0.2060442417860031,-0.04566805437207222,0.47530436515808105,0.21826961636543274,0.09728233516216278,0.4876672625541687,0.21987013518810272,0.08808048069477081,0.41827592253685,0.28051984310150146,-0.00404579471796751,0.5348052978515625,0.3158227801322937,-0.08068334311246872,0.4274967610836029,0.34002918004989624,0.17394492030143738,0.5299767255783081,0.3786993622779846,0.03881676867604256,0.45422929525375366,0.2985389530658722,0.4185188412666321,0.505342960357666,0.3141164779663086,0.2557956278324127,0.45635786652565,0.290367990732193,0.4574999213218689,0.5087374448776245,0.30707141757011414,0.27433931827545166,0.461821973323822,0.28373509645462036,0.4429505467414856,0.5045759677886963,0.3050072491168976,0.27279525995254517,0.4656910300254822,0.2880382835865021,0.41986140608787537,0.500111997127533,0.30741018056869507,0.25892236828804016,0.429892361164093,0.5565031170845032,0.03916275501251221,0.49528154730796814,0.5579989552497864,-0.039232924580574036,0.4284597337245941,0.7056185007095337,0.2364850789308548,0.5581250190734863,0.7040997743606567,0.01673746667802334,0.4219772219657898,0.8667169213294983,0.2839517891407013,0.5520616173744202,0.8857150673866272,0.05457479879260063,0.42578125,0.895561933517456,0.2871020436286926,0.5283693075180054,0.9113339781761169,0.05969933792948723,0.4132266938686371,0.8777191042900085,0.2840000092983246,0.5709443688392639,0.9108587503433228,0.049448270350694656
frame_00122.jpg,0.48450231552124023,0.2040979415178299,0.14979183673858643,0.4804074168205261,0.19281332194805145,0.11924843490123749,0.47731930017471313,0.19255295395851135,0.11902530491352081,0.4741498529911041,0.1922776848077774,0.1190250888466835,0.4912112355232239,0.19451262056827545,0.11219243705272675,0.49595704674720764,0.19547846913337708,0.11183466017246246,0.5008718371391296,0.19625718891620636,0.11178141832351685,0.4673956036567688,0.19928812980651855,0.012192311696708202,0.5075579285621643,0.20623643696308136,-0.019636601209640503,0.4778343737125397,0.2186076045036316,0.12290579080581665,0.4900891184806824,0.22003450989723206,0.11148659884929657,0.41911739110946655,0.280561238527298,0.0209166519343853,0.5347394347190857,0.31722310185432434,-0.0474468395113945,0.4339340329170227,0.28521740436553955,0.19639353454113007,0.5302183032035828,0.37080344557762146,0.09558935463428497,0.4620227813720703,0.20840005576610565,0.4412756860256195,0.5056498050689697,0.3151179254055023,0.3387993574142456,0.46609583497047424,0.17848481237888336,0.47724276781082153,0.5076781511306763,0.30805888772010803,0.36320990324020386,0.47056135535240173,0.18022364377975464,0.46301931142807007,0.5064603090286255,0.3056894838809967,0.35809746384620667,0.46932166814804077,0.19341535866260529,0.4421103596687317,0.5004491209983826,0.3073353171348572,0.3412705063819885,0.4275522232055664,0.5597323179244995,0.03823632001876831,0.49391478300094604,0.5632573962211609,-0.03835931047797203,0.4287659525871277,0.7162582278251648,0.2087060660123825,0.5552106499671936,0.7030977606773376,0.020558785647153854,0.4219309389591217,0.873895525932312,0.23429855704307556,0.5395874381065369,0.8829320669174194,0.09857240319252014,0.42585888504981995,0.9038848876953125,0.23482775688171387,0.5226428508758545,0.9100701212882996,0.10766996443271637,0.40975379943847656,0.8914896249771118,0.22216470539569855,0.5638764500617981,0.9101582169532776,0.10582427680492401
frame_00123.jpg,0.48837438225746155,0.20435276627540588,0.10262741893529892,0.4840264916419983,0.19312213361263275,0.07181055843830109,0.48071685433387756,0.19289685785770416,0.07154160737991333,0.4773406982421875,0.19259856641292572,0.07154430449008942,0.49485787749290466,0.19459351897239685,0.06290288269519806,0.4993768632411957,0.19568771123886108,0.06254977732896805,0.5041569471359253,0.19682230055332184,0.06246296688914299,0.47095561027526855,0.20007085800170898,-0.030369892716407776,0.5106991529464722,0.20774628221988678,-0.07072561979293823,0.4811626076698303,0.21963104605674744,0.07769419997930527,0.49381715059280396,0.22124406695365906,0.06380434334278107,0.4215342402458191,0.2812510132789612,0.0009925228077918291,0.5371182560920715,0.32029446959495544,-0.10674133151769638,0.44090086221694946,0.2720140218734741,0.17819911241531372,0.5355286598205566,0.3706303834915161,0.036863602697849274,0.4639480710029602,0.18833337724208832,0.39396217465400696,0.5067310929298401,0.3140753209590912,0.2755928635597229,0.46776217222213745,0.1645965576171875,0.42681893706321716,0.5191403031349182,0.3071984350681305,0.29467931389808655,0.47239962220191956,0.1641966551542282,0.4095454812049866,0.5103107690811157,0.3030175566673279,0.2852398157119751,0.4706859588623047,0.1733773648738861,0.3927822709083557,0.5045431852340698,0.3069114685058594,0.27626127004623413,0.4251781105995178,0.5673223733901978,0.05051456019282341,0.49187880754470825,0.5719937086105347,-0.05075253173708916,0.43021559715270996,0.6934016346931458,0.32158857583999634,0.5489448308944702,0.6781380772590637,0.08759903162717819,0.4183052182197571,0.8264175653457642,0.40395021438598633,0.5183922052383423,0.8549395203590393,0.18253551423549652,0.41991257667541504,0.8533109426498413,0.41008633375167847,0.5019601583480835,0.8886407613754272,0.1928192377090454,0.40606221556663513,0.8319222331047058,0.4016692042350769,0.5428497195243835,0.8802600502967834,0.18169929087162018
frame_00124.jpg,0.4896838068962097,0.20440758764743805,0.13521823287010193,0.4855903089046478,0.19313065707683563,0.10332244634628296,0.4823077321052551,0.1929752081632614,0.1030728667974472,0.4788554608821869,0.19278523325920105,0.10307760536670685,0.4959985613822937,0.19453288614749908,0.09528977423906326,0.5003465414047241,0.19566680490970612,0.0949121043086052,0.5049561262130737,0.1968425065279007,0.09482226520776749,0.472278892993927,0.20036445558071136,-0.008023766800761223,0.5109120607376099,0.20798611640930176,-0.044661689549684525,0.48249197006225586,0.2198021411895752,0.10731768608093262,0.494802862405777,0.2213056981563568,0.09443891048431396,0.4223715364933014,0.281290203332901,0.009705046191811562,0.5380626916885376,0.3191785216331482,-0.07738161087036133,0.44297146797180176,0.2761681377887726,0.19542419910430908,0.5392704010009766,0.3736845850944519,0.08172111213207245,0.46527719497680664,0.18940187990665436,0.4523947238922119,0.5079684257507324,0.3160601258277893,0.2926788926124573,0.46924901008605957,0.16758759319782257,0.49252399802207947,0.5161402821540833,0.31216713786125183,0.31752654910087585,0.4732058048248291,0.16652719676494598,0.476893812417984,0.5090858340263367,0.3036539852619171,0.29894596338272095,0.47139424085617065,0.17510826885700226,0.45298177003860474,0.5036749839782715,0.31059300899505615,0.2870296537876129,0.4245827794075012,0.5696454644203186,0.050320446491241455,0.4926019310951233,0.5735588669776917,-0.0505792573094368,0.4246888756752014,0.6942247152328491,0.2708601951599121,0.5474057197570801,0.6801950335502625,0.08690015971660614,0.4239586293697357,0.8385080099105835,0.32818594574928284,0.52681964635849,0.8552325963973999,0.18197157979011536,0.42887258529663086,0.8647438287734985,0.3320469558238983,0.509140133857727,0.8895769715309143,0.1922030746936798,0.4081742763519287,0.8431113958358765,0.3217063546180725,0.5455825924873352,0.8886903524398804,0.18864266574382782
frame_00125.jpg,0.4957326352596283,0.2128862887620926,0.12811395525932312,0.4914768636226654,0.20088355243206024,0.09686442464590073,0.4880291521549225,0.20016533136367798,0.09659566730260849,0.4844225347042084,0.19959579408168793,0.09654110670089722,0.5016032457351685,0.20326004922389984,0.08890192210674286,0.5054866671562195,0.20423083007335663,0.08855785429477692,0.5095807313919067,0.20531441271305084,0.08847267925739288,0.47781720757484436,0.2043890357017517,-0.009275728836655617,0.5132077932357788,0.21417397260665894,-0.046294212341308594,0.4881245195865631,0.22640345990657806,0.10131901502609253,0.499843031167984,0.22902974486351013,0.08837481588125229,0.4249893128871918,0.2818363606929779,-0.00557554978877306,0.5375024080276489,0.3204658329486847,-0.0787770077586174,0.4448970854282379,0.28187137842178345,0.12892518937587738,0.5435195565223694,0.37988123297691345,0.00422565545886755,0.4648230969905853,0.19001582264900208,0.3110652565956116,0.5084253549575806,0.3316405713558197,0.1423790156841278,0.46850642561912537,0.16779066622257233,0.33604761958122253,0.5137578248977661,0.321098655462265,0.15067635476589203,0.47239255905151367,0.16359907388687134,0.32373327016830444,0.5075953006744385,0.3160855174064636,0.13936980068683624,0.4710617959499359,0.17497430741786957,0.310768187046051,0.5034688711166382,0.31930339336395264,0.13923120498657227,0.4227007031440735,0.5717722177505493,0.0477820560336113,0.4911367893218994,0.5755741596221924,-0.048082344233989716,0.4201350212097168,0.6965564489364624,0.284087598323822,0.5552391409873962,0.6748471856117249,0.04001579433679581,0.429504930973053,0.8492401242256165,0.3298676908016205,0.5231088399887085,0.8394699096679688,0.08451808989048004,0.4357090890407562,0.8752931356430054,0.33221128582954407,0.5070484280586243,0.8602559566497803,0.09028502553701401,0.42065295577049255,0.8645921945571899,0.33653998374938965,0.5384585857391357,0.8802059888839722,0.08423842489719391
frame_00126.jpg,0.49915871024131775,0.2296949177980423,0.06045712158083916,0.4964701533317566,0.21710056066513062,0.02999832294881344,0.4937780499458313,0.21612407267093658,0.02966373786330223,0.49082857370376587,0.2153434157371521,0.029703479260206223,0.5047857165336609,0.2193736433982849,0.020261947065591812,0.5081075429916382,0.22025904059410095,0.01989632099866867,0.5117200016975403,0.2212938815355301,0.01975790411233902,0.48514026403427124,0.21843107044696808,-0.061852969229221344,0.5162173509597778,0.22930388152599335,-0.10648973286151886,0.4932214617729187,0.24334083497524261,0.04008675739169121,0.5020112991333008,0.245840921998024,0.024855518713593483,0.43629446625709534,0.28540077805519104,-0.03443283587694168,0.5406462550163269,0.32641780376434326,-0.13650448620319366,0.44875016808509827,0.2575022280216217,0.10692596435546875,0.5680854916572571,0.373786062002182,-0.005310083739459515,0.4648703634738922,0.19108989834785461,0.2575671672821045,0.5492295026779175,0.32807618379592896,0.20452633500099182,0.4687555432319641,0.17084714770317078,0.27821677923202515,0.5527063012123108,0.3171361982822418,0.2148452252149582,0.4724252223968506,0.16993670165538788,0.2600850760936737,0.5271608829498291,0.3104938268661499,0.2030731737613678,0.4714828431606293,0.1779915690422058,0.254589706659317,0.5259962677955627,0.31403133273124695,0.20363274216651917,0.4240543842315674,0.570447564125061,0.04855675250291824,0.49009180068969727,0.5741717219352722,-0.048900213092565536,0.42244797945022583,0.6781296133995056,0.4344404637813568,0.5546369552612305,0.6245043277740479,0.20398294925689697,0.42418092489242554,0.7706290483474731,0.6450259685516357,0.5366790890693665,0.7309294939041138,0.4057925343513489,0.4292236864566803,0.7910677194595337,0.6664567589759827,0.5313542485237122,0.7510498762130737,0.4292933940887451,0.410973459482193,0.7759518027305603,0.6901854276657104,0.5674187541007996,0.746547520160675,0.4563807547092438
frame_00127.jpg,0.5031260251998901,0.2405586838722229,0.0748615711927414,0.501354992389679,0.22812162339687347,0.046503763645887375,0.4989456236362457,0.2269815355539322,0.04619623348116875,0.4963955879211426,0.22585643827915192,0.046220846474170685,0.5090720653533936,0.23098509013652802,0.03692803159356117,0.5122859477996826,0.2319258600473404,0.03655789792537689,0.5158945918083191,0.23302756249904633,0.036412905901670456,0.49118566513061523,0.22888372838497162,-0.042959023267030716,0.5214384198188782,0.24077177047729492,-0.08597954362630844,0.4976571202278137,0.25267598032951355,0.05484645813703537,0.5060006380081177,0.25504612922668457,0.04005391150712967,0.44440150260925293,0.2896067500114441,-0.024211328476667404,0.5435105562210083,0.32990679144859314,-0.11387854814529419,0.4509355425834656,0.25662341713905334,0.10599565505981445,0.5662270784378052,0.372129887342453,0.018838509917259216,0.46456217765808105,0.19581036269664764,0.26642757654190063,0.542680561542511,0.3243795335292816,0.2511773407459259,0.46799856424331665,0.1736457347869873,0.2920873761177063,0.5438241958618164,0.31326916813850403,0.2698635756969452,0.47176694869995117,0.16997464001178741,0.27656304836273193,0.5269595384597778,0.308357298374176,0.26092150807380676,0.4714275300502777,0.17972086369991302,0.26504504680633545,0.5240477323532104,0.31241947412490845,0.2520069479942322,0.4248853325843811,0.571412205696106,0.04632987827062607,0.4876479506492615,0.5745627284049988,-0.04670775309205055,0.42343586683273315,0.7054122686386108,0.3023485839366913,0.5412189364433289,0.6332080960273743,0.12595753371715546,0.43398284912109375,0.8223733901977539,0.3743888735771179,0.5247054696083069,0.7700185179710388,0.25200921297073364,0.4408668875694275,0.8355696797370911,0.38018089532852173,0.5157943964004517,0.794234573841095,0.2665058970451355,0.41325482726097107,0.8440635204315186,0.3788476884365082,0.5344817638397217,0.7724729180335999,0.28602132201194763
frame_00128.jpg,0.5049370527267456,0.2445036768913269,0.07486691325902939,0.503326416015625,0.23116111755371094,0.04615359753370285,0.500908374786377,0.2301291972398758,0.045851148664951324,0.4983501434326172,0.22906701266765594,0.04588215425610542,0.5114805102348328,0.23378051817417145,0.03816064074635506,0.514967143535614,0.2345842570066452,0.03780190274119377,0.5190067291259766,0.23551103472709656,0.03765716031193733,0.4934048056602478,0.23308345675468445,-0.04073268920183182,0.525527834892273,0.24438613653182983,-0.07806869596242905,0.49965572357177734,0.25734981894493103,0.05580315738916397,0.5087510943412781,0.25940802693367004,0.042715415358543396,0.44911783933639526,0.29549649357795715,-0.018841741606593132,0.5450407862663269,0.33974209427833557,-0.11952748149633408,0.4529390335083008,0.252597451210022,0.09211885929107666,0.5765888094902039,0.37583065032958984,-0.03989363834261894,0.4643925130367279,0.19036561250686646,0.21753272414207458,0.5468530654907227,0.3223192095756531,0.13625934720039368,0.4660146236419678,0.16617649793624878,0.23750367760658264,0.5446227192878723,0.3113025724887848,0.14553849399089813,0.47033748030662537,0.1641416996717453,0.2244521677494049,0.5313975214958191,0.3076581656932831,0.13948246836662292,0.47115930914878845,0.17211584746837616,0.21637475490570068,0.5293489694595337,0.3115585744380951,0.13676784932613373,0.42480143904685974,0.5839093923568726,0.048348456621170044,0.48644956946372986,0.586810827255249,-0.04872322827577591,0.4244447350502014,0.745822548866272,0.2823847234249115,0.5393843650817871,0.6434606313705444,0.08717397600412369,0.43475183844566345,0.8875735402107239,0.36742502450942993,0.5056685209274292,0.7891643047332764,0.21086938679218292,0.44014033675193787,0.9103705286979675,0.3749900460243225,0.4925002455711365,0.8093799948692322,0.2258371114730835,0.4232485890388489,0.9106241464614868,0.3704129755496979,0.5231715440750122,0.8100197315216064,0.24273201823234558
frame_00129.jpg,0.5037590861320496,0.24765773117542267,0.09860328584909439,0.5027529001235962,0.2342803031206131,0.06813503801822662,0.5005306005477905,0.233185812830925,0.06785400956869125,0.4981156885623932,0.23207074403762817,0.06788025796413422,0.5108979940414429,0.23712307214736938,0.06092428043484688,0.5146746635437012,0.23788776993751526,0.060567211359739304,0.5188272595405579,0.23870012164115906,0.0604267492890358,0.49470657110214233,0.23577281832695007,-0.027608463540673256,0.5259865522384644,0.2472509890794754,-0.06137717887759209,0.4990564286708832,0.25949010252952576,0.07628309726715088,0.5079502463340759,0.2622113525867462,0.06418962776660919,0.44973224401474,0.2946551442146301,-0.024226848036050797,0.5476410984992981,0.33954718708992004,-0.11254136264324188,0.45168814063072205,0.2333141416311264,0.05209176987409592,0.5685540437698364,0.3762039542198181,-0.1305050104856491,0.46429887413978577,0.17775782942771912,0.13153234124183655,0.530929684638977,0.32879096269607544,-0.09294964373111725,0.4652253985404968,0.15680661797523499,0.14162257313728333,0.5201742053031921,0.3171316683292389,-0.10287729650735855,0.46986979246139526,0.1492552012205124,0.12426557391881943,0.506372332572937,0.3117768466472626,-0.11061833053827286,0.4710586965084076,0.1621464341878891,0.12689486145973206,0.5069888234138489,0.31556761264801025,-0.09683919697999954,0.42329397797584534,0.5857359766960144,0.046745654195547104,0.4860859811306,0.5890456438064575,-0.04714422672986984,0.4246743619441986,0.765431821346283,0.2535652220249176,0.534397304058075,0.6304541230201721,0.08579506725072861,0.43031764030456543,0.9157737493515015,0.32484644651412964,0.517116904258728,0.7444037795066833,0.2308562994003296,0.4371243417263031,0.9407243132591248,0.3306419849395752,0.4981570243835449,0.7411985993385315,0.24774758517742157,0.4106147289276123,0.9366117119789124,0.2967252731323242,0.5338789820671082,0.7599642276763916,0.26670652627944946
frame_00130.jpg,0.5079180002212524,0.25101009011268616,0.10352031141519547,0.5071920156478882,0.23883697390556335,0.07615088671445847,0.5050405859947205,0.2379290908575058,0.07589112967252731,0.5026751160621643,0.23699116706848145,0.07595758140087128,0.5154379606246948,0.2414897382259369,0.06323577463626862,0.5195035338401794,0.2423948496580124,0.06282125413417816,0.5238426923751831,0.2433798760175705,0.06259430944919586,0.4995759129524231,0.24138407409191132,-0.02074458822607994,0.5320839881896973,0.2520248293876648,-0.04994853958487511,0.5041870474815369,0.263973206281662,0.08514519035816193,0.5134650468826294,0.26710182428359985,0.06576310843229294,0.4558619558811188,0.2976858913898468,-0.027692630887031555,0.554367184638977,0.3426341414451599,-0.0787590891122818,0.4509037435054779,0.23516912758350372,0.061126459389925,0.5645757913589478,0.3813854455947876,-0.11748363077640533,0.46374815702438354,0.16674146056175232,0.22175009548664093,0.5262850522994995,0.3495014011859894,0.11794032901525497,0.46470922231674194,0.14160126447677612,0.24694199860095978,0.518513560295105,0.3410066068172455,0.12146103382110596,0.46955400705337524,0.13765010237693787,0.23757922649383545,0.5038032531738281,0.33736979961395264,0.11382273584604263,0.4709354043006897,0.14922203123569489,0.2230473756790161,0.502941906452179,0.34060701727867126,0.11757415533065796,0.423237144947052,0.58634352684021,0.03706211596727371,0.486687570810318,0.5929508209228516,-0.03737815469503403,0.41941705346107483,0.7498718500137329,0.19215606153011322,0.5243443250656128,0.6588322520256042,0.0095975361764431,0.4155920147895813,0.9014726281166077,0.17683681845664978,0.4760482907295227,0.768069326877594,-0.007769420742988586,0.4305184781551361,0.9277153611183167,0.1724819540977478,0.46308833360671997,0.7816965579986572,-0.008335436694324017,0.38978949189186096,0.9283112287521362,0.15841057896614075,0.45564278960227966,0.8173108696937561,-0.0071056438609957695
frame_00131.jpg,0.512214720249176,0.2563284635543823,0.11042974889278412,0.5118039846420288,0.24317647516727448,0.0819755345582962,0.509525716304779,0.24219006299972534,0.08170576393604279,0.5069941282272339,0.2412129044532776,0.08173684030771255,0.5199908018112183,0.24627473950386047,0.07190200686454773,0.5239856839179993,0.2474299967288971,0.07150693237781525,0.528241753578186,0.24871137738227844,0.07133670151233673,0.5029505491256714,0.24540111422538757,-0.018642481416463852,0.5369285345077515,0.25781553983688354,-0.04586387798190117,0.5078803896903992,0.2696996331214905,0.08932848274707794,0.5176655054092407,0.2725575566291809,0.07379454374313354,0.45693644881248474,0.2993684709072113,-0.026842165738344193,0.5595198273658752,0.34534400701522827,-0.09722693264484406,0.4510127604007721,0.23661428689956665,0.008763848803937435,0.5732202529907227,0.38446173071861267,-0.24135465919971466,0.46361392736434937,0.17219381034374237,0.07834520936012268,0.5318711996078491,0.34425467252731323,-0.3293229639530182,0.46467533707618713,0.1488945633172989,0.0856572762131691,0.5339664220809937,0.34415891766548157,-0.35758107900619507,0.46947574615478516,0.14101286232471466,0.07732616364955902,0.5232787132263184,0.3372136652469635,-0.3557945191860199,0.4709368646144867,0.15522442758083344,0.07727481424808502,0.5226979851722717,0.33979037404060364,-0.3329450786113739,0.4236043393611908,0.587618887424469,0.03694671019911766,0.48730388283729553,0.5956792831420898,-0.03725918009877205,0.4181749224662781,0.7516448497772217,0.18195505440235138,0.5272890329360962,0.6696749329566956,0.00839077029377222,0.41086792945861816,0.9115842580795288,0.16489379107952118,0.4648665487766266,0.7799137830734253,0.042175743728876114,0.4273243844509125,0.9434353113174438,0.15948514640331268,0.4508655071258545,0.7976598143577576,0.04678382724523544,0.39062580466270447,0.9458428025245667,0.13242661952972412,0.4519861340522766,0.8276578187942505,0.051053233444690704
frame_00132.jpg,0.513167142868042,0.2579441964626312,0.10906966030597687,0.5128923654556274,0.24449960887432098,0.0768609344959259,0.5104166269302368,0.2435809075832367,0.07657071948051453,0.5077599883079529,0.24271933734416962,0.07658956944942474,0.5217956900596619,0.2471475899219513,0.0724644660949707,0.5260357856750488,0.24813848733901978,0.0720561295747757,0.530448317527771,0.2493019700050354,0.07192030549049377,0.5041779279708862,0.24666234850883484,-0.032182205468416214,0.5384355187416077,0.2582411468029022,-0.045743390917778015,0.5089071393013,0.27106863260269165,0.08329515159130096,0.5193275809288025,0.2741468548774719,0.07491721957921982,0.4593873620033264,0.29937976598739624,-0.030124589800834656,0.565211296081543,0.34378543496131897,-0.08062394708395004,0.45121607184410095,0.23561698198318481,0.05690387636423111,0.5904713273048401,0.3224884867668152,0.04145083576440811,0.4635474681854248,0.16348491609096527,0.26785069704055786,0.5964950323104858,0.23416191339492798,0.27467110753059387,0.46475738286972046,0.1387820690870285,0.30043232440948486,0.6015313863754272,0.20981375873088837,0.29878970980644226,0.46977704763412476,0.13475124537944794,0.28993532061576843,0.5907783508300781,0.20819787681102753,0.29744505882263184,0.471341073513031,0.1471928060054779,0.27115488052368164,0.5848031044006348,0.21330948173999786,0.2782652974128723,0.4258192479610443,0.5873965620994568,0.03314744681119919,0.49075454473495483,0.5963348150253296,-0.03346610814332962,0.41927599906921387,0.7456797361373901,0.18515820801258087,0.5246790051460266,0.674493670463562,0.01953531801700592,0.41115865111351013,0.9044803380966187,0.16303744912147522,0.460448682308197,0.7863758206367493,0.03473423048853874,0.4224262833595276,0.9337744116783142,0.15865102410316467,0.44600263237953186,0.8045761585235596,0.03602691739797592,0.3892991244792938,0.9335309863090515,0.14517469704151154,0.4472024440765381,0.8341588377952576,0.03771223500370979
frame_00133.jpg,0.5171971321105957,0.25546038150787354,0.11067710071802139,0.5170854330062866,0.24206921458244324,0.07645268738269806,0.5144986510276794,0.24129730463027954,0.07614804059267044,0.5116457343101501,0.24059392511844635,0.07616870850324631,0.5263135433197021,0.2442447543144226,0.07312436401844025,0.5305660963058472,0.24507874250411987,0.07273685187101364,0.5349413156509399,0.24607838690280914,0.0726265162229538,0.5070244073867798,0.24490731954574585,-0.039413996040821075,0.5416933298110962,0.2551426589488983,-0.05167592689394951,0.5126410126686096,0.26841339468955994,0.08243262022733688,0.5235410928726196,0.2713199257850647,0.0754067674279213,0.46001189947128296,0.29884377121925354,-0.034730177372694016,0.5684919357299805,0.3436006009578705,-0.08064579218626022,0.45091304183006287,0.23570649325847626,0.08106154948472977,0.5831613540649414,0.33577558398246765,0.0459902323782444,0.46379390358924866,0.16482199728488922,0.3021089732646942,0.5738146305084229,0.25076839327812195,0.270114004611969,0.46484988927841187,0.13986234366893768,0.3330461084842682,0.5827381610870361,0.2179071307182312,0.29211533069610596,0.470461905002594,0.13553562760353088,0.3214412331581116,0.5697541832923889,0.21479752659797668,0.28545230627059937,0.47183576226234436,0.1495249718427658,0.30413347482681274,0.5618197917938232,0.22841480374336243,0.2710213363170624,0.4272945821285248,0.5924341678619385,0.03344542533159256,0.4945359230041504,0.604064404964447,-0.03382208198308945,0.41654539108276367,0.7113994359970093,0.28688478469848633,0.5258975028991699,0.6457286477088928,0.05764741823077202,0.41178804636001587,0.8532996773719788,0.28789952397346497,0.4699896275997162,0.7895843386650085,0.06525294482707977,0.41978487372398376,0.8807567358016968,0.28534039855003357,0.45529404282569885,0.805820643901825,0.06901858747005463,0.392801433801651,0.8682314157485962,0.2741848826408386,0.46390804648399353,0.8340374231338501,0.06856764853000641
frame_00134.jpg,0.5197151899337769,0.2614938020706177,0.10201195627450943,0.5197314023971558,0.24697758257389069,0.06666158884763718,0.5170673727989197,0.2460915893316269,0.06635168939828873,0.5141115784645081,0.24530209600925446,0.06638173758983612,0.5288726091384888,0.24946030974388123,0.06341643631458282,0.532992959022522,0.2503877878189087,0.06304360926151276,0.5372132658958435,0.25142917037010193,0.06290370970964432,0.5095008015632629,0.249107226729393,-0.04853218421339989,0.5432837009429932,0.26030680537223816,-0.0630265325307846,0.5146571397781372,0.2747494578361511,0.07340027391910553,0.5256685614585876,0.27828818559646606,0.06675627827644348,0.46261486411094666,0.2997626066207886,-0.049339838325977325,0.5698373317718506,0.34837308526039124,-0.08706003427505493,0.45066481828689575,0.23682329058647156,0.06084897369146347,0.5744534730911255,0.3685104250907898,0.012779489159584045,0.46428975462913513,0.1647467315196991,0.21970650553703308,0.5252732038497925,0.322939395904541,0.1648551970720291,0.4654109477996826,0.1391657143831253,0.23847298324108124,0.5193569660186768,0.30650025606155396,0.17907166481018066,0.47176700830459595,0.13505838811397552,0.22158078849315643,0.5033819079399109,0.3060045838356018,0.15996459126472473,0.4728146493434906,0.15010109543800354,0.2171955555677414,0.5023572444915771,0.312330037355423,0.15937639772891998,0.4355534613132477,0.5968523025512695,0.03361544758081436,0.5037002563476562,0.604042112827301,-0.03399427607655525,0.4207862913608551,0.7323179244995117,0.2678843140602112,0.541904091835022,0.5970381498336792,0.1277613639831543,0.40953436493873596,0.8814836740493774,0.27941280603408813,0.5075169205665588,0.7289707660675049,0.22044071555137634,0.41627660393714905,0.9114440679550171,0.27968084812164307,0.49272674322128296,0.7480915188789368,0.23108236491680145,0.3860989212989807,0.8726781606674194,0.2678000032901764,0.5228948593139648,0.7692593932151794,0.23451225459575653
frame_00135.jpg,0.5221865177154541,0.2662871181964874,0.08263177424669266,0.5220258235931396,0.25193798542022705,0.04832831770181656,0.5193920135498047,0.25110486149787903,0.04801958054304123,0.5164194703102112,0.2503279447555542,0.048061855137348175,0.5308271646499634,0.25413572788238525,0.04677153378725052,0.5347845554351807,0.25493186712265015,0.046387024223804474,0.5389215350151062,0.2558138966560364,0.046240467578172684,0.5110862255096436,0.2540469765663147,-0.06046226620674133,0.5444110631942749,0.26464545726776123,-0.06778204441070557,0.5170525908470154,0.2797750234603882,0.05612708255648613,0.5280109643936157,0.28346115350723267,0.0519070103764534,0.4645935595035553,0.30200594663619995,-0.060325898230075836,0.5724184513092041,0.35114893317222595,-0.08048827201128006,0.45049935579299927,0.23681804537773132,0.05735212564468384,0.5712404847145081,0.3683707118034363,0.03842977061867714,0.4650302529335022,0.16125355660915375,0.22487644851207733,0.5246893167495728,0.32044926285743713,0.22753092646598816,0.4664388597011566,0.13380500674247742,0.24441847205162048,0.5207913517951965,0.30246061086654663,0.24751529097557068,0.4730169177055359,0.13287529349327087,0.227154940366745,0.5064199566841125,0.30371367931365967,0.23486609756946564,0.47410184144973755,0.14654448628425598,0.22266654670238495,0.5045288801193237,0.31040793657302856,0.22566759586334229,0.43944478034973145,0.6028788089752197,0.026241401210427284,0.5099880695343018,0.6075776219367981,-0.026653911918401718,0.4215089678764343,0.7602452039718628,0.18106213212013245,0.5576843023300171,0.5721216797828674,0.12679366767406464,0.4095524847507477,0.9319404363632202,0.17213521897792816,0.5198333859443665,0.7014843821525574,0.21692831814289093,0.4169665277004242,0.9607467651367188,0.1690758764743805,0.5046288371086121,0.7275462746620178,0.22760844230651855,0.3783041536808014,0.9359172582626343,0.12605085968971252,0.5298231244087219,0.7385576367378235,0.24231453239917755
frame_00136.jpg,0.5232110619544983,0.26767176389694214,0.07680457830429077,0.5229668617248535,0.2533379793167114,0.042320314794778824,0.520263135433197,0.2527172267436981,0.042010821402072906,0.517212450504303,0.252188116312027,0.04206298664212227,0.5318602323532104,0.2551182806491852,0.04255857691168785,0.5358206033706665,0.2558137774467468,0.042167823761701584,0.5400036573410034,0.2565431296825409,0.0420440249145031,0.5118181705474854,0.25699228048324585,-0.06668995320796967,0.5457922220230103,0.2650547921657562,-0.0662134438753128,0.5181047916412354,0.2821923792362213,0.050321925431489944,0.5289551019668579,0.28525009751319885,0.048399753868579865,0.46659937500953674,0.30832618474960327,-0.068240225315094,0.5754224061965942,0.35290345549583435,-0.06795933842658997,0.45035964250564575,0.2378341257572174,0.045220594853162766,0.5716763138771057,0.3436265289783478,0.053839486092329025,0.46628275513648987,0.15735533833503723,0.2037716805934906,0.5544372200965881,0.23764543235301971,0.24130144715309143,0.46753278374671936,0.129279226064682,0.21765944361686707,0.5562968850135803,0.22970406711101532,0.2579648196697235,0.4752115309238434,0.1299716830253601,0.20335523784160614,0.5450979471206665,0.21457575261592865,0.25054794549942017,0.47634854912757874,0.14284579455852509,0.2024225890636444,0.5382512807846069,0.2322322428226471,0.24100856482982635,0.44345706701278687,0.6107898950576782,0.01953829824924469,0.5153118371963501,0.6150004863739014,-0.019948164001107216,0.42466989159584045,0.7707566618919373,0.1869465410709381,0.5613700151443481,0.5687108635902405,0.12166094779968262,0.41092953085899353,0.9172666668891907,0.20580661296844482,0.5184414386749268,0.6889288425445557,0.22376951575279236,0.4191271662712097,0.9453767538070679,0.20521804690361023,0.5032340884208679,0.7096763253211975,0.23587457835674286,0.38306277990341187,0.9312997460365295,0.17282871901988983,0.5250827670097351,0.7244959473609924,0.2512284219264984
frame_00137.jpg,0.5244123339653015,0.27340689301490784,0.0756707489490509,0.5245317816734314,0.2589210867881775,0.04089931771159172,0.5219672918319702,0.25821053981781006,0.04057791084051132,0.5190064311027527,0.2575531601905823,0.04061020165681839,0.5329241156578064,0.26080217957496643,0.03890036791563034,0.5366239547729492,0.2614598274230957,0.038518182933330536,0.5405740737915039,0.26219481229782104,0.03838581219315529,0.5136195421218872,0.2618650496006012,-0.07157973945140839,0.5456427335739136,0.27102333307266235,-0.08108361065387726,0.5191317200660706,0.2876759171485901,0.04781210422515869,0.5293386578559875,0.2906126379966736,0.04290863871574402,0.4682946801185608,0.3128146529197693,-0.07173249125480652,0.5747232437133789,0.35659217834472656,-0.0871983990073204,0.4503253996372223,0.2389998435974121,0.03529947251081467,0.5574535131454468,0.36542779207229614,0.03627734258770943,0.46633830666542053,0.15877875685691833,0.19189554452896118,0.5152554512023926,0.302252858877182,0.22557362914085388,0.4677310883998871,0.12984241545200348,0.20968329906463623,0.5119386911392212,0.2881370782852173,0.24646666646003723,0.4753352701663971,0.1305525302886963,0.19622057676315308,0.49796706438064575,0.28415438532829285,0.2357819527387619,0.4764215052127838,0.1436821073293686,0.19075831770896912,0.49548786878585815,0.2913782000541687,0.22476425766944885,0.44555503129959106,0.6129768490791321,0.022381316870450974,0.5157099962234497,0.6157931685447693,-0.022758573293685913,0.42572036385536194,0.7620007991790771,0.23450890183448792,0.558129072189331,0.5920336842536926,0.1303115040063858,0.41142043471336365,0.9060787558555603,0.2702612280845642,0.5081479549407959,0.6943057179450989,0.20464329421520233,0.41942739486694336,0.9314597845077515,0.271151602268219,0.48476582765579224,0.7328728437423706,0.21346327662467957,0.38503867387771606,0.9056204557418823,0.24814465641975403,0.5018590688705444,0.7359819412231445,0.22635039687156677
frame_00138.jpg,0.5241733193397522,0.2784300148487091,0.07301709055900574,0.5242315530776978,0.2642039656639099,0.03833642974495888,0.5216644406318665,0.2635251581668854,0.03801985830068588,0.5187216401100159,0.2628703713417053,0.038066502660512924,0.5327335596084595,0.2659107744693756,0.0360836423933506,0.5364385843276978,0.2666133940219879,0.035700660198926926,0.5403547883033752,0.26742255687713623,0.035561803728342056,0.513264536857605,0.26750659942626953,-0.0737965852022171,0.545197606086731,0.2772994339466095,-0.0841793641448021,0.5190333127975464,0.29284316301345825,0.045445699244737625,0.5292266607284546,0.29586780071258545,0.040199026465415955,0.46954217553138733,0.3203651010990143,-0.07580788433551788,0.5745075345039368,0.36275026202201843,-0.0882105901837349,0.45021575689315796,0.24169406294822693,0.039665110409259796,0.5559565424919128,0.39615440368652344,0.04142823442816734,0.46629101037979126,0.1599464863538742,0.20447829365730286,0.5107700228691101,0.33755502104759216,0.24924170970916748,0.46792158484458923,0.1318863183259964,0.22318582236766815,0.5073621869087219,0.3209562301635742,0.272082656621933,0.4754595160484314,0.1323198825120926,0.20908264815807343,0.4929486811161041,0.3167182505130768,0.260201632976532,0.47650742530822754,0.1446055918931961,0.20335666835308075,0.4907352924346924,0.3224039077758789,0.24831759929656982,0.4491085410118103,0.6242281794548035,0.023248914629220963,0.5200019478797913,0.6270224452018738,-0.023607933893799782,0.4260682165622711,0.7871469855308533,0.2345731556415558,0.557563304901123,0.5966414213180542,0.13874749839305878,0.40886902809143066,0.9338003396987915,0.29952481389045715,0.5021075010299683,0.7107216715812683,0.24475140869617462,0.41687384247779846,0.9615283608436584,0.30425435304641724,0.48561373353004456,0.7322862148284912,0.2568913996219635,0.37600937485694885,0.9342947006225586,0.27030396461486816,0.5031279921531677,0.7417070269584656,0.2641776204109192
frame_00139.jpg,0.5236542224884033,0.28753283619880676,0.07834310084581375,0.5235128998756409,0.2724950909614563,0.04240294545888901,0.5209133625030518,0.2716153562068939,0.04208996146917343,0.5179575085639954,0.27081984281539917,0.04212713986635208,0.5320942401885986,0.2744734585285187,0.04161514341831207,0.5357857942581177,0.2749961316585541,0.041231974959373474,0.5396648645401001,0.2756127417087555,0.04108761250972748,0.5126794576644897,0.274934321641922,-0.07695949077606201,0.5445244908332825,0.2847357988357544,-0.07837098836898804,0.5187262296676636,0.3002876937389374,0.049123864620923996,0.5286622047424316,0.30342206358909607,0.0456768199801445,0.47036367654800415,0.3270699381828308,-0.08944782614707947,0.5752136707305908,0.3682432770729065,-0.085573211312294,0.45013323426246643,0.24515536427497864,0.022718055173754692,0.5549200177192688,0.40411239862442017,0.052454907447099686,0.46622976660728455,0.1614547222852707,0.1939183622598648,0.508406400680542,0.34587135910987854,0.25162166357040405,0.4680463671684265,0.13424836099147797,0.2114555835723877,0.5050581693649292,0.3292704224586487,0.27327752113342285,0.47531285881996155,0.13401588797569275,0.1989079713821411,0.49032679200172424,0.32442185282707214,0.25922295451164246,0.47641515731811523,0.14639194309711456,0.1935306340456009,0.48811545968055725,0.32996681332588196,0.2493050992488861,0.4490019679069519,0.627257227897644,0.017832491546869278,0.5182504653930664,0.6316074132919312,-0.018165763467550278,0.4260745942592621,0.7931390404701233,0.24911554157733917,0.5225685834884644,0.6604882478713989,0.19558139145374298,0.40864068269729614,0.9338425993919373,0.3225991725921631,0.4805959165096283,0.7723574042320251,0.3159817159175873,0.4163753390312195,0.965340256690979,0.3282185196876526,0.46550002694129944,0.7965914607048035,0.3294481635093689,0.3788072168827057,0.9307560324668884,0.3005674481391907,0.49531856179237366,0.7740092873573303,0.3342570662498474
frame_00140.jpg,0.5236529111862183,0.2970665991306305,0.04942726343870163,0.5234007835388184,0.28203555941581726,0.009693401865661144,0.5208345651626587,0.2808471918106079,0.009371398016810417,0.5179420709609985,0.2797837555408478,0.009417841210961342,0.531838595867157,0.2844909131526947,0.0150205222889781,0.5353704690933228,0.2849709391593933,0.014629634097218513,0.5390932559967041,0.2854365110397339,0.014478500001132488,0.5129877328872681,0.2829267382621765,-0.11255548149347305,0.5438682436943054,0.2932989299297333,-0.08854760974645615,0.5190161466598511,0.3086170256137848,0.019309503957629204,0.5283743143081665,0.31198081374168396,0.02396775223314762,0.47146210074424744,0.3310386538505554,-0.13382479548454285,0.5759081840515137,0.3722364008426666,-0.07520411163568497,0.4500772953033447,0.248500257730484,-0.03735911101102829,0.5553327202796936,0.3994543254375458,0.07724446803331375,0.4661954343318939,0.16445313394069672,0.12900744378566742,0.5075186491012573,0.3364854156970978,0.2729524075984955,0.4679788053035736,0.1348218023777008,0.13979753851890564,0.503609299659729,0.32000866532325745,0.29565075039863586,0.47520217299461365,0.13478252291679382,0.12951961159706116,0.4886696934700012,0.3155420124530792,0.27724578976631165,0.4763115346431732,0.14763374626636505,0.1292361468076706,0.48689180612564087,0.3215816617012024,0.2684403359889984,0.4502648413181305,0.6273588538169861,-0.0012321565300226212,0.5184614658355713,0.6327142119407654,0.0008836874039843678,0.4287625253200531,0.7883263826370239,0.24553421139717102,0.5223599076271057,0.6622381210327148,0.27082520723342896,0.40925493836402893,0.9284677505493164,0.34038999676704407,0.48556989431381226,0.7669278979301453,0.4272088408470154,0.416860431432724,0.9593836069107056,0.34845346212387085,0.46553295850753784,0.8035504221916199,0.44406986236572266,0.3805316388607025,0.9272411465644836,0.3167547285556793,0.49204644560813904,0.7803742289543152,0.4497317373752594
frame_00141.jpg,0.5235737562179565,0.29839152097702026,0.04564609378576279,0.5233132243156433,0.28339943289756775,0.0044229840859770775,0.5207446813583374,0.28233611583709717,0.0040799276903271675,0.5178377032279968,0.2814074754714966,0.0041251336224377155,0.5317791700363159,0.28568288683891296,0.010949167422950268,0.5352616906166077,0.2862016260623932,0.010578729212284088,0.5388868451118469,0.28672677278518677,0.010433521121740341,0.5130425691604614,0.2843972146511078,-0.12149518728256226,0.5435324311256409,0.2942696213722229,-0.09065333008766174,0.5190421342849731,0.30988258123397827,0.015100134536623955,0.5282264947891235,0.31329426169395447,0.02156170830130577,0.4716432988643646,0.3308159410953522,-0.14412030577659607,0.5776442289352417,0.374270498752594,-0.06201355531811714,0.4504251480102539,0.2497861236333847,-0.03741524741053581,0.5557946562767029,0.40274935960769653,0.11772152036428452,0.46586617827415466,0.16960638761520386,0.14837956428527832,0.5113238096237183,0.3426090478897095,0.34879255294799805,0.4665551781654358,0.1385965645313263,0.15842364728450775,0.5084442496299744,0.3277207016944885,0.3757361173629761,0.47372308373451233,0.1354256123304367,0.15013983845710754,0.49420276284217834,0.32385629415512085,0.3592061698436737,0.47566837072372437,0.1514318734407425,0.14973410964012146,0.49199432134628296,0.3285515010356903,0.3461418151855469,0.45075932145118713,0.6312481164932251,-0.012627755291759968,0.5188788175582886,0.6360571384429932,0.012267759069800377,0.42948994040489197,0.7919932007789612,0.24232563376426697,0.5267614126205444,0.6467391848564148,0.3873768448829651,0.4091857075691223,0.9389393329620361,0.3972633481025696,0.492328941822052,0.7390741109848022,0.667482852935791,0.41625547409057617,0.9669120907783508,0.41178813576698303,0.4698235094547272,0.79703688621521,0.6960721015930176,0.3812708556652069,0.9272596836090088,0.3707291781902313,0.4940880239009857,0.7628480195999146,0.7100127935409546
frame_00142.jpg,0.5235877633094788,0.30338743329048157,0.0534944161772728,0.5230143070220947,0.2887648344039917,0.013235499151051044,0.520426869392395,0.2878449261188507,0.012895439751446247,0.5175042748451233,0.2870730757713318,0.012934820726513863,0.5315548181533813,0.290767639875412,0.018185071647167206,0.5350502729415894,0.2911258339881897,0.0178123377263546,0.5386614799499512,0.29145994782447815,0.017654359340667725,0.5127431750297546,0.2910499572753906,-0.11039247363805771,0.5432911515235901,0.2986094653606415,-0.08714853227138519,0.5192221999168396,0.31516245007514954,0.023520397022366524,0.5282199382781982,0.3181384801864624,0.027740424498915672,0.47222083806991577,0.3388984799385071,-0.1310172975063324,0.5773361325263977,0.3779952824115753,-0.06253965944051743,0.4504629075527191,0.2538074254989624,-0.019982775673270226,0.555923342704773,0.409511923789978,0.09945075213909149,0.4658479690551758,0.17257200181484222,0.16262659430503845,0.5121500492095947,0.3558611273765564,0.3044731020927429,0.4667043089866638,0.1406172811985016,0.17283186316490173,0.5096744894981384,0.3425254225730896,0.32631856203079224,0.47379064559936523,0.13729844987392426,0.163733571767807,0.49556559324264526,0.33849936723709106,0.31056874990463257,0.47569483518600464,0.1542292982339859,0.16356852650642395,0.49312275648117065,0.342681348323822,0.3014748990535736,0.45153746008872986,0.6346791386604309,-0.009918811731040478,0.5182598829269409,0.6397488117218018,0.009561333805322647,0.43026500940322876,0.7926809191703796,0.2552427351474762,0.5090034604072571,0.6763940453529358,0.3777666389942169,0.41003745794296265,0.9333879947662354,0.4440629482269287,0.4716678261756897,0.7791553139686584,0.6698590517044067,0.41646748781204224,0.9630843997001648,0.46141964197158813,0.45796719193458557,0.8111162185668945,0.7001035809516907,0.3813639283180237,0.9261634945869446,0.427752822637558,0.47157201170921326,0.7676305174827576,0.7113351821899414
frame_00143.jpg,0.5232847929000854,0.3034769594669342,0.059391748160123825,0.5226989388465881,0.2888151705265045,0.01917995512485504,0.5201161503791809,0.2881859242916107,0.018839774653315544,0.5172116160392761,0.287687212228775,0.018877355381846428,0.5312531590461731,0.29031020402908325,0.023978140205144882,0.5347719788551331,0.290709912776947,0.023605605587363243,0.5384159088134766,0.29114601016044617,0.023454351350665092,0.5124019384384155,0.2922241985797882,-0.10967221111059189,0.5430871844291687,0.29876306653022766,-0.08682730793952942,0.5188928842544556,0.3161557614803314,0.02876861020922661,0.5279574394226074,0.31881609559059143,0.031975630670785904,0.472525030374527,0.3437747359275818,-0.1398448497056961,0.5771505832672119,0.3814946115016937,-0.04274054616689682,0.45041030645370483,0.25428587198257446,-0.018359731882810593,0.5542769432067871,0.4167252779006958,0.14690861105918884,0.46582111716270447,0.17244534194469452,0.16429778933525085,0.5080983638763428,0.3586159348487854,0.37004387378692627,0.46672892570495605,0.14050737023353577,0.18481530249118805,0.5088912844657898,0.3470157980918884,0.39639967679977417,0.4738001823425293,0.13777393102645874,0.1654670089483261,0.49520963430404663,0.34205514192581177,0.3798382580280304,0.47570085525512695,0.15386706590652466,0.17302092909812927,0.49236196279525757,0.3461708128452301,0.36719295382499695,0.4526963233947754,0.641082763671875,-0.020585518330335617,0.5183511972427368,0.6464002728462219,0.020247507840394974,0.4305144250392914,0.7947859168052673,0.2582722008228302,0.4986206889152527,0.6839193105697632,0.425595223903656,0.41017693281173706,0.9300763607025146,0.48236823081970215,0.45907139778137207,0.7913852334022522,0.7627403140068054,0.41637635231018066,0.9603533148765564,0.5035876631736755,0.44791412353515625,0.8199421763420105,0.7974434494972229,0.38120806217193604,0.9244953989982605,0.4694196283817291,0.4589022696018219,0.7747516632080078,0.8097180128097534
frame_00144.jpg,0.5230686068534851,0.30612361431121826,0.06058977171778679,0.5224648118019104,0.2913127541542053,0.019699502736330032,0.5198754668235779,0.2906419634819031,0.019356053322553635,0.5169669389724731,0.2901236116886139,0.019389936700463295,0.5310430526733398,0.29290053248405457,0.025465920567512512,0.5345796346664429,0.2933429181575775,0.025099268183112144,0.5382590293884277,0.29384326934814453,0.024945661425590515,0.5122823715209961,0.29435113072395325,-0.10987895727157593,0.5429831147193909,0.30161920189857483,-0.08427346497774124,0.518652081489563,0.3183952867984772,0.029159415513277054,0.5277711153030396,0.32137125730514526,0.033801496028900146,0.4724532663822174,0.34337323904037476,-0.1409834325313568,0.577044665813446,0.38448435068130493,-0.046175986528396606,0.4501801133155823,0.25356581807136536,-0.024364957585930824,0.5521740913391113,0.42466697096824646,0.140089750289917,0.465813547372818,0.16864553093910217,0.1752764731645584,0.5078535079956055,0.3739636540412903,0.3705129623413086,0.4665941298007965,0.13677765429019928,0.19155237078666687,0.507610559463501,0.3628363013267517,0.3979920744895935,0.47381705045700073,0.1351529061794281,0.17841550707817078,0.49393829703330994,0.3572665750980377,0.382540762424469,0.4757928252220154,0.1499292105436325,0.17994879186153412,0.4908391535282135,0.36080119013786316,0.36838188767433167,0.4533236026763916,0.6442493200302124,-0.01683690771460533,0.51835697889328,0.6494336724281311,0.01651035249233246,0.43131357431411743,0.7925320863723755,0.2849971055984497,0.50373375415802,0.7165656685829163,0.39488768577575684,0.4108932912349701,0.9315511584281921,0.5135283470153809,0.46212807297706604,0.8204058408737183,0.693800687789917,0.4200817942619324,0.9631375670433044,0.5353510975837708,0.4504203796386719,0.8469946384429932,0.7250118851661682,0.3834325671195984,0.9274080991744995,0.5147054195404053,0.46024471521377563,0.8119620680809021,0.7379533648490906
frame_00145.jpg,0.5230257511138916,0.30940118432044983,0.046104468405246735,0.522366464138031,0.2947750687599182,0.004616401623934507,0.5197753310203552,0.29409560561180115,0.004273175727576017,0.516860842704773,0.29360145330429077,0.0043120901100337505,0.5309529900550842,0.2961900532245636,0.012703761458396912,0.5344673991203308,0.29649633169174194,0.012326419353485107,0.538070559501648,0.29687419533729553,0.012185408733785152,0.5121428966522217,0.2979668080806732,-0.12178100645542145,0.5426092147827148,0.304469496011734,-0.08674600720405579,0.5185182094573975,0.3211342394351959,0.01524384319782257,0.5277099609375,0.32407137751579285,0.023210622370243073,0.47212785482406616,0.34784719347953796,-0.15212160348892212,0.5768636465072632,0.38536885380744934,-0.04617485776543617,0.45012912154197693,0.2535512149333954,-0.03486032038927078,0.5478003621101379,0.42090779542922974,0.15059472620487213,0.4657557010650635,0.16877241432666779,0.177444189786911,0.50312340259552,0.368558794260025,0.3958049714565277,0.4662972390651703,0.13691416382789612,0.19259178638458252,0.5040756464004517,0.3509804606437683,0.4273141324520111,0.47367924451828003,0.13563746213912964,0.183213472366333,0.4911128580570221,0.3453492820262909,0.41078177094459534,0.47576838731765747,0.1500217616558075,0.1812976449728012,0.4877912998199463,0.3499053120613098,0.393411248922348,0.45404133200645447,0.6475843787193298,-0.017249319702386856,0.5181217789649963,0.6534460783004761,0.016921743750572205,0.4336795210838318,0.7899583578109741,0.2966727912425995,0.505078136920929,0.730282187461853,0.3470683991909027,0.4126996397972107,0.924930214881897,0.5018206834793091,0.46610039472579956,0.8281504511833191,0.5617096424102783,0.4272323250770569,0.961747407913208,0.5211576819419861,0.4502020478248596,0.8601612448692322,0.5841994285583496,0.3839910328388214,0.9269241690635681,0.5034083724021912,0.4528435170650482,0.8545320630073547,0.5866244435310364
frame_00146.jpg,0.5223515033721924,0.3102463185787201,0.03966756910085678,0.5217829942703247,0.2963600754737854,-0.0028079631738364697,0.5193437933921814,0.29545241594314575,-0.0031584263779222965,0.5165436863899231,0.2946333587169647,-0.0031229255255311728,0.5299391150474548,0.2983599603176117,0.0069106281735002995,0.5333778262138367,0.29874324798583984,0.006532144732773304,0.5369442105293274,0.2990371882915497,0.0063992938958108425,0.5121129155158997,0.2987801730632782,-0.13204659521579742,0.5418964624404907,0.3059707283973694,-0.0886290892958641,0.518147349357605,0.3219829797744751,0.007828820496797562,0.526913046836853,0.32490602135658264,0.01807461865246296,0.47185903787612915,0.3495382070541382,-0.1698910892009735,0.5768046975135803,0.3891241252422333,-0.0410742461681366,0.4502144455909729,0.25784575939178467,-0.05230291560292244,0.537371039390564,0.39494767785072327,0.1670132577419281,0.465923547744751,0.17442123591899872,0.1720106154680252,0.49886760115623474,0.34777262806892395,0.42224448919296265,0.4670480191707611,0.141858771443367,0.1864379346370697,0.4959193170070648,0.3398440480232239,0.4559669494628906,0.4739782214164734,0.14162901043891907,0.17940263450145721,0.4841535985469818,0.33685505390167236,0.43877750635147095,0.4757407307624817,0.168577641248703,0.17585977911949158,0.4807499945163727,0.34094035625457764,0.4195142388343811,0.4554208219051361,0.652495801448822,-0.025319930166006088,0.5182704329490662,0.6590734124183655,0.025005275383591652,0.4350626468658447,0.789600133895874,0.294055312871933,0.500311017036438,0.7359730005264282,0.36587414145469666,0.4152049422264099,0.9132081866264343,0.5168370008468628,0.4622277319431305,0.8432728052139282,0.594265878200531,0.4309026598930359,0.960056483745575,0.5383461117744446,0.4515051245689392,0.8705535531044006,0.6180796027183533,0.39713627099990845,0.9224643111228943,0.5240411758422852,0.4463876187801361,0.8619484305381775,0.6180393099784851
frame_00147.jpg,0.5212194323539734,0.31491509079933167,0.03619808703660965,0.5209236741065979,0.30096980929374695,-0.006297624204307795,0.5187597870826721,0.29968854784965515,-0.006651719566434622,0.5161736607551575,0.2984573245048523,-0.006620011292397976,0.5285329222679138,0.3032982051372528,0.0027124180924147367,0.5319257974624634,0.30351483821868896,0.00232830923050642,0.5354498624801636,0.303578644990921,0.00218560709618032,0.5119773149490356,0.30124789476394653,-0.13401630520820618,0.540873646736145,0.3092512786388397,-0.09295691549777985,0.5177176594734192,0.3259402811527252,0.005130804609507322,0.5257197618484497,0.32917559146881104,0.014559706673026085,0.4716612696647644,0.3491940498352051,-0.1705576330423355,0.5766655206680298,0.38997215032577515,-0.042532987892627716,0.44998711347579956,0.2621956765651703,-0.049281977117061615,0.5373970866203308,0.3951247036457062,0.16593144834041595,0.46563953161239624,0.1832738220691681,0.17457692325115204,0.4969659745693207,0.34793776273727417,0.42223095893859863,0.46698442101478577,0.1545417457818985,0.18923521041870117,0.4916674494743347,0.3374054729938507,0.45624247193336487,0.4734109342098236,0.15462544560432434,0.1818581372499466,0.47996997833251953,0.3344525694847107,0.43852320313453674,0.4750584661960602,0.1799805760383606,0.1779516041278839,0.47704917192459106,0.3387269973754883,0.4195284843444824,0.45727863907814026,0.6512109041213989,-0.028299624100327492,0.5187765955924988,0.6582833528518677,0.027982279658317566,0.43524131178855896,0.7886779308319092,0.286356657743454,0.4953838288784027,0.749385416507721,0.3727583885192871,0.4151628017425537,0.9082444906234741,0.5116550326347351,0.4432070851325989,0.878588080406189,0.6079311370849609,0.4299374520778656,0.9588725566864014,0.5336505174636841,0.44742298126220703,0.8868520259857178,0.6323549151420593,0.3974294066429138,0.915108323097229,0.5226372480392456,0.43705806136131287,0.8671108484268188,0.6345418691635132
frame_00148.jpg,0.5213389992713928,0.3118409514427185,0.03334878012537956,0.5209652185440063,0.2976768910884857,-0.008391915820538998,0.518711268901825,0.2965353727340698,-0.008748424239456654,0.5160565376281738,0.2954619824886322,-0.008695169351994991,0.528828501701355,0.29989755153656006,-0.0030165656935423613,0.5323470830917358,0.3002171218395233,-0.0034068673849105835,0.5359628796577454,0.3004348576068878,-0.0035741161555051804,0.5119392275810242,0.2987540066242218,-0.13578179478645325,0.5413777232170105,0.30693474411964417,-0.11237967014312744,0.5176535844802856,0.32366958260536194,0.002371974987909198,0.5258350968360901,0.32690438628196716,0.006949326954782009,0.47155481576919556,0.34882527589797974,-0.16096703708171844,0.5774837136268616,0.38904494047164917,-0.07212771475315094,0.44939249753952026,0.2634319067001343,-0.03690382465720177,0.5410909652709961,0.41818538308143616,0.14533761143684387,0.46492308378219604,0.18679003417491913,0.18724025785923004,0.49822765588760376,0.3793622851371765,0.41027235984802246,0.4665087163448334,0.1569608747959137,0.2029065638780594,0.49935832619667053,0.3735447824001312,0.4427383840084076,0.472797691822052,0.1538204401731491,0.19592179358005524,0.4875447750091553,0.3710814118385315,0.4273873269557953,0.474151074886322,0.18230339884757996,0.19069984555244446,0.48424258828163147,0.37345319986343384,0.40941184759140015,0.45748287439346313,0.6504220366477966,-0.023410504683852196,0.5196272134780884,0.6581287980079651,0.023091573268175125,0.4351005554199219,0.7881942391395569,0.30942755937576294,0.4992747902870178,0.7293088436126709,0.3859594762325287,0.4150136411190033,0.903118908405304,0.5585257411003113,0.4462733864784241,0.8569716811180115,0.664922297000885,0.4283677637577057,0.9574452042579651,0.582396388053894,0.4400770664215088,0.8829963207244873,0.6937527060508728,0.3901089131832123,0.9151950478553772,0.56316077709198,0.4407551884651184,0.8598822951316833,0.6950013637542725
frame_00149.jpg,0.5216177105903625,0.3111831545829773,0.035837672650814056,0.5211318731307983,0.29663577675819397,-0.005291436333209276,0.5187902450561523,0.29556548595428467,-0.0056480588391423225,0.5160520672798157,0.29458972811698914,-0.005593427456915379,0.52923983335495,0.29880431294441223,-0.0007319743162952363,0.5328561067581177,0.2991631329059601,-0.0011222204193472862,0.5365151166915894,0.2994251847267151,-0.0012916016858071089,0.5118284225463867,0.29806169867515564,-0.13151270151138306,0.5417935252189636,0.3064362406730652,-0.11155486106872559,0.5177410244941711,0.3235427737236023,0.005075239110738039,0.5261241793632507,0.32676708698272705,0.008567003533244133,0.47145065665245056,0.3487962484359741,-0.15600810945034027,0.5778845548629761,0.3886944651603699,-0.07634992897510529,0.44879254698753357,0.2636076807975769,-0.03356853872537613,0.5424679517745972,0.42444881796836853,0.14231285452842712,0.4640332758426666,0.18805980682373047,0.18621867895126343,0.4997978210449219,0.37690815329551697,0.3880118131637573,0.4659365713596344,0.15752463042736053,0.20146551728248596,0.5009085536003113,0.37785518169403076,0.4183317720890045,0.47217029333114624,0.1533835083246231,0.19488319754600525,0.4891436994075775,0.375122606754303,0.4032999873161316,0.47356098890304565,0.17901961505413055,0.1896727979183197,0.48607689142227173,0.37776580452919006,0.3868201971054077,0.4577783942222595,0.6498847603797913,-0.020710192620754242,0.5206227898597717,0.6579012274742126,0.020395006984472275,0.43523532152175903,0.7875687479972839,0.3092323839664459,0.5014960765838623,0.7236328721046448,0.3820969760417938,0.4149969220161438,0.8942094445228577,0.5449973940849304,0.449261337518692,0.8483775854110718,0.6511179804801941,0.42793482542037964,0.9523741006851196,0.5674698948860168,0.44065824151039124,0.8774986863136292,0.6789554357528687,0.38730764389038086,0.9149687886238098,0.5492597818374634,0.44518551230430603,0.8498725295066833,0.6829574704170227
frame_00150.jpg,0.5220498442649841,0.31001365184783936,0.06221693754196167,0.5214868783950806,0.2954489588737488,0.021732505410909653,0.5190352201461792,0.294420450925827,0.021352140232920647,0.5161703824996948,0.29349130392074585,0.021414967253804207,0.5297076106071472,0.2975943982601166,0.024537861347198486,0.5333272218704224,0.29798904061317444,0.02413283847272396,0.5369824171066284,0.29829612374305725,0.02398947812616825,0.5117522478103638,0.29706546664237976,-0.10612107813358307,0.5421950221061707,0.30539998412132263,-0.0952737033367157,0.517855703830719,0.3225182890892029,0.030400937423110008,0.5264196991920471,0.3257346451282501,0.03144710510969162,0.47138968110084534,0.3480144739151001,-0.1362740695476532,0.5780119299888611,0.3880598247051239,-0.06411611288785934,0.44866007566452026,0.26775234937667847,0.0035927300341427326,0.5460242629051208,0.4215010106563568,0.1573375165462494,0.4633292555809021,0.19300924241542816,0.24184098839759827,0.5039376020431519,0.37284258008003235,0.4410880208015442,0.4614036977291107,0.186221644282341,0.26214948296546936,0.5098211169242859,0.3705829381942749,0.4770349860191345,0.4714062809944153,0.16077131032943726,0.25529178977012634,0.49797073006629944,0.3672492206096649,0.46237945556640625,0.472630113363266,0.181535005569458,0.24568311870098114,0.49420738220214844,0.37055703997612,0.4408349394798279,0.4585660994052887,0.6493783593177795,-0.020124007016420364,0.5223107933998108,0.657976508140564,0.019844699651002884,0.43448981642723083,0.7843706011772156,0.3353976011276245,0.5027822852134705,0.7227324843406677,0.3621523976325989,0.41528263688087463,0.8734403252601624,0.5617538690567017,0.44873252511024475,0.8446155786514282,0.6394630074501038,0.4241214692592621,0.9117994904518127,0.5843400359153748,0.44161301851272583,0.876246452331543,0.6630412936210632,0.3860274851322174,0.8973264098167419,0.5911986231803894,0.4466024935245514,0.8456323742866516,0.641459584236145
frame_00151.jpg,0.5217400193214417,0.29561275243759155,0.06148756295442581,0.5210781693458557,0.28301289677619934,0.020463041961193085,0.5185225009918213,0.28274375200271606,0.02008960023522377,0.5154970288276672,0.2824851870536804,0.02014864794909954,0.5293247699737549,0.2831515669822693,0.024260183796286583,0.5329498052597046,0.28295236825942993,0.023853175342082977,0.5366986989974976,0.28252050280570984,0.02368014305830002,0.5104503035545349,0.2877318263053894,-0.10542835295200348,0.5421838164329529,0.2893833816051483,-0.09500187635421753,0.5173009634017944,0.3095901310443878,0.029259324073791504,0.5260835886001587,0.3111882507801056,0.031047377735376358,0.4713364541530609,0.34573906660079956,-0.12549905478954315,0.5787250399589539,0.38184288144111633,-0.07077755033969879,0.4472993314266205,0.267540842294693,0.01641436107456684,0.5586873888969421,0.4287470281124115,0.11233218014240265,0.46293649077415466,0.19237050414085388,0.24051308631896973,0.520359456539154,0.3932873606681824,0.3493047058582306,0.4617166519165039,0.17942354083061218,0.25898027420043945,0.5291112065315247,0.3979876935482025,0.37400561571121216,0.4713248610496521,0.16053389012813568,0.24939195811748505,0.516068696975708,0.39247024059295654,0.3610022962093353,0.47258687019348145,0.1795503795146942,0.24285364151000977,0.5123459696769714,0.39438778162002563,0.34895721077919006,0.46085867285728455,0.6443458199501038,-0.016536686569452286,0.5253515839576721,0.6575731635093689,0.016196073964238167,0.4285738468170166,0.7455052733421326,0.31702184677124023,0.5018584728240967,0.7251269221305847,0.3643185794353485,0.4140998423099518,0.8740489482879639,0.5262710452079773,0.4514378607273102,0.8497287034988403,0.6062694787979126,0.4162234663963318,0.9088658690452576,0.5463446974754333,0.44177788496017456,0.9122761487960815,0.6335273385047913,0.3793165683746338,0.8918760418891907,0.5408165454864502,0.4391934275627136,0.8686097860336304,0.6273823976516724
frame_00152.jpg,0.521759569644928,0.28790992498397827,0.07171908766031265,0.5210505723953247,0.27544069290161133,0.033943213522434235,0.5184963941574097,0.27540284395217896,0.03357139974832535,0.515475869178772,0.2753816843032837,0.03360963985323906,0.5293223857879639,0.2750231623649597,0.03620181232690811,0.5329620242118835,0.2746500074863434,0.03580448776483536,0.5367656946182251,0.27404963970184326,0.035668209195137024,0.510075569152832,0.28135985136032104,-0.08693846315145493,0.5424929261207581,0.2812158167362213,-0.0786948949098587,0.5172759294509888,0.30269545316696167,0.04093986749649048,0.526188313961029,0.30326083302497864,0.04137812554836273,0.4711531102657318,0.3437531888484955,-0.11373631656169891,0.5795624256134033,0.37762171030044556,-0.05462191253900528,0.4460332989692688,0.26698148250579834,0.02233770489692688,0.5643958449363708,0.42771223187446594,0.13047894835472107,0.4628834128379822,0.19136805832386017,0.24681179225444794,0.5294204950332642,0.38810497522354126,0.3745129108428955,0.4617478847503662,0.17905442416667938,0.2660995125770569,0.5433260202407837,0.3954773247241974,0.40596503019332886,0.47130098938941956,0.15966105461120605,0.2592116594314575,0.5305202007293701,0.38499942421913147,0.39198678731918335,0.472586452960968,0.17847086489200592,0.250241219997406,0.526091456413269,0.38708096742630005,0.37420153617858887,0.46283015608787537,0.6387485265731812,-0.016994234174489975,0.5310930609703064,0.652802050113678,0.016585318371653557,0.4170927405357361,0.715936541557312,0.26656574010849,0.5130977630615234,0.6792578101158142,0.3640442490577698,0.4160301685333252,0.8563578724861145,0.36355558037757874,0.4748287796974182,0.8441439867019653,0.5106388330459595,0.41973233222961426,0.8878233432769775,0.37318670749664307,0.46714919805526733,0.9086447954177856,0.5253326296806335,0.39312943816185,0.8696244359016418,0.3773052394390106,0.46590226888656616,0.8597980737686157,0.5482267141342163
frame_00153.jpg,0.5219610929489136,0.28041744232177734,0.08723875880241394,0.521041989326477,0.2681582272052765,0.0490347258746624,0.5184703469276428,0.26815474033355713,0.04865994304418564,0.5154565572738647,0.26808685064315796,0.048640817403793335,0.529415488243103,0.2682620584964752,0.05171899124979973,0.5331169366836548,0.26822689175605774,0.05129845812916756,0.5370692014694214,0.2678816020488739,0.05116976425051689,0.5093976259231567,0.2749102711677551,-0.07467930018901825,0.5431708693504333,0.2756619155406952,-0.06273813545703888,0.5173449516296387,0.2957908511161804,0.05488566681742668,0.5265070199966431,0.2961495816707611,0.056186966598033905,0.4704064428806305,0.33883529901504517,-0.11053062975406647,0.579727292060852,0.37201815843582153,-0.03849431499838829,0.4453698694705963,0.266258180141449,0.026681970804929733,0.5681295990943909,0.4245612919330597,0.13099929690361023,0.46282273530960083,0.19066211581230164,0.258693665266037,0.532878577709198,0.3844408094882965,0.34808680415153503,0.4598102569580078,0.1864372342824936,0.2800213098526001,0.5424535870552063,0.38426682353019714,0.38116371631622314,0.47099047899246216,0.15953391790390015,0.2741531729698181,0.5295888185501099,0.3766835629940033,0.3615127503871918,0.47257286310195923,0.1776171773672104,0.2625292241573334,0.5263246297836304,0.37937095761299133,0.34476763010025024,0.4640410840511322,0.6292314529418945,-0.025441547855734825,0.5322827696800232,0.642798662185669,0.024919789284467697,0.4021470546722412,0.6934713125228882,0.16008234024047852,0.5128909349441528,0.6729236841201782,0.34744226932525635,0.4180925786495209,0.8369707465171814,0.1542203724384308,0.4812965989112854,0.838222861289978,0.361694872379303,0.4261886477470398,0.8535329103469849,0.15523985028266907,0.47532597184181213,0.8821038603782654,0.3654477000236511,0.40017613768577576,0.8681588768959045,0.18285296857357025,0.47372207045555115,0.8647851943969727,0.4020841717720032
frame_00154.jpg,0.5222629308700562,0.2727999985218048,0.082163967192173,0.521025538444519,0.2615326941013336,0.04478975385427475,0.5183809995651245,0.26211515069007874,0.04442744702100754,0.5151182413101196,0.26248136162757874,0.044411685317754745,0.5295233726501465,0.2612804174423218,0.05132616311311722,0.5332641005516052,0.26162707805633545,0.050903089344501495,0.5373474359512329,0.2616063356399536,0.05080961436033249,0.5077123641967773,0.27064192295074463,-0.07387083768844604,0.543808102607727,0.2718077600002289,-0.03982758894562721,0.5173290967941284,0.2898211181163788,0.05140180140733719,0.5268937945365906,0.28927135467529297,0.0577201172709465,0.46942052245140076,0.33568519353866577,-0.11415760219097137,0.5797352194786072,0.364078164100647,0.02123628742992878,0.4430975019931793,0.2612563669681549,0.0197124220430851,0.5660755634307861,0.3213227391242981,0.22135576605796814,0.4629504084587097,0.18259672820568085,0.24862821400165558,0.5555970668792725,0.2469884604215622,0.43564653396606445,0.4603785574436188,0.16100934147834778,0.26632899045944214,0.5666826367378235,0.2242269068956375,0.46877360343933105,0.47139161825180054,0.1546258181333542,0.26033803820610046,0.5597875714302063,0.21738989651203156,0.4516465663909912,0.4729383587837219,0.1682082861661911,0.2525157630443573,0.547947883605957,0.2205522358417511,0.43227076530456543,0.46354907751083374,0.6272432208061218,-0.05568908527493477,0.5322452783584595,0.640826940536499,0.0551750585436821,0.38754802942276,0.6780750155448914,0.0851052924990654,0.5121332406997681,0.674066424369812,0.3323539197444916,0.41574376821517944,0.8278514742851257,0.05706792324781418,0.47870978713035583,0.8187453150749207,0.3231644630432129,0.42550331354141235,0.8407047986984253,0.055427927523851395,0.4735895097255707,0.8408557772636414,0.3236413896083832,0.3996550440788269,0.866820752620697,0.06234031915664673,0.4695921838283539,0.867812991142273,0.34093743562698364
frame_00155.jpg,0.5218201279640198,0.2735019624233246,0.114777110517025,0.5203500390052795,0.26132163405418396,0.07841697335243225,0.5173633098602295,0.26176533102989197,0.07808148115873337,0.5138431191444397,0.26205208897590637,0.07807926088571548,0.5292434692382812,0.2611478567123413,0.08619765937328339,0.5330873727798462,0.26139047741889954,0.08577553927898407,0.5373181104660034,0.261272132396698,0.08570732921361923,0.5061981678009033,0.26976272463798523,-0.03743652254343033,0.5440679788589478,0.27080419659614563,-0.0028323966544121504,0.5163086652755737,0.29010170698165894,0.08536705374717712,0.5263271331787109,0.29001718759536743,0.09292565286159515,0.46831148862838745,0.3328397870063782,-0.06878739595413208,0.5807195901870728,0.36010777950286865,0.04935428127646446,0.4417199194431305,0.26205846667289734,0.09212832897901535,0.5793192386627197,0.3263307511806488,0.24992957711219788,0.46293506026268005,0.18168067932128906,0.33291903138160706,0.5579088926315308,0.22366362810134888,0.45969539880752563,0.46054062247276306,0.1564347892999649,0.35095351934432983,0.5691424608230591,0.2031862586736679,0.4869995713233948,0.47139406204223633,0.15432405471801758,0.3411119878292084,0.561886727809906,0.19527116417884827,0.47127285599708557,0.47294750809669495,0.1666969358921051,0.3357136845588684,0.548058032989502,0.19812902808189392,0.45602232217788696,0.4631897807121277,0.6203514933586121,-0.04637005180120468,0.5320403575897217,0.637634813785553,0.045895643532276154,0.3699148893356323,0.6273351311683655,0.15927617251873016,0.5230973958969116,0.6591929793357849,0.2867046892642975,0.4090272784233093,0.7758681774139404,0.20171479880809784,0.48898711800575256,0.7913430333137512,0.3158206641674042,0.4192216396331787,0.7958844900131226,0.20691268146038055,0.47926759719848633,0.8429641723632812,0.32044026255607605,0.3986439108848572,0.8342717885971069,0.2226814329624176,0.4832870066165924,0.8635417819023132,0.3342604339122772
frame_00156.jpg,0.5213459730148315,0.2731446325778961,0.0992252379655838,0.5196245312690735,0.260833740234375,0.061264701187610626,0.516313910484314,0.261298269033432,0.06091884523630142,0.5125829577445984,0.26157432794570923,0.0609293170273304,0.5289105176925659,0.2603597342967987,0.06756090372800827,0.5328249931335449,0.26058101654052734,0.0671519935131073,0.5371934175491333,0.260532945394516,0.06705400347709656,0.5048726797103882,0.2689834237098694,-0.05521281808614731,0.5441015958786011,0.2706414461135864,-0.02433592639863491,0.5152513384819031,0.29023465514183044,0.06889982521533966,0.525842547416687,0.2900843322277069,0.07465679943561554,0.4673256278038025,0.33057838678359985,-0.08803097903728485,0.5806566476821899,0.35494479537010193,0.0276716947555542,0.4413023591041565,0.2620813846588135,0.0583357997238636,0.5772889852523804,0.2990107536315918,0.21840660274028778,0.4623785614967346,0.17957502603530884,0.30410662293434143,0.5530545711517334,0.21149267256259918,0.43030303716659546,0.4605989456176758,0.15179787576198578,0.3404307961463928,0.5666097402572632,0.1885780245065689,0.45751023292541504,0.47104328870773315,0.15180720388889313,0.3240964412689209,0.5575587749481201,0.18195895850658417,0.4419056475162506,0.47261857986450195,0.16271480917930603,0.3051477074623108,0.5467751622200012,0.18836121261119843,0.426926851272583,0.4629175066947937,0.613976776599884,-0.04466395080089569,0.5317704677581787,0.6334073543548584,0.04426025226712227,0.3721747398376465,0.6066097617149353,0.21520450711250305,0.5054450035095215,0.7479050755500793,0.2512037456035614,0.40291041135787964,0.7615824341773987,0.3156234920024872,0.46386250853538513,0.9006248116493225,0.2819272577762604,0.4158925414085388,0.7769215703010559,0.32644882798194885,0.45292702317237854,0.9315429329872131,0.2861256003379822,0.39201509952545166,0.8132943511009216,0.3687925934791565,0.44613856077194214,0.9407061338424683,0.28288981318473816
frame_00157.jpg,0.5209521055221558,0.27255526185035706,0.09896302223205566,0.51910001039505,0.2601417303085327,0.06281665712594986,0.5156112909317017,0.26067498326301575,0.06248887628316879,0.5117777585983276,0.2610045075416565,0.06248354911804199,0.5286089777946472,0.25929713249206543,0.07408087700605392,0.532555341720581,0.25944849848747253,0.07366429269313812,0.5370187163352966,0.2594072222709656,0.07359084486961365,0.5044033527374268,0.2679859697818756,-0.04936625808477402,0.5441560745239258,0.26981067657470703,0.0037936153821647167,0.514616072177887,0.29004204273223877,0.07010523229837418,0.5255166292190552,0.2896687388420105,0.08219858258962631,0.46726173162460327,0.3295785188674927,-0.09491484612226486,0.5806387066841125,0.35286611318588257,0.08186821639537811,0.44039052724838257,0.26322588324546814,0.04476122558116913,0.5680639147758484,0.2952737510204315,0.29804033041000366,0.46228012442588806,0.17836447060108185,0.28086790442466736,0.5492310523986816,0.2093178927898407,0.5109084844589233,0.4606674313545227,0.15031428635120392,0.3011937439441681,0.5605419874191284,0.1861700415611267,0.5435272455215454,0.471078485250473,0.15126052498817444,0.29262375831604004,0.553569495677948,0.18003256618976593,0.5247132182121277,0.472613662481308,0.16161219775676727,0.2844221591949463,0.5420769453048706,0.18611328303813934,0.5058100819587708,0.46278467774391174,0.611097514629364,-0.0660887211561203,0.5334576964378357,0.631312906742096,0.06564055383205414,0.3610634207725525,0.5878986716270447,0.15692152082920074,0.5127953290939331,0.7032387852668762,0.2797083854675293,0.4032517373561859,0.728856086730957,0.21453151106834412,0.4647223949432373,0.8567561507225037,0.30541303753852844,0.41628438234329224,0.7439984083175659,0.22209160029888153,0.45396938920021057,0.8747923374176025,0.307241827249527,0.3760163187980652,0.7882177233695984,0.25171706080436707,0.4478203356266022,0.8911765217781067,0.3164835572242737
frame_00158.jpg,0.5205039381980896,0.2727136015892029,0.09392508119344711,0.5186401605606079,0.25992751121520996,0.05727044492959976,0.5150395631790161,0.2604478597640991,0.056938350200653076,0.511127769947052,0.26078635454177856,0.05693896487355232,0.5282275080680847,0.2588673233985901,0.06840229034423828,0.5321429371833801,0.2589086592197418,0.0679878517985344,0.5366331338882446,0.25881242752075195,0.06791602075099945,0.504051923751831,0.26762428879737854,-0.055899254977703094,0.5441108345985413,0.26942381262779236,0.0015554714482277632,0.5139081478118896,0.2900775969028473,0.06482379138469696,0.5250751972198486,0.2898269295692444,0.07696468383073807,0.46725887060165405,0.3292355537414551,-0.10465006530284882,0.5795167684555054,0.35228729248046875,0.09160179644823074,0.4400303363800049,0.26348331570625305,0.03517185524106026,0.554300844669342,0.290250688791275,0.3092154860496521,0.4621643126010895,0.1763075441122055,0.27014559507369995,0.5437118411064148,0.20361264050006866,0.5151997804641724,0.46076536178588867,0.14928971230983734,0.2889500856399536,0.5535355806350708,0.1746431291103363,0.5467022657394409,0.47107774019241333,0.15069480240345,0.2813873887062073,0.550475001335144,0.1743137687444687,0.5264855027198792,0.47251588106155396,0.16041883826255798,0.2735840380191803,0.5413509011268616,0.1810642033815384,0.5089074373245239,0.46260422468185425,0.6122961044311523,-0.07552699744701385,0.5339870452880859,0.6314581036567688,0.07508473098278046,0.35767024755477905,0.5768813490867615,0.1633497029542923,0.5136301517486572,0.6054685711860657,0.32838842272758484,0.4035755693912506,0.7050955295562744,0.25132718682289124,0.46886104345321655,0.7872680425643921,0.3275216221809387,0.4186245799064636,0.7300618290901184,0.26180046796798706,0.4620964527130127,0.8166332244873047,0.3273046612739563,0.37799471616744995,0.7478353381156921,0.28784048557281494,0.4493349492549896,0.8226154446601868,0.3350369334220886
frame_00159.jpg,0.520899772644043,0.267907977104187,0.09013118594884872,0.5187112092971802,0.2552492022514343,0.05231430009007454,0.5150446891784668,0.2560666799545288,0.05199052020907402,0.5111372470855713,0.2566653788089752,0.0519958920776844,0.5285305380821228,0.2535369098186493,0.06587321311235428,0.5325822830200195,0.25341054797172546,0.06542573869228363,0.5372133255004883,0.2531246840953827,0.06539802253246307,0.504041850566864,0.2631615102291107,-0.05998975783586502,0.5448894500732422,0.2650626599788666,-0.013057544827461243,0.5140599012374878,0.2860053479671478,0.06184403970837593,0.5255342721939087,0.28519466519355774,0.07578218728303909,0.46660828590393066,0.32838883996009827,-0.11639358103275299,0.578595757484436,0.352544903755188,0.06711457669734955,0.4384252429008484,0.26739999651908875,0.026414673775434494,0.5582546591758728,0.30327537655830383,0.2886633574962616,0.46208515763282776,0.17647987604141235,0.26565876603126526,0.5410661101341248,0.21249441802501678,0.5154412388801575,0.4608224034309387,0.1497235894203186,0.2885325253009796,0.5512371063232422,0.18880926072597504,0.5459357500076294,0.47114938497543335,0.15091991424560547,0.27612319588661194,0.5498834848403931,0.18231765925884247,0.52802973985672,0.4724941849708557,0.16054637730121613,0.2697078585624695,0.5405241847038269,0.19021692872047424,0.5104907751083374,0.4612472951412201,0.6137760281562805,-0.07358632236719131,0.5337236523628235,0.6321150064468384,0.07318145781755447,0.348388135433197,0.5657882690429688,0.19248074293136597,0.5168401598930359,0.5818638205528259,0.3499097526073456,0.4033551812171936,0.6836811900138855,0.3853456377983093,0.4678252339363098,0.7492932677268982,0.355940043926239,0.4186997413635254,0.7067040801048279,0.4058496356010437,0.46091270446777344,0.7840063571929932,0.36436015367507935,0.3734869956970215,0.711350679397583,0.4568604826927185,0.44772642850875854,0.7635600566864014,0.3619616627693176
frame_00160.jpg,0.5234551429748535,0.2687886357307434,0.11319579929113388,0.5209617614746094,0.25590839982032776,0.0754980593919754,0.5172805190086365,0.2566661238670349,0.07515357434749603,0.5132173299789429,0.25723713636398315,0.07515179365873337,0.5311012268066406,0.254504531621933,0.08663193881511688,0.535476565361023,0.25446921586990356,0.08621050417423248,0.5402862429618835,0.2543295919895172,0.08616577088832855,0.5050190687179565,0.26355400681495667,-0.04484687000513077,0.5479500889778137,0.2657678723335266,0.001936666900292039,0.5163036584854126,0.2867165505886078,0.08184382319450378,0.5283195376396179,0.28616711497306824,0.09350748360157013,0.4662928581237793,0.3286186456680298,-0.10786612331867218,0.5797775983810425,0.3534027934074402,0.08630864322185516,0.43805375695228577,0.27453935146331787,0.04233143478631973,0.5623012185096741,0.31468719244003296,0.3105984926223755,0.462086021900177,0.1794397085905075,0.30688923597335815,0.543732762336731,0.22315718233585358,0.5507023930549622,0.4611833095550537,0.15185652673244476,0.32465869188308716,0.5540613532066345,0.19802150130271912,0.584355354309082,0.47181177139282227,0.1541401892900467,0.3148009181022644,0.5471731424331665,0.19559723138809204,0.5693128108978271,0.4726298451423645,0.16393430531024933,0.31000640988349915,0.5391939878463745,0.2002292424440384,0.5470927357673645,0.4600837826728821,0.6146884560585022,-0.07477002590894699,0.5332009792327881,0.6338097453117371,0.0743742361664772,0.346683144569397,0.5631141662597656,0.19257040321826935,0.5167030096054077,0.5698736906051636,0.3436512351036072,0.4033723771572113,0.6802757978439331,0.3525547683238983,0.4623863697052002,0.744498610496521,0.3224835991859436,0.418491929769516,0.7008199095726013,0.3668302893638611,0.460700660943985,0.7460975050926208,0.32119980454444885,0.3722151219844818,0.7182406187057495,0.4037195146083832,0.4384978711605072,0.7609280943870544,0.33285248279571533
frame_00161.jpg,0.5242563486099243,0.26936763525009155,0.1199968010187149,0.521877646446228,0.256038635969162,0.08278125524520874,0.5182868242263794,0.25680533051490784,0.08243469148874283,0.514256477355957,0.2574490010738373,0.08239566534757614,0.5319035053253174,0.2547854781150818,0.0934574156999588,0.5362818241119385,0.2548792064189911,0.09303798526525497,0.541070282459259,0.25501614809036255,0.09299151599407196,0.5056639909744263,0.2638762891292572,-0.03618272766470909,0.5487338304519653,0.2662307322025299,0.01159297302365303,0.5168754458427429,0.2878050208091736,0.089033342897892,0.5289396643638611,0.28733396530151367,0.10048265755176544,0.46624645590782166,0.33105048537254333,-0.09324231743812561,0.5799902081489563,0.35755211114883423,0.08939622342586517,0.43775758147239685,0.27937692403793335,0.03882981091737747,0.5622639060020447,0.31997543573379517,0.29538434743881226,0.46204614639282227,0.18159884214401245,0.30045947432518005,0.5448086261749268,0.22985227406024933,0.5253156423568726,0.46127837896347046,0.15312916040420532,0.3237028419971466,0.5546934604644775,0.20325973629951477,0.5592631101608276,0.4718080163002014,0.15582655370235443,0.3140047788619995,0.5458592772483826,0.20279203355312347,0.5450366735458374,0.4725761413574219,0.16562458872795105,0.3053487241268158,0.5381225347518921,0.20730938017368317,0.5220665335655212,0.45846718549728394,0.6148863434791565,-0.07120518386363983,0.5300008058547974,0.6383057832717896,0.07079340517520905,0.34336429834365845,0.5680909752845764,0.15476663410663605,0.5229793190956116,0.5993353128433228,0.3020418584346771,0.4037717282772064,0.6763412356376648,0.24020838737487793,0.45611372590065,0.7615466713905334,0.136234849691391,0.4203464984893799,0.6861501932144165,0.24967412650585175,0.4505314826965332,0.7828254103660583,0.11940683424472809,0.38431280851364136,0.7317796945571899,0.31188321113586426,0.41949501633644104,0.7776740789413452,0.12597593665122986
frame_00162.jpg,0.5250707864761353,0.27722829580307007,0.11118286848068237,0.5227168798446655,0.2637394070625305,0.07387284189462662,0.519243597984314,0.26412928104400635,0.0735282301902771,0.5153166651725769,0.2645101845264435,0.0735035091638565,0.5326064825057983,0.2633668780326843,0.08365907520055771,0.53690105676651,0.2636983096599579,0.0832434818148613,0.5415719747543335,0.26419851183891296,0.08318080753087997,0.5066028833389282,0.26917949318885803,-0.04068924859166145,0.5488059520721436,0.2739957571029663,0.0031752747017890215,0.5176346302032471,0.2952559292316437,0.0808108001947403,0.5297126173973083,0.295531690120697,0.09110330790281296,0.4662143290042877,0.33689844608306885,-0.0956338495016098,0.5799413919448853,0.3670824468135834,0.08638201653957367,0.4377768933773041,0.28564566373825073,0.03442224860191345,0.5622469782829285,0.3334710896015167,0.2903348505496979,0.4621327817440033,0.1859956532716751,0.26662349700927734,0.5490336418151855,0.2352699488401413,0.5194478631019592,0.4615612030029297,0.15767201781272888,0.27872365713119507,0.556464672088623,0.20994941890239716,0.5536807179450989,0.471914678812027,0.15991078317165375,0.26994308829307556,0.5473341941833496,0.20759861171245575,0.5390932559967041,0.47261038422584534,0.16943630576133728,0.2690892815589905,0.5422624349594116,0.21244020760059357,0.5161375999450684,0.4573363661766052,0.6218292117118835,-0.07468898594379425,0.5277299284934998,0.6442768573760986,0.07425282895565033,0.3375326991081238,0.5726519227027893,0.1327238827943802,0.5221527814865112,0.6062605977058411,0.3070020377635956,0.4034245014190674,0.683183491230011,0.23426148295402527,0.4464014172554016,0.7637677788734436,0.17870797216892242,0.41989120841026306,0.6948127150535583,0.24614310264587402,0.44044750928878784,0.7937310934066772,0.16538740694522858,0.37936246395111084,0.7271350622177124,0.3077528178691864,0.4063943922519684,0.7756204009056091,0.17753924429416656
frame_00163.jpg,0.5261866450309753,0.291603684425354,0.08033950626850128,0.5235602259635925,0.2770434617996216,0.04601043090224266,0.5201318264007568,0.2768944501876831,0.04565966874361038,0.5163057446479797,0.27689409255981445,0.0456220842897892,0.533548891544342,0.2779383361339569,0.054019488394260406,0.5378373861312866,0.2785114645957947,0.0536067858338356,0.5424022674560547,0.27925795316696167,0.05354869365692139,0.5072019100189209,0.2811407446861267,-0.05213477462530136,0.5490097403526306,0.288911372423172,-0.016198834404349327,0.5187341570854187,0.30876144766807556,0.056376416236162186,0.5307833552360535,0.3095758557319641,0.0643661767244339,0.4654812812805176,0.34700801968574524,-0.10245341062545776,0.5792238712310791,0.3761153221130371,0.07330936938524246,0.4378398060798645,0.2928226590156555,0.034263093024492264,0.5622459053993225,0.3476141691207886,0.2788742184638977,0.4623648226261139,0.19493813812732697,0.2596973776817322,0.5499429702758789,0.24170827865600586,0.5107873678207397,0.46231698989868164,0.16724814474582672,0.26882123947143555,0.5564064979553223,0.21902553737163544,0.5498131513595581,0.4723149836063385,0.16775116324424744,0.25857070088386536,0.546823263168335,0.21278415620326996,0.5316640138626099,0.4729468822479248,0.1773088276386261,0.2611923813819885,0.5408523082733154,0.21423476934432983,0.5112912654876709,0.45531636476516724,0.6375413537025452,-0.07329805940389633,0.5246495008468628,0.6573718786239624,0.07285696268081665,0.33549925684928894,0.5789347887039185,0.14699701964855194,0.5218320488929749,0.6064679026603699,0.30810219049453735,0.39892491698265076,0.697174608707428,0.260528564453125,0.4499799609184265,0.7701835036277771,0.2555002272129059,0.41654402017593384,0.7115758061408997,0.273409366607666,0.4416719973087311,0.7963939905166626,0.2516210675239563,0.37304946780204773,0.7402283549308777,0.3170720636844635,0.41438913345336914,0.786804735660553,0.26622527837753296
frame_00164.jpg,0.526549220085144,0.29829150438308716,0.06157054752111435,0.5239483118057251,0.2839536666870117,0.027522390708327293,0.5205965638160706,0.2835807800292969,0.02718380093574524,0.5168628096580505,0.2833547592163086,0.02716560661792755,0.533835232257843,0.2855839431285858,0.03088616207242012,0.5380719900131226,0.28640156984329224,0.03047916665673256,0.5425165891647339,0.28738534450531006,0.030416304245591164,0.5075851082801819,0.28781795501708984,-0.06748295575380325,0.5489169359207153,0.29700055718421936,-0.053751103579998016,0.5191680192947388,0.3148490786552429,0.039675842970609665,0.5311383008956909,0.3161007761955261,0.041617557406425476,0.464043527841568,0.35137203335762024,-0.10415083169937134,0.577467679977417,0.38103213906288147,0.03684826195240021,0.43865227699279785,0.29831400513648987,0.03341894969344139,0.5455280542373657,0.3568779528141022,0.23273202776908875,0.46257954835891724,0.20037414133548737,0.24139757454395294,0.5350631475448608,0.2648831009864807,0.44760385155677795,0.4630795121192932,0.17218361794948578,0.24818110466003418,0.5372838377952576,0.24484992027282715,0.4770411550998688,0.47250404953956604,0.17132383584976196,0.23709289729595184,0.5270660519599915,0.23992234468460083,0.4559173583984375,0.4730832576751709,0.18199560046195984,0.24167926609516144,0.5230774283409119,0.24562905728816986,0.4422939419746399,0.45467156171798706,0.6437904238700867,-0.06813854724168777,0.5233078598976135,0.6627717614173889,0.06763085722923279,0.3340568244457245,0.5840776562690735,0.15782997012138367,0.5299747586250305,0.6095035076141357,0.31005364656448364,0.397052526473999,0.704888105392456,0.2611350417137146,0.4669772982597351,0.7735679745674133,0.31013092398643494,0.41559475660324097,0.7189428806304932,0.27591949701309204,0.45554837584495544,0.8010511994361877,0.3127286732196808,0.3694019019603729,0.7435831427574158,0.3345475196838379,0.44739747047424316,0.7893714308738708,0.34379082918167114
frame_00165.jpg,0.5264593362808228,0.30467113852500916,0.08721873909235,0.5239214897155762,0.29024356603622437,0.05282597616314888,0.5206185579299927,0.2894901931285858,0.05248657986521721,0.5169472694396973,0.28891104459762573,0.052464455366134644,0.5337636470794678,0.292497456073761,0.0535346083343029,0.5379806756973267,0.2933039665222168,0.053125351667404175,0.5424146056175232,0.2942464053630829,0.05307108163833618,0.5077024698257446,0.2937224209308624,-0.05116909742355347,0.548416018486023,0.3036825954914093,-0.05041185021400452,0.5192272067070007,0.3202689588069916,0.06243280693888664,0.5310615301132202,0.32206737995147705,0.06091810390353203,0.4629878103733063,0.35452988743782043,-0.09819524735212326,0.5742984414100647,0.38507020473480225,0.0394524410367012,0.4386843740940094,0.2985256314277649,0.03379933163523674,0.5341475009918213,0.36551862955093384,0.23506125807762146,0.46245113015174866,0.20071907341480255,0.2433830052614212,0.509996771812439,0.2915005385875702,0.4569339156150818,0.4631572365760803,0.172040194272995,0.24859929084777832,0.5081900358200073,0.2731586694717407,0.487243115901947,0.472454309463501,0.17090867459774017,0.23903939127922058,0.4979230761528015,0.269827663898468,0.4684513509273529,0.4729791283607483,0.1822742521762848,0.24492116272449493,0.4955357015132904,0.2765094041824341,0.45215240120887756,0.4546097218990326,0.6469356417655945,-0.06783616542816162,0.5227716565132141,0.6655427813529968,0.06737294048070908,0.3344648480415344,0.5874915719032288,0.1600308120250702,0.5202735662460327,0.6177056431770325,0.31834253668785095,0.3952978253364563,0.7091665267944336,0.24902603030204773,0.4562109112739563,0.7752467393875122,0.2223266363143921,0.4137490391731262,0.7227632403373718,0.2596800923347473,0.4482420086860657,0.8033393621444702,0.21129551529884338,0.36789393424987793,0.7461252212524414,0.3171693682670593,0.4257313311100006,0.7821225523948669,0.22927036881446838
frame_00166.jpg,0.526383101940155,0.307414710521698,0.03059297241270542,0.5239287614822388,0.2930442690849304,-0.002362906700000167,0.520722508430481,0.29219257831573486,-0.0027275942265987396,0.5171513557434082,0.29149919748306274,-0.0027515417896211147,0.5337050557136536,0.2956909239292145,0.0022401034366339445,0.5379423499107361,0.2967296242713928,0.0018193001160398126,0.5423404574394226,0.2978634536266327,0.0017165746539831161,0.5077097415924072,0.297078400850296,-0.09499329328536987,0.5476309657096863,0.3078504502773285,-0.075213722884655,0.5192488431930542,0.32300224900245667,0.009745009243488312,0.5310176014900208,0.3250638544559479,0.0132295535877347,0.46225133538246155,0.35985204577445984,-0.14539948105812073,0.5718802213668823,0.3869341313838959,0.029900575056672096,0.43871450424194336,0.3079685866832733,-0.011388523504137993,0.5384258031845093,0.36171388626098633,0.23281903564929962,0.4624451696872711,0.2089502364397049,0.20435944199562073,0.5137110352516174,0.28415411710739136,0.44982442259788513,0.46339330077171326,0.18065166473388672,0.20981934666633606,0.528577983379364,0.2683214247226715,0.47836771607398987,0.4723411202430725,0.17825238406658173,0.20217172801494598,0.5122503042221069,0.2675018310546875,0.4597385823726654,0.4727621078491211,0.19152948260307312,0.20658528804779053,0.5116853713989258,0.26844120025634766,0.4448317885398865,0.4548983573913574,0.654637336730957,-0.07980367541313171,0.5223972201347351,0.6702120304107666,0.07929802685976028,0.338736355304718,0.5899986028671265,0.1620786339044571,0.4864822030067444,0.6597559452056885,0.38475748896598816,0.39628443121910095,0.7116416692733765,0.34992629289627075,0.43847984075546265,0.7959585785865784,0.4402482509613037,0.41414350271224976,0.7270176410675049,0.3708588480949402,0.4361612796783447,0.826879620552063,0.44686755537986755,0.36821192502975464,0.7497479915618896,0.4213337302207947,0.4034408628940582,0.803193986415863,0.47096505761146545
frame_00167.jpg,0.526928186416626,0.3100949823856354,0.03373111039400101,0.5244494676589966,0.29592636227607727,0.0009056233102455735,0.5213202238082886,0.29487431049346924,0.000534385209903121,0.5177997946739197,0.293977290391922,0.0005229724338278174,0.5340170860290527,0.2992502450942993,0.003526996122673154,0.5381094813346863,0.30049026012420654,0.003110384102910757,0.5424150228500366,0.3018776774406433,0.00300890626385808,0.5079518556594849,0.3000941872596741,-0.09252006560564041,0.5476107001304626,0.3133353590965271,-0.08113280683755875,0.5196319818496704,0.32584503293037415,0.01277179829776287,0.5313945412635803,0.3282465636730194,0.013603202998638153,0.46146315336227417,0.3623611629009247,-0.13913698494434357,0.5717384219169617,0.3923192322254181,0.012591347098350525,0.43873101472854614,0.31211844086647034,-0.002015539910644293,0.5403577089309692,0.36705636978149414,0.21062493324279785,0.4623277187347412,0.21280448138713837,0.21857818961143494,0.5142881870269775,0.29097187519073486,0.43959155678749084,0.4634076654911041,0.18506747484207153,0.2278207242488861,0.5312424898147583,0.27437275648117065,0.4687480926513672,0.4712842106819153,0.18378318846225739,0.2197318971157074,0.5150343179702759,0.2710997462272644,0.4506988525390625,0.47176074981689453,0.1965770572423935,0.2208758145570755,0.5132030844688416,0.2756054997444153,0.4350391924381256,0.45493608713150024,0.6581036448478699,-0.0768580287694931,0.5220641493797302,0.6735944151878357,0.07638956606388092,0.3574812114238739,0.5902537703514099,0.21730872988700867,0.4759862422943115,0.7039120197296143,0.37217527627944946,0.40952110290527344,0.7121474146842957,0.42376551032066345,0.4294983446598053,0.828154444694519,0.44238606095314026,0.42412981390953064,0.7530383467674255,0.4457972049713135,0.4288511872291565,0.8608419895172119,0.45070749521255493,0.39583680033683777,0.7504391074180603,0.504439651966095,0.3951921761035919,0.8043880462646484,0.47939419746398926
frame_00168.jpg,0.5270651578903198,0.31177765130996704,0.03424501046538353,0.524706244468689,0.29700663685798645,0.0019617066718637943,0.5216165781021118,0.29617828130722046,0.0015853006625548005,0.5181345343589783,0.29547935724258423,0.0015776220243424177,0.5342221260070801,0.3002875745296478,0.004538973327726126,0.5382689237594604,0.3017463982105255,0.004114925395697355,0.5425848960876465,0.30333584547042847,0.004016186110675335,0.5082287192344666,0.3024323880672455,-0.09189842641353607,0.5476589202880859,0.3152374029159546,-0.08011094480752945,0.5197824239730835,0.32834842801094055,0.01285618357360363,0.5315712690353394,0.3308185338973999,0.013727402314543724,0.4614587426185608,0.3678913414478302,-0.13612453639507294,0.5715615749359131,0.3935084044933319,0.008524393662810326,0.438859760761261,0.3163403570652008,0.0036189022939652205,0.5415582060813904,0.3657302260398865,0.21132080256938934,0.46226730942726135,0.22025853395462036,0.22562400996685028,0.5291219353675842,0.28538766503334045,0.44405776262283325,0.4634708762168884,0.19340460002422333,0.23901274800300598,0.5381587147712708,0.2673785388469696,0.47048845887184143,0.47080478072166443,0.19277603924274445,0.22616419196128845,0.5280390977859497,0.2635740339756012,0.4555719494819641,0.4713350236415863,0.20533674955368042,0.22612707316875458,0.5246065855026245,0.2683638036251068,0.43704742193222046,0.45542940497398376,0.6627562046051025,-0.07492141425609589,0.5221801996231079,0.677484393119812,0.07442806661128998,0.36300888657569885,0.5914729237556458,0.20471782982349396,0.47719234228134155,0.6810317635536194,0.38992422819137573,0.41198277473449707,0.7238219976425171,0.3649437725543976,0.42454513907432556,0.8247703909873962,0.41910338401794434,0.43036800622940063,0.7573056817054749,0.38195496797561646,0.42370063066482544,0.8569242358207703,0.4224855303764343,0.40043002367019653,0.7518995404243469,0.4329090118408203,0.38724035024642944,0.7869606018066406,0.4512290060520172
frame_00169.jpg,0.5268492102622986,0.3140450716018677,0.03487033024430275,0.5245910882949829,0.29963845014572144,0.002665722044184804,0.52153480052948,0.2988620400428772,0.002283549401909113,0.5180835127830505,0.29815471172332764,0.0022741942666471004,0.5341356992721558,0.30272865295410156,0.00577979302033782,0.5381797552108765,0.30413833260536194,0.00535802124068141,0.5425068140029907,0.305686354637146,0.005258875899016857,0.5081989169120789,0.3052026629447937,-0.09234495460987091,0.5473954081535339,0.3178335726261139,-0.07811406254768372,0.5196934938430786,0.3304019868373871,0.012830771505832672,0.5314476490020752,0.33279454708099365,0.014455455355346203,0.4613311290740967,0.3704805374145508,-0.13523051142692566,0.5711578130722046,0.39532899856567383,0.009741300716996193,0.4389325976371765,0.3197360038757324,0.00641785329207778,0.5610539317131042,0.37520888447761536,0.2181965559720993,0.4622485637664795,0.22336573898792267,0.23293718695640564,0.546379029750824,0.2850866913795471,0.4576922059059143,0.463513046503067,0.19759948551654816,0.2474997490644455,0.5524210929870605,0.26556557416915894,0.4873962998390198,0.47075945138931274,0.19682376086711884,0.23425555229187012,0.5473848581314087,0.2614383101463318,0.4739883542060852,0.47131723165512085,0.20926499366760254,0.2335776835680008,0.5494178533554077,0.2695918381214142,0.4541107714176178,0.45709919929504395,0.6629660129547119,-0.07603844255208969,0.5222646594047546,0.677291989326477,0.07552070915699005,0.3697170615196228,0.5920237302780151,0.17097726464271545,0.470217227935791,0.6720430254936218,0.38288700580596924,0.41669216752052307,0.727232038974762,0.3390377163887024,0.42020735144615173,0.8156546950340271,0.4083985686302185,0.43679213523864746,0.7571126818656921,0.3589150309562683,0.42038068175315857,0.8521590828895569,0.4114827513694763,0.4060455858707428,0.7540004253387451,0.4160250127315521,0.3872785270214081,0.7844712138175964,0.4377659261226654
frame_00170.jpg,0.5268186926841736,0.3162151873111725,0.041138503700494766,0.5245811939239502,0.30189457535743713,0.007860004901885986,0.5215420722961426,0.301106721162796,0.007491907570511103,0.5181240439414978,0.3004086911678314,0.007460418157279491,0.5341076850891113,0.3052915334701538,0.012877529487013817,0.5381431579589844,0.3068728744983673,0.01245810091495514,0.5424678921699524,0.3086010217666626,0.012364605441689491,0.5085096955299377,0.30734872817993164,-0.08973038196563721,0.5472927689552307,0.32080602645874023,-0.07738545536994934,0.5197080969810486,0.33250629901885986,0.018273230642080307,0.5314444303512573,0.33502885699272156,0.021485067903995514,0.46132922172546387,0.3720628619194031,-0.13176120817661285,0.5695947408676147,0.39737382531166077,-0.005193054210394621,0.4390113353729248,0.3202276825904846,0.031151369214057922,0.5603917837142944,0.38771408796310425,0.1923958957195282,0.4621409773826599,0.22655688226222992,0.2762422263622284,0.5454941391944885,0.3043185770511627,0.43613186478614807,0.4635295867919922,0.20082451403141022,0.29372134804725647,0.5512401461601257,0.2871965169906616,0.4657699167728424,0.4704054892063141,0.20039957761764526,0.28164544701576233,0.5451350808143616,0.2835720181465149,0.45119109749794006,0.4710172116756439,0.21293717622756958,0.2776816487312317,0.5457045435905457,0.28973832726478577,0.4331410527229309,0.45765215158462524,0.6609243154525757,-0.06389414519071579,0.5222388505935669,0.6758687496185303,0.06337518244981766,0.38112136721611023,0.5925969481468201,0.21424755454063416,0.4715041220188141,0.6709886789321899,0.3741718828678131,0.4153844714164734,0.7388632893562317,0.3830551207065582,0.42670154571533203,0.8105767965316772,0.42710036039352417,0.43484625220298767,0.7674006819725037,0.40156683325767517,0.42513570189476013,0.8457907438278198,0.43486136198043823,0.40211281180381775,0.756316602230072,0.44360843300819397,0.39445123076438904,0.786561906337738,0.45682698488235474
frame_00171.jpg,0.5266400575637817,0.31697845458984375,0.04422365128993988,0.5244187712669373,0.3027278482913971,0.01070472039282322,0.5214318037033081,0.3019939064979553,0.010338925756514072,0.5180460214614868,0.30131885409355164,0.010339460335671902,0.5339727997779846,0.30572834610939026,0.014994094148278236,0.5380368828773499,0.30702507495880127,0.014578190632164478,0.5423895120620728,0.30837327241897583,0.01447790302336216,0.5085176229476929,0.30826622247695923,-0.08924932777881622,0.547265350818634,0.3197058439254761,-0.07485011965036392,0.5196973085403442,0.33308616280555725,0.020429743453860283,0.5314252972602844,0.3355409502983093,0.02308851294219494,0.46139392256736755,0.37552517652511597,-0.13126462697982788,0.5699893832206726,0.40011584758758545,-0.0022475295700132847,0.43903136253356934,0.32501745223999023,0.03378638997673988,0.5596017241477966,0.391518235206604,0.20438127219676971,0.4613916277885437,0.23005333542823792,0.28382444381713867,0.5423314571380615,0.3014330267906189,0.46397319436073303,0.4630343019962311,0.20542481541633606,0.30115050077438354,0.5460690259933472,0.2820679545402527,0.49535804986953735,0.46959608793258667,0.20420227944850922,0.28893527388572693,0.5397244691848755,0.2783694863319397,0.4809967875480652,0.4701908230781555,0.2162906974554062,0.28530189394950867,0.5377991199493408,0.28508511185646057,0.46157175302505493,0.45782166719436646,0.6615045070648193,-0.05582248419523239,0.5219415426254272,0.6784431338310242,0.055327873677015305,0.40039825439453125,0.5973362326622009,0.22882619500160217,0.4688590168952942,0.6260155439376831,0.37276604771614075,0.41516366600990295,0.7440767884254456,0.3926794230937958,0.43076175451278687,0.8038679361343384,0.4673744738101959,0.4308226704597473,0.7662733197212219,0.4098722040653229,0.435507208108902,0.8021329641342163,0.4800383448600769,0.4009607434272766,0.7685946822166443,0.4344065189361572,0.4022950530052185,0.8074773550033569,0.49975189566612244
frame_00172.jpg,0.526591420173645,0.31630268692970276,0.061793141067028046,0.5243167281150818,0.3016412556171417,0.030011918395757675,0.5213510394096375,0.3008258044719696,0.029658088460564613,0.517987847328186,0.3001508414745331,0.029695194214582443,0.533939003944397,0.30496302247047424,0.03364520147442818,0.5380145311355591,0.30644136667251587,0.03322175517678261,0.5423604846000671,0.3082295060157776,0.03309935703873634,0.5085227489471436,0.30692586302757263,-0.06969127058982849,0.5476841330528259,0.31893256306648254,-0.05576004832983017,0.519751250743866,0.3323749005794525,0.03745676204562187,0.5314538478851318,0.33518579602241516,0.039381057024002075,0.4614153802394867,0.37614697217941284,-0.10376431047916412,0.5720013976097107,0.3990488052368164,0.0014348874101415277,0.4393441677093506,0.3318224847316742,0.06318157911300659,0.5583502054214478,0.38756072521209717,0.2177753746509552,0.4613615870475769,0.23837678134441376,0.3278084695339203,0.5372825860977173,0.29726171493530273,0.48969587683677673,0.46304598450660706,0.21457384526729584,0.3500649333000183,0.5399264693260193,0.2776562571525574,0.5221114158630371,0.46945706009864807,0.21375279128551483,0.3377858102321625,0.5334720611572266,0.27387258410453796,0.50855553150177,0.4698311686515808,0.22499029338359833,0.329933226108551,0.5297454595565796,0.28056249022483826,0.4877360463142395,0.45714718103408813,0.6602426171302795,-0.04894990473985672,0.5191835165023804,0.6790534853935242,0.04848625138401985,0.40368589758872986,0.6012727618217468,0.2428797483444214,0.4712379574775696,0.6861419081687927,0.3494037389755249,0.413303941488266,0.7493711709976196,0.3930715322494507,0.43160954117774963,0.8336179852485657,0.46619391441345215,0.42351165413856506,0.7709575295448303,0.40867823362350464,0.4329007565975189,0.8590316772460938,0.48034167289733887,0.4004661440849304,0.77244633436203,0.4324609637260437,0.40444254875183105,0.8509427905082703,0.49963489174842834
frame_00173.jpg,0.5265642404556274,0.30023497343063354,0.0868951827287674,0.5242883563041687,0.28756389021873474,0.05264242738485336,0.5213053822517395,0.2877780497074127,0.0522717647254467,0.5179010629653931,0.2878175675868988,0.052318233996629715,0.5338965654373169,0.2890307605266571,0.05550169199705124,0.5379852056503296,0.2904041111469269,0.055084824562072754,0.5423495173454285,0.2916334271430969,0.05497414618730545,0.5082590579986572,0.29735928773880005,-0.05882333591580391,0.5478063225746155,0.30508384108543396,-0.04782247170805931,0.5197649002075195,0.31830790638923645,0.058205146342515945,0.531450092792511,0.3190307319164276,0.059023451060056686,0.4604422152042389,0.37462446093559265,-0.09359317272901535,0.5725222229957581,0.39844056963920593,0.004349717404693365,0.4392763674259186,0.32918545603752136,0.08468666672706604,0.5578157901763916,0.3961438238620758,0.22805611789226532,0.46134209632873535,0.24033041298389435,0.3753408193588257,0.5374601483345032,0.31484243273735046,0.5252972841262817,0.4630570411682129,0.21777673065662384,0.4034174084663391,0.5401257276535034,0.29660066962242126,0.5621280670166016,0.4692794680595398,0.21559222042560577,0.3920377194881439,0.5337178707122803,0.29233357310295105,0.5501932501792908,0.4693168103694916,0.22720973193645477,0.37856945395469666,0.5297463536262512,0.2987675964832306,0.5249691605567932,0.4561029374599457,0.6567797064781189,-0.038951609283685684,0.51693195104599,0.6784161329269409,0.03852041810750961,0.40530580282211304,0.6056665182113647,0.29640403389930725,0.47108396887779236,0.6821060180664062,0.3473049998283386,0.4128751754760742,0.7503408193588257,0.4701884388923645,0.4325942397117615,0.8240251541137695,0.4926242232322693,0.4187355637550354,0.7764958143234253,0.48844704031944275,0.4336039125919342,0.850572407245636,0.509358823299408,0.4003353714942932,0.7740972638130188,0.510952353477478,0.4176858365535736,0.843898355960846,0.5272225141525269
frame_00174.jpg,0.5265442728996277,0.2952534258365631,0.09619598090648651,0.5242699384689331,0.28264808654785156,0.060519903898239136,0.5212873220443726,0.2829650640487671,0.06015252321958542,0.517892062664032,0.2831273674964905,0.06020015478134155,0.5338749289512634,0.2838590741157532,0.06275930255651474,0.537960410118103,0.2851521670818329,0.06234090402722359,0.5423244833946228,0.2861942946910858,0.0622214749455452,0.5082375407218933,0.2931491732597351,-0.05684972554445267,0.5480343103408813,0.29992419481277466,-0.04794648662209511,0.5197875499725342,0.31314709782600403,0.0654413253068924,0.5314472317695618,0.3137264847755432,0.06543401628732681,0.46046382188796997,0.3740413784980774,-0.09192268550395966,0.5728528499603271,0.397821307182312,-0.002098917495459318,0.4401054382324219,0.32712480425834656,0.07979094982147217,0.5568703413009644,0.41543152928352356,0.22742636501789093,0.4613412916660309,0.23766981065273285,0.3683391213417053,0.5344816446304321,0.35300251841545105,0.5259519219398499,0.46121644973754883,0.23029287159442902,0.39742133021354675,0.5367563962936401,0.3390037417411804,0.5644963979721069,0.4691773056983948,0.21348164975643158,0.3875902593135834,0.5295419096946716,0.3348925709724426,0.5522909760475159,0.46915993094444275,0.22481469810009003,0.37208837270736694,0.5251154899597168,0.34023141860961914,0.5260607600212097,0.45504164695739746,0.652464747428894,-0.033707525581121445,0.5159388780593872,0.6762517094612122,0.0332830511033535,0.4058869481086731,0.6055982112884521,0.31039899587631226,0.4723777770996094,0.6629992127418518,0.33830851316452026,0.41252774000167847,0.7496015429496765,0.48382171988487244,0.43545323610305786,0.823702871799469,0.476315438747406,0.4169144630432129,0.7946725487709045,0.5022382140159607,0.43561044335365295,0.8473349809646606,0.49197593331336975,0.4005102217197418,0.7750754952430725,0.5308247804641724,0.4238315224647522,0.838498055934906,0.5122971534729004
frame_00175.jpg,0.5257381200790405,0.28883230686187744,0.1359836906194687,0.5236328840255737,0.2762552499771118,0.09934698045253754,0.5206394195556641,0.27653127908706665,0.09898930042982101,0.5172144174575806,0.27668169140815735,0.09903670847415924,0.5332063436508179,0.27757903933525085,0.10101275146007538,0.5373842120170593,0.2788504660129547,0.1005900651216507,0.5418367385864258,0.27985838055610657,0.1004822850227356,0.507304310798645,0.28667736053466797,-0.02515517547726631,0.5479158759117126,0.29362621903419495,-0.020611513406038284,0.5191699266433716,0.30589941143989563,0.10307691991329193,0.5305947065353394,0.3068011403083801,0.10206583887338638,0.45978301763534546,0.368265837430954,-0.051902420818805695,0.5735700130462646,0.394156277179718,0.0007024942897260189,0.4413585662841797,0.32567137479782104,0.14051765203475952,0.57241290807724,0.4057859778404236,0.23698356747627258,0.46167197823524475,0.23538054525852203,0.44985875487327576,0.5452910661697388,0.3509891629219055,0.548737108707428,0.4614807665348053,0.22569742798805237,0.4875415861606598,0.5527468323707581,0.31965628266334534,0.5867075324058533,0.46959394216537476,0.21182368695735931,0.4753689169883728,0.5509158372879028,0.3153180181980133,0.5775057077407837,0.4696585536003113,0.22214250266551971,0.45378774404525757,0.5452844500541687,0.31950023770332336,0.5500651597976685,0.45133647322654724,0.6442994475364685,-0.020848523825407028,0.5152945518493652,0.670369565486908,0.02047738991677761,0.4082222580909729,0.6056057214736938,0.32228729128837585,0.47352561354637146,0.6706659197807312,0.2701675593852997,0.4114444851875305,0.7522343993186951,0.44855713844299316,0.4359094500541687,0.8378106355667114,0.3688686192035675,0.41576820611953735,0.7881850004196167,0.46258506178855896,0.4389656186103821,0.8447791934013367,0.38089823722839355,0.4013497233390808,0.778856098651886,0.4903333783149719,0.4243246018886566,0.8649675846099854,0.3928130567073822
frame_00176.jpg,0.5256839394569397,0.27389246225357056,0.11190468072891235,0.5230647325515747,0.2616822123527527,0.07606352865695953,0.5198568105697632,0.2615456283092499,0.07570300996303558,0.5161224007606506,0.26142704486846924,0.0757330134510994,0.532986581325531,0.2639724612236023,0.08482203632593155,0.5372399091720581,0.2653946280479431,0.084396131336689,0.541752278804779,0.26663345098495483,0.08430426567792892,0.5049923658370972,0.27269458770751953,-0.039424829185009,0.5477253794670105,0.2807541787624359,-0.05367094278335571,0.5191643238067627,0.29033976793289185,0.08201395720243454,0.5305728316307068,0.2920602262020111,0.09487687796354294,0.4574601650238037,0.3466191589832306,-0.05586492270231247,0.5736393332481384,0.37367114424705505,-0.05154114216566086,0.444502592086792,0.32093489170074463,0.12387721240520477,0.5828654170036316,0.39691251516342163,0.12785035371780396,0.46180978417396545,0.2301812320947647,0.3820291757583618,0.5621972680091858,0.2945705056190491,0.3675069808959961,0.4612574577331543,0.20487377047538757,0.409816175699234,0.5686042308807373,0.2696773111820221,0.3876061737537384,0.46942275762557983,0.1983661949634552,0.397488534450531,0.562721312046051,0.2617780566215515,0.37853115797042847,0.4696585237979889,0.21081039309501648,0.3844034969806671,0.5560975670814514,0.2649986147880554,0.36711496114730835,0.44977670907974243,0.6224949359893799,-0.0020263430196791887,0.5155013799667358,0.6467106938362122,0.0016412161057814956,0.4077497124671936,0.6201419830322266,0.3223474323749542,0.4740052819252014,0.6687300205230713,0.24869291484355927,0.4074627459049225,0.7769731879234314,0.4306560456752777,0.43617409467697144,0.8386951684951782,0.336262583732605,0.4105968475341797,0.8070157766342163,0.45787280797958374,0.43406781554222107,0.8619663715362549,0.34620487689971924,0.4005610942840576,0.7983494400978088,0.43755024671554565,0.4309951364994049,0.8747554421424866,0.3418434262275696
frame_00177.jpg,0.5251785516738892,0.2608538269996643,0.1027015820145607,0.5216304063796997,0.2486066073179245,0.0681513100862503,0.5180139541625977,0.24850447475910187,0.06778758764266968,0.5138581991195679,0.2484847903251648,0.06779275834560394,0.5323057174682617,0.2507474422454834,0.08119127154350281,0.5367239713668823,0.25210070610046387,0.08074069023132324,0.5413663983345032,0.2532558739185333,0.08066090941429138,0.5025416016578674,0.26062092185020447,-0.04668912664055824,0.5471366047859192,0.2675934135913849,-0.06703479588031769,0.5188064575195312,0.2782214283943176,0.07592510432004929,0.5302801728248596,0.2797148823738098,0.08750690519809723,0.4565790593624115,0.33714306354522705,-0.0668979063630104,0.5736461281776428,0.3591243326663971,-0.05854598805308342,0.44751518964767456,0.3160223364830017,0.11264713853597641,0.5627055764198303,0.37591269612312317,0.140313059091568,0.46244877576828003,0.22778406739234924,0.3798503577709198,0.5579949617385864,0.2860232889652252,0.41768699884414673,0.46175122261047363,0.20301511883735657,0.4103250503540039,0.5681654214859009,0.2696201503276825,0.44594621658325195,0.46952754259109497,0.1950758397579193,0.3972511887550354,0.5595649480819702,0.2617748975753784,0.4376223683357239,0.46983781456947327,0.20847603678703308,0.38201212882995605,0.5532060861587524,0.2674035131931305,0.41860517859458923,0.45011821389198303,0.6075854897499084,0.0004879385232925415,0.5160162448883057,0.6289038062095642,-0.0008879690431058407,0.4048231244087219,0.6382806897163391,0.3316704034805298,0.48840656876564026,0.6029365658760071,0.28071630001068115,0.4053467810153961,0.7792149782180786,0.44257330894470215,0.44497814774513245,0.7810682654380798,0.3787975609302521,0.4083259105682373,0.8064001798629761,0.45617884397506714,0.4377771019935608,0.813477098941803,0.39604640007019043,0.4001285135746002,0.7933276891708374,0.44926613569259644,0.44372767210006714,0.8120498061180115,0.37184810638427734
frame_00178.jpg,0.5235685110092163,0.25209134817123413,0.1124478355050087,0.518932580947876,0.23962657153606415,0.07895035296678543,0.5148888826370239,0.23970414698123932,0.0785914808511734,0.5104174017906189,0.23996083438396454,0.07863286137580872,0.5303813219070435,0.24120445549488068,0.07746986299753189,0.5349363088607788,0.24245357513427734,0.0770622119307518,0.5396856665611267,0.24366171658039093,0.07696269452571869,0.4996193051338196,0.25101056694984436,-0.03412709757685661,0.5448909401893616,0.25755175948143005,-0.06480325758457184,0.5170864462852478,0.2699796259403229,0.08412688225507736,0.528777003288269,0.2710423469543457,0.07958940416574478,0.4542456269264221,0.3306867778301239,-0.035583026707172394,0.5727353692054749,0.3452688157558441,-0.06342021375894547,0.45062464475631714,0.3194722533226013,0.15679283440113068,0.5654078722000122,0.3881855607032776,0.13464416563510895,0.46335434913635254,0.23130552470684052,0.43610209226608276,0.5531778335571289,0.31965646147727966,0.43557485938072205,0.46343961358070374,0.21237947046756744,0.4736635684967041,0.5647520422935486,0.30782127380371094,0.4672691226005554,0.47024232149124146,0.20468123257160187,0.4604732394218445,0.5593567490577698,0.3005892038345337,0.4580098092556,0.4702073931694031,0.21535083651542664,0.4385245442390442,0.5530597567558289,0.3067426383495331,0.4370303750038147,0.4495779871940613,0.5986959934234619,0.017894670367240906,0.5161705017089844,0.6170941591262817,-0.01830080710351467,0.40531545877456665,0.6408340930938721,0.34539562463760376,0.502845287322998,0.5924649834632874,0.2521361708641052,0.4048301577568054,0.777245819568634,0.43047723174095154,0.4488843083381653,0.782427191734314,0.33201831579208374,0.4069417119026184,0.8092283010482788,0.448371559381485,0.4385075569152832,0.8157588243484497,0.34115728735923767,0.39978641271591187,0.7930163145065308,0.4294741749763489,0.4491347372531891,0.8143157958984375,0.3318344056606293
frame_00179.jpg,0.5187268257141113,0.23781806230545044,0.10568857192993164,0.5129022598266602,0.2269243746995926,0.07170046865940094,0.5082687139511108,0.22765980660915375,0.07134106755256653,0.503520667552948,0.22849518060684204,0.07138080894947052,0.5257548093795776,0.2265453338623047,0.07094806432723999,0.5305038690567017,0.22702756524085999,0.07053986936807632,0.5354921221733093,0.2275150716304779,0.07043726742267609,0.49564114212989807,0.23976348340511322,-0.037961654365062714,0.542017936706543,0.240279883146286,-0.06433965265750885,0.5121603608131409,0.2571052014827728,0.07750572264194489,0.5250343084335327,0.25625014305114746,0.0738074779510498,0.45388245582580566,0.32806700468063354,-0.05313989520072937,0.5723210573196411,0.3291763663291931,-0.04673337936401367,0.45022398233413696,0.3194475769996643,0.13251368701457977,0.5645551085472107,0.3606869578361511,0.15786297619342804,0.4632996916770935,0.23100876808166504,0.41763797402381897,0.5378668308258057,0.2817856967449188,0.44192036986351013,0.46310529112815857,0.212026908993721,0.450547456741333,0.5446901321411133,0.24989236891269684,0.47600871324539185,0.46941080689430237,0.20404312014579773,0.4373183846473694,0.5343642830848694,0.2437441349029541,0.47098174691200256,0.46944957971572876,0.21513642370700836,0.41988199949264526,0.5296269059181213,0.25284814834594727,0.44580936431884766,0.4497806429862976,0.5894073247909546,0.0033626582007855177,0.5171781778335571,0.6113205552101135,-0.0037634733598679304,0.40364718437194824,0.63817298412323,0.3268570899963379,0.5003396272659302,0.6096062064170837,0.3196755051612854,0.402067095041275,0.7844456434249878,0.4578790068626404,0.4479770064353943,0.7897173166275024,0.49961143732070923,0.40571683645248413,0.8119098544120789,0.47206592559814453,0.4373716711997986,0.8277051448822021,0.5184606909751892,0.39220353960990906,0.7957859039306641,0.4658964276313782,0.44631442427635193,0.8157852292060852,0.5254582166671753
frame_00180.jpg,0.5079100131988525,0.22288762032985687,0.1053525060415268,0.5021940469741821,0.20976558327674866,0.06967087835073471,0.49793562293052673,0.2100984901189804,0.06931494176387787,0.4936363101005554,0.2105083167552948,0.0693678930401802,0.5143352746963501,0.20864148437976837,0.06896238029003143,0.5186241865158081,0.2081814408302307,0.06856337189674377,0.523080050945282,0.20761650800704956,0.06843404471874237,0.4883131980895996,0.220896378159523,-0.04613566771149635,0.5304368734359741,0.2173372060060501,-0.06432853639125824,0.5019294619560242,0.24100765585899353,0.07473258674144745,0.51423180103302,0.23964765667915344,0.07115179300308228,0.44955140352249146,0.32124146819114685,-0.059825580567121506,0.5719202756881714,0.3130861520767212,-0.057873308658599854,0.4392026364803314,0.40216508507728577,0.1330363005399704,0.5627881288528442,0.38674864172935486,0.12318503856658936,0.4610655903816223,0.3044413626194,0.44111084938049316,0.5372744798660278,0.30715903639793396,0.4042937755584717,0.4616020619869232,0.2808866500854492,0.4803621768951416,0.540742039680481,0.2764412462711334,0.4337432384490967,0.4675976634025574,0.27251821756362915,0.4697639048099518,0.532347559928894,0.2748013138771057,0.43803977966308594,0.4676992893218994,0.2814957797527313,0.44561052322387695,0.5288200974464417,0.28122249245643616,0.410938560962677,0.45235008001327515,0.5714651346206665,-0.0017773561412468553,0.5258644223213196,0.5849276185035706,0.001444455934688449,0.40271544456481934,0.6374488472938538,0.31596726179122925,0.4994484484195709,0.6750525236129761,0.31886526942253113,0.40168923139572144,0.792591392993927,0.49580782651901245,0.4517079293727875,0.8340004682540894,0.5124161839485168,0.4062325358390808,0.8181675672531128,0.5150399208068848,0.44479092955589294,0.8696604371070862,0.5345226526260376,0.38937169313430786,0.800254762172699,0.5284646153450012,0.44214755296707153,0.8432794213294983,0.5477128624916077
frame_00181.jpg,0.49760517477989197,0.21588638424873352,0.10342065244913101,0.49220943450927734,0.20197607576847076,0.06194327399134636,0.48820099234580994,0.2021162360906601,0.061575956642627716,0.4843295216560364,0.20219717919826508,0.06165548413991928,0.504192054271698,0.20077762007713318,0.062188901007175446,0.5087133646011353,0.20013169944286346,0.061773281544446945,0.5133869051933289,0.19928574562072754,0.06158934906125069,0.480205237865448,0.21284528076648712,-0.07285116612911224,0.5222305059432983,0.20710119605064392,-0.07529130578041077,0.49227651953697205,0.23388831317424774,0.06660948693752289,0.5041187405586243,0.23198102414608002,0.06459781527519226,0.4455706477165222,0.31881240010261536,-0.07684526592493057,0.5719336271286011,0.3017648458480835,-0.07649774849414825,0.4307727813720703,0.4173019230365753,0.1253519356250763,0.5741098523139954,0.39348894357681274,0.08371447771787643,0.4594038128852844,0.3308287262916565,0.4159390926361084,0.5438929200172424,0.31057050824165344,0.3442201018333435,0.457862913608551,0.30896010994911194,0.4517623484134674,0.545099139213562,0.28275197744369507,0.3677697777748108,0.4664698541164398,0.30147644877433777,0.43891048431396484,0.5436744093894958,0.2839624583721161,0.37116870284080505,0.4674089550971985,0.30301159620285034,0.4189428389072418,0.5388526320457458,0.2892675995826721,0.3496749699115753,0.45425230264663696,0.5681808590888977,-0.004824227187782526,0.5300776362419128,0.5733056664466858,0.004487590864300728,0.4023202061653137,0.6383472084999084,0.28742069005966187,0.5272474884986877,0.6059748530387878,0.34472760558128357,0.4017082154750824,0.7906456589698792,0.46835869550704956,0.5122400522232056,0.7792878746986389,0.5645490288734436,0.4068107008934021,0.8155791759490967,0.4865873456001282,0.5107309818267822,0.8144821524620056,0.5887030959129333,0.385775625705719,0.7981131076812744,0.5041777491569519,0.501628041267395,0.7969263195991516,0.6221343278884888
frame_00182.jpg,0.4924581050872803,0.2052008956670761,0.15808358788490295,0.4872857630252838,0.19245868921279907,0.11669723689556122,0.4833987355232239,0.19277295470237732,0.11637003719806671,0.4794960021972656,0.19302979111671448,0.11643345654010773,0.4982418119907379,0.19154243171215057,0.11723177134990692,0.5025396347045898,0.19135572016239166,0.11682438850402832,0.5073729753494263,0.19095946848392487,0.11668971925973892,0.4747471213340759,0.20467731356620789,-0.027157997712492943,0.516311526298523,0.19922442734241486,-0.026324361562728882,0.48741060495376587,0.22406238317489624,0.11903440952301025,0.49895986914634705,0.22163431346416473,0.11713553965091705,0.4423893392086029,0.31694236397743225,-0.04580903798341751,0.5717083215713501,0.2920690178871155,-0.055112916976213455,0.4310251772403717,0.4164460003376007,0.1584010124206543,0.5836726427078247,0.34075894951820374,0.12059161812067032,0.45862358808517456,0.35690897703170776,0.475490003824234,0.5511949062347412,0.29983675479888916,0.3924650549888611,0.46116700768470764,0.3242036700248718,0.5213127732276917,0.5472295880317688,0.28064441680908203,0.4196213185787201,0.46795517206192017,0.3171563744544983,0.5050148963928223,0.5461646318435669,0.28320804238319397,0.4140562415122986,0.46776652336120605,0.3312016427516937,0.4776994585990906,0.5446606874465942,0.28856712579727173,0.3949553370475769,0.45822858810424805,0.5634362101554871,-0.006209954619407654,0.5356920957565308,0.5629026293754578,0.005870885215699673,0.40208035707473755,0.636357307434082,0.26264649629592896,0.5496217608451843,0.5845463871955872,0.3065495789051056,0.4021809995174408,0.7880246639251709,0.388070285320282,0.556191623210907,0.7515718340873718,0.47149261832237244,0.4093259274959564,0.8141713738441467,0.4019327163696289,0.5533055663108826,0.7834784388542175,0.49288010597229004,0.38609588146209717,0.8026872873306274,0.42107605934143066,0.5494174957275391,0.7970428466796875,0.605029821395874
frame_00183.jpg,0.4902488589286804,0.20662257075309753,0.18283775448799133,0.484006404876709,0.19492238759994507,0.14496943354606628,0.47995805740356445,0.19552011787891388,0.14467191696166992,0.4760077893733978,0.19616588950157166,0.14472277462482452,0.4955272674560547,0.1929497867822647,0.14698311686515808,0.4995609223842621,0.19204846024513245,0.1465681493282318,0.5038042068481445,0.19096486270427704,0.14645075798034668,0.47244152426719666,0.20736481249332428,0.011846059933304787,0.5127712488174438,0.19647535681724548,0.019372640177607536,0.485494464635849,0.22391293942928314,0.1468365490436554,0.497408002614975,0.22031515836715698,0.14671821892261505,0.4432126581668854,0.3114338219165802,-0.01919231377542019,0.5714579820632935,0.2755504548549652,0.007727181073278189,0.4315090775489807,0.396926611661911,0.1739153116941452,0.5823008418083191,0.2866711914539337,0.17820769548416138,0.4586426615715027,0.3290764391422272,0.49551233649253845,0.547050952911377,0.25744548439979553,0.4652469754219055,0.46560391783714294,0.2976516783237457,0.5428343415260315,0.5382443070411682,0.2441032975912094,0.5056896805763245,0.47186142206192017,0.288740336894989,0.5299946069717407,0.5401910543441772,0.25214695930480957,0.4997345507144928,0.4748476445674896,0.29498422145843506,0.49930062890052795,0.5364435911178589,0.25354647636413574,0.46777987480163574,0.4658624529838562,0.5524349212646484,-0.008613781072199345,0.5397225618362427,0.5575355887413025,0.008272391743957996,0.40175145864486694,0.6393424272537231,0.20112398266792297,0.5414788126945496,0.6005181074142456,0.26238828897476196,0.40228158235549927,0.7939131855964661,0.2550360858440399,0.5483968257904053,0.765233039855957,0.34260302782058716,0.40935954451560974,0.8202949166297913,0.2622445225715637,0.548365592956543,0.7970457077026367,0.35331425070762634,0.3856351375579834,0.8164185881614685,0.27789562940597534,0.5458893179893494,0.7988318204879761,0.3855917751789093
frame_00184.jpg,0.48536166548728943,0.20630475878715515,0.19637158513069153,0.4779844284057617,0.1948084980249405,0.1619877815246582,0.47363170981407166,0.1955127865076065,0.16169004142284393,0.46971434354782104,0.19629628956317902,0.1617482602596283,0.4908143877983093,0.19121462106704712,0.1615419089794159,0.49505218863487244,0.18946652114391327,0.16116788983345032,0.49941200017929077,0.1874445378780365,0.1610541045665741,0.4660196900367737,0.20621947944164276,0.035979535430669785,0.5064260959625244,0.19230251014232635,0.03282474726438522,0.4813190996646881,0.22336982190608978,0.16202035546302795,0.4944421350955963,0.21888725459575653,0.15878522396087646,0.44337916374206543,0.30877551436424255,-0.004016967490315437,0.5605207681655884,0.26273113489151,-0.000961131532676518,0.4286647439002991,0.4259718060493469,0.15356428921222687,0.599617063999176,0.20269407331943512,0.13731659948825836,0.4488346576690674,0.4630090594291687,0.39648163318634033,0.5398405194282532,0.15972551703453064,0.4024876058101654,0.4418184161186218,0.4665314555168152,0.4398166239261627,0.5218092799186707,0.14732593297958374,0.4337337017059326,0.45045822858810425,0.4559682011604309,0.4144967198371887,0.5197476148605347,0.15482129156589508,0.42453938722610474,0.45561590790748596,0.4526267945766449,0.3940892815589905,0.5232676863670349,0.16128435730934143,0.401493638753891,0.46938323974609375,0.5447218418121338,-0.007893738336861134,0.5417677164077759,0.5508049130439758,0.007521752268075943,0.4036746621131897,0.6425021886825562,0.17030613124370575,0.5383483171463013,0.6404302716255188,0.20072849094867706,0.40215033292770386,0.8059987425804138,0.16858670115470886,0.5394910573959351,0.7959956526756287,0.26506859064102173,0.40947088599205017,0.8367921113967896,0.1677163988351822,0.5378454327583313,0.8286797404289246,0.27260205149650574,0.37924960255622864,0.8236578106880188,0.1560743749141693,0.5406361222267151,0.8039467334747314,0.28145885467529297
frame_00185.jpg,0.4878199100494385,0.20242668688297272,0.20766039192676544,0.48063787817955017,0.19172336161136627,0.17307129502296448,0.47642651200294495,0.19289925694465637,0.1727699488401413,0.47235798835754395,0.19432975351810455,0.17285650968551636,0.49247509241104126,0.18724234402179718,0.16911032795906067,0.49659061431884766,0.18526390194892883,0.16874805092811584,0.50103759765625,0.18308895826339722,0.1686452180147171,0.46769386529922485,0.20437264442443848,0.05062102526426315,0.5087921619415283,0.18783079087734222,0.03073211945593357,0.4835047125816345,0.2193882167339325,0.17560312151908875,0.4967113137245178,0.21485701203346252,0.16739991307258606,0.4438600540161133,0.3076024055480957,0.02606317400932312,0.5583450794219971,0.2583763897418976,-0.0011727487435564399,0.43004757165908813,0.4274286925792694,0.21378262341022491,0.5946127772331238,0.18134059011936188,0.13876590132713318,0.44561129808425903,0.4441550374031067,0.4943069815635681,0.5312796831130981,0.1523602455854416,0.4276450574398041,0.4406629204750061,0.44920167326927185,0.5413817763328552,0.5114450454711914,0.1415398120880127,0.46012550592422485,0.4481699466705322,0.43718352913856506,0.5175163149833679,0.509422242641449,0.14769530296325684,0.4479151666164398,0.4538922905921936,0.4344886541366577,0.49305567145347595,0.5136644244194031,0.15463319420814514,0.42563357949256897,0.4711732268333435,0.5445669293403625,0.0025732661597430706,0.5465273261070251,0.5475620031356812,-0.0029010255821049213,0.4062982499599457,0.6434723138809204,0.21419119834899902,0.5566657185554504,0.6329889893531799,0.20041736960411072,0.4017154276371002,0.8110160231590271,0.2500077188014984,0.5588349103927612,0.7580482363700867,0.2864505350589752,0.4095821976661682,0.8395702838897705,0.25260475277900696,0.5610318779945374,0.8227264285087585,0.29655781388282776,0.3806834816932678,0.8285052180290222,0.24094274640083313,0.569364607334137,0.7922021746635437,0.3030592203140259
frame_00186.jpg,0.4904818534851074,0.19960467517375946,0.17902374267578125,0.4835539758205414,0.18918658792972565,0.14395295083522797,0.4794143736362457,0.1904849112033844,0.14364609122276306,0.47526901960372925,0.1920991837978363,0.1437227427959442,0.49512726068496704,0.18520206212997437,0.1410881131887436,0.4991909861564636,0.18382439017295837,0.14070704579353333,0.5036401748657227,0.18237251043319702,0.14059777557849884,0.4699707627296448,0.20187240839004517,0.022168423980474472,0.5118353366851807,0.19094310700893402,0.012751643545925617,0.48599356412887573,0.21711373329162598,0.14699718356132507,0.4988778531551361,0.21285472810268402,0.14061634242534637,0.4441859722137451,0.3101135194301605,-0.0015491729136556387,0.5574303865432739,0.2636345326900482,-0.03208084776997566,0.43010085821151733,0.4360584020614624,0.20016834139823914,0.5908947587013245,0.1642574965953827,0.1086852103471756,0.446216881275177,0.4392429292201996,0.38951700925827026,0.5206729173660278,0.14336872100830078,0.3878535330295563,0.44319653511047363,0.4434918761253357,0.42827948927879333,0.5006445646286011,0.13226400315761566,0.4167163372039795,0.4508456289768219,0.43179425597190857,0.4010484218597412,0.4988085627555847,0.13990339636802673,0.4045170247554779,0.4557657837867737,0.4295913875102997,0.3851090669631958,0.5032710433006287,0.14636871218681335,0.38584771752357483,0.4724488854408264,0.5464189052581787,0.006207284517586231,0.5483821630477905,0.5497102737426758,-0.006562830414623022,0.4062773585319519,0.650170624256134,0.22501850128173828,0.5655146241188049,0.6075969338417053,0.19142957031726837,0.40064939856529236,0.8183906078338623,0.2752702832221985,0.5508842468261719,0.7534019351005554,0.26688528060913086,0.408989816904068,0.8492110967636108,0.27833279967308044,0.5532740354537964,0.8116539716720581,0.2757492661476135,0.38016477227211,0.8349430561065674,0.2714694142341614,0.5618734359741211,0.7893489003181458,0.2840767800807953
frame_00187.jpg,0.4920797348022461,0.19978581368923187,0.17116977274417877,0.4852345883846283,0.19019246101379395,0.13419291377067566,0.481160968542099,0.19171689450740814,0.13385412096977234,0.47702106833457947,0.19342413544654846,0.13390158116817474,0.49663156270980835,0.18580219149589539,0.1380765289068222,0.5006986856460571,0.1844177544116974,0.13764159381389618,0.5051988959312439,0.18303483724594116,0.1374894082546234,0.4712735712528229,0.20304280519485474,0.012331303209066391,0.5136111974716187,0.19264934957027435,-0.0035179860424250364,0.4874568581581116,0.21707671880722046,0.13680368661880493,0.500207781791687,0.2127847820520401,0.13767725229263306,0.444345623254776,0.31190770864486694,-0.009438404813408852,0.5568053126335144,0.2628993093967438,-0.05196455121040344,0.4290131628513336,0.4484776258468628,0.15353356301784515,0.588965117931366,0.15817934274673462,0.07661629468202591,0.4446573257446289,0.4383606016635895,0.3355858325958252,0.5163550972938538,0.15091153979301453,0.33347687125205994,0.4425416886806488,0.442374587059021,0.36740100383758545,0.4990460276603699,0.13773907721042633,0.35595226287841797,0.45066261291503906,0.429657518863678,0.34016066789627075,0.4959055781364441,0.14683683216571808,0.3445943295955658,0.45562323927879333,0.4271508753299713,0.3304153084754944,0.5009845495223999,0.1546020805835724,0.3312608301639557,0.4744679033756256,0.5467389225959778,0.01085256040096283,0.5497209429740906,0.5507780909538269,-0.01120686624199152,0.4075496196746826,0.6561777591705322,0.25799262523651123,0.5716935992240906,0.6108897924423218,0.18430233001708984,0.4006987512111664,0.8209228515625,0.29952654242515564,0.5579913854598999,0.7619169354438782,0.2893635332584381,0.4090467393398285,0.8509089350700378,0.29269248247146606,0.564570963382721,0.8123713731765747,0.30108925700187683,0.38068121671676636,0.839896559715271,0.3077087998390198,0.5699992775917053,0.7908629775047302,0.30207374691963196
frame_00188.jpg,0.4924822747707367,0.20413745939731598,0.15249492228031158,0.48614755272865295,0.19423647224903107,0.11895127594470978,0.4820779860019684,0.19550438225269318,0.11869744211435318,0.4778483808040619,0.1969195157289505,0.11872188746929169,0.4977053105831146,0.1905139982700348,0.11755106598138809,0.5018240213394165,0.1893625110387802,0.11715922504663467,0.5063360929489136,0.1881738156080246,0.11703278124332428,0.47227564454078674,0.2066880762577057,0.005772563628852367,0.514684796333313,0.1974143385887146,-0.016403671354055405,0.48782625794410706,0.2213025838136673,0.12192964553833008,0.5005122423171997,0.2170681208372116,0.11667680740356445,0.44569459557533264,0.3184943199157715,-0.02797459438443184,0.5575286746025085,0.26733511686325073,-0.0523742139339447,0.4293857514858246,0.45288458466529846,0.1050407886505127,0.5881034731864929,0.15709973871707916,0.08147796988487244,0.4445727467536926,0.4414695203304291,0.314704954624176,0.5142492055892944,0.1625635027885437,0.33699390292167664,0.443015992641449,0.4434349238872528,0.34781306982040405,0.4984114170074463,0.15154823660850525,0.36304885149002075,0.4510157108306885,0.4303662180900574,0.32270240783691406,0.4938625395298004,0.16025179624557495,0.34993112087249756,0.45585012435913086,0.42861345410346985,0.31080326437950134,0.49760565161705017,0.1665825992822647,0.3340247869491577,0.47568279504776,0.5493506789207458,0.010291149839758873,0.5474772453308105,0.5562092661857605,-0.010571254417300224,0.4077208638191223,0.6784840226173401,0.1586771458387375,0.5359846949577332,0.7033200860023499,0.12337571382522583,0.40213051438331604,0.8433178663253784,0.1696740686893463,0.5467758774757385,0.8687763214111328,0.14901351928710938,0.41078391671180725,0.873843252658844,0.16911521553993225,0.5460114479064941,0.9024063944816589,0.15186122059822083,0.38112106919288635,0.8683269619941711,0.15113337337970734,0.5505487322807312,0.8819015026092529,0.13304369151592255
frame_00189.jpg,0.4943094849586487,0.20561926066875458,0.25587648153305054,0.4870365560054779,0.19507057964801788,0.22417588531970978,0.48316651582717896,0.1958855539560318,0.2239626944065094,0.479286253452301,0.1971910148859024,0.22399039566516876,0.497903436422348,0.19226635992527008,0.22027882933616638,0.5018917322158813,0.1913098394870758,0.21992072463035583,0.5065092444419861,0.19030055403709412,0.21983520686626434,0.4724758267402649,0.2068438082933426,0.10240598022937775,0.5151726007461548,0.19983382523059845,0.08193124830722809,0.490233838558197,0.22317999601364136,0.2234741896390915,0.5021904110908508,0.21993160247802734,0.21535387635231018,0.44752970337867737,0.3261077105998993,0.050876080989837646,0.5582138299942017,0.27083370089530945,0.04479091987013817,0.4296329915523529,0.4562113583087921,0.2121281921863556,0.5877725481987,0.16248059272766113,0.19551782310009003,0.44815683364868164,0.4163961708545685,0.5081786513328552,0.5148541331291199,0.1712755560874939,0.4929574131965637,0.44969168305397034,0.4110236167907715,0.5546422004699707,0.4982748031616211,0.1621769517660141,0.529215931892395,0.466238796710968,0.40619537234306335,0.5327204465866089,0.49347227811813354,0.1702757626771927,0.5223699808120728,0.46131545305252075,0.40005141496658325,0.5071896314620972,0.4990895390510559,0.17536388337612152,0.49346432089805603,0.4771525263786316,0.552180826663971,0.00039342837408185005,0.5462409257888794,0.5595605969429016,-0.0005206669447943568,0.4077591896057129,0.6896371245384216,0.11828233301639557,0.5217553377151489,0.7394394278526306,0.11577459424734116,0.4036920964717865,0.8685561418533325,0.1203148365020752,0.5385655164718628,0.913295328617096,0.15783968567848206,0.41162651777267456,0.9000126123428345,0.11933650076389313,0.5249916315078735,0.9679666757583618,0.16213949024677277,0.381305992603302,0.8902938365936279,0.09969625622034073,0.5121434926986694,0.9307132363319397,0.14451542496681213
frame_00190.jpg,0.4961325228214264,0.20748911798000336,0.22062046825885773,0.48836788535118103,0.19766275584697723,0.18817606568336487,0.48456692695617676,0.19905869662761688,0.18796640634536743,0.4807800352573395,0.20071880519390106,0.18799741566181183,0.49873417615890503,0.193418949842453,0.1843515932559967,0.5026110410690308,0.1921607404947281,0.1839892566204071,0.5071336030960083,0.190854012966156,0.18391329050064087,0.4730387330055237,0.21046821773052216,0.06860312819480896,0.5156840085983276,0.20029091835021973,0.04957178607583046,0.49226170778274536,0.22528435289859772,0.18930965662002563,0.5038288831710815,0.2204645425081253,0.18144239485263824,0.44881686568260193,0.33522894978523254,0.024483483284711838,0.5588606595993042,0.27353373169898987,0.01864716224372387,0.4301890730857849,0.45939335227012634,0.17913863062858582,0.5876318216323853,0.16776365041732788,0.1927226185798645,0.4608345925807953,0.38556236028671265,0.39385321736335754,0.5158475637435913,0.17287421226501465,0.4379711151123047,0.4624301791191101,0.3800557553768158,0.4276966154575348,0.4957539141178131,0.16655774414539337,0.4702151417732239,0.4711225628852844,0.37670114636421204,0.40739017724990845,0.49138984084129333,0.17502515017986298,0.46251973509788513,0.4694165587425232,0.3731476962566376,0.39141711592674255,0.4967249035835266,0.18183043599128723,0.43636050820350647,0.4781414866447449,0.553041398525238,-0.0064081549644470215,0.545448899269104,0.5638748407363892,0.006236869376152754,0.4095034599304199,0.7020162343978882,0.0708610862493515,0.5030779242515564,0.7445140480995178,0.11673986911773682,0.4071619510650635,0.8887367844581604,0.06324900686740875,0.5001036524772644,0.9356246590614319,0.16282634437084198,0.4141733646392822,0.9202186465263367,0.06059093028306961,0.49691829085350037,0.9788353443145752,0.1665850728750229,0.37598711252212524,0.9250562191009521,0.03665729612112045,0.4760168492794037,0.938721239566803,0.14910277724266052
frame_00191.jpg,0.4974215030670166,0.21105150878429413,0.20288896560668945,0.48936206102371216,0.20196177065372467,0.16923682391643524,0.4854941964149475,0.20386791229248047,0.16894298791885376,0.48167484998703003,0.20581722259521484,0.16898636519908905,0.4999629855155945,0.19642801582813263,0.1665443778038025,0.5039936900138855,0.19493256509304047,0.16616488993167877,0.5085946917533875,0.19342802464962006,0.16605809330940247,0.4739868640899658,0.21617449820041656,0.04823611304163933,0.5170925259590149,0.20166167616844177,0.0337875634431839,0.49365440011024475,0.22965703904628754,0.17075207829475403,0.5053542852401733,0.22247730195522308,0.1642024666070938,0.4502270817756653,0.340911328792572,0.011226839385926723,0.5625735521316528,0.27506697177886963,-0.008172331377863884,0.43237796425819397,0.463969349861145,0.15076908469200134,0.5868407487869263,0.16752968728542328,0.13789691030979156,0.4532802104949951,0.42918479442596436,0.3581191897392273,0.5206287503242493,0.17797882854938507,0.4182957112789154,0.45366206765174866,0.4270000755786896,0.3895514905452728,0.4964074194431305,0.17951448261737823,0.44956231117248535,0.4696754515171051,0.3745199143886566,0.3683585822582245,0.49590715765953064,0.20235277712345123,0.4390847682952881,0.46157240867614746,0.41142258048057556,0.355440616607666,0.500050961971283,0.20799992978572845,0.4170196056365967,0.4788401126861572,0.5544993281364441,-0.004058282822370529,0.5450479984283447,0.5652865767478943,0.003879355965182185,0.4124501347541809,0.709140419960022,0.09673897922039032,0.5059772729873657,0.7546759247779846,0.0993579775094986,0.4104936122894287,0.9007450342178345,0.09856301546096802,0.5037990808486938,0.9344241619110107,0.1413644254207611,0.4167730212211609,0.9335801601409912,0.09697974473237991,0.4974792003631592,0.9944145679473877,0.1445290893316269,0.3767993450164795,0.9345385432243347,0.0747818797826767,0.4851268231868744,0.9494060277938843,0.12130701541900635
frame_00192.jpg,0.49784359335899353,0.21608753502368927,0.15524038672447205,0.4898220896720886,0.20749323070049286,0.1204315796494484,0.48577579855918884,0.2097449153661728,0.12021531164646149,0.48181742429733276,0.21191367506980896,0.12025467306375504,0.5010513663291931,0.20151585340499878,0.11654643714427948,0.5053962469100952,0.2001419961452484,0.11617030203342438,0.5102307796478271,0.19880229234695435,0.11603740602731705,0.4741620421409607,0.2250586301088333,0.0025478671304881573,0.5190945863723755,0.20645180344581604,-0.01671861670911312,0.49410372972488403,0.2361110895872116,0.1256423145532608,0.5061169862747192,0.2281525582075119,0.11761613190174103,0.4504815638065338,0.3525035083293915,-0.025644809007644653,0.5656453371047974,0.2785840332508087,-0.05678849294781685,0.43240952491760254,0.47991058230400085,0.09554161131381989,0.5860854387283325,0.17216597497463226,0.07082659006118774,0.44538164138793945,0.4710634648799896,0.29479989409446716,0.5272818803787231,0.19468490779399872,0.32828250527381897,0.44489115476608276,0.47218942642211914,0.3228655159473419,0.5043362379074097,0.19501906633377075,0.35105061531066895,0.454620897769928,0.4516286551952362,0.30016565322875977,0.49621573090553284,0.2164708524942398,0.3408912718296051,0.45537686347961426,0.45227617025375366,0.29122716188430786,0.5004633665084839,0.22177737951278687,0.32690590620040894,0.4781009256839752,0.558663547039032,-0.0017891660099849105,0.544279932975769,0.5708767771720886,0.0016116950428113341,0.4164508283138275,0.7167596817016602,0.13176806271076202,0.5057755708694458,0.7600279450416565,0.12125185877084732,0.41360488533973694,0.9114612340927124,0.1647246778011322,0.5048075318336487,0.9604690074920654,0.1968182623386383,0.4190308153629303,0.9429439902305603,0.16651971638202667,0.5006288290023804,1.0059372186660767,0.2033921480178833,0.37750402092933655,0.9397900104522705,0.1487225741147995,0.4912780821323395,0.9589919447898865,0.1818431317806244
frame_00193.jpg,0.49799832701683044,0.22110851109027863,0.16574567556381226,0.48997583985328674,0.21225227415561676,0.13101451098918915,0.4858279228210449,0.21456418931484222,0.13083189725875854,0.48195680975914,0.216745063662529,0.1308620125055313,0.5016888380050659,0.20683103799819946,0.12465550750494003,0.5063508749008179,0.20582804083824158,0.124275341629982,0.5114584565162659,0.20481432974338531,0.12411189079284668,0.47454220056533813,0.23255755007266998,0.013257687911391258,0.52055424451828,0.21282163262367249,-0.013536525890231133,0.4942499101161957,0.24191825091838837,0.13678482174873352,0.5066354870796204,0.23393626511096954,0.12572184205055237,0.4506112039089203,0.35576754808425903,-0.0069594853557646275,0.5664900541305542,0.2818318009376526,-0.04782053083181381,0.4332342743873596,0.4851222634315491,0.10920608043670654,0.5849224925041199,0.17334672808647156,0.09387949109077454,0.4429689943790436,0.47808220982551575,0.33081749081611633,0.5236790776252747,0.19302429258823395,0.3593541085720062,0.4425817131996155,0.47877416014671326,0.36223453283309937,0.5025774836540222,0.1909244954586029,0.3850940465927124,0.45059141516685486,0.46229088306427,0.339678019285202,0.4929690957069397,0.2130567580461502,0.37303346395492554,0.452995240688324,0.4602358043193817,0.3275357782840729,0.49652713537216187,0.2184218466281891,0.359319269657135,0.4775850772857666,0.5615482926368713,0.0066080642864108086,0.5427441000938416,0.5764278769493103,-0.006791021674871445,0.41737455129623413,0.7211495041847229,0.14189985394477844,0.5050665140151978,0.7626896500587463,0.11447266489267349,0.41343826055526733,0.9132444858551025,0.17475318908691406,0.5033503174781799,0.9676068425178528,0.18001431226730347,0.41976815462112427,0.9456084370613098,0.17631834745407104,0.5000259876251221,1.0139269828796387,0.18526746332645416,0.38048961758613586,0.9402390718460083,0.15804609656333923,0.49350157380104065,0.9602653980255127,0.1594919115304947
frame_00194.jpg,0.49808818101882935,0.22255486249923706,0.17474696040153503,0.4901665151119232,0.21423789858818054,0.14191892743110657,0.48607707023620605,0.21674486994743347,0.14172720909118652,0.4822031557559967,0.2190796583890915,0.1417607069015503,0.5017596483230591,0.2090311199426651,0.13643410801887512,0.5064907670021057,0.20823509991168976,0.13605910539627075,0.5116351842880249,0.2073044627904892,0.13587960600852966,0.47475725412368774,0.2359379082918167,0.026199325919151306,0.5207003951072693,0.2155919075012207,0.0021823018323630095,0.4943614602088928,0.2441234588623047,0.1458982676267624,0.5067397356033325,0.23623068630695343,0.13603878021240234,0.4511539041996002,0.35777318477630615,-0.0004050888237543404,0.5664479732513428,0.2819617688655853,-0.04333045333623886,0.433319628238678,0.48687705397605896,0.10682716220617294,0.5824548006057739,0.1755007654428482,0.0857103168964386,0.44192758202552795,0.5145767331123352,0.28010672330856323,0.5234943628311157,0.19339582324028015,0.3528248369693756,0.4420965611934662,0.5238891243934631,0.30510854721069336,0.5039358735084534,0.1907930225133896,0.3759702146053314,0.4500027298927307,0.5068015456199646,0.280158132314682,0.494363933801651,0.2107221633195877,0.3677225708961487,0.45275887846946716,0.5009504556655884,0.27450913190841675,0.49733471870422363,0.21643851697444916,0.3525426685810089,0.4773182272911072,0.5622943043708801,0.008206103928387165,0.5425001978874207,0.5789669156074524,-0.00840228796005249,0.41739803552627563,0.7268205881118774,0.14252719283103943,0.5028991103172302,0.7584415674209595,0.12407603114843369,0.4129057824611664,0.9157407283782959,0.18227556347846985,0.4973779320716858,0.9604272842407227,0.2006586343050003,0.4198439121246338,0.9556686878204346,0.18418949842453003,0.4948194622993469,1.0069143772125244,0.2069295197725296,0.3824748694896698,0.939751386642456,0.16041362285614014,0.48849430680274963,0.9509267807006836,0.18064799904823303
frame_00195.jpg,0.49817997217178345,0.2237597405910492,0.1416884958744049,0.49033746123313904,0.21558798849582672,0.10789009183645248,0.48621028661727905,0.21805399656295776,0.1076699048280716,0.48224592208862305,0.2203545868396759,0.10769865661859512,0.5019602179527283,0.21045421063899994,0.10403820127248764,0.5066382884979248,0.20962300896644592,0.10366833209991455,0.5117307305335999,0.20864441990852356,0.10349507629871368,0.4750167429447174,0.23717595636844635,-0.007541383616626263,0.5207324624061584,0.21677201986312866,-0.025621455162763596,0.49439287185668945,0.245351180434227,0.11287952959537506,0.5067396759986877,0.23759585618972778,0.10517678409814835,0.45123615860939026,0.35870710015296936,-0.028166811913251877,0.5664312243461609,0.2816350758075714,-0.07575629651546478,0.4333840310573578,0.48782238364219666,0.06323003023862839,0.5812803506851196,0.17689448595046997,0.04629559814929962,0.44068509340286255,0.5376415848731995,0.2134159356355667,0.5237146615982056,0.1961790770292282,0.30855709314346313,0.4405484199523926,0.551374077796936,0.23479871451854706,0.5043957233428955,0.19348303973674774,0.3291870951652527,0.4492456316947937,0.535112738609314,0.20855304598808289,0.49592533707618713,0.21310119330883026,0.3204531967639923,0.4524657726287842,0.5276885628700256,0.20698228478431702,0.49868282675743103,0.218629390001297,0.3076511025428772,0.4770570397377014,0.5628583431243896,0.009791548363864422,0.5423504114151001,0.5800231099128723,-0.01000956166535616,0.41812118887901306,0.728512167930603,0.14740508794784546,0.5023413896560669,0.7528106570243835,0.13309317827224731,0.4125545620918274,0.917678713798523,0.18676196038722992,0.49224749207496643,0.9511638879776001,0.22802332043647766,0.4196149706840515,0.9520465135574341,0.1890842765569687,0.4891379773616791,0.9965190887451172,0.23517194390296936,0.3830574154853821,0.9380836486816406,0.1615922600030899,0.48392254114151,0.9430684447288513,0.18836301565170288
frame_00196.jpg,0.49904870986938477,0.2261575311422348,0.11516156047582626,0.491241991519928,0.21724118292331696,0.08049903810024261,0.4870137572288513,0.21945981681346893,0.08024731278419495,0.4830189347267151,0.22150830924510956,0.08026833832263947,0.5037227869033813,0.2126043736934662,0.0768377035856247,0.5089410543441772,0.2119196355342865,0.07647239416837692,0.5143185257911682,0.21116293966770172,0.07629959285259247,0.4753267765045166,0.23773808777332306,-0.03531039506196976,0.5226716995239258,0.21993476152420044,-0.05286180227994919,0.4950478672981262,0.24767661094665527,0.08657597005367279,0.508573591709137,0.24049238860607147,0.07911944389343262,0.45113834738731384,0.36116155982017517,-0.049007900059223175,0.5666879415512085,0.2836194932460785,-0.09689567238092422,0.43317627906799316,0.4916641414165497,0.03713968023657799,0.5776649713516235,0.17484112083911896,0.03045126236975193,0.44273391366004944,0.5642430782318115,0.1719229817390442,0.5227871537208557,0.1880507469177246,0.2870531678199768,0.43986883759498596,0.5720098614692688,0.18974876403808594,0.5049269199371338,0.1783667504787445,0.3037984371185303,0.4499998986721039,0.5573708415031433,0.16167570650577545,0.4904278814792633,0.18894074857234955,0.29457083344459534,0.45297932624816895,0.5493438839912415,0.16424572467803955,0.49578872323036194,0.2054636925458908,0.28524959087371826,0.47677522897720337,0.568376898765564,0.015206202864646912,0.5427130460739136,0.5854877233505249,-0.015422435477375984,0.4186931252479553,0.7374486327171326,0.20315256714820862,0.5009853839874268,0.7561929225921631,0.16799922287464142,0.4121735095977783,0.9199831485748291,0.3041445314884186,0.48535633087158203,0.9433489441871643,0.3207797706127167,0.41659730672836304,0.9522656798362732,0.3110918402671814,0.48065096139907837,0.9876916408538818,0.33343571424484253,0.38274669647216797,0.9338893294334412,0.27265673875808716,0.4806462228298187,0.9363070726394653,0.29293301701545715
frame_00197.jpg,0.4990256428718567,0.22780723869800568,0.09364834427833557,0.49129873514175415,0.2183542251586914,0.059124868363142014,0.48708027601242065,0.2203814685344696,0.05885644629597664,0.4830825924873352,0.22224727272987366,0.058879394084215164,0.5037469267845154,0.2138231098651886,0.05609000474214554,0.5089454650878906,0.2130430042743683,0.05570554733276367,0.5143210887908936,0.21220733225345612,0.05552671104669571,0.4755041003227234,0.2382233589887619,-0.05506268888711929,0.5228272676467896,0.22105462849140167,-0.06967426836490631,0.49505528807640076,0.2492331862449646,0.06567990034818649,0.5085772275924683,0.24209792912006378,0.05908006429672241,0.4510321617126465,0.3618200123310089,-0.061443835496902466,0.5667492151260376,0.28668469190597534,-0.100478395819664,0.4330180287361145,0.4948158860206604,0.04387899860739708,0.5750734806060791,0.17555886507034302,0.04333876818418503,0.44943222403526306,0.549739420413971,0.20554082095623016,0.5110741257667542,0.17511191964149475,0.30653512477874756,0.44011369347572327,0.5580027103424072,0.22636044025421143,0.4961230158805847,0.16056223213672638,0.32389387488365173,0.4505666196346283,0.5426822900772095,0.19788575172424316,0.4877132475376129,0.17002679407596588,0.31459206342697144,0.453438937664032,0.5361685156822205,0.19827987253665924,0.4912247061729431,0.17698383331298828,0.3046998381614685,0.4762001931667328,0.5726770162582397,0.014754405245184898,0.5427005290985107,0.5878721475601196,-0.014965472742915154,0.41924673318862915,0.7372843027114868,0.22598452866077423,0.502372145652771,0.754346489906311,0.19634398818016052,0.41163939237594604,0.9159521460533142,0.3562942147254944,0.48395147919654846,0.9398499727249146,0.35334497690200806,0.41531291604042053,0.9460980892181396,0.3663697838783264,0.4793570935726166,0.9836557507514954,0.3670009672641754,0.38063740730285645,0.9338222742080688,0.33403095602989197,0.47777050733566284,0.9348428845405579,0.33059173822402954
frame_00198.jpg,0.4990406930446625,0.22914941608905792,0.0620204322040081,0.49135977029800415,0.2197885364294052,0.024850573390722275,0.4871505796909332,0.2217714637517929,0.024570902809500694,0.4831463694572449,0.22360387444496155,0.024569492787122726,0.5038986802101135,0.21538592875003815,0.025091778486967087,0.5092569589614868,0.21465270221233368,0.02471766248345375,0.5147616267204285,0.21384914219379425,0.02454216405749321,0.47562509775161743,0.2396744340658188,-0.09625386446714401,0.5235363245010376,0.22260920703411102,-0.09552519768476486,0.4951367974281311,0.25057950615882874,0.0317043773829937,0.5089527368545532,0.24376197159290314,0.029549920931458473,0.45102658867836,0.3631127178668976,-0.11049439758062363,0.5669786930084229,0.2890584170818329,-0.11143791675567627,0.43276524543762207,0.49606770277023315,-0.023704715073108673,0.5736260414123535,0.17536979913711548,0.03529048338532448,0.4459075331687927,0.5919276475906372,0.1192348450422287,0.5069385766983032,0.16990742087364197,0.2902498245239258,0.4358772337436676,0.6042220592498779,0.13425864279270172,0.4927414059638977,0.153749018907547,0.3078135848045349,0.4480076730251312,0.5935234427452087,0.10576091706752777,0.4863451421260834,0.16305740177631378,0.2954454720020294,0.45188188552856445,0.5838109850883484,0.11180931329727173,0.48930424451828003,0.16897180676460266,0.28677868843078613,0.4760466516017914,0.5740495324134827,0.012630142271518707,0.5437101125717163,0.588923454284668,-0.012825715355575085,0.4199886918067932,0.7361758351325989,0.20609986782073975,0.5045278668403625,0.7535966038703918,0.20621934533119202,0.41141748428344727,0.9136945605278015,0.29423171281814575,0.4861225485801697,0.9380739331245422,0.3443188965320587,0.414391428232193,0.9431544542312622,0.30038174986839294,0.48112621903419495,0.9808862209320068,0.35564538836479187,0.3824562132358551,0.9330551624298096,0.26968616247177124,0.48045167326927185,0.9344384074211121,0.31897273659706116
frame_00199.jpg,0.49907049536705017,0.22944886982440948,0.05579368397593498,0.49141985177993774,0.21999621391296387,0.01869622990489006,0.4872114062309265,0.22195179760456085,0.018418513238430023,0.48320069909095764,0.22377261519432068,0.018424367532134056,0.503923237323761,0.2156827598810196,0.019247159361839294,0.5092801451683044,0.21497096121311188,0.01886969432234764,0.5148061513900757,0.21418628096580505,0.018700940534472466,0.47572240233421326,0.2395957112312317,-0.1013556569814682,0.5237152576446533,0.22290600836277008,-0.09933443367481232,0.4951465129852295,0.2510775327682495,0.025766480714082718,0.5090323686599731,0.24428313970565796,0.02398989163339138,0.45101070404052734,0.36364930868148804,-0.11564038693904877,0.5669834017753601,0.28969523310661316,-0.11351777613162994,0.43275970220565796,0.49541381001472473,-0.024541378021240234,0.5723695158958435,0.17456816136837006,0.03187660872936249,0.4451557695865631,0.5900843143463135,0.12488259375095367,0.5039130449295044,0.16544674336910248,0.2842522859573364,0.4345002770423889,0.6029202342033386,0.14165088534355164,0.49075284600257874,0.1496177762746811,0.30194246768951416,0.4470704197883606,0.592932939529419,0.1132468730211258,0.48520421981811523,0.1585438847541809,0.28938570618629456,0.4513026177883148,0.583508312702179,0.11777780950069427,0.4877919554710388,0.16457206010818481,0.2806413769721985,0.4759649634361267,0.5743687748908997,0.01098174974322319,0.544732928276062,0.5888605117797852,-0.01116134226322174,0.4205545485019684,0.7361322641372681,0.19837751984596252,0.5049780607223511,0.7571325898170471,0.19246816635131836,0.4110313355922699,0.9138039350509644,0.275179922580719,0.4843643307685852,0.9423893094062805,0.3114768862724304,0.4136837422847748,0.9437843561172485,0.28046542406082153,0.47907933592796326,0.9849318265914917,0.32144373655319214,0.3860941231250763,0.9356796741485596,0.25614097714424133,0.47936806082725525,0.9387722611427307,0.3078549802303314
frame_00200.jpg,0.49909090995788574,0.22963708639144897,0.038455747067928314,0.49142131209373474,0.22001367807388306,0.0012845032615587115,0.4871371388435364,0.2219260334968567,0.0009911386296153069,0.48302245140075684,0.22369880974292755,0.0009987311204895377,0.5039324164390564,0.21595744788646698,0.0025943287182599306,0.509322464466095,0.21535725891590118,0.0022261315025389194,0.5148626565933228,0.2146783173084259,0.002040936378762126,0.47536784410476685,0.23944176733493805,-0.11868230253458023,0.5237885117530823,0.22381682693958282,-0.11314815282821655,0.4951411783695221,0.2515781819820404,0.00881869625300169,0.509042501449585,0.2450566291809082,0.008040660992264748,0.4505302906036377,0.3648923337459564,-0.13752715289592743,0.5666775703430176,0.29293546080589294,-0.11052332818508148,0.4326578676700592,0.49772194027900696,-0.04618016630411148,0.5700022578239441,0.1756865680217743,0.043965838849544525,0.4430879056453705,0.6014905571937561,0.10277356952428818,0.5005682706832886,0.16740041971206665,0.303261935710907,0.43415704369544983,0.6223657131195068,0.11592917144298553,0.48771247267723083,0.15133748948574066,0.32285040616989136,0.44317227602005005,0.6223000288009644,0.0882236510515213,0.4829939305782318,0.16078700125217438,0.31158149242401123,0.44776272773742676,0.6111398339271545,0.09605236351490021,0.48516660928726196,0.1668224334716797,0.30057841539382935,0.47588181495666504,0.5750465989112854,0.0036678947508335114,0.5461143255233765,0.5883792042732239,-0.003852547612041235,0.4208787977695465,0.7391237020492554,0.2111845463514328,0.509190559387207,0.7561306357383728,0.25719839334487915,0.4099002480506897,0.9140889644622803,0.3450494706630707,0.4861835539340973,0.941670298576355,0.4272577166557312,0.41228002309799194,0.943889856338501,0.35523420572280884,0.4809534549713135,0.9814966917037964,0.4417451322078705,0.3798714876174927,0.9338372945785522,0.31188100576400757,0.48061347007751465,0.9354451894760132,0.40237730741500854
frame_00201.jpg,0.4988585412502289,0.23061341047286987,0.06597991287708282,0.4912118911743164,0.22058792412281036,0.029161090031266212,0.48689836263656616,0.22232604026794434,0.02887181006371975,0.48274359107017517,0.22393783926963806,0.028891852125525475,0.5038251280784607,0.21686697006225586,0.029596319422125816,0.5092118382453918,0.21630464494228363,0.029222160577774048,0.5147644877433777,0.21558482944965363,0.029045309871435165,0.4752064645290375,0.23989711701869965,-0.09253603965044022,0.5236147046089172,0.22507281601428986,-0.09094811230897903,0.4949929118156433,0.2523764371871948,0.035650379955768585,0.5088108777999878,0.2463100254535675,0.033682290464639664,0.4503844678401947,0.3668794333934784,-0.11093246936798096,0.5660375356674194,0.29711660742759705,-0.09997878968715668,0.4326692521572113,0.4998539388179779,-0.00879750307649374,0.5695350766181946,0.17743104696273804,0.049544356763362885,0.4428795874118805,0.5992304086685181,0.1498771607875824,0.5020641088485718,0.165192112326622,0.30705344676971436,0.4324396252632141,0.6305776238441467,0.16571107506752014,0.4888550341129303,0.1501922905445099,0.32453417778015137,0.4422716200351715,0.6221545934677124,0.13881823420524597,0.4836239218711853,0.15859226882457733,0.3150736689567566,0.44709300994873047,0.6111118197441101,0.14371486008167267,0.48603302240371704,0.1643133908510208,0.30481454730033875,0.47581130266189575,0.5832115411758423,0.002852428238838911,0.5469390153884888,0.5955323576927185,-0.0030494595412164927,0.4209159016609192,0.7423179745674133,0.2378467321395874,0.5143685340881348,0.7534044981002808,0.2807299494743347,0.4080635607242584,0.9125535488128662,0.39654070138931274,0.48737668991088867,0.9372793436050415,0.49250203371047974,0.4113064706325531,0.9426101446151733,0.4094464182853699,0.4814010262489319,0.9755487442016602,0.5119615197181702,0.3732452392578125,0.9318822622299194,0.3725583851337433,0.4832491874694824,0.9289108514785767,0.48365163803100586
frame_00202.jpg,0.4983767569065094,0.23167818784713745,0.06208810210227966,0.4908042550086975,0.22140546143054962,0.024236086755990982,0.4864421784877777,0.22303538024425507,0.02394404076039791,0.4822169244289398,0.22457736730575562,0.023954834789037704,0.5035640597343445,0.21794778108596802,0.025206666439771652,0.5089718103408813,0.21745124459266663,0.02482626773416996,0.5145766139030457,0.21685010194778442,0.024657923728227615,0.474701464176178,0.24061419069766998,-0.09895943105220795,0.523341953754425,0.22638078033924103,-0.09498422592878342,0.4945313334465027,0.2534036636352539,0.03129636496305466,0.5083926320075989,0.24758407473564148,0.03005540743470192,0.4502573013305664,0.36925819516181946,-0.11559168249368668,0.5648167729377747,0.2978998124599457,-0.10104342550039291,0.4326770305633545,0.5033912658691406,-0.010982444509863853,0.5686930418014526,0.17812083661556244,0.05244290083646774,0.43965521454811096,0.607611894607544,0.14792539179325104,0.5026832222938538,0.16389688849449158,0.3097769021987915,0.4294869005680084,0.6205432415008545,0.1633392721414566,0.4887821078300476,0.14941075444221497,0.32725030183792114,0.44035211205482483,0.6098884344100952,0.1360289603471756,0.48343271017074585,0.15758852660655975,0.3152305483818054,0.4454936385154724,0.5997968316078186,0.1415823996067047,0.48624497652053833,0.16339117288589478,0.3066014349460602,0.4760214388370514,0.5846978425979614,0.002263799775391817,0.5469967126846313,0.5959271788597107,-0.0024676306638866663,0.4213563799858093,0.7407094836235046,0.2273176610469818,0.5160343050956726,0.7516502141952515,0.25154462456703186,0.4067363739013672,0.9111226797103882,0.36806732416152954,0.4879751205444336,0.9374251961708069,0.4277258515357971,0.40825897455215454,0.9416263103485107,0.3793719410896301,0.4818495810031891,0.977134644985199,0.44344550371170044,0.3725246489048004,0.9319721460342407,0.3486317992210388,0.48354989290237427,0.9322158098220825,0.41268497705459595
frame_00203.jpg,0.49641457200050354,0.23287639021873474,0.06311140954494476,0.4890376627445221,0.22253455221652985,0.02633626200258732,0.48467278480529785,0.22415953874588013,0.026044676080346107,0.4803731441497803,0.2257673442363739,0.02604912593960762,0.5017421841621399,0.21885834634304047,0.027347147464752197,0.5069552659988403,0.21826620399951935,0.02698071300983429,0.512474775314331,0.21764610707759857,0.0268185343593359,0.47342443466186523,0.24195221066474915,-0.0961875170469284,0.521414577960968,0.22732311487197876,-0.09212830662727356,0.4929013252258301,0.25443780422210693,0.0319703035056591,0.5067507028579712,0.24848076701164246,0.030826937407255173,0.4501439034938812,0.37115222215652466,-0.12043974548578262,0.5616199374198914,0.29739001393318176,-0.10157302767038345,0.4324954152107239,0.5092490911483765,-0.0394340455532074,0.5684860944747925,0.178517147898674,0.0496952086687088,0.4331786632537842,0.6233850121498108,0.0899561420083046,0.5006586909294128,0.16431692242622375,0.306243896484375,0.42359527945518494,0.6534236669540405,0.100152388215065,0.4855831563472748,0.15089371800422668,0.3243753910064697,0.43295249342918396,0.6446788907051086,0.07491496205329895,0.4809865951538086,0.15917594730854034,0.31118839979171753,0.43790847063064575,0.632267951965332,0.08382942527532578,0.48428893089294434,0.1647992879152298,0.3024503290653229,0.47610241174697876,0.5860108137130737,0.0024002145510166883,0.5469631552696228,0.5962620377540588,-0.002599149476736784,0.42185860872268677,0.7432416081428528,0.2185964286327362,0.5152332186698914,0.7570011019706726,0.2217065542936325,0.4062371253967285,0.916054368019104,0.343341201543808,0.4800638258457184,0.947506308555603,0.3775094151496887,0.40712910890579224,0.9478355050086975,0.35281649231910706,0.47287002205848694,0.9881656765937805,0.3902457356452942,0.37299439311027527,0.9433053135871887,0.32159924507141113,0.476538747549057,0.948020339012146,0.34622177481651306
frame_00204.jpg,0.4957720637321472,0.23347696661949158,0.06400080770254135,0.48863038420677185,0.22275377810001373,0.027941599488258362,0.48429805040359497,0.22431747615337372,0.027660667896270752,0.4800335466861725,0.22590163350105286,0.02767285704612732,0.5013542771339417,0.21917802095413208,0.02834233269095421,0.5064749121665955,0.2185693383216858,0.027963656932115555,0.5119155049324036,0.21794350445270538,0.02779540978372097,0.4730091691017151,0.24195028841495514,-0.09126286208629608,0.5206149816513062,0.22785446047782898,-0.0900154635310173,0.4922676682472229,0.25468286871910095,0.033996790647506714,0.5060368776321411,0.2491561621427536,0.03199564665555954,0.45019301772117615,0.3744124472141266,-0.11041109263896942,0.5597501993179321,0.29807376861572266,-0.1054573655128479,0.4331072270870209,0.5127621293067932,-0.030852392315864563,0.5683843493461609,0.17958305776119232,0.03774382919073105,0.4336696267127991,0.6163767576217651,0.09467533975839615,0.49983176589012146,0.16487954556941986,0.28539326786994934,0.4255419373512268,0.6310198903083801,0.10667208582162857,0.4849843382835388,0.15115191042423248,0.30148741602897644,0.4359804689884186,0.6200545430183411,0.08093936741352081,0.48037204146385193,0.15992683172225952,0.2883444130420685,0.4418000280857086,0.6095598340034485,0.08795742690563202,0.4839109778404236,0.16516953706741333,0.2813479006290436,0.47552400827407837,0.5896751284599304,0.0041038719937205315,0.5466517210006714,0.600538969039917,-0.004319572355598211,0.42176398634910583,0.7485857605934143,0.21547242999076843,0.5150855183601379,0.7613785862922668,0.2167520970106125,0.40555137395858765,0.9176633358001709,0.3349377512931824,0.4809860289096832,0.9489985108375549,0.37497633695602417,0.40597882866859436,0.9498388171195984,0.3437083661556244,0.47426027059555054,0.9901551008224487,0.3871525228023529,0.3735741674900055,0.9451866149902344,0.30989566445350647,0.47796306014060974,0.9486119747161865,0.333891361951828
frame_00205.jpg,0.49563732743263245,0.2340599149465561,0.06357859075069427,0.488534539937973,0.22322243452072144,0.027911856770515442,0.4841732084751129,0.2247491031885147,0.027622655034065247,0.4798787236213684,0.2263321876525879,0.027640964835882187,0.5012227296829224,0.21996179223060608,0.02826041541993618,0.5062329769134521,0.21954292058944702,0.027877166867256165,0.5115505456924438,0.21909143030643463,0.027693742886185646,0.4725583493709564,0.24209222197532654,-0.08934886753559113,0.5199605822563171,0.23006686568260193,-0.08858270943164825,0.49179011583328247,0.2552531659603119,0.0345170721411705,0.5053449273109436,0.2503499984741211,0.03238740190863609,0.44985008239746094,0.3772142827510834,-0.10751563310623169,0.5584602355957031,0.3015173077583313,-0.10223206132650375,0.43274205923080444,0.5173437595367432,-0.01904403790831566,0.5669988393783569,0.1824340522289276,0.04113076627254486,0.4337586760520935,0.6229106783866882,0.12322624027729034,0.4986087381839752,0.16801637411117554,0.2946510314941406,0.42330700159072876,0.6480353474617004,0.1372300386428833,0.4846227169036865,0.15406176447868347,0.3122784495353699,0.4343873858451843,0.6384222507476807,0.1110534518957138,0.4796859323978424,0.16338923573493958,0.30006134510040283,0.4400312006473541,0.6267587542533875,0.11691758781671524,0.4831917881965637,0.1704077124595642,0.29127657413482666,0.4745521545410156,0.59649658203125,0.004193034488707781,0.5466147661209106,0.607059895992279,-0.004411582835018635,0.4215565323829651,0.7522169947624207,0.23761704564094543,0.5206251740455627,0.7641276121139526,0.24849887192249298,0.4054816663265228,0.9163078665733337,0.38777053356170654,0.4872773289680481,0.9472656846046448,0.43728646636009216,0.40612730383872986,0.9482916593551636,0.39960843324661255,0.4803977906703949,0.9887406826019287,0.4538342356681824,0.3733639121055603,0.9439657926559448,0.36023765802383423,0.4891323447227478,0.9459471106529236,0.4124418795108795
frame_00206.jpg,0.494975745677948,0.23543763160705566,0.0755322128534317,0.4880296587944031,0.22452868521213531,0.040476687252521515,0.48370981216430664,0.22594168782234192,0.04017481580376625,0.4793778955936432,0.22746418416500092,0.040207792073488235,0.500501275062561,0.2218395620584488,0.04090120643377304,0.5052878260612488,0.22162002325057983,0.04052288830280304,0.510449230670929,0.22130556404590607,0.04032490402460098,0.4721546173095703,0.2428804337978363,-0.07647423446178436,0.5187481641769409,0.23238804936408997,-0.07567867636680603,0.49092888832092285,0.25652632117271423,0.04676790535449982,0.5040022134780884,0.25219646096229553,0.044677335768938065,0.44958972930908203,0.37791702151298523,-0.0946737751364708,0.5576856136322021,0.30467528104782104,-0.09134051203727722,0.43257349729537964,0.5188896059989929,-0.01542161125689745,0.5658681988716125,0.18586651980876923,0.05968146771192551,0.43359842896461487,0.6262944936752319,0.13307780027389526,0.49849778413772583,0.1734052151441574,0.32422810792922974,0.42305105924606323,0.6549608707427979,0.14689257740974426,0.4849829077720642,0.16023705899715424,0.3422079384326935,0.43390560150146484,0.651905357837677,0.12163809686899185,0.47982001304626465,0.1688353270292282,0.33202284574508667,0.4388822615146637,0.6388170123100281,0.12705938518047333,0.4833570122718811,0.17698539793491364,0.32194334268569946,0.47441110014915466,0.6002288460731506,0.006393984891474247,0.5460290908813477,0.6110447645187378,-0.006607439368963242,0.42149776220321655,0.7592650055885315,0.24277153611183167,0.5201671719551086,0.7740022540092468,0.2411891520023346,0.40552622079849243,0.9236565232276917,0.4003726541996002,0.48849329352378845,0.9553884267807007,0.4345603585243225,0.4063393473625183,0.9547538757324219,0.4129219055175781,0.481327623128891,0.9966948628425598,0.45191723108291626,0.3746047914028168,0.9514421820640564,0.3719554543495178,0.49249595403671265,0.9556687474250793,0.40990930795669556
frame_00207.jpg,0.49230796098709106,0.23927408456802368,0.08775126188993454,0.4852422773838043,0.22931794822216034,0.05341850593686104,0.48096609115600586,0.23089803755283356,0.05311582610011101,0.47664445638656616,0.23256900906562805,0.05313614755868912,0.49756163358688354,0.22590261697769165,0.05384150147438049,0.502206027507782,0.2253848910331726,0.05345891788601875,0.5072780847549438,0.2247728705406189,0.05326683074235916,0.4702567458152771,0.24780972301959991,-0.06396742165088654,0.5163441896438599,0.2352348268032074,-0.06289641559123993,0.48866599798202515,0.26035991311073303,0.05803348869085312,0.5015889406204224,0.25536829233169556,0.05603241175413132,0.44956454634666443,0.3799567222595215,-0.0895756408572197,0.5555025339126587,0.3039535880088806,-0.08313445746898651,0.432453453540802,0.5185810923576355,-0.011152646504342556,0.5653413534164429,0.18586020171642303,0.06637976318597794,0.43422025442123413,0.6226337552070618,0.12617520987987518,0.498962938785553,0.1728871911764145,0.3335743844509125,0.42382049560546875,0.6424877643585205,0.14077070355415344,0.48533397912979126,0.16027092933654785,0.3539014458656311,0.4357093274593353,0.639060378074646,0.116243377327919,0.4801034927368164,0.16888250410556793,0.3430126905441284,0.43928346037864685,0.6240019202232361,0.12039788067340851,0.4836072325706482,0.1767592877149582,0.3310045897960663,0.4744550287723541,0.6010749936103821,0.006283132825046778,0.5457824468612671,0.6121054291725159,-0.006502627395093441,0.4210459291934967,0.7605463266372681,0.21896807849407196,0.5202475190162659,0.7786267995834351,0.2193303108215332,0.40620169043540955,0.922510027885437,0.33374759554862976,0.49582552909851074,0.9470195174217224,0.36152148246765137,0.40732717514038086,0.9530981779098511,0.34205856919288635,0.48252788186073303,0.9964272975921631,0.3735256791114807,0.3792577385902405,0.9561020135879517,0.3028208017349243,0.4930185377597809,0.9616791605949402,0.33172664046287537
frame_00208.jpg,0.4909389615058899,0.24186019599437714,0.10828308016061783,0.48368778824806213,0.23179230093955994,0.0750175192952156,0.4793531894683838,0.23333825170993805,0.0747322291135788,0.4749475419521332,0.2349812537431717,0.07474248111248016,0.4959558844566345,0.22813549637794495,0.07387548685073853,0.5004860162734985,0.22743454575538635,0.07347693294286728,0.5054398775100708,0.226651132106781,0.07330332696437836,0.46859902143478394,0.24995103478431702,-0.040140844881534576,0.5149136781692505,0.23674964904785156,-0.04581206291913986,0.48741093277931213,0.2628461420536041,0.07889513671398163,0.5002580881118774,0.2573327124118805,0.07487007230520248,0.4494336247444153,0.38176071643829346,-0.06327055394649506,0.5539760589599609,0.3034408986568451,-0.07093428075313568,0.433155357837677,0.5169278383255005,0.021889079362154007,0.5643385648727417,0.18657782673835754,0.08835797756910324,0.44760027527809143,0.5924589037895203,0.17748628556728363,0.49930936098098755,0.17180585861206055,0.3745514452457428,0.4333178400993347,0.5868982672691345,0.20055937767028809,0.4857030510902405,0.1599217802286148,0.4012610912322998,0.44519248604774475,0.574348509311676,0.17797894775867462,0.4803991913795471,0.16873924434185028,0.39042142033576965,0.44999557733535767,0.567534863948822,0.17292019724845886,0.48384127020835876,0.17565856873989105,0.37273022532463074,0.47491198778152466,0.6008958220481873,0.005764384288340807,0.5457525849342346,0.6119397282600403,-0.006001632660627365,0.420682817697525,0.7597430944442749,0.16605539619922638,0.5220231413841248,0.7818881273269653,0.17942272126674652,0.40728655457496643,0.9222718477249146,0.20105162262916565,0.5003474950790405,0.9461929798126221,0.252255916595459,0.40885990858078003,0.95345139503479,0.20213797688484192,0.48317599296569824,0.9965354204177856,0.257865309715271,0.38241106271743774,0.9606356024742126,0.16775545477867126,0.49261361360549927,0.965405285358429,0.2212144136428833
frame_00209.jpg,0.48977071046829224,0.24321715533733368,0.10808239132165909,0.48254284262657166,0.23336169123649597,0.07440276443958282,0.4781877398490906,0.2349827140569687,0.0741337388753891,0.47370702028274536,0.2367672473192215,0.07414965331554413,0.4947388768196106,0.22961196303367615,0.0731765553355217,0.4992528557777405,0.22887802124023438,0.07278413325548172,0.504239022731781,0.22806517779827118,0.0726342648267746,0.4671415686607361,0.25233572721481323,-0.045356012880802155,0.5137896537780762,0.23804491758346558,-0.049271464347839355,0.4863041043281555,0.2643077075481415,0.07619688659906387,0.49913153052330017,0.25885534286499023,0.07251369208097458,0.44892826676368713,0.3835970163345337,-0.07191194593906403,0.5541220903396606,0.30535557866096497,-0.08374395221471786,0.43303948640823364,0.524010956287384,-0.010669347830116749,0.5635474920272827,0.1882173717021942,0.07572183012962341,0.4451599717140198,0.5999552011489868,0.11217109113931656,0.499382346868515,0.17141756415367126,0.35782819986343384,0.43415284156799316,0.61250901222229,0.12742732465267181,0.48581966757774353,0.15960486233234406,0.38098424673080444,0.4456771910190582,0.6004686951637268,0.10302887111902237,0.4805680215358734,0.1681397557258606,0.36973652243614197,0.45031657814979553,0.5921823978424072,0.1060764417052269,0.4839717745780945,0.17419825494289398,0.3555173873901367,0.4750131666660309,0.6011229753494263,0.006960874889045954,0.5457109212875366,0.6123756766319275,-0.007194680627435446,0.42062807083129883,0.7610580325126648,0.18389442563056946,0.527259886264801,0.7859057784080505,0.17880263924598694,0.4078412652015686,0.9225329160690308,0.24222734570503235,0.5053096413612366,0.9455235600471497,0.2898491621017456,0.4102068841457367,0.954007089138031,0.24528729915618896,0.4886851906776428,1.0018713474273682,0.2993725538253784,0.3825400471687317,0.9606487154960632,0.209228515625,0.4992825984954834,0.9701650738716125,0.258048951625824
frame_00210.jpg,0.4891064763069153,0.2445567101240158,0.10935594141483307,0.48186177015304565,0.23454195261001587,0.07573452591896057,0.4776025414466858,0.23616980016231537,0.07544960081577301,0.47321605682373047,0.237952321767807,0.07545969635248184,0.4938964247703552,0.23068784177303314,0.07445276528596878,0.4983248710632324,0.22990471124649048,0.07406323403120041,0.5031838417053223,0.22904492914676666,0.07389240711927414,0.4668881893157959,0.25331437587738037,-0.04265579953789711,0.5119792819023132,0.23894092440605164,-0.04812970012426376,0.48588889837265015,0.2651982605457306,0.07855461537837982,0.4985634684562683,0.25989753007888794,0.07451300323009491,0.4483264982700348,0.38427504897117615,-0.06755558401346207,0.5534863471984863,0.3066138029098511,-0.08001139760017395,0.43214645981788635,0.527959406375885,0.004158664494752884,0.5634076595306396,0.19010886549949646,0.07730533927679062,0.44432592391967773,0.6090119481086731,0.12793657183647156,0.4990806579589844,0.17007037997245789,0.3551226556301117,0.43418917059898376,0.620678186416626,0.1478058397769928,0.4857867658138275,0.15682949125766754,0.3770836591720581,0.44620901346206665,0.6086540222167969,0.12175200879573822,0.48059001564979553,0.1652342975139618,0.36648863554000854,0.4507821500301361,0.6001108884811401,0.12098312377929688,0.4840049147605896,0.17199687659740448,0.3528101146221161,0.4750126898288727,0.6038063764572144,0.00731625035405159,0.5456766486167908,0.614732027053833,-0.007554950658231974,0.4205755293369293,0.7619456052780151,0.18925119936466217,0.5270621180534363,0.7873892188072205,0.18537600338459015,0.4087730050086975,0.9258108735084534,0.27650001645088196,0.5056374669075012,0.9457111954689026,0.29750126600265503,0.4112759232521057,0.9565137624740601,0.28263476490974426,0.4916221499443054,0.9896445870399475,0.3068077862262726,0.3852258324623108,0.9632161855697632,0.24715280532836914,0.4994700849056244,0.9725821018218994,0.26790308952331543
frame_00211.jpg,0.4878213405609131,0.24610061943531036,0.11368875205516815,0.4802550673484802,0.23631644248962402,0.08058890700340271,0.4759219288825989,0.23807208240032196,0.08031617105007172,0.4715038239955902,0.23994523286819458,0.08035146445035934,0.4924599230289459,0.2320561558008194,0.07786695659160614,0.49690285325050354,0.2311643809080124,0.07745811343193054,0.5017570853233337,0.23024193942546844,0.07730413973331451,0.4657607078552246,0.2551860213279724,-0.03190265968441963,0.5106529593467712,0.24025453627109528,-0.04547468572854996,0.48484548926353455,0.26676246523857117,0.0854550451040268,0.4975888133049011,0.2611900269985199,0.07909422367811203,0.44766515493392944,0.3847920596599579,-0.04561430588364601,0.5524041652679443,0.30622631311416626,-0.07602648437023163,0.4322153925895691,0.5258669853210449,0.07176101207733154,0.5632628202438354,0.19304953515529633,0.07887102663516998,0.44498103857040405,0.4959935247898102,0.2544404864311218,0.49860477447509766,0.16965793073177338,0.35276517271995544,0.43930840492248535,0.49344131350517273,0.2795059084892273,0.4856487214565277,0.15482370555400848,0.3745097815990448,0.44948115944862366,0.4770074188709259,0.2560364603996277,0.48038768768310547,0.16424624621868134,0.3635879456996918,0.4542871415615082,0.47576916217803955,0.24971982836723328,0.4837391972541809,0.17150931060314178,0.3504485785961151,0.47478023171424866,0.605534017086029,0.008109817281365395,0.5456444025039673,0.6165215373039246,-0.008369047194719315,0.4203171133995056,0.7628694176673889,0.19686561822891235,0.5267579555511475,0.7862461805343628,0.1888660341501236,0.40881210565567017,0.9263540506362915,0.28780192136764526,0.5059261322021484,0.9463701844215393,0.29418590664863586,0.41145554184913635,0.9560695290565491,0.29459959268569946,0.49168792366981506,1.0031614303588867,0.30322256684303284,0.3850366473197937,0.9624348878860474,0.25314652919769287,0.4985678195953369,0.9730661511421204,0.26959228515625
frame_00212.jpg,0.48713159561157227,0.24772486090660095,0.11112091690301895,0.4794241487979889,0.23816938698291779,0.07812058925628662,0.4750363230705261,0.24005980789661407,0.07784660160541534,0.47056835889816284,0.24204924702644348,0.07788185775279999,0.4917396605014801,0.23356838524341583,0.07506620138883591,0.49619239568710327,0.23258784413337708,0.07465057820081711,0.5010292530059814,0.23160210251808167,0.07449346035718918,0.464927613735199,0.2575302720069885,-0.03282484412193298,0.5098585486412048,0.24162401258945465,-0.04829268902540207,0.4842185080051422,0.2686362564563751,0.08339955657720566,0.49709266424179077,0.26272574067115784,0.07656332850456238,0.44706207513809204,0.38516777753829956,-0.04278021305799484,0.5520104169845581,0.3065250515937805,-0.07696420699357986,0.4323347508907318,0.5239986777305603,0.08408747613430023,0.5630572438240051,0.19527477025985718,0.08160574734210968,0.4460294842720032,0.48632916808128357,0.27798664569854736,0.49834075570106506,0.16971836984157562,0.3652953505516052,0.4423397183418274,0.4839097559452057,0.3054056465625763,0.4857240617275238,0.1545025259256363,0.38979291915893555,0.4515164792537689,0.46745428442955017,0.2821475565433502,0.4804338812828064,0.16440090537071228,0.37811508774757385,0.45654383301734924,0.46621888875961304,0.27367788553237915,0.48371586203575134,0.17167116701602936,0.3631545901298523,0.47463226318359375,0.6083700656890869,0.009691114537417889,0.545619785785675,0.6187355518341064,-0.009972887113690376,0.4201222360134125,0.7632814049720764,0.19889841973781586,0.5272799730300903,0.7851753830909729,0.18037214875221252,0.4088052213191986,0.9263102412223816,0.2773788571357727,0.5065991282463074,0.9463847875595093,0.25992876291275024,0.41160067915916443,0.955951988697052,0.28263720870018005,0.4914756417274475,1.0062482357025146,0.266954630613327,0.38489553332328796,0.9657279253005981,0.2556225061416626,0.49817752838134766,0.9765158295631409,0.23386529088020325
frame_00213.jpg,0.4860060214996338,0.2478085458278656,0.1308574229478836,0.47816935181617737,0.23875515162944794,0.09942365437746048,0.47372061014175415,0.24076074361801147,0.09915504604578018,0.4691895842552185,0.24284127354621887,0.09919048845767975,0.49054765701293945,0.23389844596385956,0.09544330835342407,0.49494999647140503,0.2328762710094452,0.0950290635228157,0.49970173835754395,0.2318698912858963,0.09488032758235931,0.46376341581344604,0.25844454765319824,-0.009649103507399559,0.5087246298789978,0.24198924005031586,-0.028365278616547585,0.48300275206565857,0.2690401077270508,0.1038348525762558,0.49612218141555786,0.2625875174999237,0.09593135863542557,0.4463821351528168,0.3852234482765198,-0.024136673659086227,0.5509845614433289,0.3057496249675751,-0.06232632324099541,0.43286290764808655,0.5228573679924011,0.08252459019422531,0.5624626874923706,0.19700293242931366,0.10403440147638321,0.44748443365097046,0.49798041582107544,0.25000154972076416,0.49770230054855347,0.16979193687438965,0.4030216634273529,0.4454021453857422,0.498778373003006,0.27330178022384644,0.4856230318546295,0.15467354655265808,0.429316908121109,0.4539715349674225,0.4822186231613159,0.2504477798938751,0.4803575575351715,0.16457965970039368,0.4186556339263916,0.45866742730140686,0.47985926270484924,0.24509403109550476,0.48345789313316345,0.17171448469161987,0.4016965925693512,0.47461795806884766,0.6091849207878113,0.009828120470046997,0.5455700755119324,0.6201357245445251,-0.01011292077600956,0.4196165204048157,0.7631550431251526,0.19637832045555115,0.5275379419326782,0.7889677286148071,0.18034179508686066,0.4082168936729431,0.9280550479888916,0.26845061779022217,0.5077232122421265,0.9534581899642944,0.26660996675491333,0.41157037019729614,0.9581667184829712,0.2736969292163849,0.4924786686897278,1.0169798135757446,0.2742348313331604,0.38268381357192993,0.9692035913467407,0.24993808567523956,0.4977758824825287,0.9848132729530334,0.24224603176116943
frame_00214.jpg,0.48446598649024963,0.249791219830513,0.14701831340789795,0.4760969579219818,0.24090109765529633,0.11396423727273941,0.4715098738670349,0.2429845929145813,0.11368487030267715,0.46687182784080505,0.24513857066631317,0.11370518058538437,0.48866042494773865,0.23571138083934784,0.11209112405776978,0.4930419325828552,0.2345602959394455,0.11169739812612534,0.4976925253868103,0.2334485501050949,0.111536905169487,0.46221333742141724,0.2601592242717743,-0.004456468857824802,0.5069333910942078,0.24310681223869324,-0.013260319828987122,0.48112058639526367,0.27133888006210327,0.11643117666244507,0.4946065843105316,0.26390254497528076,0.11143509298563004,0.4455716609954834,0.3863385319709778,-0.02883322909474373,0.5499246716499329,0.3055799901485443,-0.05292036011815071,0.43283143639564514,0.5273663401603699,0.07703835517168045,0.5618707537651062,0.19911076128482819,0.11032986640930176,0.44628000259399414,0.5400401949882507,0.18338808417320251,0.49620896577835083,0.1698441207408905,0.4061306416988373,0.44482049345970154,0.5556797385215759,0.20297686755657196,0.4850541949272156,0.1531662493944168,0.4316066801548004,0.453437477350235,0.5393015742301941,0.180318683385849,0.47997188568115234,0.1631120890378952,0.4226301312446594,0.45818838477134705,0.532892107963562,0.17788292467594147,0.48291993141174316,0.17102107405662537,0.4051648676395416,0.4738380014896393,0.6088336110115051,0.009807511232793331,0.5434699058532715,0.6195725202560425,-0.010093038901686668,0.41942110657691956,0.765288233757019,0.1868184208869934,0.5272055268287659,0.7892996072769165,0.16858616471290588,0.40800920128822327,0.9313365817070007,0.25994884967803955,0.5074679255485535,0.9553108811378479,0.250416100025177,0.41156917810440063,0.9612219333648682,0.2652580142021179,0.49251002073287964,1.019549012184143,0.2573055624961853,0.382601261138916,0.9751430749893188,0.24351830780506134,0.497551292181015,0.989154040813446,0.22548453509807587
frame_00215.jpg,0.48361319303512573,0.24974294006824493,0.13904587924480438,0.4752485752105713,0.24086454510688782,0.10438992083072662,0.4705325663089752,0.2429504692554474,0.1041007786989212,0.4657913148403168,0.24508234858512878,0.1041177362203598,0.48819565773010254,0.2356928139925003,0.1036452203989029,0.4926629662513733,0.23459409177303314,0.10325290262699127,0.49736014008522034,0.2335423082113266,0.10308599472045898,0.461364209651947,0.25986891984939575,-0.01633644476532936,0.5064802169799805,0.24340608716011047,-0.022664127871394157,0.4798164963722229,0.2714786231517792,0.10696835815906525,0.49382147192955017,0.2638765871524811,0.1033649668097496,0.4437260627746582,0.38722649216651917,-0.03119882009923458,0.5493637323379517,0.30558687448501587,-0.05487561225891113,0.43206024169921875,0.5314913392066956,0.057040221989154816,0.5619553327560425,0.20106171071529388,0.1149788498878479,0.4409243166446686,0.5912495851516724,0.18459084630012512,0.4961523413658142,0.16983109712600708,0.4124552607536316,0.4381171762943268,0.6136931777000427,0.20414170622825623,0.485095351934433,0.15209820866584778,0.4383074641227722,0.44898471236228943,0.5997802019119263,0.18106603622436523,0.48000550270080566,0.16170090436935425,0.43043479323387146,0.45429983735084534,0.5904604196548462,0.17920748889446259,0.482959508895874,0.1697123646736145,0.4119042754173279,0.47230878472328186,0.6110196709632874,0.006426116917282343,0.5429083704948425,0.6219320297241211,-0.006691596005111933,0.41940179467201233,0.7684769034385681,0.19037280976772308,0.5267208814620972,0.7884384989738464,0.19664634764194489,0.4080283045768738,0.9335044622421265,0.27758175134658813,0.5071379542350769,0.9550333023071289,0.29659244418144226,0.4116235375404358,0.9637261033058167,0.28494253754615784,0.49239081144332886,1.0202254056930542,0.30533427000045776,0.38323646783828735,0.975505530834198,0.2719272971153259,0.49548640847206116,0.9872509837150574,0.28189563751220703
frame_00216.jpg,0.48359814286231995,0.25015348196029663,0.185312882065773,0.47541484236717224,0.24128511548042297,0.15424177050590515,0.47079938650131226,0.24335163831710815,0.15399070084095,0.46613040566444397,0.24544890224933624,0.1540256291627884,0.48813945055007935,0.2360614687204361,0.1483146846294403,0.4925007224082947,0.23495392501354218,0.1478947401046753,0.4970608651638031,0.23390813171863556,0.14777010679244995,0.4614972472190857,0.2598501145839691,0.043089233338832855,0.505370020866394,0.24349869787693024,0.013924473896622658,0.47974419593811035,0.27161315083503723,0.15743795037269592,0.49353352189064026,0.2639094591140747,0.1465371549129486,0.44278615713119507,0.3880922198295593,0.028514008969068527,0.5493584871292114,0.3064259886741638,-0.028877779841423035,0.4320644736289978,0.5299555063247681,0.16943585872650146,0.5614066123962402,0.20448173582553864,0.12765011191368103,0.44370317459106445,0.4700375199317932,0.38600701093673706,0.49512189626693726,0.17371341586112976,0.42350783944129944,0.44525590538978577,0.4337717294692993,0.4202805459499359,0.48417407274246216,0.15646080672740936,0.45177873969078064,0.45691338181495667,0.42424696683883667,0.4002525210380554,0.4794747233390808,0.16512392461299896,0.44404467940330505,0.45495620369911194,0.44228026270866394,0.3838129937648773,0.4823617935180664,0.17246156930923462,0.42354339361190796,0.47173571586608887,0.6116968989372253,0.012432727962732315,0.5429109930992126,0.6226851940155029,-0.012715393677353859,0.41943803429603577,0.776225209236145,0.18865574896335602,0.5271137356758118,0.7917085886001587,0.15698599815368652,0.40767163038253784,0.9604071378707886,0.22680547833442688,0.503009021282196,0.9844387769699097,0.20757952332496643,0.41133466362953186,0.9968147873878479,0.22908131778240204,0.49227118492126465,1.030896544456482,0.2120426595211029,0.383070170879364,0.9779388904571533,0.21481981873512268,0.4952607750892639,0.9906961917877197,0.18578749895095825
frame_00217.jpg,0.48370927572250366,0.25033244490623474,0.1622624695301056,0.47546958923339844,0.24119161069393158,0.13073290884494781,0.4709100127220154,0.2431836575269699,0.1304689198732376,0.46634402871131897,0.2452058047056198,0.1304948925971985,0.48828035593032837,0.23622681200504303,0.12512217462062836,0.49269670248031616,0.2352311760187149,0.12470821291208267,0.4973328709602356,0.23432068526744843,0.12457036972045898,0.4615808129310608,0.2595595121383667,0.020524606108665466,0.5056267976760864,0.243927463889122,-0.0053220465779304504,0.4798123836517334,0.27153778076171875,0.13481338322162628,0.49362605810165405,0.2642456293106079,0.12447738647460938,0.4407331049442291,0.38871434330940247,0.0100200604647398,0.5490129590034485,0.31036174297332764,-0.041203685104846954,0.42926064133644104,0.5380926132202148,0.1598406583070755,0.5614655017852783,0.212362140417099,0.12837082147598267,0.44380098581314087,0.480842649936676,0.38416919112205505,0.49465522170066833,0.17760740220546722,0.4429381787776947,0.4483836591243744,0.44536659121513367,0.41879671812057495,0.48365646600723267,0.15932591259479523,0.47374993562698364,0.4564844071865082,0.4540817439556122,0.3965437114238739,0.4788270592689514,0.1678258776664734,0.4647771716117859,0.4548896849155426,0.4565504193305969,0.38115575909614563,0.4817012846469879,0.1748204082250595,0.4430166184902191,0.47019821405410767,0.6144590973854065,0.017515715211629868,0.5430513620376587,0.6240833401679993,-0.0177783016115427,0.41876983642578125,0.7806586027145386,0.19839397072792053,0.5276135206222534,0.8008647561073303,0.14799943566322327,0.4073374271392822,0.9675185680389404,0.24622884392738342,0.502973198890686,0.9961280822753906,0.1935540735721588,0.4105830788612366,1.0038762092590332,0.24983671307563782,0.4929189085960388,1.0385926961898804,0.19741621613502502,0.38308796286582947,0.9811848402023315,0.23212194442749023,0.5006519556045532,0.9984912276268005,0.163918599486351
frame_00218.jpg,0.48403578996658325,0.2501358985900879,0.12374623864889145,0.47600021958351135,0.24115309119224548,0.09353609383106232,0.47150668501853943,0.2430545687675476,0.09326575696468353,0.46699389815330505,0.24500632286071777,0.09326808154582977,0.4886011481285095,0.23610353469848633,0.08295576274394989,0.4928615689277649,0.23506315052509308,0.08252082765102386,0.4974256455898285,0.23421184718608856,0.08238209038972855,0.4618297219276428,0.25948455929756165,-0.0036204319912940264,0.5057521462440491,0.24405227601528168,-0.05676322057843208,0.47988390922546387,0.2714936435222626,0.10025813430547714,0.49379825592041016,0.26414862275123596,0.08265724033117294,0.4379916191101074,0.3891221880912781,-0.00527200335636735,0.5486363172531128,0.31178244948387146,-0.07394562661647797,0.42840614914894104,0.5372897386550903,0.14440490305423737,0.5615214109420776,0.22029194235801697,0.11517228186130524,0.44503602385520935,0.46012014150619507,0.3925884962081909,0.49476343393325806,0.18680666387081146,0.4215462803840637,0.4484159052371979,0.42936718463897705,0.43371090292930603,0.4837060868740082,0.16849400103092194,0.4526507258415222,0.45806050300598145,0.42241430282592773,0.41280102729797363,0.4788285195827484,0.17816980183124542,0.4433031678199768,0.4565715789794922,0.42906925082206726,0.3912941515445709,0.4817241132259369,0.18656939268112183,0.4213220179080963,0.46775156259536743,0.6189368963241577,0.019266922026872635,0.5422354936599731,0.6280759572982788,-0.019553957507014275,0.41883525252342224,0.777396023273468,0.23162011802196503,0.5277582406997681,0.7986593842506409,0.15278686583042145,0.40852195024490356,0.9594345688819885,0.25531813502311707,0.5039931535720825,0.9882906079292297,0.16601501405239105,0.41238051652908325,0.9938420057296753,0.25895220041275024,0.4956434369087219,1.0331228971481323,0.1668185442686081,0.3846215009689331,0.9800933003425598,0.23616263270378113,0.5082294940948486,1.000881552696228,0.13517551124095917
frame_00219.jpg,0.4839617609977722,0.25032302737236023,0.13333848118782043,0.4761924147605896,0.24118934571743011,0.10446976125240326,0.47173982858657837,0.2431160807609558,0.10423089563846588,0.4672415852546692,0.24508316814899445,0.10425976663827896,0.48862704634666443,0.23624180257320404,0.09301557391881943,0.4928513467311859,0.23527792096138,0.09258019179105759,0.49736636877059937,0.2345195859670639,0.09246903657913208,0.4619613289833069,0.2593751847743988,0.0070382230915129185,0.5054075717926025,0.24438977241516113,-0.05055876821279526,0.48005110025405884,0.2714800536632538,0.1104191318154335,0.4937168061733246,0.26436442136764526,0.09151919186115265,0.436100572347641,0.38900020718574524,0.00511325616389513,0.5479344725608826,0.316806435585022,-0.07281076908111572,0.4289732575416565,0.5339940190315247,0.121738001704216,0.5621528029441833,0.22401580214500427,0.10715541988611221,0.4535163938999176,0.4371197521686554,0.35886916518211365,0.49557098746299744,0.1923772692680359,0.41288137435913086,0.4550350308418274,0.4151807725429535,0.39937305450439453,0.4846576750278473,0.1716274470090866,0.44202274084091187,0.46520739793777466,0.4060280919075012,0.3851909637451172,0.47997206449508667,0.18212319910526276,0.4325661063194275,0.4649656414985657,0.40992867946624756,0.3700791001319885,0.48274293541908264,0.1911749541759491,0.41237932443618774,0.464080810546875,0.6223525404930115,0.02614959143102169,0.5380497574806213,0.6298606991767883,-0.026447856798768044,0.4191077649593353,0.7757630944252014,0.23234041035175323,0.5260465145111084,0.7985559105873108,0.11904054880142212,0.4109743535518646,0.9610429406166077,0.2573997378349304,0.49650710821151733,0.9960411787033081,0.13224923610687256,0.4136764407157898,0.9862987399101257,0.26289838552474976,0.48864883184432983,1.0357335805892944,0.13326925039291382,0.38740384578704834,0.9842411875724792,0.24119794368743896,0.5070620775222778,1.00812566280365,0.09539906680583954
frame_00220.jpg,0.4831880033016205,0.2501714825630188,0.2566889822483063,0.4758751392364502,0.24110284447669983,0.22946035861968994,0.4715849757194519,0.2430645078420639,0.22922830283641815,0.4672040045261383,0.2450009137392044,0.22924688458442688,0.48788928985595703,0.23597504198551178,0.21937689185142517,0.4919862151145935,0.23500561714172363,0.218942329287529,0.4963798522949219,0.2342717945575714,0.21882803738117218,0.46190422773361206,0.25905945897102356,0.12370921671390533,0.504570484161377,0.24429146945476532,0.07410657405853271,0.47993987798690796,0.27132323384284973,0.22956931591033936,0.49323058128356934,0.26413413882255554,0.21268415451049805,0.434684693813324,0.3888891339302063,0.11354520171880722,0.5466564893722534,0.3160042464733124,0.010251683183014393,0.43032440543174744,0.5243328213691711,0.24447481334209442,0.5624405145645142,0.225542813539505,0.19704335927963257,0.4625290036201477,0.4309081435203552,0.45853370428085327,0.49568405747413635,0.1916169971227646,0.5503181219100952,0.464606910943985,0.40329089760780334,0.49913185834884644,0.48503684997558594,0.17206944525241852,0.5894432663917542,0.4709440767765045,0.4017500877380371,0.48311957716941833,0.48033371567726135,0.1824825257062912,0.5823459625244141,0.4711514413356781,0.4059211015701294,0.45831483602523804,0.48303723335266113,0.19149570167064667,0.5526341795921326,0.46275845170021057,0.6209794878959656,0.039454977959394455,0.5362132787704468,0.6291760206222534,-0.039661992341279984,0.4190572202205658,0.7819468975067139,0.20607784390449524,0.5260439515113831,0.8130956292152405,0.020261263474822044,0.4139465391635895,0.9693470001220703,0.17958803474903107,0.5012802481651306,0.9902598261833191,-0.02172728069126606,0.4162846505641937,1.0024676322937012,0.17680875957012177,0.48875516653060913,1.0456594228744507,-0.026119548827409744,0.3976607918739319,0.9915753602981567,0.1579846739768982,0.5185603499412537,1.0158840417861938,-0.07394427061080933
frame_00221.jpg,0.48155269026756287,0.2502780258655548,0.26192715764045715,0.47497835755348206,0.2409772127866745,0.23340173065662384,0.47095757722854614,0.24291309714317322,0.23318609595298767,0.466777503490448,0.24486181139945984,0.23322036862373352,0.48634761571884155,0.2360246479511261,0.22502362728118896,0.49024081230163574,0.23507171869277954,0.22460825741291046,0.4944414496421814,0.23433159291744232,0.2245395928621292,0.4615400433540344,0.2583595812320709,0.12206070125102997,0.502657413482666,0.24424928426742554,0.08145192265510559,0.47856420278549194,0.2712293267250061,0.23197010159492493,0.4914820194244385,0.26410406827926636,0.2177249640226364,0.4306328296661377,0.38319772481918335,0.09232275933027267,0.5446738004684448,0.3175205588340759,0.009214148856699467,0.430294930934906,0.5053804516792297,0.18123716115951538,0.561488687992096,0.2306223213672638,0.15982389450073242,0.46297019720077515,0.41688984632492065,0.20620934665203094,0.49703335762023926,0.1968248188495636,0.4781405031681061,0.4667464792728424,0.39765408635139465,0.2245083600282669,0.48552989959716797,0.17528802156448364,0.51009601354599,0.4719279706478119,0.39399453997612,0.21255072951316833,0.4813082814216614,0.18552429974079132,0.5015069246292114,0.4735783636569977,0.40109020471572876,0.20343811810016632,0.4840499460697174,0.19383376836776733,0.47859662771224976,0.4586031436920166,0.6160269975662231,0.03764514997601509,0.5312760472297668,0.6241080164909363,-0.03789487108588219,0.4187251925468445,0.783951997756958,0.13263413310050964,0.5231160521507263,0.809203028678894,-0.08000536262989044,0.41434186697006226,0.9760757684707642,0.07360801845788956,0.5013027787208557,0.9897270202636719,-0.17603357136249542,0.41646331548690796,0.9986827373504639,0.06650452315807343,0.48348554968833923,1.0410529375076294,-0.18583229184150696,0.4016083776950836,1.0080260038375854,0.046599868685007095,0.5156330466270447,1.022107720375061,-0.23390695452690125
frame_00222.jpg,0.48054561018943787,0.25059080123901367,0.2386537790298462,0.47451263666152954,0.2409323751926422,0.22651739418506622,0.47064870595932007,0.2428075224161148,0.22610847651958466,0.46657490730285645,0.24474835395812988,0.22611980140209198,0.485355943441391,0.2362833172082901,0.21319766342639923,0.4890504479408264,0.23537614941596985,0.21265463531017303,0.4931185245513916,0.23463773727416992,0.21256597340106964,0.4610649049282074,0.25769832730293274,0.08549303561449051,0.5019862055778503,0.2442416548728943,0.021649936214089394,0.4773654043674469,0.2711208760738373,0.21906514465808868,0.4893447458744049,0.2643761932849884,0.20617946982383728,0.42718592286109924,0.38012778759002686,0.06449956446886063,0.5446939468383789,0.3281232714653015,-0.05202247574925423,0.4245801568031311,0.5064113140106201,0.16338662803173065,0.5622663497924805,0.3440133035182953,0.06524971127510071,0.4609363079071045,0.4256342053413391,0.3471648097038269,0.5129858255386353,0.32699713110923767,0.3196479380130768,0.4648194909095764,0.40844568610191345,0.38068997859954834,0.5047891736030579,0.3177383244037628,0.3438066244125366,0.4701830744743347,0.40367233753204346,0.3633626401424408,0.49207210540771484,0.3277687132358551,0.33745867013931274,0.47145113348960876,0.40645888447761536,0.3451175093650818,0.49124497175216675,0.332818865776062,0.3204154670238495,0.4546632766723633,0.6158113479614258,0.038948606699705124,0.5264636278152466,0.6243240833282471,-0.03916948661208153,0.4187965989112854,0.7860700488090515,0.20843608677387238,0.5228009223937988,0.8067656755447388,0.03351179510354996,0.4166153371334076,0.9790113568305969,0.26854458451271057,0.49298104643821716,0.9994279742240906,0.03094646707177162,0.41905179619789124,1.0077793598175049,0.2737671136856079,0.47936493158340454,1.0396325588226318,0.030340244993567467,0.4036535322666168,1.0098477602005005,0.2585015296936035,0.5135443210601807,1.0238984823226929,-0.01235839631408453
frame_00223.jpg,0.48005223274230957,0.2504420578479767,0.2410622090101242,0.47431501746177673,0.2405286431312561,0.21288733184337616,0.4704201817512512,0.24223975837230682,0.21262705326080322,0.46635332703590393,0.24400275945663452,0.2126479148864746,0.4850667417049408,0.23614022135734558,0.20282161235809326,0.4887263774871826,0.23527441918849945,0.2024100124835968,0.4928063750267029,0.23456278443336487,0.20232808589935303,0.4604724943637848,0.2553201913833618,0.09794992208480835,0.5019531846046448,0.2440594881772995,0.04842912033200264,0.4761880040168762,0.27021118998527527,0.21319639682769775,0.4880768358707428,0.2639237940311432,0.19760602712631226,0.4234457015991211,0.37321627140045166,0.0713019073009491,0.5425500273704529,0.3259216248989105,-0.029698431491851807,0.41325441002845764,0.5008680820465088,0.1590229719877243,0.5613685250282288,0.3315371572971344,0.08511267602443695,0.4590185582637787,0.41687366366386414,0.23555979132652283,0.510766863822937,0.30095523595809937,0.35586243867874146,0.4629194140434265,0.4010060727596283,0.2542251944541931,0.5042287707328796,0.27567604184150696,0.37929707765579224,0.46893182396888733,0.4019274115562439,0.23603060841560364,0.49086517095565796,0.26854056119918823,0.3716645836830139,0.470954030752182,0.40436309576034546,0.2304079830646515,0.4907069802284241,0.282874196767807,0.35537827014923096,0.44982901215553284,0.6147195100784302,0.04005851596593857,0.5228274464607239,0.6242923140525818,-0.040278322994709015,0.41933169960975647,0.78459233045578,0.20738521218299866,0.5244816541671753,0.8056012988090515,0.006906402297317982,0.4162422716617584,0.9756472706794739,0.2668754756450653,0.5045593976974487,0.9840166568756104,-0.006616152822971344,0.41880670189857483,1.005486011505127,0.27132847905158997,0.4858149588108063,1.038164496421814,-0.008286552503705025,0.40212973952293396,1.0050383806228638,0.25725167989730835,0.5185446739196777,1.0204092264175415,-0.05388638377189636
frame_00224.jpg,0.4799705445766449,0.2496962696313858,0.2890302538871765,0.47435131669044495,0.23959894478321075,0.2628782391548157,0.4704383313655853,0.24117186665534973,0.2626664340496063,0.46637439727783203,0.2427671253681183,0.2627004384994507,0.4850326180458069,0.23555581271648407,0.2506481409072876,0.48868030309677124,0.23476377129554749,0.25025802850723267,0.49276524782180786,0.23409202694892883,0.250160276889801,0.46029916405677795,0.2530158758163452,0.15981823205947876,0.5019302368164062,0.24355155229568481,0.101198710501194,0.4759412407875061,0.26846742630004883,0.2622682750225067,0.48770254850387573,0.26272496581077576,0.2429802417755127,0.4227260649204254,0.370291143655777,0.12459379434585571,0.5413811206817627,0.32513174414634705,-0.00020342806237749755,0.41224727034568787,0.4927036464214325,0.15785320103168488,0.561403751373291,0.3060915172100067,0.09273146837949753,0.4582056999206543,0.41185253858566284,0.22039894759655,0.5093135237693787,0.2743675112724304,0.3748704195022583,0.4620433747768402,0.3971250653266907,0.23812898993492126,0.5038630366325378,0.2468007653951645,0.40055051445961,0.46846017241477966,0.3948732912540436,0.22256655991077423,0.48998814821243286,0.2368166148662567,0.39358896017074585,0.4699068069458008,0.4003901779651642,0.21557478606700897,0.4903617799282074,0.250701367855072,0.3750918507575989,0.4494298994541168,0.6095372438430786,0.04507400840520859,0.521544873714447,0.6205119490623474,-0.04530392959713936,0.42045336961746216,0.7829480767250061,0.17465510964393616,0.5255162119865417,0.8040633797645569,-0.0632045716047287,0.41582220792770386,0.9735972881317139,0.15064546465873718,0.5044054388999939,0.9764768481254578,-0.1124972328543663,0.41716018319129944,1.0036444664001465,0.14701208472251892,0.48594099283218384,1.037941813468933,-0.11750529706478119,0.4009180963039398,1.00356924533844,0.12770232558250427,0.516247570514679,1.0226762294769287,-0.16190555691719055
frame_00225.jpg,0.4790650010108948,0.24823378026485443,0.2873401939868927,0.4735625684261322,0.23830993473529816,0.257563054561615,0.4697273373603821,0.23978640139102936,0.2572941184043884,0.4656858444213867,0.24134159088134766,0.2572780251502991,0.4841068685054779,0.23440924286842346,0.24705210328102112,0.48768600821495056,0.23363927006721497,0.24659602344036102,0.4916955828666687,0.23299966752529144,0.24643480777740479,0.4595021605491638,0.25121891498565674,0.14262083172798157,0.5002627372741699,0.24292351305484772,0.09184866398572922,0.4751180112361908,0.2658005654811859,0.25718510150909424,0.48686689138412476,0.26090916991233826,0.2400980442762375,0.4213963449001312,0.3656962215900421,0.12265525758266449,0.5387504696846008,0.3248103857040405,0.014066716656088829,0.40876325964927673,0.4549046754837036,0.31998196244239807,0.5617601275444031,0.2845035195350647,0.1758393794298172,0.4510561525821686,0.39430466294288635,0.6390844583511353,0.508259117603302,0.24266478419303894,0.5190919637680054,0.45847591757774353,0.38024070858955383,0.6972666382789612,0.5012550950050354,0.2169872671365738,0.559287965297699,0.46499618887901306,0.3794287443161011,0.6756184101104736,0.4898548722267151,0.21998921036720276,0.5515903234481812,0.4648559093475342,0.3839573264122009,0.638364851474762,0.4901329576969147,0.23296429216861725,0.5209391713142395,0.44739627838134766,0.6059383749961853,0.04456763714551926,0.5192986726760864,0.6173108816146851,-0.044735778123140335,0.4205896854400635,0.7769147157669067,0.15996117889881134,0.5268590450286865,0.8002325892448425,-0.059919752180576324,0.41554540395736694,0.9523059725761414,0.11329837143421173,0.508257269859314,0.9635123610496521,-0.11126221716403961,0.4162887632846832,0.9757041931152344,0.10827963054180145,0.49148207902908325,0.9951193332672119,-0.11535285413265228,0.3997034728527069,1.0019128322601318,0.09544499218463898,0.5223251581192017,1.020249366760254,-0.15268127620220184
frame_00226.jpg,0.47778409719467163,0.2437918484210968,0.2792194187641144,0.4723849296569824,0.23407967388629913,0.240735724568367,0.4687005579471588,0.23564179241657257,0.2404770404100418,0.46482783555984497,0.23725178837776184,0.2403864562511444,0.48308295011520386,0.2304317206144333,0.24083152413368225,0.486839234828949,0.22987088561058044,0.24078118801116943,0.4909910261631012,0.22949525713920593,0.24052855372428894,0.45899897813796997,0.24768377840518951,0.10110940784215927,0.5001305937767029,0.2401404082775116,0.07466796040534973,0.47394317388534546,0.26128900051116943,0.2503524720668793,0.4858670234680176,0.25734204053878784,0.22205062210559845,0.42190203070640564,0.34505900740623474,0.09757976233959198,0.5378298759460449,0.3208877444267273,-0.0011216297280043364,0.3868044912815094,0.37681618332862854,0.2479313313961029,0.5612961649894714,0.27560752630233765,0.15084725618362427,0.43998199701309204,0.31916046142578125,0.5308251976966858,0.5075827836990356,0.2322710007429123,0.4736655354499817,0.450404554605484,0.303509920835495,0.5799933671951294,0.49882546067237854,0.2178776115179062,0.4996321201324463,0.454531729221344,0.2992417514324188,0.5544465184211731,0.48978185653686523,0.22030705213546753,0.49534425139427185,0.45349735021591187,0.3055400252342224,0.527742862701416,0.48996296525001526,0.23047049343585968,0.4766455590724945,0.4430670142173767,0.6025311946868896,0.04312816262245178,0.5159240961074829,0.6136504411697388,-0.04330702871084213,0.4206007421016693,0.7745696306228638,0.11823926120996475,0.5328971743583679,0.7884209752082825,-0.07613570988178253,0.41536521911621094,0.9530667662620544,0.050633691251277924,0.516721785068512,0.951367974281311,-0.14665189385414124,0.41419512033462524,0.9692055583000183,0.04292081668972969,0.5046327710151672,0.9713106155395508,-0.15318475663661957,0.39907991886138916,0.9974911212921143,0.03130917251110077,0.5322860479354858,1.0067139863967896,-0.1849866807460785
frame_00227.jpg,0.4778619408607483,0.23414182662963867,0.2057800590991974,0.47249922156333923,0.2248544543981552,0.16782142221927643,0.46873992681503296,0.2263553887605667,0.16756662726402283,0.4648752212524414,0.2280004322528839,0.16748562455177307,0.4832446575164795,0.22233684360980988,0.16536323726177216,0.4871792793273926,0.22232811152935028,0.16495615243911743,0.49161943793296814,0.22230549156665802,0.1648072749376297,0.45883020758628845,0.24026499688625336,0.03928278386592865,0.501181960105896,0.2341756373643875,0.018624430522322655,0.4740784764289856,0.25183677673339844,0.1728142946958542,0.4861293435096741,0.24917243421077728,0.16162125766277313,0.42044004797935486,0.33449575304985046,0.018009807914495468,0.5368430614471436,0.3124074339866638,-0.0361117422580719,0.3653356432914734,0.3283349275588989,0.1949104517698288,0.5602775812149048,0.2633332908153534,0.09078939259052277,0.4330011010169983,0.2722679674625397,0.4353150725364685,0.5001636743545532,0.2270970493555069,0.34854280948638916,0.4461355209350586,0.2567356526851654,0.47673195600509644,0.49075475335121155,0.21277518570423126,0.3787889778614044,0.45026907324790955,0.2564235329627991,0.450151264667511,0.4876827299594879,0.21668824553489685,0.36324542760849,0.4467741847038269,0.2639300227165222,0.430704265832901,0.4883979856967926,0.22599244117736816,0.3453255295753479,0.4411664605140686,0.6025403141975403,0.04096783697605133,0.5146945714950562,0.6140148639678955,-0.041216056793928146,0.42067790031433105,0.7748367786407471,0.12218093872070312,0.5332058668136597,0.7861367464065552,-0.08009286224842072,0.4163248538970947,0.9598286747932434,0.05548803135752678,0.5171298384666443,0.9498749375343323,-0.17552417516708374,0.4168260097503662,0.986943781375885,0.046558767557144165,0.5055893659591675,0.976554811000824,-0.1856953352689743,0.4045870900154114,0.9993726015090942,0.029754068702459335,0.5352920293807983,1.0087332725524902,-0.2259114682674408
frame_00228.jpg,0.4778839647769928,0.22654864192008972,0.1732259839773178,0.4724278450012207,0.218013197183609,0.138112872838974,0.46847406029701233,0.21940487623214722,0.13788869976997375,0.46432095766067505,0.22081080079078674,0.1378304660320282,0.4831649661064148,0.21595925092697144,0.13453498482704163,0.48709797859191895,0.21600322425365448,0.13407452404499054,0.49156731367111206,0.21588945388793945,0.13397009670734406,0.4579460024833679,0.23191896080970764,0.019735058769583702,0.5010964274406433,0.22706153988838196,-0.00031862343894317746,0.4736918807029724,0.24391794204711914,0.1426997035741806,0.48580417037010193,0.2419048249721527,0.1343536674976349,0.4178617596626282,0.3203609585762024,-0.006180808879435062,0.5360667705535889,0.3046674132347107,-0.0413074716925621,0.3635632395744324,0.2904985547065735,0.1323333978652954,0.5571984052658081,0.24849778413772583,0.058726899325847626,0.4292506277561188,0.22086206078529358,0.3478104770183563,0.49356380105018616,0.21952416002750397,0.2621006369590759,0.44371041655540466,0.19779445230960846,0.3819097876548767,0.48698633909225464,0.20432612299919128,0.28716063499450684,0.4501742422580719,0.1988239735364914,0.35390716791152954,0.48549771308898926,0.2034624218940735,0.2705692648887634,0.44617557525634766,0.2113574594259262,0.3416181206703186,0.48545393347740173,0.21160270273685455,0.25743016600608826,0.43982362747192383,0.597731351852417,0.030130023136734962,0.5136265158653259,0.6068711876869202,-0.030469024553894997,0.42281389236450195,0.7742213010787964,0.06060528755187988,0.5328234434127808,0.7825382351875305,-0.11240138113498688,0.42829880118370056,0.9666209816932678,-0.02589663490653038,0.5179651379585266,0.9494938254356384,-0.2335871458053589,0.43279752135276794,0.9958317279815674,-0.03719143941998482,0.510721743106842,0.9788649678230286,-0.24660637974739075,0.4183996617794037,1.0095994472503662,-0.056994516402482986,0.5332522392272949,1.0121326446533203,-0.2858855128288269
frame_00229.jpg,0.47785520553588867,0.22758238017559052,0.1688874065876007,0.47240644693374634,0.2177763283252716,0.13382253050804138,0.4683854579925537,0.21901625394821167,0.13360272347927094,0.4641185700893402,0.2202695906162262,0.13356778025627136,0.4831233620643616,0.21553140878677368,0.12886321544647217,0.48708978295326233,0.21531137824058533,0.1284128874540329,0.49158087372779846,0.21489566564559937,0.12834098935127258,0.45734214782714844,0.23025862872600555,0.015513069927692413,0.5009719133377075,0.22517572343349457,-0.00961711909621954,0.4735545516014099,0.24439480900764465,0.13863255083560944,0.4857443869113922,0.24260084331035614,0.1291116178035736,0.4175208508968353,0.3115631341934204,-0.004988681059330702,0.5355552434921265,0.2990787625312805,-0.05272189527750015,0.36739641427993774,0.25755852460861206,0.11986067146062851,0.5567389726638794,0.240858256816864,0.03940665349364281,0.42757099866867065,0.1926145851612091,0.3061628043651581,0.491734117269516,0.20489780604839325,0.23349663615226746,0.44076982140541077,0.1626127064228058,0.33567193150520325,0.4853050112724304,0.18380936980247498,0.2550268769264221,0.4479988217353821,0.166982039809227,0.30966347455978394,0.4838525652885437,0.18555115163326263,0.23837164044380188,0.4444252550601959,0.18221236765384674,0.3001909554004669,0.4841100573539734,0.1962578296661377,0.2285880297422409,0.4389474391937256,0.5957095623016357,0.030243555083870888,0.5126805305480957,0.6032852530479431,-0.03057343326508999,0.425809770822525,0.772646963596344,0.0688716396689415,0.5324740409851074,0.7797420024871826,-0.1331920325756073,0.43187451362609863,0.9701459407806396,0.0009918527211993933,0.5172584056854248,0.9504923224449158,-0.24858376383781433,0.436703622341156,0.9995419383049011,-0.008981984108686447,0.5079228281974792,0.9803962707519531,-0.2615646719932556,0.41901201009750366,1.0116233825683594,-0.03522990271449089,0.5305887460708618,1.0134488344192505,-0.3108362853527069
frame_00230.jpg,0.47814664244651794,0.21759028732776642,0.1309211552143097,0.4727973937988281,0.20785866677761078,0.10036792606115341,0.4689035415649414,0.2088005095720291,0.10014484822750092,0.4646452069282532,0.2098449021577835,0.10014106333255768,0.4833768904209137,0.20658649504184723,0.09236486256122589,0.4874195456504822,0.20673124492168427,0.09190596640110016,0.4919184148311615,0.2068004310131073,0.09181887656450272,0.45740967988967896,0.22254402935504913,0.004733751527965069,0.5009860396385193,0.22009176015853882,-0.0335937924683094,0.47387537360191345,0.2348559945821762,0.1091107577085495,0.4859067499637604,0.23359934985637665,0.09556181728839874,0.4170857071876526,0.2905902862548828,0.0032393098808825016,0.5358554124832153,0.28624409437179565,-0.07042612135410309,0.3748714029788971,0.20881785452365875,0.12648573517799377,0.5634493827819824,0.2341071218252182,0.0379147082567215,0.43003684282302856,0.1586781144142151,0.3508531451225281,0.49226242303848267,0.1886191964149475,0.2676330804824829,0.439951092004776,0.13768310844898224,0.38832253217697144,0.48558586835861206,0.16556045413017273,0.29200106859207153,0.4477989673614502,0.14716625213623047,0.366163432598114,0.48384156823158264,0.16921545565128326,0.27344292402267456,0.4446036219596863,0.15867844223976135,0.34799066185951233,0.4841062128543854,0.17928610742092133,0.26320305466651917,0.43624845147132874,0.5838602185249329,0.03315328061580658,0.508380115032196,0.5887397527694702,-0.03348847106099129,0.42596906423568726,0.7666352391242981,0.06377480924129486,0.5323045253753662,0.7668362259864807,-0.14511612057685852,0.4305928349494934,0.9572598934173584,-0.0030673672445118427,0.5174764394760132,0.9430709481239319,-0.24285726249217987,0.43965473771095276,0.9938910603523254,-0.012614592909812927,0.5100244879722595,0.9696193933486938,-0.2532412111759186,0.42257437109947205,1.008684515953064,-0.04305461049079895,0.5327089428901672,1.010301113128662,-0.30050450563430786
frame_00231.jpg,0.4784780442714691,0.22076961398124695,0.15386977791786194,0.47352972626686096,0.21104666590690613,0.1240864247083664,0.46978768706321716,0.21202772855758667,0.12385918945074081,0.46549612283706665,0.21305173635482788,0.12386125326156616,0.4838232100009918,0.20920583605766296,0.11579184234142303,0.4878927171230316,0.2090553343296051,0.11533947288990021,0.49234455823898315,0.2087804675102234,0.11525870859622955,0.45747727155685425,0.22449210286140442,0.013696981593966484,0.501335084438324,0.22177547216415405,-0.015814099460840225,0.474043071269989,0.2379654496908188,0.13062241673469543,0.485950231552124,0.23639823496341705,0.11699308454990387,0.41762733459472656,0.2905736565589905,0.03940504789352417,0.5350052714347839,0.28974243998527527,-0.06865335255861282,0.3919298052787781,0.20808273553848267,0.20457999408245087,0.5633207559585571,0.23403878509998322,0.06108744814991951,0.4286840558052063,0.16841813921928406,0.4331042766571045,0.4989469051361084,0.18963244557380676,0.30620306730270386,0.4265969693660736,0.171271413564682,0.472963809967041,0.4916321337223053,0.17101047933101654,0.33492961525917053,0.4438418447971344,0.15628290176391602,0.45354652404785156,0.48757392168045044,0.17059160768985748,0.31026673316955566,0.43573904037475586,0.1810721904039383,0.4318956434726715,0.48786354064941406,0.18358521163463593,0.30386611819267273,0.4329361021518707,0.5841638445854187,0.038470469415187836,0.5049663782119751,0.5879670977592468,-0.038824211806058884,0.42681336402893066,0.7667455077171326,0.0637441873550415,0.5365840792655945,0.7628305554389954,-0.14819106459617615,0.4298957288265228,0.9576475620269775,-0.00825447030365467,0.5168793201446533,0.9458106160163879,-0.23001503944396973,0.43672090768814087,0.9922173619270325,-0.017932232469320297,0.5085605382919312,0.9727402329444885,-0.23858316242694855,0.4196792542934418,1.0052071809768677,-0.04578448086977005,0.5380340218544006,1.0000367164611816,-0.2797127664089203
frame_00232.jpg,0.4790654182434082,0.22274799644947052,0.135059654712677,0.47454947233200073,0.2126173973083496,0.10963363945484161,0.470928817987442,0.2134537398815155,0.10941161215305328,0.4666849672794342,0.21430549025535583,0.10942433774471283,0.48468032479286194,0.210895836353302,0.09976208955049515,0.4887867569923401,0.2106250822544098,0.0993095189332962,0.49313265085220337,0.2101413607597351,0.09921269863843918,0.4578242897987366,0.22516557574272156,0.024027161300182343,0.5018260478973389,0.22284139692783356,-0.0165150947868824,0.4744862914085388,0.23915868997573853,0.11898338794708252,0.4862864911556244,0.23806199431419373,0.10293535888195038,0.41817665100097656,0.28857648372650146,0.04682781174778938,0.5344294905662537,0.29156017303466797,-0.0628119707107544,0.4051867127418518,0.19546030461788177,0.20603635907173157,0.5653398633003235,0.23399104177951813,0.04198792576789856,0.4299655556678772,0.16915105283260345,0.41433924436569214,0.5009254217147827,0.18979951739311218,0.2627396881580353,0.42907315492630005,0.17371207475662231,0.4509490132331848,0.49250298738479614,0.1739168018102646,0.2818360924720764,0.44727975130081177,0.16925345361232758,0.43090635538101196,0.488131046295166,0.17374823987483978,0.2617549002170563,0.4365138113498688,0.18812188506126404,0.41214442253112793,0.488854318857193,0.18386371433734894,0.25833842158317566,0.4299030303955078,0.5851941704750061,0.043766021728515625,0.5013135075569153,0.589110255241394,-0.04412202164530754,0.4254644513130188,0.765906035900116,0.08219116181135178,0.5397316217422485,0.7579755187034607,-0.14024147391319275,0.42649704217910767,0.9519681334495544,0.026117777451872826,0.5353997945785522,0.9354702830314636,-0.19625535607337952,0.432100772857666,0.9900099039077759,0.01763252541422844,0.5221396684646606,0.9600483179092407,-0.2023770809173584,0.412573903799057,1.0018255710601807,-0.019913828000426292,0.5537533164024353,0.9956213235855103,-0.24707941710948944
frame_00233.jpg,0.4791475236415863,0.2236400544643402,0.10103811323642731,0.47484320402145386,0.21276289224624634,0.07654114067554474,0.4713587164878845,0.21344365179538727,0.07630239427089691,0.46725577116012573,0.21411246061325073,0.07629251480102539,0.48478999733924866,0.21171368658542633,0.06477223336696625,0.48886004090309143,0.21167472004890442,0.06435511261224747,0.49314260482788086,0.21138136088848114,0.06424333155155182,0.45870184898376465,0.22461216151714325,0.004591412376612425,0.501846194267273,0.22360935807228088,-0.0500907227396965,0.47456350922584534,0.239549458026886,0.08705057948827744,0.4863560199737549,0.23900696635246277,0.06869693845510483,0.4186384081840515,0.2841653525829315,0.038792505860328674,0.5326327085494995,0.2926769554615021,-0.11157796531915665,0.4106413424015045,0.17373643815517426,0.15060164034366608,0.5686239004135132,0.23504574596881866,-0.07077525556087494,0.4360269010066986,0.16366973519325256,0.27480804920196533,0.5015135407447815,0.1909613162279129,0.09089228510856628,0.43531766533851624,0.1739034652709961,0.29874762892723083,0.493604838848114,0.18117161095142365,0.09611602127552032,0.45353826880455017,0.17510676383972168,0.2776149809360504,0.4883738160133362,0.17829035222530365,0.07724450528621674,0.44539302587509155,0.1795540153980255,0.26960936188697815,0.4890735149383545,0.18745948374271393,0.08478014171123505,0.4264744818210602,0.5859386324882507,0.05380865931510925,0.49440112709999084,0.5885640382766724,-0.05416962504386902,0.42309895157814026,0.7653447985649109,0.08731526881456375,0.5425100922584534,0.7577165961265564,-0.12167872488498688,0.4263543486595154,0.9499475359916687,0.03981669992208481,0.5089175701141357,0.9384586215019226,-0.17853376269340515,0.43123260140419006,0.9797297120094299,0.031629778444767,0.49356526136398315,0.9675325155258179,-0.18622031807899475,0.4123503565788269,0.9964510798454285,-0.012705467641353607,0.5277211666107178,0.9957032799720764,-0.22722885012626648
frame_00234.jpg,0.4830971360206604,0.22624006867408752,0.05935019999742508,0.47894105315208435,0.2140779346227646,0.03459498658776283,0.47582563757896423,0.21385174989700317,0.03438250347971916,0.4721803665161133,0.21461208164691925,0.03440151363611221,0.48868975043296814,0.21549609303474426,0.023988962173461914,0.4926547110080719,0.21612030267715454,0.02361168898642063,0.49666523933410645,0.21638037264347076,0.0235283300280571,0.46318119764328003,0.22562269866466522,-0.03306090086698532,0.503413200378418,0.22701053321361542,-0.08218617737293243,0.47797900438308716,0.24047988653182983,0.047263868153095245,0.48938459157943726,0.2432880997657776,0.030621379613876343,0.4204513132572174,0.28433212637901306,-0.01001132931560278,0.5311285257339478,0.30165624618530273,-0.1259223371744156,0.4279835820198059,0.1665307879447937,0.030819285660982132,0.5690871477127075,0.24234604835510254,-0.10130508989095688,0.44787922501564026,0.17822717130184174,0.055761270225048065,0.501447319984436,0.20142383873462677,0.016163136810064316,0.44926032423973083,0.17622685432434082,0.05763810873031616,0.4933856427669525,0.19216427206993103,0.010309706442058086,0.4579576551914215,0.18784718215465546,0.038468487560749054,0.4885598123073578,0.19282813370227814,-0.010823500342667103,0.4567304253578186,0.19073611497879028,0.048422105610370636,0.4895474910736084,0.19798623025417328,0.007682075258344412,0.4214593470096588,0.5866543054580688,0.0514439232647419,0.4869038164615631,0.5902683734893799,-0.051768649369478226,0.41700610518455505,0.7670188546180725,0.09034116566181183,0.5418103933334351,0.7601171731948853,-0.09816765785217285,0.4184335172176361,0.9558579921722412,0.09237048774957657,0.532926619052887,0.9391638040542603,-0.10146514326334,0.43112674355506897,1.00157630443573,0.08713749796152115,0.5051374435424805,0.9960957765579224,-0.10587777942419052,0.40817326307296753,1.0080488920211792,-0.004796972032636404,0.5423258543014526,1.00083327293396,-0.18263599276542664
frame_00235.jpg,0.4886855185031891,0.23703402280807495,0.07047539949417114,0.48424607515335083,0.2260834127664566,0.04882467910647392,0.4812752306461334,0.22606782615184784,0.048608358949422836,0.47787800431251526,0.22639654576778412,0.04863552004098892,0.4938407838344574,0.22820135951042175,0.03679027035832405,0.49768346548080444,0.22959645092487335,0.03640861064195633,0.5016874074935913,0.23080341517925262,0.03634287416934967,0.4688030183315277,0.23406566679477692,-0.013980867341160774,0.5067200660705566,0.24240157008171082,-0.06773872673511505,0.4830736219882965,0.25088971853256226,0.06056889891624451,0.4944320321083069,0.2556667625904083,0.042060334235429764,0.4233686327934265,0.2894395589828491,0.0010173798073083162,0.5299780368804932,0.31972378492355347,-0.10219404846429825,0.4321471154689789,0.18505969643592834,0.06819884479045868,0.5689919590950012,0.25174325704574585,-0.03941213712096214,0.4494243264198303,0.14336246252059937,0.11788520961999893,0.5055036544799805,0.21021324396133423,0.11551203578710556,0.449214369058609,0.14243067800998688,0.1216375082731247,0.4968816339969635,0.197951078414917,0.1173614114522934,0.4551451802253723,0.14900055527687073,0.10383862257003784,0.49186015129089355,0.19723740220069885,0.09884966909885406,0.4562664031982422,0.15358738601207733,0.11199907213449478,0.493488609790802,0.2020251452922821,0.1090378537774086,0.41867074370384216,0.5883473753929138,0.04975655674934387,0.4842360019683838,0.5915060639381409,-0.05006632208824158,0.4097309708595276,0.7675938010215759,0.11607648432254791,0.5458409190177917,0.7610856294631958,-0.08856047689914703,0.4077068865299225,0.9534154534339905,0.1595611870288849,0.5421258211135864,0.9413734674453735,-0.06349028646945953,0.4207189679145813,0.9998400211334229,0.1584305614233017,0.5226334929466248,0.9832571148872375,-0.06386597454547882,0.3905925452709198,0.9983286261558533,0.09353192150592804,0.5517756342887878,1.0003938674926758,-0.13069498538970947
frame_00236.jpg,0.49340829253196716,0.24304063618183136,0.021278107538819313,0.4886850416660309,0.23128724098205566,-0.0031688895542174578,0.48573341965675354,0.23095284402370453,-0.00338030350394547,0.4824843406677246,0.23079317808151245,-0.0033651634585112333,0.49842992424964905,0.23495936393737793,-0.01444004476070404,0.5022753477096558,0.23712092638015747,-0.014814721420407295,0.506221354007721,0.23906651139259338,-0.0148703558370471,0.47373318672180176,0.2390475571155548,-0.06547141820192337,0.510181188583374,0.25292956829071045,-0.11676573753356934,0.48731547594070435,0.25766900181770325,0.012461463920772076,0.49823346734046936,0.2637653052806854,-0.0049903299659490585,0.4260403513908386,0.29300305247306824,-0.04666484519839287,0.5293881297111511,0.33267658948898315,-0.1297052949666977,0.43657374382019043,0.18702435493469238,-0.014670957811176777,0.5652271509170532,0.2618076503276825,-0.08799190819263458,0.44984763860702515,0.1275566965341568,-0.0153700215741992,0.5068753361701965,0.221995547413826,0.016948364675045013,0.4492091238498688,0.11199367791414261,-0.023935552686452866,0.5003424882888794,0.21143874526023865,0.01112294103950262,0.45522475242614746,0.11424339562654495,-0.04064395651221275,0.49433213472366333,0.2129317820072174,-0.00724489102140069,0.4578931927680969,0.12046578526496887,-0.022432608529925346,0.49423113465309143,0.21573927998542786,0.009327184408903122,0.41669145226478577,0.5899732112884521,0.047044724225997925,0.4828595519065857,0.5924096703529358,-0.04732568934559822,0.41044145822525024,0.7735116481781006,0.1152987852692604,0.5446574091911316,0.7758238315582275,-0.07774999737739563,0.4178868234157562,0.9659934639930725,0.17214499413967133,0.5387943387031555,0.9423559308052063,-0.052193738520145416,0.42650485038757324,1.0010894536972046,0.17228963971138,0.5220919847488403,1.000754714012146,-0.053910113871097565,0.4001848101615906,0.9971009492874146,0.10234493017196655,0.5487484335899353,1.000508189201355,-0.134254589676857
frame_00237.jpg,0.497962087392807,0.24431045353412628,0.015639523044228554,0.4928978979587555,0.23256011307239532,-0.008303070440888405,0.48976626992225647,0.23191401362419128,-0.008499523624777794,0.48653507232666016,0.23140858113765717,-0.008489703759551048,0.5029715299606323,0.23747402429580688,-0.022668948397040367,0.5066893100738525,0.24006809294223785,-0.023036014288663864,0.5105498433113098,0.2424544245004654,-0.023118993267416954,0.4782485365867615,0.23986150324344635,-0.06489750742912292,0.5140044689178467,0.2565995454788208,-0.1305989921092987,0.4913632273674011,0.25886037945747375,0.009405565448105335,0.5020198225975037,0.26580479741096497,-0.012287476100027561,0.42921820282936096,0.29303276538848877,-0.042148657143116,0.5287987589836121,0.336551696062088,-0.15792414546012878,0.44660407304763794,0.1648528128862381,-0.022267039865255356,0.5736294984817505,0.2687162458896637,-0.14050768315792084,0.45442190766334534,0.08336835354566574,-0.04458588361740112,0.5065905451774597,0.23314256966114044,-0.04818955808877945,0.45327600836753845,0.06328317523002625,-0.056657589972019196,0.5004408955574036,0.22635585069656372,-0.05799658223986626,0.4576745629310608,0.06551975011825562,-0.07030261307954788,0.4941434860229492,0.2310270369052887,-0.07781700789928436,0.4615681767463684,0.07298092544078827,-0.05138698220252991,0.49456825852394104,0.2345680147409439,-0.05600316449999809,0.41541847586631775,0.5926180481910706,0.04780454561114311,0.4805572032928467,0.5948159098625183,-0.04809211939573288,0.40978965163230896,0.7791175842285156,0.11807028204202652,0.5445736646652222,0.7782262563705444,-0.07404227554798126,0.4191657602787018,0.9763681292533875,0.17654824256896973,0.5364994406700134,0.946099579334259,-0.05596355348825455,0.4265750050544739,1.0076428651809692,0.17640140652656555,0.5243531465530396,0.9919520020484924,-0.058483708649873734,0.4063277840614319,0.9972516298294067,0.10824030637741089,0.551160454750061,1.0021886825561523,-0.1388711780309677
frame_00238.jpg,0.4981173574924469,0.25557568669319153,0.05349062755703926,0.49267858266830444,0.2427307665348053,0.02688988484442234,0.48931974172592163,0.24198834598064423,0.026672888547182083,0.48576799035072327,0.24129369854927063,0.026683414354920387,0.5031635165214539,0.2479746788740158,0.014198057353496552,0.5068999528884888,0.25068601965904236,0.013827775605022907,0.5107383131980896,0.2532053589820862,0.013761023059487343,0.47751766443252563,0.2509201467037201,-0.047406211495399475,0.5142659544944763,0.2678057849407196,-0.10654784739017487,0.49170613288879395,0.27104365825653076,0.04076980799436569,0.5023733377456665,0.27772438526153564,0.021341171115636826,0.4308719038963318,0.2989940643310547,-0.03036963939666748,0.5277150869369507,0.34614452719688416,-0.13933825492858887,0.44563016295433044,0.18524692952632904,-0.002977086929604411,0.572472095489502,0.2799815237522125,-0.09286421537399292,0.4538142681121826,0.09858407825231552,-0.006874630693346262,0.5075841546058655,0.2503739893436432,0.03596217930316925,0.4529387950897217,0.051209863275289536,-0.015851756557822227,0.5021954774856567,0.24012762308120728,0.03293066471815109,0.4576083719730377,0.07557211071252823,-0.028641516342759132,0.4944475293159485,0.24436591565608978,0.016464605927467346,0.4611966013908386,0.08421681076288223,-0.01274421252310276,0.495483934879303,0.24684228003025055,0.029933443292975426,0.4129068851470947,0.6008264422416687,0.050007544457912445,0.4774788022041321,0.6021332144737244,-0.05025976151227951,0.4096299707889557,0.7854763269424438,0.15435877442359924,0.5403720140457153,0.7867628931999207,-0.05495291203260422,0.419167697429657,0.9742628335952759,0.2387213408946991,0.5358022451400757,0.9465792775154114,-0.046336885541677475,0.4256376326084137,1.0059083700180054,0.2410670518875122,0.5238354802131653,0.9866103529930115,-0.04947821423411369,0.4088354706764221,0.9792253375053406,0.17781683802604675,0.549304187297821,0.9981368184089661,-0.13171491026878357
frame_00239.jpg,0.5009848475456238,0.263437956571579,0.04722505807876587,0.49511441588401794,0.2491825968027115,0.02336595207452774,0.49141979217529297,0.24806827306747437,0.02311486378312111,0.4875638484954834,0.2470593899488449,0.023105090484023094,0.505715012550354,0.2551094889640808,0.006729322485625744,0.5092244744300842,0.25781288743019104,0.006447759922593832,0.5128452181816101,0.26022985577583313,0.006371406372636557,0.4784923195838928,0.2560827136039734,-0.04061596468091011,0.5154951214790344,0.2740970253944397,-0.11678934097290039,0.4940454065799713,0.27820977568626404,0.0376860611140728,0.5044382214546204,0.28517237305641174,0.012921607121825218,0.4315741956233978,0.3013264238834381,-0.0406346432864666,0.5255792737007141,0.35161855816841125,-0.17769676446914673,0.44493764638900757,0.19011777639389038,-0.0663631334900856,0.5718580484390259,0.2897970974445343,-0.35697177052497864,0.45377635955810547,0.11221621185541153,-0.1389913409948349,0.5081828832626343,0.2568472921848297,-0.5052607655525208,0.45263800024986267,0.08999843895435333,-0.16261087357997894,0.5015190839767456,0.2485739290714264,-0.5572789907455444,0.45752373337745667,0.09208668768405914,-0.17731939256191254,0.494615375995636,0.24825488030910492,-0.5636202096939087,0.4610753655433655,0.09882409125566483,-0.14770497381687164,0.49586066603660583,0.2511157691478729,-0.5147337317466736,0.41029396653175354,0.6022546887397766,0.052621711045503616,0.4738124907016754,0.6040078997612,-0.052849315106868744,0.4081740379333496,0.7867273688316345,0.14339080452919006,0.5367833971977234,0.785902738571167,-0.06600091606378555,0.4207730293273926,0.9742235541343689,0.19743576645851135,0.5345058441162109,0.947006106376648,-0.062438398599624634,0.426349401473999,1.0056854486465454,0.19601097702980042,0.520480751991272,1.0070602893829346,-0.06607811152935028,0.4138854444026947,0.9806141257286072,0.12734510004520416,0.5499059557914734,0.9985829591751099,-0.13936468958854675
frame_00240.jpg,0.5023658871650696,0.26724332571029663,0.05242379382252693,0.49623483419418335,0.25312039256095886,0.038580816239118576,0.4925000071525574,0.2517283856868744,0.03833473473787308,0.48871487379074097,0.2504946291446686,0.038347553461790085,0.5068490505218506,0.259476900100708,0.018746254965662956,0.5103203654289246,0.26221320033073425,0.018516773357987404,0.5138426423072815,0.2646653354167938,0.01855447329580784,0.4797664284706116,0.25874918699264526,-0.016294794157147408,0.5163167715072632,0.2784010171890259,-0.09305452555418015,0.4956026077270508,0.2812158465385437,0.049331508576869965,0.5056015253067017,0.28854796290397644,0.020313002169132233,0.4327002167701721,0.3057361841201782,-0.02238018624484539,0.5244794487953186,0.35484713315963745,-0.1352543979883194,0.4454190135002136,0.1903831660747528,-0.0046117049641907215,0.564483106136322,0.29035648703575134,-0.2792838215827942,0.45893970131874084,0.1553153544664383,-0.0015146405203267932,0.5079610347747803,0.25977545976638794,-0.13748419284820557,0.4579516053199768,0.14918620884418488,-0.007642402313649654,0.5025480389595032,0.25360336899757385,-0.1445441097021103,0.46267691254615784,0.15810337662696838,-0.024857286363840103,0.4952883720397949,0.2523971199989319,-0.15728165209293365,0.4668453335762024,0.15999864041805267,-0.008818576112389565,0.4957044720649719,0.2544456720352173,-0.1423521637916565,0.40972375869750977,0.6062553524971008,0.04915916919708252,0.4717765748500824,0.6110926270484924,-0.049421586096286774,0.4064503312110901,0.7918770909309387,0.10288801044225693,0.5281103253364563,0.8019711375236511,-0.08634564280509949,0.423360675573349,0.9925438165664673,0.13742251694202423,0.5101154446601868,0.9609720706939697,-0.10809405148029327,0.42814603447914124,1.0230166912078857,0.1333894282579422,0.47792166471481323,1.0251249074935913,-0.11502224206924438,0.4160281717777252,1.004602074623108,0.055814482271671295,0.5164861679077148,1.0166032314300537,-0.2011198252439499
frame_00241.jpg,0.5029193162918091,0.27109402418136597,0.05880676954984665,0.496544748544693,0.2564045190811157,0.03911616653203964,0.49278420209884644,0.254779189825058,0.038864899426698685,0.4890117645263672,0.2533701956272125,0.038866475224494934,0.5073527097702026,0.2629808485507965,0.023836927488446236,0.510802149772644,0.2655690610408783,0.0235665924847126,0.5142654180526733,0.2678963541984558,0.023570217192173004,0.4802737832069397,0.26068314909935,-0.019976895302534103,0.5166532397270203,0.28139591217041016,-0.08833880722522736,0.49614763259887695,0.28409960865974426,0.04980802536010742,0.5063634514808655,0.29190853238105774,0.027253326028585434,0.43309909105300903,0.3116515576839447,-0.03742244094610214,0.5220240950584412,0.3571958839893341,-0.13183638453483582,0.44584551453590393,0.18686547875404358,-0.08810614049434662,0.55991131067276,0.2891601622104645,-0.23390400409698486,0.4827113747596741,0.2408261001110077,-0.18883982300758362,0.5055651664733887,0.25979453325271606,-0.2840162515640259,0.4887998104095459,0.24930940568447113,-0.21190956234931946,0.5004984736442566,0.256858229637146,-0.3184283673763275,0.4912673532962799,0.2564924657344818,-0.2379770576953888,0.49389028549194336,0.2551361322402954,-0.33223849534988403,0.49581265449523926,0.26158472895622253,-0.2026553601026535,0.49482306838035583,0.2566717565059662,-0.295096218585968,0.4103097915649414,0.6132898330688477,0.04319200664758682,0.4703247547149658,0.619732677936554,-0.04345889389514923,0.40666037797927856,0.8130921721458435,0.06133526563644409,0.5212404131889343,0.8146148920059204,-0.11198262870311737,0.4297195374965668,1.0239671468734741,0.06645791977643967,0.49194392561912537,1.0071243047714233,-0.14571410417556763,0.43304499983787537,1.0532102584838867,0.058445680886507034,0.47569918632507324,1.0423662662506104,-0.1554901897907257,0.42252761125564575,1.0474597215652466,-0.03282647579908371,0.5166502594947815,1.038282871246338,-0.25592848658561707
frame_00242.jpg,0.5024688243865967,0.27080753445625305,0.04561450332403183,0.496462345123291,0.2567041516304016,0.02591749094426632,0.49288326501846313,0.25516533851623535,0.025676723569631577,0.48932427167892456,0.2537458539009094,0.02567932941019535,0.50706946849823,0.26326459646224976,0.011781019158661366,0.510504961013794,0.265970915555954,0.011486438103020191,0.5139544010162354,0.2683713138103485,0.011472778394818306,0.4810696542263031,0.26133444905281067,-0.028307294473052025,0.5165051221847534,0.28244832158088684,-0.0928557738661766,0.49585169553756714,0.2841072678565979,0.037293776869773865,0.5062112212181091,0.29202815890312195,0.01644134148955345,0.4333633482456207,0.31235700845718384,-0.03890102356672287,0.5196999311447144,0.3578776717185974,-0.1350298970937729,0.4441564083099365,0.18068450689315796,-0.09321428090333939,0.5477228164672852,0.29184022545814514,-0.22476676106452942,0.49786585569381714,0.23269517719745636,-0.20669956505298615,0.5094947218894958,0.2604929506778717,-0.26047948002815247,0.5032081604003906,0.23743250966072083,-0.22998981177806854,0.49949946999549866,0.25496456027030945,-0.29079657793045044,0.5071004629135132,0.24849016964435577,-0.2533496022224426,0.49381548166275024,0.254241406917572,-0.30176863074302673,0.5092424750328064,0.2485257089138031,-0.21960720419883728,0.49350133538246155,0.2564348876476288,-0.26933127641677856,0.40997108817100525,0.6125725507736206,0.04142793267965317,0.46965891122817993,0.6190820932388306,-0.041707053780555725,0.407565176486969,0.8111276030540466,0.03524622321128845,0.5209594368934631,0.8100883364677429,-0.1349763721227646,0.4334821105003357,1.0166471004486084,0.020105766132473946,0.49008888006210327,1.004315972328186,-0.1928783506155014,0.4371190071105957,1.0446864366531372,0.010545137338340282,0.4771917760372162,1.0365275144577026,-0.20490416884422302,0.42470961809158325,1.0450892448425293,-0.07845378667116165,0.5144906640052795,1.0368540287017822,-0.3039335310459137
frame_00243.jpg,0.5017648935317993,0.26856517791748047,0.05211173743009567,0.49602580070495605,0.255370169878006,0.031208809465169907,0.4926292300224304,0.2540198266506195,0.03097686730325222,0.4892391264438629,0.2527311444282532,0.030973220244050026,0.5064879655838013,0.26175323128700256,0.0180241446942091,0.509955108165741,0.2645251750946045,0.0176971685141325,0.5134562253952026,0.2669980227947235,0.017662089318037033,0.4815828204154968,0.2606087625026703,-0.0272776298224926,0.5163114070892334,0.2812855541706085,-0.09209191054105759,0.49532240629196167,0.2820647358894348,0.04276364669203758,0.5057423114776611,0.28974440693855286,0.023021813482046127,0.43373918533325195,0.31222307682037354,-0.03392397239804268,0.5190722346305847,0.35630613565444946,-0.13184280693531036,0.44271740317344666,0.17904169857501984,-0.059476882219314575,0.5403318405151367,0.29302161931991577,-0.20017488300800323,0.4858839511871338,0.183000847697258,-0.12746791541576385,0.5131090879440308,0.2577613592147827,-0.23328538239002228,0.48977285623550415,0.181843101978302,-0.1470208466053009,0.5107297301292419,0.2526645362377167,-0.261986643075943,0.49417033791542053,0.19244125485420227,-0.1666269749403,0.4937741160392761,0.25318166613578796,-0.2740750312805176,0.49602049589157104,0.19268107414245605,-0.13788235187530518,0.4936276376247406,0.25569823384284973,-0.24216055870056152,0.40841594338417053,0.6125643253326416,0.039764996618032455,0.46817803382873535,0.6187681555747986,-0.04006631672382355,0.408119261264801,0.8124194741249084,0.04517418518662453,0.5206707715988159,0.8077118992805481,-0.12046365439891815,0.4344063699245453,1.015622615814209,0.03996290639042854,0.49242115020751953,1.004428505897522,-0.16041193902492523,0.4389065206050873,1.0436551570892334,0.032073505222797394,0.4794868528842926,1.03547203540802,-0.16934460401535034,0.42526501417160034,1.042980670928955,-0.05255857855081558,0.516139805316925,1.038528323173523,-0.2600100040435791
frame_00244.jpg,0.50214684009552,0.26795899868011475,0.05351986736059189,0.4964168071746826,0.25493520498275757,0.03567161411046982,0.49309974908828735,0.2536008059978485,0.03543313592672348,0.48977717757225037,0.2523319721221924,0.03543684259057045,0.5066491961479187,0.2613782584667206,0.019909687340259552,0.5100507140159607,0.2641621232032776,0.01960189826786518,0.5134888887405396,0.2665955126285553,0.01956311985850334,0.4817792773246765,0.2600066065788269,-0.011988401412963867,0.5162357091903687,0.28029483556747437,-0.08074365556240082,0.49577346444129944,0.28119078278541565,0.04851260036230087,0.5061930418014526,0.2888861298561096,0.025754932314157486,0.4338313639163971,0.31210243701934814,-0.013866014778614044,0.5183503031730652,0.3541644513607025,-0.13019819557666779,0.4421445429325104,0.17981968820095062,-0.041869085282087326,0.5435358285903931,0.29275938868522644,-0.20070822536945343,0.4780038297176361,0.1966208517551422,-0.08636924624443054,0.5133734345436096,0.25778254866600037,-0.22590608894824982,0.48202306032180786,0.19850632548332214,-0.10235290229320526,0.5104092359542847,0.25233912467956543,-0.2554352283477783,0.4880003035068512,0.2112182080745697,-0.12498714029788971,0.4910185933113098,0.25259506702423096,-0.26742881536483765,0.49052518606185913,0.2111157476902008,-0.09760122001171112,0.49169716238975525,0.2551191449165344,-0.23487308621406555,0.4076644480228424,0.6146486401557922,0.042175278067588806,0.4678109586238861,0.6204643845558167,-0.042490314692258835,0.4085075855255127,0.8127577304840088,0.04919052869081497,0.518964409828186,0.8129206895828247,-0.0985344797372818,0.4336172640323639,1.020882248878479,0.07194166630506516,0.49662771821022034,0.9964380264282227,-0.11963944137096405,0.4381648600101471,1.050458550453186,0.06417189538478851,0.4723060727119446,1.0418152809143066,-0.1273070126771927,0.42449086904525757,1.0436264276504517,-0.017166968435049057,0.5150257349014282,1.0426549911499023,-0.23688113689422607
frame_00245.jpg,0.5018627643585205,0.2693187892436981,0.09624240547418594,0.496257483959198,0.25615811347961426,0.07780596613883972,0.4929688572883606,0.25475046038627625,0.07756819576025009,0.4896387457847595,0.2533992528915405,0.07756086438894272,0.506386399269104,0.2625563144683838,0.06354926526546478,0.5097752213478088,0.2652730941772461,0.06319929659366608,0.513229250907898,0.26761865615844727,0.06314557790756226,0.48143547773361206,0.2603254020214081,0.02190462127327919,0.5161741971969604,0.2809751331806183,-0.042144615203142166,0.49554243683815,0.2821270227432251,0.08704932034015656,0.5059440732002258,0.2898377478122711,0.06591932475566864,0.43372073769569397,0.3122313618659973,0.01161315105855465,0.5174525380134583,0.3539349138736725,-0.10012650489807129,0.4415690004825592,0.18086107075214386,0.025583136826753616,0.5456314086914062,0.2940935790538788,-0.1911533623933792,0.4750746786594391,0.2225428968667984,0.009087556973099709,0.5137965679168701,0.26065725088119507,-0.17685505747795105,0.47903603315353394,0.227864071726799,0.00564561877399683,0.5108753442764282,0.2551458179950714,-0.1991560459136963,0.4850037097930908,0.24404773116111755,-0.02024637907743454,0.4901469349861145,0.25568097829818726,-0.21162691712379456,0.4871341586112976,0.24241484701633453,-0.0019302673172205687,0.49117034673690796,0.257759690284729,-0.1850859522819519,0.40449538826942444,0.6155967116355896,0.042030371725559235,0.46724170446395874,0.6202310919761658,-0.04235892742872238,0.4086800217628479,0.8135999441146851,0.04636756330728531,0.5187509655952454,0.8126389980316162,-0.10795263200998306,0.4342566430568695,1.024135708808899,0.020678525790572166,0.49903473258018494,0.9926058650016785,-0.16560275852680206,0.4399753510951996,1.0528347492218018,0.010565328411757946,0.47507530450820923,1.0389944314956665,-0.17602719366550446,0.42347341775894165,1.0514646768569946,-0.07334800809621811,0.5168784856796265,1.0442017316818237,-0.265247642993927
frame_00246.jpg,0.5027552843093872,0.2704293131828308,0.09220589697360992,0.4968693256378174,0.25701647996902466,0.071317158639431,0.49345892667770386,0.25539109110832214,0.07110445201396942,0.49002379179000854,0.2538442015647888,0.07110043615102768,0.5070815682411194,0.26368388533592224,0.057746000587940216,0.5103943943977356,0.2663322389125824,0.05737008526921272,0.5137489438056946,0.2685753107070923,0.05731043964624405,0.48124441504478455,0.2604057490825653,0.010310878977179527,0.516312837600708,0.28139156103134155,-0.05171365290880203,0.4961642324924469,0.28254905343055725,0.08151935040950775,0.5064252614974976,0.2901289761066437,0.06107798218727112,0.43367481231689453,0.31258437037467957,0.009989680722355843,0.5175579786300659,0.3541703224182129,-0.10293372720479965,0.4397037625312805,0.18231326341629028,-0.0259721577167511,0.5485016107559204,0.2934892773628235,-0.19773416221141815,0.4735875725746155,0.24243801832199097,-0.10575182735919952,0.5088983774185181,0.2650708258152008,-0.22232875227928162,0.477000892162323,0.25001251697540283,-0.12369392067193985,0.5101067423820496,0.2581719160079956,-0.2522003948688507,0.4831763803958893,0.2567799389362335,-0.1497717648744583,0.490060031414032,0.26131585240364075,-0.2656014859676361,0.4851154685020447,0.26339128613471985,-0.1188301295042038,0.49112725257873535,0.2628481090068817,-0.23215997219085693,0.4024747312068939,0.6176713705062866,0.040616340935230255,0.4659516215324402,0.6216429471969604,-0.040952764451503754,0.40896075963974,0.815715491771698,0.06050865724682808,0.5192816853523254,0.8114588260650635,-0.06324173510074615,0.43377867341041565,1.0241934061050415,0.09059511870145798,0.5045186877250671,0.9913076758384705,-0.07464666664600372,0.43955832719802856,1.0525720119476318,0.08551409095525742,0.4800209105014801,1.038773775100708,-0.08068427443504333,0.4228915274143219,1.0499167442321777,-0.006447414867579937,0.5219959616661072,1.0416157245635986,-0.16901449859142303
frame_00247.jpg,0.5044460892677307,0.2699822783470154,0.07446832954883575,0.49824029207229614,0.25672513246536255,0.056466758251190186,0.4947970509529114,0.25510141253471375,0.05620088055729866,0.4913405478000641,0.25356993079185486,0.05619164556264877,0.5081664323806763,0.26350006461143494,0.041509468108415604,0.5112912654876709,0.2661791741847992,0.04118907079100609,0.5144647359848022,0.2684539258480072,0.041142094880342484,0.481454998254776,0.2600957751274109,0.008384861052036285,0.5165132284164429,0.28139060735702515,-0.0585467629134655,0.49741536378860474,0.2820037305355072,0.06788339465856552,0.5076372623443604,0.2895534336566925,0.045867010951042175,0.4336361885070801,0.3129520118236542,-0.0019664126448333263,0.5170117616653442,0.35464081168174744,-0.10388028621673584,0.438895046710968,0.18226422369480133,-0.03229394927620888,0.5490748286247253,0.29452651739120483,-0.19573171436786652,0.4729108214378357,0.2526382505893707,-0.10668705403804779,0.5043042898178101,0.2651837468147278,-0.21410894393920898,0.47578921914100647,0.2615290880203247,-0.12391994893550873,0.5094476938247681,0.2582172155380249,-0.2421630173921585,0.48194319009780884,0.27620282769203186,-0.15137113630771637,0.48946624994277954,0.2620593011379242,-0.255924791097641,0.4838402271270752,0.27490517497062683,-0.12014482915401459,0.49062666296958923,0.26378709077835083,-0.22378942370414734,0.40206947922706604,0.6195302605628967,0.03820961341261864,0.4656244218349457,0.6229026317596436,-0.038574498146772385,0.4091486930847168,0.8215857148170471,0.07390744984149933,0.5206760168075562,0.8103848695755005,-0.03599301725625992,0.4296643137931824,1.0316340923309326,0.11535970121622086,0.5156083106994629,0.9887321591377258,-0.023936720564961433,0.434217631816864,1.060367465019226,0.11142869293689728,0.49766993522644043,1.0369857549667358,-0.027535170316696167,0.4160544276237488,1.056015133857727,0.02366732619702816,0.5328810214996338,1.040360927581787,-0.10802499204874039
frame_00248.jpg,0.507506251335144,0.27054068446159363,0.04344971105456352,0.5003597736358643,0.2570503056049347,0.02523423358798027,0.4967469274997711,0.25529542565345764,0.024952005594968796,0.49302610754966736,0.25361332297325134,0.0249464251101017,0.5104972124099731,0.26431700587272644,0.00960717536509037,0.5133956670761108,0.2670266926288605,0.009303680621087551,0.5162965655326843,0.26928040385246277,0.009259619750082493,0.4821913242340088,0.2599373459815979,-0.017857521772384644,0.5169366598129272,0.2819068133831024,-0.08897018432617188,0.4998207092285156,0.2820410132408142,0.03939050808548927,0.5098210573196411,0.2896108329296112,0.016408683732151985,0.4335656762123108,0.3129021227359772,-0.019316205754876137,0.5159544944763184,0.3541814088821411,-0.12063868343830109,0.43823185563087463,0.18253086507320404,-0.042579006403684616,0.5477131605148315,0.3004131615161896,-0.20465603470802307,0.4741273820400238,0.26056990027427673,-0.12241055071353912,0.5045995712280273,0.27083057165145874,-0.2250979244709015,0.47788017988204956,0.270143061876297,-0.14008209109306335,0.5093861818313599,0.26404815912246704,-0.25266197323799133,0.4838423728942871,0.28468450903892517,-0.16567429900169373,0.4894835352897644,0.26927804946899414,-0.26442962884902954,0.4855993390083313,0.2823680341243744,-0.1351923644542694,0.48938411474227905,0.2705931067466736,-0.23381707072257996,0.4028092920780182,0.6193743944168091,0.03834553062915802,0.4658814072608948,0.6230481863021851,-0.038707341998815536,0.4092579782009125,0.8210899233818054,0.09563388675451279,0.5255705118179321,0.8097670078277588,-0.03467825800180435,0.42637044191360474,1.029402256011963,0.1492631435394287,0.5238599181175232,0.9879148006439209,-0.014160789549350739,0.4293798804283142,1.0579065084457397,0.14712564647197723,0.5131649374961853,1.0155595541000366,-0.01671990193426609,0.4142085909843445,1.05492103099823,0.06730960309505463,0.5402008295059204,1.039253830909729,-0.09410978853702545
frame_00249.jpg,0.509381890296936,0.2712940275669098,0.03949759528040886,0.501713752746582,0.2575245797634125,0.021424701437354088,0.4979977011680603,0.25565630197525024,0.021148759871721268,0.49413031339645386,0.2538378834724426,0.0211458969861269,0.5119629502296448,0.26515790820121765,0.005416098516434431,0.5147517919540405,0.26789769530296326,0.005107386503368616,0.5175126194953918,0.27014869451522827,0.005062441807240248,0.4827646315097809,0.25995704531669617,-0.021933428943157196,0.517256498336792,0.28254926204681396,-0.09448210895061493,0.5013725757598877,0.2823319733142853,0.035630084574222565,0.5114421248435974,0.2900288999080658,0.012172567658126354,0.4335136413574219,0.3128618597984314,-0.02172238565981388,0.5151517391204834,0.3538726270198822,-0.12391205877065659,0.43786805868148804,0.1826842725276947,-0.0441347137093544,0.5415450930595398,0.30193859338760376,-0.19652846455574036,0.47513508796691895,0.2601523697376251,-0.12928031384944916,0.5047385096549988,0.27430397272109985,-0.20449340343475342,0.47915950417518616,0.26871049404144287,-0.14776836335659027,0.5091267228126526,0.26722463965415955,-0.22964361310005188,0.4849943518638611,0.28285783529281616,-0.17204639315605164,0.4894864559173584,0.27241718769073486,-0.24175143241882324,0.48673152923583984,0.28085342049598694,-0.1417354941368103,0.4882825016975403,0.27372056245803833,-0.21291759610176086,0.4032681882381439,0.6193462610244751,0.03835039958357811,0.4660544991493225,0.6232271194458008,-0.03871411085128784,0.4095107913017273,0.8213698863983154,0.09770442545413971,0.5278693437576294,0.8096806406974792,-0.03413297235965729,0.4258112907409668,1.0277279615402222,0.14981751143932343,0.5260071158409119,0.9870918989181519,-0.012998132035136223,0.4286317825317383,1.0560475587844849,0.14792688190937042,0.5093227624893188,1.020604133605957,-0.015346528962254524,0.41424044966697693,1.0539273023605347,0.07150976359844208,0.5408598184585571,1.038099765777588,-0.09008583426475525
frame_00250.jpg,0.5087426900863647,0.2727556824684143,0.03525042161345482,0.5014113187789917,0.2593090534210205,0.018616318702697754,0.4977220892906189,0.25741812586784363,0.01836542971432209,0.4938778877258301,0.2555941939353943,0.01837286539375782,0.5116838216781616,0.2669377326965332,0.0013142122188583016,0.514614462852478,0.2698463201522827,0.0009804292349144816,0.5175384283065796,0.27233707904815674,0.0009211309370584786,0.4826435148715973,0.26141831278800964,-0.02095779776573181,0.5172935724258423,0.28491321206092834,-0.09721226990222931,0.5009440183639526,0.2838369309902191,0.033699121326208115,0.5110594630241394,0.2917236387729645,0.00857924111187458,0.4326349198818207,0.31341609358787537,-0.010029850527644157,0.5153394341468811,0.35654810070991516,-0.12910041213035583,0.43751105666160583,0.18335041403770447,-0.012398624792695045,0.5454529523849487,0.30090364813804626,-0.18073774874210358,0.4772438108921051,0.2501475214958191,-0.10123487561941147,0.5073172450065613,0.2756575047969818,-0.14589688181877136,0.48176342248916626,0.25516170263290405,-0.12089940160512924,0.5092192888259888,0.2692674696445465,-0.1658361703157425,0.4873069226741791,0.2677975594997406,-0.1480046957731247,0.48917269706726074,0.26932376623153687,-0.17948350310325623,0.4889947474002838,0.2673683762550354,-0.11600334942340851,0.4883052706718445,0.2761044502258301,-0.15362152457237244,0.40284258127212524,0.621940553188324,0.04193338751792908,0.46507278084754944,0.6261177659034729,-0.042336296290159225,0.4089828133583069,0.8209367990493774,0.10585752874612808,0.5268300175666809,0.8094401955604553,-0.038285426795482635,0.4256201684474945,1.0260030031204224,0.1692800521850586,0.5184608101844788,0.9841540455818176,-0.008212433196604252,0.42841091752052307,1.05423903465271,0.16901829838752747,0.4988407492637634,1.0260510444641113,-0.009216228500008583,0.4142567217350006,1.0518633127212524,0.0982225239276886,0.5316747426986694,1.0371572971343994,-0.08070249855518341
frame_00251.jpg,0.5083556771278381,0.2749892771244049,0.06030953675508499,0.5015127658843994,0.2620113492012024,0.038636788725852966,0.4980117380619049,0.26027944684028625,0.03839194402098656,0.49434059858322144,0.25857478380203247,0.03841143101453781,0.5115984082221985,0.2692415118217468,0.0258879903703928,0.5146042108535767,0.27206262946128845,0.025526639074087143,0.5176166892051697,0.2745349109172821,0.025489499792456627,0.48341187834739685,0.26466357707977295,-0.018783867359161377,0.517662763595581,0.2873518168926239,-0.07849028706550598,0.5007874965667725,0.2870405614376068,0.051674734801054,0.5108464956283569,0.29431816935539246,0.032387204468250275,0.4326218068599701,0.31567588448524475,-0.010218796320259571,0.5157431960105896,0.3599027097225189,-0.08968456089496613,0.43740591406822205,0.18835754692554474,0.025663187727332115,0.5390783548355103,0.29764774441719055,-0.055931996554136276,0.46430331468582153,0.21840907633304596,0.047205232083797455,0.5073248744010925,0.26998355984687805,0.04628847539424896,0.4651385247707367,0.21423926949501038,0.04402727633714676,0.509040892124176,0.26202404499053955,0.0439036600291729,0.4716339111328125,0.22477814555168152,0.025903362780809402,0.48757514357566833,0.25330454111099243,0.02864946983754635,0.47512364387512207,0.22739343345165253,0.04028307646512985,0.4878007471561432,0.27032020688056946,0.039979200810194016,0.4030919671058655,0.625224232673645,0.03553185239434242,0.4654207229614258,0.6296389102935791,-0.03593605384230614,0.4090932011604309,0.8221007585525513,0.10486690700054169,0.5239216089248657,0.8102787733078003,-0.012414723634719849,0.43192869424819946,1.0250217914581299,0.16211599111557007,0.5036183595657349,0.9777825474739075,0.02897791564464569,0.4358822703361511,1.0533751249313354,0.16163772344589233,0.48269835114479065,1.0275757312774658,0.029414743185043335,0.4209829866886139,1.0510571002960205,0.09210614860057831,0.5143142938613892,1.0361294746398926,-0.0386187769472599
frame_00252.jpg,0.508756160736084,0.2805253267288208,0.05674448609352112,0.5026960968971252,0.2670691907405853,0.0363948717713356,0.4992902874946594,0.2652265727519989,0.036152489483356476,0.4956972002983093,0.263523131608963,0.03615913912653923,0.5127184987068176,0.27423614263534546,0.021446168422698975,0.5157582759857178,0.2768750488758087,0.02108900621533394,0.5188263654708862,0.27922576665878296,0.02104034647345543,0.48464322090148926,0.2688440680503845,-0.018352989107370377,0.5189405083656311,0.29169368743896484,-0.08499938994646072,0.5011478066444397,0.29315808415412903,0.04993046075105667,0.51108318567276,0.30000367760658264,0.02794591709971428,0.4325997233390808,0.32063058018684387,-0.010838435962796211,0.5163689851760864,0.36294445395469666,-0.09415358304977417,0.4372701048851013,0.19337394833564758,0.011685010977089405,0.5404907464981079,0.3009870946407318,-0.10638386011123657,0.4563685953617096,0.20080359280109406,-0.006377599202096462,0.5067389607429504,0.269356369972229,-0.06684572994709015,0.45590639114379883,0.1832631528377533,-0.01641903631389141,0.5064879655838013,0.26179882884025574,-0.08327952027320862,0.4628230929374695,0.20482328534126282,-0.03683973476290703,0.4870336949825287,0.2579973638057709,-0.09626801311969757,0.46699628233909607,0.20811913907527924,-0.015634974464774132,0.48563724756240845,0.268961101770401,-0.07426968216896057,0.40323543548583984,0.6310930848121643,0.03588545322418213,0.46566686034202576,0.6350100636482239,-0.03628261014819145,0.40911856293678284,0.8308452367782593,0.09222392737865448,0.5217610001564026,0.8202694654464722,-0.02115555852651596,0.4341638684272766,1.0337146520614624,0.1482154279947281,0.49613267183303833,0.9805227518081665,0.02118258737027645,0.4388399124145508,1.0609954595565796,0.14877890050411224,0.4730464518070221,1.0347272157669067,0.021506214514374733,0.42335423827171326,1.0607521533966064,0.07834066450595856,0.5039764642715454,1.0393009185791016,-0.04920034110546112
frame_00253.jpg,0.5076133012771606,0.284138023853302,0.06357477605342865,0.5020623207092285,0.27030113339424133,0.04058409109711647,0.49857792258262634,0.2684866189956665,0.040329404175281525,0.49487781524658203,0.2669227719306946,0.040345072746276855,0.5124619603157043,0.2772654592990875,0.026409367099404335,0.5156700015068054,0.2798185646533966,0.026045899838209152,0.5187608003616333,0.2821141183376312,0.02599753998219967,0.4844542443752289,0.27252137660980225,-0.019219277426600456,0.5189069509506226,0.29490217566490173,-0.08466929942369461,0.49979743361473083,0.29745960235595703,0.05386105179786682,0.5102229118347168,0.3040381968021393,0.032851692289114,0.43239450454711914,0.3255091607570648,-0.014298582449555397,0.5164663195610046,0.3650915026664734,-0.09637877345085144,0.4371654987335205,0.1992177516222,0.034856054931879044,0.5381466150283813,0.3005233108997345,-0.05036398768424988,0.4498010575771332,0.19440288841724396,0.07860241830348969,0.49430912733078003,0.26906850934028625,0.08463742583990097,0.4529479444026947,0.17857544124126434,0.07881364971399307,0.5050845742225647,0.2612432837486267,0.0871504470705986,0.4598020017147064,0.18795280158519745,0.061941854655742645,0.48662441968917847,0.2610471546649933,0.07204139977693558,0.45972928404808044,0.20014767348766327,0.07268525660037994,0.483490526676178,0.2682245373725891,0.07923881709575653,0.40330249071121216,0.6351003646850586,0.03541642799973488,0.4658485949039459,0.6384410262107849,-0.035817865282297134,0.4095126688480377,0.8311119079589844,0.12677262723445892,0.5199962258338928,0.8207409977912903,0.026868537068367004,0.43847957253456116,1.0332083702087402,0.2052566558122635,0.4976990818977356,0.9776224493980408,0.092628613114357,0.4431214928627014,1.0603344440460205,0.20764252543449402,0.4724147319793701,1.0342108011245728,0.09586919844150543,0.4269810616970062,1.05504310131073,0.14603455364704132,0.5048260688781738,1.0342881679534912,0.035094004124403
frame_00254.jpg,0.5046027898788452,0.2896365523338318,0.07581563293933868,0.4996678829193115,0.27503490447998047,0.05243076756596565,0.49604517221450806,0.2730751633644104,0.05215521901845932,0.492217481136322,0.2714805006980896,0.05217202752828598,0.5107392072677612,0.2818998098373413,0.03786451369524002,0.5142663717269897,0.28429633378982544,0.03748693689703941,0.5175841450691223,0.28645849227905273,0.03741473704576492,0.4829750955104828,0.27683427929878235,-0.011088455095887184,0.5187640190124512,0.29899606108665466,-0.07700115442276001,0.4965244233608246,0.3029834032058716,0.06619484722614288,0.507775604724884,0.3095080256462097,0.04460669308900833,0.43146568536758423,0.3313305974006653,-0.0014775377931073308,0.516359806060791,0.3697356581687927,-0.09532202780246735,0.43705493211746216,0.2033262550830841,0.08330167829990387,0.5427616238594055,0.3066853880882263,-0.0332278348505497,0.44656142592430115,0.19160696864128113,0.1544378101825714,0.4950489401817322,0.2707366943359375,0.12956562638282776,0.4493141174316406,0.17548587918281555,0.16095533967018127,0.5063382387161255,0.2619999647140503,0.13574865460395813,0.4585382044315338,0.18647800385951996,0.14281520247459412,0.4850906431674957,0.26201847195625305,0.12033885717391968,0.4566458761692047,0.1961401253938675,0.1488378793001175,0.48366779088974,0.26781100034713745,0.1247609481215477,0.4034287929534912,0.6412487626075745,0.03841005638241768,0.4659841060638428,0.6437515616416931,-0.03883127123117447,0.4100804924964905,0.8361644744873047,0.15909722447395325,0.5193401575088501,0.8219534754753113,0.03355611488223076,0.4409715533256531,1.0324492454528809,0.2517859935760498,0.49875783920288086,0.9773007035255432,0.10782047361135483,0.44547468423843384,1.0599782466888428,0.2562461197376251,0.47132429480552673,1.0339244604110718,0.11305008828639984,0.43050748109817505,1.051745057106018,0.20612064003944397,0.5075007677078247,1.0327187776565552,0.0637180358171463
frame_00255.jpg,0.4974347651004791,0.29189395904541016,0.09422854334115982,0.4933856427669525,0.27790528535842896,0.06994626671075821,0.4899109899997711,0.27635112404823303,0.06968485563993454,0.48609957098960876,0.27512696385383606,0.06971953809261322,0.5049722194671631,0.28384730219841003,0.05738835781812668,0.508829653263092,0.2859950065612793,0.0569998100399971,0.5122907757759094,0.2879406809806824,0.0569206103682518,0.4787599444389343,0.2809024751186371,0.0002102184807881713,0.5157793164253235,0.30052077770233154,-0.05627090483903885,0.4901556372642517,0.30550670623779297,0.08277472853660583,0.5022865533828735,0.31148669123649597,0.0637703388929367,0.4311421513557434,0.33666467666625977,0.011475065723061562,0.5159428715705872,0.37281760573387146,-0.08520597219467163,0.4375097155570984,0.21307945251464844,0.08181096613407135,0.5459700226783752,0.31240615248680115,-0.011372693814337254,0.44946032762527466,0.180180162191391,0.1363949328660965,0.4957135319709778,0.2735496461391449,0.16375668346881866,0.4496820867061615,0.15861640870571136,0.13998275995254517,0.5111984014511108,0.2620071470737457,0.17083944380283356,0.45855826139450073,0.16401225328445435,0.12413151562213898,0.49188321828842163,0.2645815908908844,0.15858809649944305,0.4589662551879883,0.17002323269844055,0.13112327456474304,0.4888879358768463,0.269322007894516,0.16043303906917572,0.40350621938705444,0.6452167630195618,0.040720611810684204,0.4660477638244629,0.6481230854988098,-0.0411185547709465,0.4116869568824768,0.8489932417869568,0.15726426243782043,0.5159145593643188,0.8371627926826477,0.03291185945272446,0.44357600808143616,1.038033127784729,0.2520434558391571,0.4821242690086365,1.0072667598724365,0.10729207843542099,0.44842877984046936,1.0668902397155762,0.25684741139411926,0.4644930958747864,1.0418142080307007,0.11258155107498169,0.43298014998435974,1.057717204093933,0.20482489466667175,0.504467785358429,1.0386285781860352,0.06002805754542351
frame_00256.jpg,0.49788886308670044,0.29798614978790283,0.08674585074186325,0.4947996139526367,0.2840503752231598,0.06402608007192612,0.4915781021118164,0.28228145837783813,0.06376346200704575,0.48792773485183716,0.2808263897895813,0.0637844130396843,0.5055917501449585,0.29029688239097595,0.05059930682182312,0.5092310905456543,0.2924778163433075,0.05023178458213806,0.5125280022621155,0.2944425046443939,0.05016640946269035,0.4802655279636383,0.2861253321170807,0.007257121615111828,0.5159808397293091,0.3070736825466156,-0.059445641934871674,0.4902110993862152,0.31076720356941223,0.07727468758821487,0.5025601983070374,0.31621530652046204,0.05688141658902168,0.4311191439628601,0.3411247432231903,0.025420179590582848,0.5157116055488586,0.3770104646682739,-0.09031293541193008,0.4377625584602356,0.22666487097740173,0.09831264615058899,0.5539953708648682,0.3178674280643463,-0.0565422885119915,0.451071172952652,0.18288974463939667,0.13667070865631104,0.49656423926353455,0.27500298619270325,0.07595730572938919,0.44931167364120483,0.16041627526283264,0.13898061215877533,0.5123280882835388,0.26182594895362854,0.07517453283071518,0.4580119550228119,0.16470026969909668,0.1209697276353836,0.4931294918060303,0.26530972123146057,0.06127724051475525,0.4597299098968506,0.17656753957271576,0.13005980849266052,0.4888659119606018,0.2689473032951355,0.07082589715719223,0.40323901176452637,0.6491550207138062,0.050104450434446335,0.46613550186157227,0.6513631939888,-0.050488393753767014,0.41360610723495483,0.855381965637207,0.15070673823356628,0.5164101123809814,0.8384493589401245,-0.00518546300008893,0.4468359351158142,1.0451459884643555,0.22436590492725372,0.481936514377594,1.0168145895004272,0.09157608449459076,0.4521036744117737,1.0745487213134766,0.22645840048789978,0.4650042653083801,1.0463502407073975,0.0814572125673294,0.4380218982696533,1.066515564918518,0.17310790717601776,0.5062364935874939,1.04766845703125,0.0036183898337185383
frame_00257.jpg,0.49871763586997986,0.2998681664466858,0.07893174141645432,0.49568718671798706,0.2861810028553009,0.05812988430261612,0.49246278405189514,0.2845292091369629,0.05783392861485481,0.48882341384887695,0.28316232562065125,0.05786186456680298,0.5061737298965454,0.2922913134098053,0.04049495980143547,0.5097694396972656,0.29456374049186707,0.040090933442115784,0.5130669474601746,0.29654884338378906,0.03999874368309975,0.4814288020133972,0.2894339859485626,0.006326388567686081,0.5166023969650269,0.3096040189266205,-0.07551082968711853,0.4908463954925537,0.31281453371047974,0.07309471070766449,0.5026894211769104,0.3183656930923462,0.047086991369724274,0.430950790643692,0.34311074018478394,0.020442014560103416,0.5165998339653015,0.38213932514190674,-0.10361739248037338,0.43856796622276306,0.23269294202327728,0.09889016300439835,0.5574743151664734,0.3209882080554962,-0.011265608482062817,0.4512815475463867,0.1777307242155075,0.1386144459247589,0.4972575604915619,0.2795387804508209,0.21189305186271667,0.45068803429603577,0.15589483082294464,0.14079788327217102,0.5146511793136597,0.26701778173446655,0.22348639369010925,0.45924821496009827,0.15955235064029694,0.12312048673629761,0.4928704798221588,0.2673414647579193,0.20750001072883606,0.46078991889953613,0.16704362630844116,0.13214442133903503,0.48927611112594604,0.2697604298591614,0.2084309607744217,0.4032459855079651,0.6535545587539673,0.05368984863162041,0.4661800265312195,0.6568059325218201,-0.054064225405454636,0.4152200222015381,0.8541842103004456,0.20487546920776367,0.5147651433944702,0.8423580527305603,0.04623185470700264,0.44637054204940796,1.0436309576034546,0.32762306928634644,0.48575514554977417,1.0152573585510254,0.14275547862052917,0.4513283371925354,1.0742512941360474,0.33592623472213745,0.465207576751709,1.0454795360565186,0.14953170716762543,0.4384298324584961,1.0652564764022827,0.29626721143722534,0.5172253847122192,1.0459675788879395,0.1021471619606018
frame_00258.jpg,0.49926838278770447,0.3033629059791565,0.07758316397666931,0.49624642729759216,0.28956085443496704,0.0569320023059845,0.4929995536804199,0.2878880202770233,0.056643567979335785,0.4893331527709961,0.28648748993873596,0.056666918098926544,0.5066500902175903,0.29594147205352783,0.04042139649391174,0.5102521181106567,0.2983850836753845,0.03998880088329315,0.5135555863380432,0.3004860281944275,0.03986840695142746,0.4818932116031647,0.2930571734905243,0.0038676827680319548,0.5172945261001587,0.3138750195503235,-0.0850212350487709,0.49129384756088257,0.3160742521286011,0.0713389664888382,0.5028625726699829,0.322358638048172,0.045895759016275406,0.43096232414245605,0.34625735878944397,0.028623614460229874,0.5168410539627075,0.3866388201713562,-0.1241665929555893,0.44077587127685547,0.22919823229312897,0.10639439523220062,0.5604001879692078,0.3301467299461365,-0.016357185319066048,0.4537457823753357,0.17134878039360046,0.1356494426727295,0.4998641014099121,0.2872322201728821,0.23133614659309387,0.4515121877193451,0.15921573340892792,0.13851936161518097,0.5180906057357788,0.27518269419670105,0.245875746011734,0.460235595703125,0.15090344846248627,0.121881403028965,0.49286001920700073,0.2742684483528137,0.2309999167919159,0.463312566280365,0.16397804021835327,0.12922322750091553,0.491443008184433,0.2754952311515808,0.22940906882286072,0.4038239121437073,0.6591225266456604,0.061149585992097855,0.467195600271225,0.662656843662262,-0.06153790280222893,0.41731199622154236,0.8509114980697632,0.22422358393669128,0.5153595209121704,0.8414047956466675,0.044640008360147476,0.44538745284080505,1.0353922843933105,0.34126633405685425,0.49085673689842224,1.009900689125061,0.13871242105960846,0.45040807127952576,1.063823938369751,0.3493129014968872,0.4752976894378662,1.0417875051498413,0.1471240222454071,0.43706196546554565,1.05399489402771,0.31589603424072266,0.5291071534156799,1.0409810543060303,0.11061398684978485
frame_00259.jpg,0.5027691125869751,0.31152626872062683,0.09028325974941254,0.49902933835983276,0.29720339179039,0.06978561729192734,0.4954240918159485,0.29520225524902344,0.06949936598539352,0.4915221333503723,0.2935144305229187,0.06951203942298889,0.5095618963241577,0.3039467930793762,0.04976177215576172,0.5128685235977173,0.306289941072464,0.04935171455144882,0.5159977674484253,0.30835744738578796,0.04923797398805618,0.4833662509918213,0.2996913194656372,0.01393039058893919,0.5185692310333252,0.3210527002811432,-0.08226580917835236,0.4936414659023285,0.32265689969062805,0.08328463137149811,0.5046857595443726,0.3293222188949585,0.05403725057840347,0.4309700131416321,0.3519691824913025,0.042926304042339325,0.517578661441803,0.3950442671775818,-0.1256220042705536,0.4419206976890564,0.24059619009494781,0.1506231725215912,0.5754850506782532,0.3437504172325134,-0.010437244549393654,0.45575904846191406,0.17651033401489258,0.22096650302410126,0.5109986066818237,0.3060528635978699,0.24809496104717255,0.4520999491214752,0.1578989028930664,0.2313537895679474,0.5160614252090454,0.2976910471916199,0.26422780752182007,0.4607526659965515,0.15866658091545105,0.2161516398191452,0.4977138042449951,0.2917039692401886,0.24526715278625488,0.4635416567325592,0.1678706556558609,0.21641016006469727,0.4987134039402008,0.2979891002178192,0.2447522133588791,0.40429678559303284,0.671101450920105,0.06645924597978592,0.47004562616348267,0.6723225712776184,-0.0668325126171112,0.4203476011753082,0.854805052280426,0.2444264143705368,0.5188940763473511,0.8528043627738953,0.02908780239522457,0.4451755881309509,1.035218596458435,0.36310917139053345,0.4960809350013733,1.008325219154358,0.11880995333194733,0.44945988059043884,1.063684105873108,0.37220117449760437,0.47217264771461487,1.0450087785720825,0.12809228897094727,0.4370760917663574,1.0512055158615112,0.3552575707435608,0.5272928476333618,1.0472676753997803,0.10483914613723755
frame_00260.jpg,0.5038526654243469,0.3193892240524292,0.13483920693397522,0.4997997283935547,0.3033512830734253,0.11391917616128922,0.49608373641967773,0.3010466694831848,0.11363822221755981,0.4921097159385681,0.2991558015346527,0.11361800134181976,0.5101464986801147,0.31030169129371643,0.0922975093126297,0.5132201313972473,0.31236401200294495,0.09189630299806595,0.5161658525466919,0.3142392039299011,0.09179510176181793,0.48339924216270447,0.3034127950668335,0.05025758594274521,0.5181277990341187,0.32466500997543335,-0.04903436824679375,0.49432438611984253,0.32960644364356995,0.1246940866112709,0.5050467252731323,0.33644363284111023,0.09361834079027176,0.4309629499912262,0.3545236885547638,0.058162130415439606,0.5175831317901611,0.39890289306640625,-0.11032074689865112,0.44194021821022034,0.25047823786735535,0.13177640736103058,0.5787721872329712,0.3557465672492981,-0.010829353705048561,0.45637255907058716,0.1792258471250534,0.16437110304832458,0.5187932848930359,0.3163895010948181,0.212592214345932,0.45254403352737427,0.15552955865859985,0.1696731299161911,0.5155042409896851,0.3075755536556244,0.22690705955028534,0.46121159195899963,0.1584034413099289,0.15525466203689575,0.5034089088439941,0.3051471412181854,0.20831546187400818,0.4637088179588318,0.1674427092075348,0.15912899374961853,0.5053898096084595,0.3078075647354126,0.20844614505767822,0.4058071970939636,0.6776366829872131,0.06426417082548141,0.4728465974330902,0.6761998534202576,-0.0646272674202919,0.4230247139930725,0.8586291670799255,0.22425477206707,0.5212028622627258,0.853320837020874,-0.03742726892232895,0.4459790289402008,1.0466917753219604,0.23180851340293884,0.49550098180770874,1.007084608078003,-0.022261356934905052,0.4515365958213806,1.072727918624878,0.2324819564819336,0.4632132947444916,1.0556432008743286,-0.020909272134304047,0.43771782517433167,1.0753169059753418,0.22633004188537598,0.5208002924919128,1.0753748416900635,-0.05021350458264351
frame_00261.jpg,0.5050091743469238,0.331076443195343,0.14511609077453613,0.5006405711174011,0.3136112093925476,0.12416066974401474,0.4966793656349182,0.3109394311904907,0.12385968863964081,0.492617130279541,0.30886080861091614,0.1238308921456337,0.5110790133476257,0.32083436846733093,0.10266989469528198,0.5138713717460632,0.3226436972618103,0.10229053348302841,0.5165285468101501,0.3242817521095276,0.10219226777553558,0.48362740874290466,0.31125327944755554,0.05761964991688728,0.5177786946296692,0.3327273726463318,-0.04023892432451248,0.49458807706832886,0.3393201529979706,0.133402019739151,0.5055803060531616,0.34638580679893494,0.10253684222698212,0.43096429109573364,0.357356995344162,0.05901119112968445,0.5177777409553528,0.40134838223457336,-0.1070028766989708,0.44191035628318787,0.2562643587589264,0.1168065220117569,0.5802245140075684,0.3634774386882782,-0.019187137484550476,0.4565783441066742,0.18085546791553497,0.14468076825141907,0.5223833322525024,0.31751346588134766,0.2061278373003006,0.45280665159225464,0.15548917651176453,0.15131166577339172,0.515826940536499,0.31009721755981445,0.2223970592021942,0.4613732695579529,0.1592358648777008,0.13820543885231018,0.5079768896102905,0.30761289596557617,0.20625385642051697,0.4638095498085022,0.16834191977977753,0.13986676931381226,0.5092843770980835,0.31116533279418945,0.203095480799675,0.40844932198524475,0.67856764793396,0.0632443055510521,0.4759449064731598,0.6740624904632568,-0.0636124387383461,0.42582812905311584,0.855855405330658,0.2229076325893402,0.5248971581459045,0.8501892685890198,-0.06345702707767487,0.44807448983192444,1.042417287826538,0.16096054017543793,0.4949454665184021,0.9897274374961853,-0.06330657750368118,0.45555630326271057,1.0643041133880615,0.1563190370798111,0.46626585721969604,1.0116726160049438,-0.06267262995243073,0.4372822642326355,1.0709081888198853,0.1404925286769867,0.5027374029159546,1.0684860944747925,-0.07722217589616776
frame_00262.jpg,0.5061302185058594,0.34372618794441223,0.16239477694034576,0.5020796060562134,0.32593268156051636,0.1410529613494873,0.4980638027191162,0.32279619574546814,0.14073948562145233,0.4940621256828308,0.32025831937789917,0.14071376621723175,0.5119615197181702,0.3327721655368805,0.11876016855239868,0.5144006013870239,0.3340888023376465,0.11838348954916,0.5167607665061951,0.33523082733154297,0.11828837543725967,0.48476463556289673,0.3196585774421692,0.07226154208183289,0.517216145992279,0.3406815528869629,-0.028666693717241287,0.4950205683708191,0.350312739610672,0.15017500519752502,0.5059138536453247,0.3567905128002167,0.11830297857522964,0.4312049448490143,0.35889413952827454,0.07089303433895111,0.5177924633026123,0.40204912424087524,-0.09337130934000015,0.4417746961116791,0.2586680054664612,0.14918746054172516,0.579430341720581,0.3683045506477356,-0.004813315346837044,0.4566873610019684,0.1812390387058258,0.2165967971086502,0.5229392051696777,0.3246317207813263,0.23243966698646545,0.4529332220554352,0.15712910890579224,0.23317758738994598,0.5156688690185547,0.3164333999156952,0.2525509297847748,0.4611589014530182,0.1607845574617386,0.22144456207752228,0.5090674161911011,0.3145637512207031,0.2390679568052292,0.4635694622993469,0.16976198554039001,0.21393895149230957,0.5098947286605835,0.3189667761325836,0.23090329766273499,0.4107430875301361,0.6789206266403198,0.061958812177181244,0.47724461555480957,0.6735836863517761,-0.06233061105012894,0.4255293309688568,0.8541450500488281,0.18518909811973572,0.5247893929481506,0.8498473763465881,-0.06262945383787155,0.4479464590549469,1.0408796072006226,0.13031136989593506,0.4911785125732422,0.9854381084442139,-0.05096913501620293,0.4557369649410248,1.06399405002594,0.12466850131750107,0.4674042761325836,1.0059196949005127,-0.048653218895196915,0.43597322702407837,1.0717904567718506,0.11138863861560822,0.49201589822769165,1.0706344842910767,-0.05508537217974663
frame_00263.jpg,0.5064035654067993,0.3454098105430603,0.18358860909938812,0.5026271343231201,0.3287198841571808,0.15731975436210632,0.49834880232810974,0.3257442116737366,0.15699568390846252,0.49423646926879883,0.3232869803905487,0.15698546171188354,0.5128586888313293,0.3355635106563568,0.1396709531545639,0.5153714418411255,0.3372495472431183,0.13928279280662537,0.5177429914474487,0.3387065827846527,0.13917937874794006,0.48537740111351013,0.32391297817230225,0.06731744110584259,0.5177456736564636,0.3451385200023651,-0.014516768045723438,0.49506253004074097,0.3525623083114624,0.16304464638233185,0.5060492753982544,0.3592410683631897,0.13706085085868835,0.4317178726196289,0.36093050241470337,0.05873031169176102,0.5227242112159729,0.40379008650779724,-0.07729501277208328,0.44267329573631287,0.26494449377059937,0.1474166214466095,0.578289806842804,0.37249955534935,0.03886314481496811,0.45673614740371704,0.18714512884616852,0.2680198848247528,0.5273593664169312,0.3277960419654846,0.3108285069465637,0.45226597785949707,0.1585690677165985,0.2960229814052582,0.519008219242096,0.31741175055503845,0.34105053544044495,0.4609113335609436,0.16262604296207428,0.28453344106674194,0.5138603448867798,0.3160153031349182,0.33169636130332947,0.4634849429130554,0.1709216684103012,0.267497718334198,0.5138688683509827,0.32094940543174744,0.31190162897109985,0.41227656602859497,0.6801712512969971,0.05727679654955864,0.4806675314903259,0.6739956736564636,-0.05765445902943611,0.4255504012107849,0.8379146456718445,0.18126922845840454,0.5253867506980896,0.8167775869369507,-0.05347047373652458,0.4511292576789856,1.007743000984192,0.10250233113765717,0.4928115904331207,0.9432536959648132,-0.11244310438632965,0.46204113960266113,1.0294252634048462,0.09286405891180038,0.46665889024734497,0.9932743310928345,-0.11764423549175262,0.43547558784484863,1.0444138050079346,0.0871642678976059,0.4925920367240906,1.0354788303375244,-0.12039252370595932
frame_00264.jpg,0.5072870254516602,0.3515886962413788,0.19823187589645386,0.5032837986946106,0.33474406599998474,0.17335490882396698,0.4987664222717285,0.3318374752998352,0.17304682731628418,0.49454188346862793,0.329473078250885,0.17303000390529633,0.5137833952903748,0.3413662314414978,0.15576520562171936,0.5162510871887207,0.3430214524269104,0.15539154410362244,0.518555223941803,0.3444814682006836,0.1552928388118744,0.48584407567977905,0.330068975687027,0.08387605845928192,0.517898440361023,0.35037338733673096,0.0034500081092119217,0.4955565929412842,0.3588832914829254,0.17779165506362915,0.5070053935050964,0.3655923902988434,0.15189619362354279,0.4321889877319336,0.36416515707969666,0.06803238391876221,0.5248292088508606,0.4081592261791229,-0.0640198215842247,0.4428151249885559,0.2655419111251831,0.15557733178138733,0.5797284245491028,0.37612003087997437,0.053408414125442505,0.4570133090019226,0.19299842417240143,0.27414149045944214,0.5280961990356445,0.3257352411746979,0.3346272110939026,0.45240259170532227,0.15955524146556854,0.3019311726093292,0.5208695530891418,0.3136795461177826,0.36557358503341675,0.4610440135002136,0.16288426518440247,0.2912342846393585,0.5159154534339905,0.3129611611366272,0.35518914461135864,0.4636121392250061,0.17239631712436676,0.27367740869522095,0.5152980089187622,0.3172643780708313,0.3354758322238922,0.4130623936653137,0.6819717884063721,0.057122863829135895,0.48105424642562866,0.675976574420929,-0.05750076845288277,0.42613711953163147,0.8245156407356262,0.18312157690525055,0.5277047753334045,0.7988472580909729,-0.07293643802404404,0.44990187883377075,1.0006567239761353,0.09415270388126373,0.4921037256717682,0.9258610010147095,-0.14473386108875275,0.4547702372074127,0.989885687828064,0.08270256221294403,0.4677104353904724,0.9551920294761658,-0.15062031149864197,0.42477163672447205,1.038211703300476,0.07536919414997101,0.4829455018043518,1.0245046615600586,-0.1518792361021042
frame_00265.jpg,0.5084473490715027,0.3562837243080139,0.19949118793010712,0.5044215321540833,0.33876848220825195,0.17592667043209076,0.49991780519485474,0.33579960465431213,0.17560555040836334,0.4957367777824402,0.3333544135093689,0.17557105422019958,0.5146898031234741,0.3453885614871979,0.15794295072555542,0.5170116424560547,0.34690913558006287,0.1575879156589508,0.5191749334335327,0.34823039174079895,0.15749576687812805,0.48720017075538635,0.33369916677474976,0.08929155021905899,0.5179540514945984,0.3535246253013611,0.007372456137090921,0.49661317467689514,0.3633902668952942,0.1796158403158188,0.5080755949020386,0.3703433871269226,0.15325453877449036,0.43359723687171936,0.3660024106502533,0.07608412951231003,0.5258174538612366,0.4130214750766754,-0.06560787558555603,0.44373878836631775,0.2633565068244934,0.14743207395076752,0.580173909664154,0.38043347001075745,0.05000761151313782,0.45768633484840393,0.1923968493938446,0.23702163994312286,0.5283221006393433,0.3296593725681305,0.32860344648361206,0.4524325728416443,0.15783976018428802,0.2611028254032135,0.5213083028793335,0.3168548047542572,0.35955944657325745,0.46143174171447754,0.16288067400455475,0.25052914023399353,0.5162540078163147,0.3160155117511749,0.34997397661209106,0.46404463052749634,0.17320933938026428,0.23569047451019287,0.5158108472824097,0.31947359442710876,0.3298667073249817,0.41347140073776245,0.6826089024543762,0.05975865200161934,0.4813474118709564,0.678165853023529,-0.06013740226626396,0.4267944395542145,0.8151029944419861,0.1885158121585846,0.5279178023338318,0.7866519093513489,-0.08560463786125183,0.4492080807685852,0.978240430355072,0.06892001628875732,0.48919469118118286,0.9085490703582764,-0.19778402149677277,0.4545302391052246,0.9901544451713562,0.053695522248744965,0.46817198395729065,0.9330633878707886,-0.20800545811653137,0.42208313941955566,1.0185365676879883,0.047076862305402756,0.4727841913700104,1.0050522089004517,-0.20930643379688263
frame_00266.jpg,0.5109255313873291,0.36167624592781067,0.19142350554466248,0.5072975158691406,0.34460315108299255,0.17016834020614624,0.5027796030044556,0.3415829837322235,0.16982735693454742,0.498570054769516,0.339079886674881,0.16978153586387634,0.5172380208969116,0.3508895933628082,0.15204110741615295,0.5193352699279785,0.35217756032943726,0.1517142504453659,0.5213404893875122,0.3532894551753998,0.15163004398345947,0.4900166094303131,0.33850952982902527,0.09081430733203888,0.5190962553024292,0.3576126992702484,0.008606580086052418,0.4987064301967621,0.36819928884506226,0.1732325553894043,0.5101533532142639,0.374801903963089,0.146722674369812,0.4356164038181305,0.36672893166542053,0.0781785175204277,0.5266594886779785,0.4167163670063019,-0.06624151766300201,0.44524168968200684,0.2622417211532593,0.13394202291965485,0.5818687081336975,0.3835684061050415,0.04186112433671951,0.4582445025444031,0.19122643768787384,0.17696386575698853,0.5294753313064575,0.33065420389175415,0.305943101644516,0.45247140526771545,0.15658143162727356,0.19945339858531952,0.5218146443367004,0.31703752279281616,0.33418983221054077,0.4618331789970398,0.1615045964717865,0.19187131524085999,0.5168834328651428,0.3164101541042328,0.3243364989757538,0.4644712805747986,0.17205190658569336,0.17576423287391663,0.5165020227432251,0.31999924778938293,0.3068808317184448,0.4136500954627991,0.6831496357917786,0.0642765685915947,0.4811024069786072,0.6801109313964844,-0.06465098261833191,0.4524099826812744,0.8132007718086243,0.18567392230033875,0.5300852060317993,0.7767047882080078,-0.10266216844320297,0.4491112232208252,0.9078700542449951,0.0312667116522789,0.487917959690094,0.8759768605232239,-0.3001064658164978,0.4545724391937256,0.9150627851486206,0.012169955298304558,0.468413770198822,0.8775057196617126,-0.3193449378013611,0.4165678918361664,0.9401629567146301,0.0017586089670658112,0.459575891494751,0.9505585432052612,-0.3297175168991089
frame_00267.jpg,0.5147520899772644,0.363044410943985,0.1820543110370636,0.511343240737915,0.3455785810947418,0.15888096392154694,0.5066813826560974,0.342289000749588,0.15851804614067078,0.5023201704025269,0.33966153860092163,0.15846547484397888,0.5211204290390015,0.3524084687232971,0.14174099266529083,0.5230926871299744,0.3538111746311188,0.14141984283924103,0.5249895453453064,0.35502707958221436,0.1413564383983612,0.4927743077278137,0.33969882130622864,0.07958020269870758,0.5217612385749817,0.35949233174324036,-0.002435766626149416,0.5018853545188904,0.36921897530555725,0.16263915598392487,0.5132061243057251,0.3761645257472992,0.13722650706768036,0.4377047121524811,0.36795392632484436,0.06063808128237724,0.5267677903175354,0.4195990264415741,-0.06970473378896713,0.4469710886478424,0.2638062536716461,0.09350902587175369,0.5817089676856995,0.38877031207084656,0.032510627061128616,0.4586496353149414,0.19122011959552765,0.1627897024154663,0.5297142267227173,0.3352596163749695,0.2843261659145355,0.452505886554718,0.15716291964054108,0.184799462556839,0.5217406153678894,0.3224104940891266,0.3112940192222595,0.46213164925575256,0.16226166486740112,0.17819693684577942,0.5162361860275269,0.32162711024284363,0.29927706718444824,0.46480002999305725,0.17261891067028046,0.16226784884929657,0.5160411596298218,0.32442575693130493,0.28370919823646545,0.4136342406272888,0.6850174069404602,0.06320060789585114,0.48097333312034607,0.6843588352203369,-0.06362754106521606,0.4464477598667145,0.7643813490867615,0.24344706535339355,0.5342589020729065,0.7713812589645386,-0.03633815050125122,0.4397331774234772,0.8083610534667969,0.0690571740269661,0.4827560484409332,0.8504562377929688,-0.26172417402267456,0.4503633975982666,0.8523080945014954,0.04868975281715393,0.46791186928749084,0.8521165251731873,-0.28522685170173645,0.41676801443099976,0.8648179769515991,0.049019403755664825,0.4473237097263336,0.9107792973518372,-0.28794175386428833
frame_00268.jpg,0.5157412886619568,0.3628549873828888,0.19529110193252563,0.5123268365859985,0.34573784470558167,0.17124566435813904,0.5076648592948914,0.34252360463142395,0.17087411880493164,0.5032963752746582,0.33992478251457214,0.17082396149635315,0.5223474502563477,0.3525826334953308,0.1552324742078781,0.524416446685791,0.354074627161026,0.15491724014282227,0.5264256596565247,0.3553575873374939,0.1548578441143036,0.493790864944458,0.34058311581611633,0.08279459178447723,0.5232782363891602,0.36027613282203674,0.008792362175881863,0.5031779408454895,0.3693569004535675,0.17339229583740234,0.5145145654678345,0.37639692425727844,0.14958082139492035,0.4389568865299225,0.3682985305786133,0.06200836971402168,0.5279542207717896,0.42117804288864136,-0.06092657893896103,0.44802460074424744,0.26359060406684875,0.09899983555078506,0.5827474594116211,0.39220955967903137,0.04998267814517021,0.4593578279018402,0.1911778450012207,0.18121157586574554,0.5307729840278625,0.3363643288612366,0.3231094479560852,0.45310544967651367,0.15698057413101196,0.20811817049980164,0.5224162936210632,0.32436564564704895,0.3552750051021576,0.46290963888168335,0.16240756213665009,0.2001785933971405,0.5169798135757446,0.32367199659347534,0.3463846743106842,0.4654219150543213,0.17291492223739624,0.1814856231212616,0.5168603658676147,0.3264441192150116,0.32436686754226685,0.41379937529563904,0.6874116063117981,0.06290249526500702,0.4813269078731537,0.6878228783607483,-0.06330864876508713,0.443322092294693,0.7682108283042908,0.23285427689552307,0.5357459783554077,0.7688652873039246,-0.04010806977748871,0.4335382580757141,0.8238115906715393,0.03565053269267082,0.4808410108089447,0.8595569133758545,-0.3089461922645569,0.44653385877609253,0.8748570084571838,0.01164256315678358,0.4679715633392334,0.8572588562965393,-0.33501067757606506,0.408765971660614,0.879538893699646,0.0077691152691841125,0.4456063210964203,0.91423499584198,-0.3437199294567108
frame_00269.jpg,0.5183127522468567,0.36684152483940125,0.19059687852859497,0.5154544115066528,0.35013502836227417,0.16779778897762299,0.5107933282852173,0.34683412313461304,0.16734136641025543,0.5063576698303223,0.3439975678920746,0.16723622381687164,0.5249767303466797,0.35699087381362915,0.1505652368068695,0.5268508791923523,0.35857343673706055,0.15033864974975586,0.5286520719528198,0.3598981201648712,0.15029238164424896,0.4959073066711426,0.34388139843940735,0.07274933159351349,0.524673342704773,0.3647414445877075,-0.006663504056632519,0.5054712295532227,0.37306320667266846,0.1636042296886444,0.5161634683609009,0.38024476170539856,0.1379554569721222,0.43911099433898926,0.3705463111400604,0.05114409327507019,0.5277196168899536,0.4237093925476074,-0.07283259183168411,0.44867801666259766,0.2647803723812103,0.099116250872612,0.5820937752723694,0.3938952386379242,0.03925514966249466,0.45967063307762146,0.19046826660633087,0.18069769442081451,0.5302439332008362,0.3373647630214691,0.30702921748161316,0.4534171521663666,0.15643522143363953,0.20615537464618683,0.5210044384002686,0.3263528645038605,0.3371223211288452,0.46329745650291443,0.16219131648540497,0.19699327647686005,0.5156918168067932,0.32599517703056335,0.3275608718395233,0.4656882882118225,0.1728551834821701,0.18106643855571747,0.5166497826576233,0.3284705877304077,0.3079017698764801,0.41377678513526917,0.6917312741279602,0.06501998007297516,0.4811839461326599,0.6918923258781433,-0.0654207319021225,0.4442388415336609,0.7784639596939087,0.2618485689163208,0.536823570728302,0.7682934999465942,-0.05781468749046326,0.42886120080947876,0.8843128681182861,0.06469372659921646,0.4810769557952881,0.8780819177627563,-0.25995030999183655,0.4383400082588196,0.9170148372650146,0.05536816641688347,0.467491090297699,0.8869406580924988,-0.2788986563682556,0.40194568037986755,0.9288310408592224,0.041161902248859406,0.4483596384525299,0.9449478387832642,-0.2856755554676056
frame_00270.jpg,0.5193750858306885,0.3692130446434021,0.18496637046337128,0.516335129737854,0.35269874334335327,0.16226962208747864,0.5116631984710693,0.34934914112091064,0.1618552953004837,0.5072313547134399,0.346427857875824,0.16178467869758606,0.5259259939193726,0.35961946845054626,0.1448669731616974,0.5278089046478271,0.3612429201602936,0.14458711445331573,0.5295963883399963,0.3626244366168976,0.1445256620645523,0.4966185986995697,0.34631285071372986,0.06765501201152802,0.525577187538147,0.3677140772342682,-0.011598223820328712,0.5065457820892334,0.3754920959472656,0.1624153107404709,0.5171716213226318,0.38291439414024353,0.136860653758049,0.4392855763435364,0.3713127374649048,0.04629185050725937,0.5277532339096069,0.4256244897842407,-0.07322778552770615,0.44908300042152405,0.2642846405506134,0.10010877996683121,0.5807573795318604,0.39386895298957825,0.0477074459195137,0.45991605520248413,0.1885523796081543,0.17956584692001343,0.5297887325286865,0.3380640745162964,0.30979830026626587,0.4534660875797272,0.1553540974855423,0.20448343455791473,0.5193568468093872,0.32852184772491455,0.3393137753009796,0.4634692072868347,0.16118259727954865,0.19458632171154022,0.5133238434791565,0.3279363811016083,0.3291747570037842,0.46596187353134155,0.17191442847251892,0.1793554127216339,0.5152385830879211,0.32989799976348877,0.3103131651878357,0.41399794816970825,0.6937469840049744,0.06440253555774689,0.4814600348472595,0.6948069930076599,-0.0648011714220047,0.44514426589012146,0.785969614982605,0.25653669238090515,0.5348474383354187,0.7588158249855042,-0.07735773921012878,0.42801418900489807,0.9054839611053467,0.04644672945141792,0.4761032462120056,0.883522629737854,-0.23733441531658173,0.4361342489719391,0.9234302639961243,0.026168975979089737,0.46116605401039124,0.8961626291275024,-0.25253862142562866,0.40059858560562134,0.9389337301254272,-0.0003232453891541809,0.4473787844181061,0.9536110162734985,-0.2636421322822571
frame_00271.jpg,0.5188087224960327,0.37480732798576355,0.1670483648777008,0.5157030820846558,0.357647567987442,0.14567707479000092,0.5110927820205688,0.35431143641471863,0.14528313279151917,0.5066670179367065,0.3515413999557495,0.14521485567092896,0.5253048539161682,0.3647550046443939,0.12541337311267853,0.5272725820541382,0.3662656247615814,0.12512177228927612,0.5291383862495422,0.36756661534309387,0.12502643465995789,0.4962843954563141,0.351614385843277,0.05985156446695328,0.5254464149475098,0.3723113238811493,-0.02950153313577175,0.506251871585846,0.3811075985431671,0.14713920652866364,0.5168904662132263,0.3886035084724426,0.11809051036834717,0.43883663415908813,0.3761194050312042,0.044643621891736984,0.5279778242111206,0.43021073937416077,-0.09567971527576447,0.4489448666572571,0.2668476998806,0.09783017635345459,0.5801806449890137,0.39843636751174927,0.014181475155055523,0.46006613969802856,0.19013084471225739,0.16921789944171906,0.529338002204895,0.3464670479297638,0.2989300489425659,0.45355501770973206,0.1556769758462906,0.192740336060524,0.5184471607208252,0.33703699707984924,0.33517953753471375,0.46356457471847534,0.16146279871463776,0.1838018000125885,0.5123222470283508,0.33824434876441956,0.3167729377746582,0.466181218624115,0.17250201106071472,0.1685120165348053,0.5147722959518433,0.33979740738868713,0.3060113787651062,0.413964182138443,0.6962137222290039,0.06645753979682922,0.4814099371433258,0.6974130868911743,-0.06684902310371399,0.44449180364608765,0.8030008673667908,0.24175532162189484,0.5330060124397278,0.7661808133125305,-0.07231031358242035,0.4290141463279724,0.916983962059021,0.07305310666561127,0.47319096326828003,0.887443482875824,-0.2236194908618927,0.43747076392173767,0.9314369559288025,0.04937391355633736,0.45785561203956604,0.8994374871253967,-0.2381839007139206,0.3993225693702698,0.9461163878440857,0.05294295400381088,0.44472140073776245,0.9599103331565857,-0.24223268032073975
frame_00272.jpg,0.5184252858161926,0.37736934423446655,0.1666799932718277,0.5151761770248413,0.3598397970199585,0.14552178978919983,0.5106048583984375,0.3564022481441498,0.14512252807617188,0.5062382817268372,0.3535570204257965,0.1450558304786682,0.5248589515686035,0.3672088086605072,0.12526914477348328,0.5268772840499878,0.36871087551116943,0.12497471272945404,0.5287884473800659,0.3699853718280792,0.12487200647592545,0.4959482252597809,0.35333970189094543,0.05439826846122742,0.5252633094787598,0.37455976009368896,-0.031719837337732315,0.5060160160064697,0.38332462310791016,0.1462976038455963,0.5166927576065063,0.3910696804523468,0.11765478551387787,0.43839091062545776,0.3793438673019409,0.03155297785997391,0.5279088020324707,0.4328344464302063,-0.09458145499229431,0.44886794686317444,0.26936405897140503,0.08956585079431534,0.5757347345352173,0.4005240499973297,0.011366131715476513,0.46005886793136597,0.19448192417621613,0.1688666045665741,0.5261517763137817,0.35078710317611694,0.2898465096950531,0.4535961151123047,0.15873955190181732,0.19201558828353882,0.515143871307373,0.3439241945743561,0.33402517437934875,0.4635694622993469,0.16451305150985718,0.18310129642486572,0.5091868042945862,0.343730628490448,0.30930662155151367,0.46619153022766113,0.17657633125782013,0.16812023520469666,0.5120588541030884,0.3450792729854584,0.2993457019329071,0.4139217436313629,0.6970966458320618,0.06524840742349625,0.48133373260498047,0.6983411312103271,-0.06562621891498566,0.430225670337677,0.8107035756111145,0.2379380762577057,0.5244132876396179,0.7680330276489258,-0.05887839198112488,0.4258743226528168,0.9663335084915161,0.12350358814001083,0.4716807007789612,0.8917969465255737,-0.16811762750148773,0.4353187084197998,0.9823505878448486,0.1090434342622757,0.45549923181533813,0.9059236645698547,-0.1780601143836975,0.39683786034584045,1.005832314491272,0.10941263288259506,0.44848817586898804,0.9755269885063171,-0.1744665503501892
frame_00273.jpg,0.5181843042373657,0.3844403028488159,0.15591593086719513,0.5148095488548279,0.36538609862327576,0.13606511056423187,0.5102719068527222,0.361528217792511,0.13568726181983948,0.5059588551521301,0.3582976162433624,0.13564354181289673,0.5245612263679504,0.3724885880947113,0.11440788209438324,0.5266462564468384,0.3734866976737976,0.1141010969877243,0.5286328792572021,0.3743334412574768,0.11398996412754059,0.49572691321372986,0.35691210627555847,0.054136406630277634,0.5248743891716003,0.37799081206321716,-0.038453035056591034,0.5058437585830688,0.38946980237960815,0.13864070177078247,0.5165467262268066,0.39689427614212036,0.10789606720209122,0.4364296793937683,0.38098564743995667,0.03447908163070679,0.5264430046081543,0.43564924597740173,-0.09969593584537506,0.44880303740501404,0.27028924226760864,0.09133090078830719,0.5734403729438782,0.40381160378456116,0.003405194263905287,0.4598763585090637,0.19583198428153992,0.16324841976165771,0.524564266204834,0.35184910893440247,0.2776985466480255,0.4536001682281494,0.1598505675792694,0.18504619598388672,0.5136120319366455,0.34453773498535156,0.31675997376441956,0.46308979392051697,0.1653551608324051,0.1762305647134781,0.5075474381446838,0.3451811969280243,0.3034749925136566,0.465705931186676,0.17705625295639038,0.16240806877613068,0.5102847814559937,0.34725871682167053,0.28541433811187744,0.41363292932510376,0.6966587901115417,0.06598107516765594,0.4812762141227722,0.6981193423271179,-0.06636790931224823,0.43011587858200073,0.8133013844490051,0.27194735407829285,0.5203701257705688,0.7677536606788635,-0.05724488943815231,0.42617931962013245,0.9648817777633667,0.19548465311527252,0.4710570275783539,0.8928905725479126,-0.1664968878030777,0.4359807074069977,0.9772878885269165,0.1848304569721222,0.4555354118347168,0.9085618257522583,-0.17679189145565033,0.3975827097892761,1.0012309551239014,0.18595880270004272,0.4495197832584381,0.9775384664535522,-0.17834064364433289
frame_00274.jpg,0.5182216763496399,0.3851240873336792,0.15131285786628723,0.5146815776824951,0.366068571805954,0.1317790448665619,0.5101754665374756,0.36217495799064636,0.1314113438129425,0.5059217214584351,0.35889366269111633,0.1313779056072235,0.5243776440620422,0.373135507106781,0.11006204038858414,0.5264385938644409,0.3741399049758911,0.10974979400634766,0.5284186005592346,0.3749926686286926,0.10964162647724152,0.4955518841743469,0.3572579622268677,0.05408415198326111,0.5248083472251892,0.37872570753097534,-0.0402965322136879,0.505767822265625,0.3902195394039154,0.13502636551856995,0.5165277719497681,0.3975554406642914,0.10401372611522675,0.43583574891090393,0.3813307583332062,0.03561120480298996,0.5257588624954224,0.4366278052330017,-0.10129586607217789,0.4487265646457672,0.2702184021472931,0.08924387395381927,0.5728097558021545,0.4042793810367584,0.0005734105361625552,0.45982271432876587,0.19604872167110443,0.15470732748508453,0.5237693786621094,0.3517501950263977,0.27107706665992737,0.45362406969070435,0.1600540429353714,0.1753438413143158,0.5130741596221924,0.3428506553173065,0.30635756254196167,0.46289342641830444,0.16558285057544708,0.1666903793811798,0.5066901445388794,0.34490102529525757,0.297507643699646,0.4655304551124573,0.17710235714912415,0.1538170874118805,0.509376049041748,0.34736645221710205,0.2768312990665436,0.413540780544281,0.6961526274681091,0.06589769572019577,0.48124924302101135,0.6977051496505737,-0.06628942489624023,0.4305449426174164,0.8145135641098022,0.2658597528934479,0.5188642740249634,0.7686671614646912,-0.05711020901799202,0.42672714591026306,0.9589566588401794,0.1830492913722992,0.47169989347457886,0.8945814967155457,-0.16905716061592102,0.4365822672843933,0.9684211015701294,0.17167572677135468,0.45606303215026855,0.9095414280891418,-0.17971859872341156,0.3977705240249634,0.9931608438491821,0.17247335612773895,0.4493167996406555,0.9775711894035339,-0.18126119673252106
frame_00275.jpg,0.5157448053359985,0.3842200040817261,0.16295602917671204,0.5118066072463989,0.36559340357780457,0.13934080302715302,0.5074844360351562,0.36171334981918335,0.13896870613098145,0.5034537315368652,0.35850557684898376,0.13892892003059387,0.5219274759292603,0.3726549446582794,0.12113684415817261,0.5242417454719543,0.3735077977180481,0.12082318961620331,0.5263744592666626,0.37421852350234985,0.12071734666824341,0.49309077858924866,0.3569314181804657,0.05406618118286133,0.5232173204421997,0.3778233230113983,-0.03238307684659958,0.5032747387886047,0.3890163004398346,0.14162664115428925,0.5144069194793701,0.3963814377784729,0.11503322422504425,0.4349936842918396,0.38143017888069153,0.027998831123113632,0.5251254439353943,0.4365521967411041,-0.09296149760484695,0.44816866517066956,0.26998335123062134,0.0741390734910965,0.5722062587738037,0.40673768520355225,0.001674943370744586,0.4596408009529114,0.19497759640216827,0.14452657103538513,0.5235763192176819,0.35677191615104675,0.2651441693305969,0.45362353324890137,0.15944279730319977,0.16443221271038055,0.5130540132522583,0.3474263548851013,0.29721128940582275,0.4626735746860504,0.16434963047504425,0.15646395087242126,0.5066695809364319,0.3495374321937561,0.28999263048171997,0.4653092324733734,0.17547665536403656,0.14409179985523224,0.5092911720275879,0.35224446654319763,0.2685144245624542,0.4135029911994934,0.6959999799728394,0.062280286103487015,0.4811021685600281,0.6980857849121094,-0.06266109645366669,0.4344136714935303,0.8182098865509033,0.25498318672180176,0.5184381008148193,0.7694746851921082,-0.04875344783067703,0.42755502462387085,0.956192672252655,0.16049005091190338,0.4723554253578186,0.9004330039024353,-0.1683889925479889,0.4379439353942871,0.9681301116943359,0.1475459784269333,0.4566049575805664,0.9107674360275269,-0.17963773012161255,0.39877983927726746,0.9913178086280823,0.14315111935138702,0.45028406381607056,0.9784324169158936,-0.18075162172317505
frame_00276.jpg,0.5113120675086975,0.38710370659828186,0.1496575027704239,0.5080727338790894,0.3693239390850067,0.12287390232086182,0.5041242837905884,0.36577749252319336,0.12248212099075317,0.5004356503486633,0.36287862062454224,0.12247232347726822,0.5180029273033142,0.37572288513183594,0.10629592835903168,0.5206659436225891,0.3764011263847351,0.10596130788326263,0.5230745673179626,0.3769630193710327,0.10587592422962189,0.49004030227661133,0.36104482412338257,0.028839489445090294,0.5202574133872986,0.3807693123817444,-0.04804348573088646,0.4991649091243744,0.3925372362136841,0.12720002233982086,0.5102749466896057,0.399527370929718,0.10245825350284576,0.43376249074935913,0.3861083686351776,0.002285365480929613,0.5222159624099731,0.4406987428665161,-0.09621169418096542,0.44656896591186523,0.27098339796066284,0.03835401311516762,0.5676637291908264,0.4120579957962036,-0.0007615004433318973,0.4587191939353943,0.19493751227855682,0.09106682986021042,0.5183405876159668,0.3673185408115387,0.23692090809345245,0.4532352089881897,0.15946176648139954,0.10257317870855331,0.5088805556297302,0.35462939739227295,0.2597742974758148,0.462177038192749,0.16442035138607025,0.09553179144859314,0.5029969215393066,0.35587212443351746,0.25011152029037476,0.4647181034088135,0.17552517354488373,0.09018759429454803,0.5055776238441467,0.3612450659275055,0.23671312630176544,0.41146349906921387,0.7010249495506287,0.05594282224774361,0.478718101978302,0.7049053907394409,-0.05633155256509781,0.43129652738571167,0.7379114031791687,0.3596429228782654,0.511773407459259,0.7623395919799805,0.03723715618252754,0.4277624487876892,0.8459169268608093,0.3660012483596802,0.47373300790786743,0.8906394839286804,-0.06848949939012527,0.43817099928855896,0.8987129926681519,0.36345118284225464,0.45905613899230957,0.9041996002197266,-0.07910353690385818,0.405052125453949,0.8912016153335571,0.37519994378089905,0.4520532190799713,0.9391071200370789,-0.09024767577648163
frame_00277.jpg,0.5070854425430298,0.38675957918167114,0.15080562233924866,0.5038928985595703,0.3695981800556183,0.12462133169174194,0.5001286864280701,0.36626431345939636,0.1242358461022377,0.4966394305229187,0.36355188488960266,0.12422357499599457,0.5141206979751587,0.37586885690689087,0.10794486105442047,0.5172537565231323,0.3766278922557831,0.10761070251464844,0.520115077495575,0.3772430717945099,0.10752411931753159,0.48662471771240234,0.3623104989528656,0.027918770909309387,0.5179889798164368,0.38167327642440796,-0.04507726803421974,0.495222270488739,0.3927410840988159,0.12872883677482605,0.5070109367370605,0.39947471022605896,0.10394223034381866,0.4323464035987854,0.3883526921272278,-0.0008877107175067067,0.5221373438835144,0.44259583950042725,-0.09564657509326935,0.4441600739955902,0.2734876573085785,0.030246490612626076,0.5633248090744019,0.4149024784564972,-0.0009220517240464687,0.4575217664241791,0.19489966332912445,0.08076439797878265,0.5159516334533691,0.3678393065929413,0.2309001237154007,0.4528042674064636,0.15948085486888885,0.09278519451618195,0.5069407224655151,0.35553446412086487,0.253670334815979,0.4618271291255951,0.16416749358177185,0.0851619690656662,0.501071572303772,0.35624945163726807,0.2453722059726715,0.4642171263694763,0.1754695624113083,0.07965772598981857,0.5034521222114563,0.35988476872444153,0.23083265125751495,0.41050300002098083,0.7014208436012268,0.052147142589092255,0.47764602303504944,0.7055713534355164,-0.052527863532304764,0.4242278039455414,0.7610796689987183,0.3441481292247772,0.5047600865364075,0.7605838179588318,0.028873736038804054,0.42684513330459595,0.8793972134590149,0.3298845887184143,0.47364363074302673,0.8891248106956482,-0.09530346095561981,0.43748030066490173,0.9096940755844116,0.3251822590827942,0.45909667015075684,0.9033215045928955,-0.1077864021062851,0.404730886220932,0.9035911560058594,0.3338213264942169,0.4513947069644928,0.9354377388954163,-0.11944476515054703
frame_00278.jpg,0.5045535564422607,0.3852894604206085,0.14709100127220154,0.5013013482093811,0.368226021528244,0.1180831789970398,0.4975832402706146,0.36491116881370544,0.11768446862697601,0.4940515458583832,0.36218535900115967,0.11767053604125977,0.5119539499282837,0.3745993971824646,0.10418710857629776,0.515457808971405,0.37546783685684204,0.10384060442447662,0.5187399983406067,0.37617629766464233,0.10375744104385376,0.48416072130203247,0.3613138198852539,0.015006475150585175,0.5174866318702698,0.3809716999530792,-0.047219038009643555,0.49304723739624023,0.3913275897502899,0.12255729734897614,0.5054523348808289,0.39812615513801575,0.10127590596675873,0.4317014217376709,0.3892207443714142,-0.0160246342420578,0.5224486589431763,0.44169238209724426,-0.09428359568119049,0.4430188238620758,0.2740057408809662,0.011442159302532673,0.5629637241363525,0.4165726900100708,-0.00021457066759467125,0.456091970205307,0.19486813247203827,0.060898251831531525,0.5143423676490784,0.37309902906417847,0.21091417968273163,0.45151346921920776,0.15967553853988647,0.0700988695025444,0.5057555437088013,0.36265650391578674,0.2303791493177414,0.4607362151145935,0.16425694525241852,0.06272634118795395,0.5002852082252502,0.3622649013996124,0.21873286366462708,0.46303263306617737,0.17550328373908997,0.05979085713624954,0.5027257204055786,0.3661631941795349,0.20875480771064758,0.409795343875885,0.7025547623634338,0.041586391627788544,0.4774993360042572,0.7079227566719055,-0.04200843721628189,0.41937804222106934,0.7291816473007202,0.35016950964927673,0.5058779120445251,0.7476727366447449,0.05789801478385925,0.425896555185318,0.8713418245315552,0.34864646196365356,0.4728803038597107,0.8800577521324158,-0.05660823732614517,0.4371567666530609,0.8961822390556335,0.34515732526779175,0.4591647982597351,0.8934864401817322,-0.06838332116603851,0.404987096786499,0.8853910565376282,0.352430522441864,0.4512181282043457,0.9221020936965942,-0.08366744965314865
frame_00279.jpg,0.5030139088630676,0.3855246305465698,0.14851883053779602,0.499992698431015,0.36879998445510864,0.12027619779109955,0.4962441921234131,0.3655928373336792,0.11989334970712662,0.49272847175598145,0.3629000782966614,0.11987222731113434,0.5106436610221863,0.3749963343143463,0.10525131225585938,0.514139711856842,0.3758389353752136,0.10488418489694595,0.5174348950386047,0.37648147344589233,0.10480161011219025,0.4833025336265564,0.36237648129463196,0.018104566261172295,0.5164778828620911,0.3812609612941742,-0.04679457098245621,0.4915536940097809,0.39160969853401184,0.12465620040893555,0.5041389465332031,0.3983503580093384,0.10329161584377289,0.43136119842529297,0.3904833495616913,-0.01179422251880169,0.5245415568351746,0.441463440656662,-0.09019029140472412,0.4420938491821289,0.27612072229385376,0.017735131084918976,0.561900794506073,0.41933271288871765,0.0007761161541566253,0.4550378918647766,0.1988370567560196,0.06412860751152039,0.512718141078949,0.374108225107193,0.21714560687541962,0.4510868191719055,0.1658739298582077,0.07243608683347702,0.5051319599151611,0.36433449387550354,0.23589006066322327,0.45980095863342285,0.1699378341436386,0.06490400433540344,0.49956315755844116,0.364397257566452,0.2242598831653595,0.4619446396827698,0.18058179318904877,0.06284552067518234,0.5016828775405884,0.36799386143684387,0.21496117115020752,0.40858182311058044,0.7037838101387024,0.04097078740596771,0.4768739342689514,0.7108309864997864,-0.04140065982937813,0.4181242883205414,0.7279325127601624,0.3911018371582031,0.5057116150856018,0.7397264838218689,0.090030238032341,0.4261247217655182,0.862263023853302,0.41824668645858765,0.4622783064842224,0.8822597861289978,-0.011095496825873852,0.43723025918006897,0.8875541090965271,0.4179716110229492,0.44869834184646606,0.8955398201942444,-0.02170294150710106,0.4128827452659607,0.8688893914222717,0.43140536546707153,0.45400118827819824,0.9118273258209229,-0.03862941637635231
frame_00280.jpg,0.5028802156448364,0.3849284052848816,0.11690596491098404,0.5000166893005371,0.3685135245323181,0.08793582022190094,0.49624237418174744,0.36515405774116516,0.08750568330287933,0.49269384145736694,0.3624083697795868,0.0875498428940773,0.5104252696037292,0.37489181756973267,0.07805614173412323,0.5136987566947937,0.37563371658325195,0.07767168432474136,0.5168029069900513,0.37625348567962646,0.07759030908346176,0.48354822397232056,0.3616107702255249,-0.009328185580670834,0.5161525011062622,0.3808186650276184,-0.054893858730793,0.49144595861434937,0.3912683427333832,0.09428610652685165,0.5037943720817566,0.3982323110103607,0.07875210791826248,0.4313792288303375,0.39082053303718567,-0.037644777446985245,0.5280823707580566,0.4410023093223572,-0.07666988670825958,0.4413414001464844,0.2796691656112671,0.005254137329757214,0.5573477745056152,0.42474472522735596,0.021821003407239914,0.45490342378616333,0.20154781639575958,0.049515653401613235,0.5076850652694702,0.37380877137184143,0.2077370584011078,0.4510034918785095,0.17163757979869843,0.05027344077825546,0.5010450482368469,0.36351045966148376,0.22030143439769745,0.4595399796962738,0.17435912787914276,0.042403556406497955,0.4967861771583557,0.36333659291267395,0.20432773232460022,0.4617885947227478,0.1842508763074875,0.04798584431409836,0.49859529733657837,0.3678368330001831,0.20277810096740723,0.4090087413787842,0.6973869204521179,0.02419264055788517,0.47707635164260864,0.7089756727218628,-0.02468009479343891,0.4181925356388092,0.6764842867851257,0.3805480897426605,0.4968045651912689,0.6955357789993286,0.16352644562721252,0.42402687668800354,0.7781921625137329,0.4598262906074524,0.4557507634162903,0.8414815068244934,0.1471973955631256,0.4243083894252777,0.7911050319671631,0.46577444672584534,0.4428245425224304,0.8695221543312073,0.14548073709011078,0.42020875215530396,0.7946038842201233,0.47513118386268616,0.45536312460899353,0.8584209084510803,0.1325824111700058
frame_00281.jpg,0.49975699186325073,0.37484458088874817,0.1353640854358673,0.49697455763816833,0.35988661646842957,0.09602834284305573,0.4937332272529602,0.3575264811515808,0.09553112089633942,0.49052244424819946,0.3554592430591583,0.09562276303768158,0.507016122341156,0.3660224676132202,0.09917602688074112,0.5104852914810181,0.36752617359161377,0.0987679660320282,0.5137463808059692,0.368823379278183,0.09868708997964859,0.4829654097557068,0.35656651854515076,0.003760081250220537,0.5147442817687988,0.3751121163368225,-0.030361568555235863,0.4902399480342865,0.38297441601753235,0.0992695763707161,0.5018203258514404,0.38923582434654236,0.10004202276468277,0.43193620443344116,0.3903813660144806,-0.029612665995955467,0.5302621722221375,0.43910327553749084,-0.048781868070364,0.44095078110694885,0.2796664535999298,0.018966343253850937,0.5502561926841736,0.42828577756881714,0.06313946098089218,0.4549316465854645,0.20144811272621155,0.14120204746723175,0.500719428062439,0.3815983831882477,0.2667205333709717,0.4510268270969391,0.1717619001865387,0.15713441371917725,0.5018200278282166,0.37545937299728394,0.29008182883262634,0.4596264958381653,0.17397858202457428,0.15115779638290405,0.49193254113197327,0.37054678797721863,0.2765057682991028,0.4620373845100403,0.1841488480567932,0.1426635980606079,0.493082195520401,0.37724122405052185,0.2636023759841919,0.41030263900756836,0.6893466711044312,0.018448807299137115,0.4774174690246582,0.7003465890884399,-0.01888313889503479,0.4123799204826355,0.7059122920036316,0.3433590531349182,0.49219003319740295,0.7147637009620667,0.12378312647342682,0.4225587844848633,0.8274645209312439,0.3666583299636841,0.44764572381973267,0.8558195233345032,0.033319562673568726,0.4266080856323242,0.8460336923599243,0.36101606488227844,0.43672147393226624,0.8777167201042175,0.024699391797184944,0.413707435131073,0.8503136038780212,0.36593303084373474,0.4444407522678375,0.889636754989624,0.02329177036881447
frame_00282.jpg,0.4977238178253174,0.3648098409175873,0.15430711209774017,0.49480462074279785,0.35045239329338074,0.11518505960702896,0.49182429909706116,0.34865638613700867,0.11477841436862946,0.48875585198402405,0.3469475507736206,0.11481156200170517,0.504930317401886,0.35657042264938354,0.11519569158554077,0.5089098215103149,0.3587482273578644,0.11476671695709229,0.5126969814300537,0.36065909266471863,0.11464883387088776,0.48217105865478516,0.3493060767650604,0.009790572337806225,0.5147221088409424,0.36848539113998413,-0.022008847445249557,0.48946771025657654,0.3742119073867798,0.11903263628482819,0.5010248422622681,0.38064369559288025,0.11578105390071869,0.4320911467075348,0.3891895115375519,-0.020342178642749786,0.5337803363800049,0.435874342918396,-0.04582757502794266,0.4409567415714264,0.28040459752082825,0.0724821537733078,0.5470292568206787,0.42777183651924133,0.09505023062229156,0.4548422396183014,0.20216819643974304,0.22094330191612244,0.4988970160484314,0.386165976524353,0.34588491916656494,0.4508048892021179,0.17458312213420868,0.24222059547901154,0.495527446269989,0.380228728055954,0.3783413767814636,0.4594734311103821,0.1760452538728714,0.23456403613090515,0.4900277256965637,0.3762853443622589,0.3654124140739441,0.4619728624820709,0.18549814820289612,0.22208218276500702,0.491126149892807,0.38203489780426025,0.3451029062271118,0.4103063941001892,0.6880044341087341,0.021714337170124054,0.4777948260307312,0.6991355419158936,-0.022142738103866577,0.40652695298194885,0.8081721663475037,0.2449602335691452,0.4741083085536957,0.7647849917411804,0.12786130607128143,0.4121858477592468,0.9525593519210815,0.25327104330062866,0.42311978340148926,0.932013750076294,0.0988219827413559,0.41923660039901733,0.9752922654151917,0.25365114212036133,0.40860384702682495,0.9557752013206482,0.0972682535648346,0.393775999546051,0.9839797616004944,0.27440792322158813,0.42854470014572144,0.9726691842079163,0.10636638104915619
frame_00283.jpg,0.4983757436275482,0.35611918568611145,0.16497960686683655,0.49516788125038147,0.34190037846565247,0.12711338698863983,0.49208492040634155,0.34033113718032837,0.1267455518245697,0.4889218211174011,0.33883631229400635,0.12675809860229492,0.5054601430892944,0.34798377752304077,0.12326556444168091,0.5094172954559326,0.35034751892089844,0.12283462285995483,0.5130928754806519,0.35238271951675415,0.12269022315740585,0.4823125898838043,0.3423301577568054,0.012728927657008171,0.51531982421875,0.36090287566185,-0.020453767850995064,0.4897707402706146,0.3662165105342865,0.13203421235084534,0.5013405084609985,0.3729075491428375,0.12397632747888565,0.432717889547348,0.38459691405296326,-0.01601910963654518,0.5389167070388794,0.42841637134552,-0.04447203874588013,0.4409812390804291,0.2800423204898834,0.10496602952480316,0.5417764186859131,0.4315156638622284,0.11072386801242828,0.4548090100288391,0.20189809799194336,0.28020280599594116,0.49779731035232544,0.39848563075065613,0.3807218074798584,0.4507352411746979,0.17525367438793182,0.30451974272727966,0.4936586916446686,0.39055556058883667,0.4151304364204407,0.45936012268066406,0.1762854903936386,0.29666903614997864,0.489434152841568,0.3869248628616333,0.40376320481300354,0.46193283796310425,0.18522882461547852,0.28198084235191345,0.4902978539466858,0.3919096887111664,0.3812585771083832,0.4106357991695404,0.6831601858139038,0.022129714488983154,0.47853773832321167,0.6947041153907776,-0.022536110132932663,0.404024213552475,0.8353094458580017,0.24194283783435822,0.4639063775539398,0.7927253246307373,0.17538510262966156,0.41171103715896606,0.987262487411499,0.2877173125743866,0.41518306732177734,0.962207555770874,0.23081651329994202,0.41860970854759216,1.0131102800369263,0.29874008893966675,0.3989579677581787,0.9901545643806458,0.23774321377277374,0.3907228410243988,1.016501784324646,0.3212336003780365,0.4265516400337219,0.9984347224235535,0.24903380870819092
frame_00284.jpg,0.4983491003513336,0.3436896502971649,0.18760767579078674,0.49548569321632385,0.33049705624580383,0.15152804553508759,0.49242621660232544,0.3295793831348419,0.15118151903152466,0.4892445206642151,0.328531414270401,0.15115013718605042,0.5055770874023438,0.33464017510414124,0.1468774378299713,0.509516179561615,0.3362866938114166,0.1464451253414154,0.5132287740707397,0.33770817518234253,0.14627927541732788,0.4830096662044525,0.3324666917324066,0.02651260234415531,0.5155672430992126,0.346987247467041,0.004318206571042538,0.49001675844192505,0.3551717698574066,0.15490815043449402,0.5014280080795288,0.3601454794406891,0.14632701873779297,0.43509238958358765,0.3762218654155731,-0.013869930990040302,0.5408697724342346,0.4209820032119751,-0.02109217271208763,0.4407044053077698,0.27629661560058594,0.09459597617387772,0.5421844124794006,0.46955034136772156,0.09168118238449097,0.4539254605770111,0.20048114657402039,0.25172489881515503,0.49932169914245605,0.42698416113853455,0.32538923621177673,0.4500020146369934,0.1749800145626068,0.27423328161239624,0.49496299028396606,0.42188185453414917,0.3588046431541443,0.45805424451828003,0.17602746188640594,0.2690225839614868,0.48914918303489685,0.4129607379436493,0.34449154138565063,0.46088138222694397,0.18451771140098572,0.25443562865257263,0.4896671175956726,0.42111700773239136,0.32283300161361694,0.41433173418045044,0.6670940518379211,0.014036166481673717,0.4817214012145996,0.6793056726455688,-0.014447681605815887,0.39282530546188354,0.8161652088165283,0.17002451419830322,0.461481511592865,0.8048691153526306,0.1349208801984787,0.4043871760368347,0.9568592309951782,0.15853245556354523,0.41621607542037964,0.9730790853500366,0.11502806842327118,0.41207513213157654,0.9799044728279114,0.15761151909828186,0.40064945816993713,0.9991956353187561,0.11375238001346588,0.38066238164901733,1.0159600973129272,0.17304125428199768,0.4258555471897125,1.008064866065979,0.12013304233551025
frame_00285.jpg,0.49785852432250977,0.339400976896286,0.18296398222446442,0.49564576148986816,0.3259338140487671,0.14910544455051422,0.49264711141586304,0.3248022198677063,0.14875593781471252,0.4894733428955078,0.32359060645103455,0.14871874451637268,0.5055208802223206,0.329794317483902,0.14315864443778992,0.5094499588012695,0.33097025752067566,0.14273810386657715,0.5131969451904297,0.3320264220237732,0.1425924152135849,0.4833377003669739,0.3259057104587555,0.027168944478034973,0.5155974626541138,0.34076565504074097,0.001944882096722722,0.4900880455970764,0.35017824172973633,0.15157315135002136,0.5009570121765137,0.3544197976589203,0.14124372601509094,0.4358276426792145,0.37294092774391174,-0.01843572035431862,0.5409549474716187,0.4134828448295593,-0.02067871205508709,0.4388570785522461,0.27691060304641724,0.08920731395483017,0.5419511198997498,0.4706234931945801,0.08683811128139496,0.45102792978286743,0.2033413052558899,0.2677258253097534,0.4971236288547516,0.42354801297187805,0.31587257981300354,0.4482872486114502,0.17697720229625702,0.29455333948135376,0.49361246824264526,0.4152764081954956,0.34512028098106384,0.4561660885810852,0.17656779289245605,0.2891092002391815,0.4879816472530365,0.4151560962200165,0.33367741107940674,0.45867276191711426,0.18546254932880402,0.27083978056907654,0.4871736466884613,0.41855373978614807,0.31345224380493164,0.41921693086624146,0.656720757484436,0.001831946661695838,0.48813337087631226,0.6671324968338013,-0.002327573951333761,0.3824181854724884,0.7773191332817078,0.12385425716638565,0.46649473905563354,0.7605578899383545,0.15687790513038635,0.3996860384941101,0.9508540034294128,0.03464372828602791,0.4304412305355072,0.9620701670646667,0.0955428034067154,0.41118302941322327,0.9731519818305969,0.026366347447037697,0.4247371554374695,0.9940203428268433,0.09097260981798172,0.3767591416835785,0.9865446090698242,0.054104872047901154,0.43077635765075684,0.9927784204483032,0.1187209039926529
frame_00286.jpg,0.4981258809566498,0.3296314775943756,0.15754279494285583,0.49580270051956177,0.3172769248485565,0.12366696447134018,0.49267926812171936,0.3165435791015625,0.12332814931869507,0.4896056652069092,0.31571701169013977,0.12327799946069717,0.5057186484336853,0.3201221823692322,0.11821790784597397,0.5095519423484802,0.32114773988723755,0.11780346930027008,0.513276994228363,0.3221464157104492,0.11764608323574066,0.4838596284389496,0.317477822303772,0.010039255954325199,0.5163974165916443,0.3304567039012909,-0.013698697090148926,0.49013257026672363,0.3405041992664337,0.12855836749076843,0.5010690093040466,0.34423965215682983,0.1189865842461586,0.43622058629989624,0.36600786447525024,-0.026973765343427658,0.5427273511886597,0.40427157282829285,-0.0426434688270092,0.4375525116920471,0.27590420842170715,0.08587311208248138,0.5527337789535522,0.4624408483505249,0.016329769045114517,0.4496999680995941,0.20304608345031738,0.23930864036083221,0.49819135665893555,0.41539427638053894,0.15855948626995087,0.44722747802734375,0.17655467987060547,0.2636951506137848,0.4943738877773285,0.4084012806415558,0.17909380793571472,0.4549916684627533,0.17607830464839935,0.2566532492637634,0.4883987009525299,0.406033992767334,0.1659020483493805,0.4575945734977722,0.18538585305213928,0.24126894772052765,0.4878830313682556,0.41011905670166016,0.1554940640926361,0.4210721552371979,0.6511042714118958,0.008335402235388756,0.4904850423336029,0.6619666814804077,-0.008802986703813076,0.3853227496147156,0.7671582102775574,0.1752103716135025,0.47013768553733826,0.7590072751045227,0.13595843315124512,0.402966171503067,0.9200018048286438,0.12772181630134583,0.436612069606781,0.9275739789009094,0.053803879767656326,0.41340845823287964,0.9345126748085022,0.12335093319416046,0.43298202753067017,0.9465624094009399,0.04383058100938797,0.38085564970970154,0.9594821929931641,0.15675589442253113,0.43235069513320923,0.9699281454086304,0.08855392038822174
frame_00287.jpg,0.4953916072845459,0.32193657755851746,0.17935903370380402,0.49389147758483887,0.3097417652606964,0.1486133635044098,0.49091997742652893,0.309369832277298,0.14831803739070892,0.48789674043655396,0.3089269995689392,0.14828665554523468,0.5038157105445862,0.31138479709625244,0.1439027488231659,0.5077841281890869,0.31207191944122314,0.14347493648529053,0.5116385221481323,0.3127649426460266,0.14334657788276672,0.4828830361366272,0.31068041920661926,0.042933233082294464,0.5155811905860901,0.31938278675079346,0.019801605492830276,0.4885872006416321,0.33458149433135986,0.1520952582359314,0.49893349409103394,0.3367677628993988,0.14314952492713928,0.4362076222896576,0.3640710413455963,0.009729443117976189,0.5431959629058838,0.3934233486652374,-0.012215607799589634,0.436642587184906,0.2784406840801239,0.14189298450946808,0.5519763231277466,0.4571235477924347,0.09949563443660736,0.4495287835597992,0.20371724665164948,0.337647944688797,0.49531930685043335,0.41162484884262085,0.3025433421134949,0.44720035791397095,0.1765795350074768,0.3703131675720215,0.4883580207824707,0.4046771228313446,0.33663415908813477,0.4541826844215393,0.1759357899427414,0.3623848557472229,0.4821186661720276,0.4017748534679413,0.3223109841346741,0.4569489061832428,0.18528757989406586,0.3404497802257538,0.4824211597442627,0.40568414330482483,0.30108320713043213,0.4228578507900238,0.6441818475723267,0.010714663192629814,0.4923359751701355,0.6552160978317261,-0.011186016723513603,0.3868754804134369,0.7494309544563293,0.16218450665473938,0.4722440838813782,0.7575350999832153,0.08611811697483063,0.4043102264404297,0.9077261090278625,0.08609452098608017,0.437560498714447,0.9299339056015015,-0.01758444495499134,0.41499757766723633,0.8938636779785156,0.07904581725597382,0.43306493759155273,0.9493788480758667,-0.026530250906944275,0.39097023010253906,0.9315984845161438,0.11405561864376068,0.43330925703048706,0.9810534715652466,-0.002726826351135969
frame_00288.jpg,0.49575209617614746,0.311907559633255,0.20235386490821838,0.49468857049942017,0.2990022897720337,0.1684931218624115,0.49199238419532776,0.29823610186576843,0.1681608259677887,0.48913702368736267,0.29748374223709106,0.16806501150131226,0.503888726234436,0.30182328820228577,0.1678723394870758,0.5079521536827087,0.30301153659820557,0.16751530766487122,0.5118201971054077,0.3041577935218811,0.1674553006887436,0.4836554527282715,0.3001481294631958,0.04705672338604927,0.5156202912330627,0.31166326999664307,0.041408948600292206,0.48871344327926636,0.3247203528881073,0.16824756562709808,0.49914899468421936,0.3281773030757904,0.16455763578414917,0.43618983030319214,0.35687175393104553,-0.010480718687176704,0.5467300415039062,0.38172683119773865,0.006016358733177185,0.436474472284317,0.27624374628067017,0.06363475322723389,0.5719690918922424,0.45482006669044495,0.095248281955719,0.44927090406417847,0.19613003730773926,0.2629777789115906,0.510177493095398,0.3995957374572754,0.2816249132156372,0.44656333327293396,0.1721770018339157,0.30091390013694763,0.5223971009254456,0.39622583985328674,0.3196057677268982,0.4528944492340088,0.16872893273830414,0.31877705454826355,0.49499163031578064,0.38278254866600037,0.30115747451782227,0.4557827413082123,0.17935599386692047,0.27327248454093933,0.5093938708305359,0.39004138112068176,0.2768120765686035,0.42546314001083374,0.6295392513275146,-0.008809644728899002,0.49564480781555176,0.6426193118095398,0.008239864371716976,0.37742966413497925,0.6532334089279175,0.14103206992149353,0.4723339080810547,0.7042163014411926,0.12965942919254303,0.41226688027381897,0.7820398211479187,-0.021905526518821716,0.43895506858825684,0.8347908854484558,-0.23761844635009766,0.4323386549949646,0.7943649291992188,-0.03676389902830124,0.43882495164871216,0.8195503354072571,-0.27650079131126404,0.41285401582717896,0.8363193273544312,0.02360551431775093,0.4298526644706726,0.87928706407547,-0.27425238490104675
frame_00289.jpg,0.4959603250026703,0.30645275115966797,0.19233207404613495,0.4951545298099518,0.2944480776786804,0.15944285690784454,0.4925575852394104,0.2938005328178406,0.15910036861896515,0.48977604508399963,0.2931022047996521,0.1590348184108734,0.5039278268814087,0.29689496755599976,0.1559981405735016,0.5080305337905884,0.2979469299316406,0.1556319147348404,0.5118992924690247,0.2989412248134613,0.15555594861507416,0.48428845405578613,0.29549044370651245,0.043132659047842026,0.5156694054603577,0.3062071204185486,0.0328788235783577,0.48883748054504395,0.31919586658477783,0.16124138236045837,0.49932733178138733,0.3222355246543884,0.153235524892807,0.4363461434841156,0.3526235520839691,-0.012076475657522678,0.5476095676422119,0.3768419325351715,0.002814773004502058,0.4362449645996094,0.2757840156555176,0.06251849234104156,0.5877295732498169,0.4474765360355377,0.09482349455356598,0.4490559697151184,0.19645057618618011,0.24161334335803986,0.5998778343200684,0.3924950063228607,0.19278833270072937,0.4463881850242615,0.17264391481876373,0.2618775963783264,0.6140202879905701,0.3841035068035126,0.20708468556404114,0.4522283673286438,0.16882257163524628,0.27599212527275085,0.5984208583831787,0.369297057390213,0.19763141870498657,0.4549376368522644,0.1799522489309311,0.25255000591278076,0.5925970673561096,0.3729058504104614,0.19006122648715973,0.42734187841415405,0.6231757402420044,-0.013958538882434368,0.4982178211212158,0.6376150846481323,0.013342964462935925,0.3613298833370209,0.6285322904586792,0.122529998421669,0.4666826128959656,0.6933289766311646,0.13041231036186218,0.4142840802669525,0.7560774683952332,-0.03267528861761093,0.4391062259674072,0.8029193878173828,-0.21601128578186035,0.43499502539634705,0.7707504630088806,-0.047024041414260864,0.43888822197914124,0.8160057067871094,-0.2506062388420105,0.4237261414527893,0.7826862931251526,0.008944661356508732,0.42482247948646545,0.8407659530639648,-0.24540452659130096
frame_00290.jpg,0.49716538190841675,0.2967647612094879,0.19569329917430878,0.49672871828079224,0.2853158414363861,0.16532465815544128,0.49422407150268555,0.2848629653453827,0.1650036871433258,0.4914993345737457,0.28438103199005127,0.16492860019207,0.5049709677696228,0.28734147548675537,0.16122159361839294,0.5089021921157837,0.28832918405532837,0.1608741581439972,0.5127260684967041,0.2892163395881653,0.16081273555755615,0.48564767837524414,0.2883670926094055,0.057381145656108856,0.5165441632270813,0.2974158227443695,0.03841213881969452,0.4906591773033142,0.30990296602249146,0.16672492027282715,0.500367283821106,0.31271517276763916,0.15833482146263123,0.4366488456726074,0.3480564057826996,-0.0020449000876396894,0.5486143827438354,0.36938971281051636,0.010404416359961033,0.4362964630126953,0.27553340792655945,0.08418427407741547,0.580627977848053,0.4458816349506378,0.1122702956199646,0.44896262884140015,0.1969095766544342,0.26839637756347656,0.5371190309524536,0.38595500588417053,0.2891417145729065,0.4463779926300049,0.17282794415950775,0.29368841648101807,0.52960205078125,0.3749579191207886,0.3210158944129944,0.4517815113067627,0.1688951998949051,0.2924845814704895,0.5262511968612671,0.36753079295158386,0.30524590611457825,0.45428466796875,0.18015174567699432,0.27266624569892883,0.5304774045944214,0.3710479438304901,0.286113440990448,0.428225576877594,0.6177586317062378,-0.012043310329318047,0.5001034140586853,0.6305606961250305,0.01146362628787756,0.34834569692611694,0.6165152788162231,0.13588497042655945,0.4689308702945709,0.646406888961792,0.1782827228307724,0.41401973366737366,0.7466766238212585,0.009389875456690788,0.44798773527145386,0.7725784182548523,-0.1532585620880127,0.4333952069282532,0.7279402613639832,-0.0008672478725202382,0.4479026198387146,0.7929744720458984,-0.1860085278749466,0.4240280091762543,0.7679734826087952,0.06329591572284698,0.43745309114456177,0.8057997822761536,-0.17806421220302582
frame_00291.jpg,0.5003740787506104,0.2954998016357422,0.15298908948898315,0.49993833899497986,0.28448718786239624,0.12774285674095154,0.49732035398483276,0.2840302586555481,0.1273743212223053,0.4944203495979309,0.2835582196712494,0.12727226316928864,0.5083938241004944,0.28633010387420654,0.12295296043157578,0.5121289491653442,0.2872008979320526,0.12257172167301178,0.5158019661903381,0.2879585027694702,0.12244162708520889,0.48801741003990173,0.28764641284942627,0.04970252141356468,0.5190003514289856,0.2964029610157013,0.033136483281850815,0.4936161935329437,0.3082923889160156,0.1330936849117279,0.5034831166267395,0.31124183535575867,0.12402576208114624,0.4379386007785797,0.3458256721496582,0.008649413473904133,0.5514973402023315,0.36633554100990295,0.00014304849901236594,0.43636807799339294,0.27166756987571716,0.15013659000396729,0.6301882266998291,0.3868962824344635,-0.03468872979283333,0.4489920139312744,0.1941039115190506,0.3515123724937439,0.7294371128082275,0.37205928564071655,-0.05857870727777481,0.44643235206604004,0.1694779396057129,0.3674097955226898,0.7693111896514893,0.37276536226272583,-0.08562086522579193,0.45190462470054626,0.16680757701396942,0.35946911573410034,0.769645631313324,0.3589911162853241,-0.07971875369548798,0.45441943407058716,0.17803055047988892,0.3542539179325104,0.7577120065689087,0.3567451536655426,-0.05809831619262695,0.42935577034950256,0.6159173250198364,-0.012286406941711903,0.4996824264526367,0.6287553310394287,0.011626044288277626,0.3424327075481415,0.6012869477272034,0.1389809399843216,0.46956712007522583,0.6222343444824219,0.18438056111335754,0.4136505722999573,0.7118975520133972,0.11094383895397186,0.45238909125328064,0.7495684027671814,0.02278585359454155,0.43325376510620117,0.7263497710227966,0.1083352342247963,0.4505709111690521,0.7746378779411316,0.007547065615653992,0.43547987937927246,0.7443948984146118,0.16212964057922363,0.45173588395118713,0.7796990275382996,0.019609563052654266
frame_00292.jpg,0.5035030841827393,0.2931809723377228,0.16169309616088867,0.5024539232254028,0.28195837140083313,0.1383112072944641,0.4996362328529358,0.28143951296806335,0.13793203234672546,0.4965283274650574,0.2809267044067383,0.13776269555091858,0.5115150213241577,0.2843160033226013,0.1352415680885315,0.515174150466919,0.28529492020606995,0.1348785161972046,0.5187739133834839,0.2861250638961792,0.13475964963436127,0.4896449148654938,0.28519925475120544,0.052949659526348114,0.5213077068328857,0.29416128993034363,0.03531688079237938,0.49613961577415466,0.30532994866371155,0.14205311238765717,0.5066732168197632,0.30909454822540283,0.13525472581386566,0.4397026598453522,0.34163108468055725,0.01273229531943798,0.5526283979415894,0.3630576729774475,-0.0001985874550882727,0.4366130828857422,0.2665765583515167,0.13438329100608826,0.6331212520599365,0.3777366876602173,-0.023823875933885574,0.4493764042854309,0.18984562158584595,0.3168323338031769,0.7247575521469116,0.36857035756111145,-0.039657991379499435,0.44660425186157227,0.16611219942569733,0.33061695098876953,0.7558727264404297,0.37367990612983704,-0.060231149196624756,0.4520275592803955,0.1642611175775528,0.3247378170490265,0.7502468228340149,0.3591398000717163,-0.05679737403988838,0.4546331763267517,0.17478322982788086,0.3197098672389984,0.7362263202667236,0.35767748951911926,-0.04005347937345505,0.43075934052467346,0.6153730154037476,-0.017285030335187912,0.49957379698753357,0.6252497434616089,0.016621660441160202,0.3378329873085022,0.593906044960022,0.12954482436180115,0.4718460142612457,0.6314859986305237,0.17076067626476288,0.41684937477111816,0.6987829208374023,0.03965997323393822,0.4530550539493561,0.7263813614845276,-0.013314100913703442,0.4363671839237213,0.7133721709251404,0.03152776136994362,0.4502822756767273,0.7470047473907471,-0.031051283702254295,0.4492783546447754,0.7312999367713928,0.09008215367794037,0.450817346572876,0.745341956615448,-0.012223588302731514
frame_00293.jpg,0.5055639743804932,0.2969387471675873,0.18262960016727448,0.5038923025131226,0.28514835238456726,0.15679652988910675,0.5009413957595825,0.2845422923564911,0.15643301606178284,0.49777573347091675,0.28388676047325134,0.15626667439937592,0.5132226347923279,0.2874496579170227,0.1529180109500885,0.5167218446731567,0.2882407009601593,0.15255776047706604,0.520172119140625,0.2888856828212738,0.15243026614189148,0.4906713366508484,0.2870739698410034,0.06222664192318916,0.5219023823738098,0.29624730348587036,0.0420847125351429,0.49785351753234863,0.30853623151779175,0.1587940901517868,0.5086098909378052,0.312534362077713,0.15116319060325623,0.44108206033706665,0.34201180934906006,0.021359700709581375,0.5540899634361267,0.3633309304714203,-0.0007521245861425996,0.4369995594024658,0.26413872838020325,0.13853947818279266,0.6340290904045105,0.3783538043498993,-0.02400442771613598,0.4494101107120514,0.18764172494411469,0.31909364461898804,0.7250809669494629,0.3671335279941559,-0.03320908546447754,0.44666028022766113,0.16507849097251892,0.3328591585159302,0.7569201588630676,0.3743271231651306,-0.05289754271507263,0.4521169662475586,0.16289089620113373,0.32744869589805603,0.7506653666496277,0.3595786690711975,-0.04853169620037079,0.45472779870033264,0.17279642820358276,0.32210561633110046,0.7365425825119019,0.3575006127357483,-0.032918836921453476,0.4315059185028076,0.6104782223701477,-0.015382516197860241,0.5002343058586121,0.6230806708335876,0.014726817607879639,0.34104853868484497,0.5948936939239502,0.13108623027801514,0.4746170938014984,0.6239535212516785,0.16484300792217255,0.41689759492874146,0.6925069093704224,0.04129306226968765,0.4554772973060608,0.7236095666885376,-0.023816773667931557,0.4356130063533783,0.7073619961738586,0.033461686223745346,0.4522220492362976,0.7452580332756042,-0.04238871484994888,0.44523850083351135,0.7186353206634521,0.08820439875125885,0.4534481465816498,0.7424431443214417,-0.02847287617623806
frame_00294.jpg,0.5054442286491394,0.2987119257450104,0.17428924143314362,0.5038796067237854,0.2864052653312683,0.14783413708209991,0.5009711980819702,0.28583624958992004,0.14747533202171326,0.4978732466697693,0.2851838171482086,0.14729949831962585,0.5131732225418091,0.288763165473938,0.14397582411766052,0.5167153477668762,0.28967997431755066,0.14361777901649475,0.5202218294143677,0.29049673676490784,0.14348120987415314,0.49105626344680786,0.28790223598480225,0.05866003781557083,0.521973729133606,0.29781192541122437,0.03932349383831024,0.4978572428226471,0.3102046847343445,0.1507435142993927,0.5085217952728271,0.3143099844455719,0.14323045313358307,0.44278478622436523,0.3413008153438568,0.016575805842876434,0.5540660619735718,0.3644643723964691,-0.006390308029949665,0.43702369928359985,0.2626991271972656,0.13030770421028137,0.6323038339614868,0.37844616174697876,-0.026654142886400223,0.4492540955543518,0.1880701184272766,0.3069550096988678,0.722732663154602,0.3693162798881531,-0.022982235997915268,0.44665902853012085,0.16472673416137695,0.3213745057582855,0.7525376081466675,0.3777843415737152,-0.041239455342292786,0.4520651400089264,0.16257354617118835,0.31507158279418945,0.7451590895652771,0.360352098941803,-0.038974691182374954,0.4546758532524109,0.17259906232357025,0.3094952702522278,0.7323838472366333,0.36012953519821167,-0.023227345198392868,0.4330247938632965,0.6129313707351685,-0.013230793178081512,0.5015012621879578,0.6254626512527466,0.012590846046805382,0.34230244159698486,0.6000736951828003,0.14356741309165955,0.4938466548919678,0.6247597336769104,0.1614656150341034,0.4181283414363861,0.7018813490867615,0.05626869201660156,0.46451157331466675,0.7361066341400146,-0.015209650620818138,0.4368495047092438,0.7174466848373413,0.04822182655334473,0.46008244156837463,0.7576415538787842,-0.03213651850819588,0.4445415437221527,0.7217408418655396,0.10041502863168716,0.4581766128540039,0.759492814540863,-0.004907590802758932
frame_00295.jpg,0.5065829753875732,0.2991161644458771,0.1851707547903061,0.5048776865005493,0.2868034541606903,0.15721407532691956,0.5018858313560486,0.2862764596939087,0.15686002373695374,0.4987587332725525,0.28564128279685974,0.15669238567352295,0.514438271522522,0.28942641615867615,0.15350593626499176,0.5179111361503601,0.2905033528804779,0.15314796566963196,0.5213848352432251,0.29151245951652527,0.15303102135658264,0.4921587407588959,0.28827470541000366,0.058405715972185135,0.5226476192474365,0.29915565252304077,0.03950958698987961,0.4988028109073639,0.31058400869369507,0.15857553482055664,0.5094168186187744,0.3150275647640228,0.1512312889099121,0.44505390524864197,0.3409774899482727,0.018317122012376785,0.5541573762893677,0.3648463487625122,-0.00759260356426239,0.43724489212036133,0.26311224699020386,0.12403891980648041,0.6343988180160522,0.3766085207462311,-0.01441422663629055,0.4494379162788391,0.18847155570983887,0.30291372537612915,0.7231861352920532,0.368904173374176,0.00667697936296463,0.4468511641025543,0.16492202877998352,0.30834776163101196,0.7480449080467224,0.377933144569397,-0.00778141850605607,0.4522862434387207,0.16276510059833527,0.3032035827636719,0.7460180521011353,0.3614552617073059,-0.005320843309164047,0.4549233913421631,0.17289264500141144,0.30554577708244324,0.7331024408340454,0.3604847490787506,0.006821760442107916,0.4331327974796295,0.6152734160423279,-0.012547174468636513,0.5011571645736694,0.6278086304664612,0.011919135227799416,0.34348392486572266,0.606077253818512,0.13136371970176697,0.4915480613708496,0.6460380554199219,0.15613582730293274,0.42136257886886597,0.6889013648033142,0.007306937128305435,0.46269115805625916,0.7507833242416382,-0.041555244475603104,0.4373147487640381,0.7281093001365662,-0.004810250364243984,0.4575859606266022,0.7678561806678772,-0.060215890407562256,0.44373637437820435,0.7413371801376343,0.051590897142887115,0.45386290550231934,0.7695985436439514,-0.011987043544650078
frame_00296.jpg,0.5076290965080261,0.3001398742198944,0.18555644154548645,0.5063103437423706,0.28745320439338684,0.15706826746463776,0.5033884644508362,0.2868286967277527,0.1567215621471405,0.5003132820129395,0.28612762689590454,0.1565738022327423,0.5158141851425171,0.2903364896774292,0.15423037111759186,0.519256055355072,0.2914794087409973,0.15386758744716644,0.5227319002151489,0.29257088899612427,0.15376058220863342,0.4941040575504303,0.28883305191993713,0.05580815672874451,0.5240931510925293,0.30033108592033386,0.040478676557540894,0.4999212324619293,0.31176355481147766,0.15814220905303955,0.5103240013122559,0.3162466287612915,0.15174227952957153,0.44668883085250854,0.34179267287254333,0.016155976802110672,0.5571091175079346,0.36673101782798767,-0.008680418133735657,0.4372292459011078,0.2634747326374054,0.12170962244272232,0.64222252368927,0.37799254059791565,-0.034460071474313736,0.4497736394405365,0.1910228133201599,0.3173485994338989,0.7340658903121948,0.37011048197746277,-0.03760499507188797,0.44781389832496643,0.16825373470783234,0.33555614948272705,0.776555061340332,0.37838122248649597,-0.056959230452775955,0.4538341164588928,0.1676592230796814,0.32965654134750366,0.7736331224441528,0.36229407787323,-0.04803130030632019,0.45624250173568726,0.17820636928081512,0.3208916485309601,0.7582281231880188,0.36119601130485535,-0.035665832459926605,0.4356558918952942,0.6169061064720154,-0.01515229046344757,0.5039644837379456,0.6280208230018616,0.014552975073456764,0.3462044596672058,0.6174761056900024,0.11687980592250824,0.4897116720676422,0.6866130232810974,0.1536826342344284,0.42183542251586914,0.6923859119415283,-0.037571728229522705,0.456399142742157,0.7572916150093079,-0.07350844889879227,0.4368557333946228,0.739065408706665,-0.053013674914836884,0.4553301930427551,0.7713974118232727,-0.09570659697055817,0.44177013635635376,0.7515442967414856,-0.005086489487439394,0.43480950593948364,0.7721060514450073,-0.06487295031547546
frame_00297.jpg,0.5085396766662598,0.30111563205718994,0.19454316794872284,0.5072328448295593,0.28835445642471313,0.16357110440731049,0.5043128728866577,0.28772038221359253,0.1632373034954071,0.5012086629867554,0.2870132327079773,0.163095623254776,0.5167664289474487,0.29124122858047485,0.16474498808383942,0.5202522277832031,0.2923991084098816,0.16437961161136627,0.5237940549850464,0.2935047149658203,0.16427667438983917,0.4953339099884033,0.2897723317146301,0.0545109286904335,0.5257927775382996,0.30127283930778503,0.05532250925898552,0.5010862946510315,0.3126375079154968,0.16336920857429504,0.5112479329109192,0.31715354323387146,0.16225527226924896,0.448358952999115,0.344147264957428,-0.0010395776480436325,0.55973219871521,0.3679136037826538,0.005171032156795263,0.4371127188205719,0.2648341953754425,0.0822673887014389,0.6431411504745483,0.380619615316391,-0.024574678391218185,0.4500376582145691,0.20224668085575104,0.27240675687789917,0.726699709892273,0.3707858920097351,-0.02822014130651951,0.44800299406051636,0.18009158968925476,0.2893885374069214,0.7620889544487,0.37858808040618896,-0.04379310458898544,0.45492085814476013,0.18155473470687866,0.2844626307487488,0.7627361416816711,0.36261656880378723,-0.03784879669547081,0.4573136866092682,0.19279618561267853,0.2763911187648773,0.7433041334152222,0.36174172163009644,-0.027792030945420265,0.4391048550605774,0.6171863079071045,-0.026796605437994003,0.5070029497146606,0.6295124292373657,0.02621089480817318,0.3477608859539032,0.6202434301376343,0.05443117022514343,0.47447091341018677,0.7203928828239441,0.1039605364203453,0.42369717359542847,0.7062398791313171,-0.11091329157352448,0.4506548047065735,0.7720292806625366,-0.15381287038326263,0.43908920884132385,0.7466928362846375,-0.12652358412742615,0.4515780508518219,0.7775412797927856,-0.17824368178844452,0.44101959466934204,0.760496973991394,-0.08103600889444351,0.43245330452919006,0.784880518913269,-0.1593572050333023
frame_00298.jpg,0.5094906091690063,0.3013897240161896,0.20576055347919464,0.5080402493476868,0.2885904312133789,0.17331306636333466,0.5051462054252625,0.2881796658039093,0.17298731207847595,0.5020487904548645,0.28766104578971863,0.17284411191940308,0.5174865126609802,0.29135942459106445,0.1755451112985611,0.5209424495697021,0.2926681339740753,0.17519694566726685,0.5244461297988892,0.29399728775024414,0.17511330544948578,0.4967564642429352,0.29114463925361633,0.05479317903518677,0.5268236994743347,0.30300766229629517,0.061509810388088226,0.502175509929657,0.31384769082069397,0.17121440172195435,0.5122419595718384,0.3177504539489746,0.17171691358089447,0.44984859228134155,0.3504009246826172,-0.007454802747815847,0.5601537823677063,0.37228134274482727,0.0069047994911670685,0.43738922476768494,0.2670285105705261,0.05957276374101639,0.6399960517883301,0.3835199773311615,-0.018588732928037643,0.4507090151309967,0.20884452760219574,0.2219555675983429,0.7192753553390503,0.37117326259613037,-0.011340538039803505,0.4487299919128418,0.1858328878879547,0.236978679895401,0.7459836602210999,0.3793536126613617,-0.023701490834355354,0.4555996358394623,0.18644721806049347,0.23193390667438507,0.7413025498390198,0.3633309304714203,-0.01974089816212654,0.4578508734703064,0.1977538764476776,0.22513023018836975,0.7324263453483582,0.3633717894554138,-0.011450981721282005,0.44050145149230957,0.6194464564323425,-0.02686607465147972,0.5089558362960815,0.6336992383003235,0.026299376040697098,0.35109010338783264,0.6346583962440491,0.047464899718761444,0.4739977717399597,0.7305494546890259,0.08994327485561371,0.42335599660873413,0.7235575914382935,-0.13026753067970276,0.4491511881351471,0.7870913743972778,-0.18971839547157288,0.44233378767967224,0.7500532269477844,-0.14758817851543427,0.4493993818759918,0.7932459712028503,-0.21680012345314026,0.4404584765434265,0.764838457107544,-0.10845649242401123,0.43332141637802124,0.8000673651695251,-0.20543546974658966
frame_00299.jpg,0.5117191672325134,0.3020540475845337,0.1942356526851654,0.5098658204078674,0.28902149200439453,0.1614311933517456,0.5068866610527039,0.28872185945510864,0.16113540530204773,0.5037400126457214,0.2883208096027374,0.16098180413246155,0.5192670822143555,0.29178664088249207,0.16482046246528625,0.5225960612297058,0.29313379526138306,0.1644950658082962,0.5260076522827148,0.2945344150066376,0.16442574560642242,0.49823927879333496,0.29187536239624023,0.04233068972826004,0.5278847217559814,0.3039585053920746,0.054096121340990067,0.5040578246116638,0.3146466910839081,0.15901559591293335,0.5141285061836243,0.3184177279472351,0.16059310734272003,0.4507627487182617,0.35373279452323914,-0.020241491496562958,0.5601629018783569,0.37431514263153076,0.0031919744797050953,0.4375353455543518,0.2682599723339081,0.04241155833005905,0.6363683938980103,0.385151207447052,-0.004528613295406103,0.4508463442325592,0.20955340564250946,0.19971050322055817,0.7132495045661926,0.37152597308158875,0.05600912123918533,0.44903478026390076,0.1865702122449875,0.21560212969779968,0.7336212396621704,0.380597859621048,0.05255202203989029,0.4556054174900055,0.18661735951900482,0.21046876907348633,0.729424774646759,0.36403751373291016,0.05541813373565674,0.45786434412002563,0.1975959688425064,0.20263329148292542,0.7237467169761658,0.3648470342159271,0.05681586265563965,0.44065895676612854,0.6232481002807617,-0.027320707216858864,0.5098074674606323,0.6388590335845947,0.02676348015666008,0.3514534533023834,0.6373329758644104,0.07157068699598312,0.47371238470077515,0.7349413633346558,0.09632305800914764,0.4221492409706116,0.7280403971672058,-0.06678080558776855,0.44947513937950134,0.795188307762146,-0.18004414439201355,0.4424445629119873,0.7517805099487305,-0.07969018071889877,0.4458686411380768,0.8304373025894165,-0.20679378509521484,0.42389625310897827,0.7706322073936462,-0.02755475416779518,0.4235231876373291,0.8456209301948547,-0.18938879668712616
frame_00300.jpg,0.5116974115371704,0.3058377504348755,0.2192140519618988,0.5098181366920471,0.29243218898773193,0.18675497174263,0.5068947672843933,0.29199475049972534,0.18648314476013184,0.5037837624549866,0.2914208769798279,0.18637117743492126,0.5191585421562195,0.29573529958724976,0.189005047082901,0.5226191282272339,0.29741171002388,0.18868893384933472,0.52619469165802,0.29918327927589417,0.18865308165550232,0.49851545691490173,0.2950446307659149,0.06363599747419357,0.5290645360946655,0.30948591232299805,0.07258690148591995,0.5042768716812134,0.3185139000415802,0.18388882279396057,0.514383852481842,0.3221836984157562,0.18425333499908447,0.4510533809661865,0.3568877875804901,-0.015413941815495491,0.5604029893875122,0.3825036883354187,0.03930193930864334,0.4380662441253662,0.2762640118598938,0.059614162892103195,0.6111355423927307,0.44138815999031067,0.13458001613616943,0.45085352659225464,0.21826261281967163,0.2042568475008011,0.5430269837379456,0.39939776062965393,0.31259337067604065,0.44928938150405884,0.19386419653892517,0.2558308243751526,0.5414479970932007,0.39082062244415283,0.3458464443683624,0.4558228850364685,0.19467049837112427,0.2521252930164337,0.5339268445968628,0.38349705934524536,0.332624614238739,0.4579411447048187,0.2051059454679489,0.2035973072052002,0.5340989828109741,0.3881974220275879,0.30979642271995544,0.44212302565574646,0.6278537511825562,-0.02708810567855835,0.5110592246055603,0.6435925960540771,0.026586581021547318,0.3598986268043518,0.6442772746086121,0.07332708686590195,0.47388553619384766,0.7349470257759094,0.09861405938863754,0.4230864644050598,0.724625825881958,-0.10009777545928955,0.45040637254714966,0.7992978692054749,-0.18915283679962158,0.44189053773880005,0.7378477454185486,-0.11607815325260162,0.44648486375808716,0.8302069306373596,-0.21996724605560303,0.4242308735847473,0.7819263935089111,-0.06330174207687378,0.4263920187950134,0.8498716950416565,-0.20817282795906067
frame_00301.jpg,0.514640748500824,0.31260946393013,0.17720291018486023,0.5117905735969543,0.2985672652721405,0.14517530798912048,0.508703351020813,0.2981821894645691,0.1448521465063095,0.5054723620414734,0.29770180583000183,0.14475451409816742,0.5213878154754639,0.3021923005580902,0.14266739785671234,0.5249277353286743,0.3040776550769806,0.14233101904392242,0.5287249684333801,0.3060190975666046,0.14225511252880096,0.499925434589386,0.303192675113678,0.03234957903623581,0.5317234396934509,0.31726589798927307,0.018895093351602554,0.5069838166236877,0.32683271169662476,0.1465110033750534,0.5170482397079468,0.33005914092063904,0.140523299574852,0.452533483505249,0.3656882643699646,-0.017482368275523186,0.5618922710418701,0.39565032720565796,-0.011682611890137196,0.4393969476222992,0.2876395285129547,0.09722036123275757,0.6286107301712036,0.4388558566570282,0.07416220009326935,0.45205292105674744,0.2330426573753357,0.31111305952072144,0.6748606562614441,0.3967350721359253,0.1864479035139084,0.45054468512535095,0.2055971324443817,0.33983924984931946,0.6901772618293762,0.39004606008529663,0.21015146374702454,0.45871520042419434,0.207415372133255,0.33003801107406616,0.677612841129303,0.3815903067588806,0.19833841919898987,0.46052607893943787,0.2185870110988617,0.3130779266357422,0.6694331765174866,0.38485556840896606,0.1835825890302658,0.44160881638526917,0.6451388001441956,-0.02154451422393322,0.5112926959991455,0.661723256111145,0.021059565246105194,0.3738301396369934,0.646542489528656,0.1540088802576065,0.4727320075035095,0.6714281439781189,0.1747545301914215,0.4232296347618103,0.72488933801651,0.08864633738994598,0.4513327181339264,0.7990925908088684,-0.009972663596272469,0.43999195098876953,0.7375327348709106,0.08406199514865875,0.44908156991004944,0.8297723531723022,-0.027526462450623512,0.42800551652908325,0.7893397808074951,0.14207062125205994,0.4350093901157379,0.8455814123153687,-0.006707380060106516
frame_00302.jpg,0.5159835815429688,0.3201148211956024,0.18690118193626404,0.5129912495613098,0.3057510554790497,0.15542367100715637,0.5098749995231628,0.3051229417324066,0.15511171519756317,0.5065849423408508,0.3044227361679077,0.15501746535301208,0.5227606296539307,0.3095706105232239,0.15209417045116425,0.5263521075248718,0.3112792372703552,0.15179815888404846,0.5302503705024719,0.31314295530319214,0.15176427364349365,0.5006896257400513,0.3091239929199219,0.03836556896567345,0.5335946679115295,0.3240760266780853,0.02194814756512642,0.5083647966384888,0.3336230516433716,0.15426629781723022,0.5185387134552002,0.3371985852718353,0.146948903799057,0.4538808763027191,0.37208133935928345,-0.014797016978263855,0.5615586042404175,0.40304532647132874,-0.010549688711762428,0.44031673669815063,0.29424864053726196,0.07920225709676743,0.6121833920478821,0.44975948333740234,0.06745263189077377,0.45218220353126526,0.23846210539340973,0.24658092856407166,0.544711709022522,0.4123838245868683,0.21261842548847198,0.45080313086509705,0.21287323534488678,0.2728253901004791,0.5684100389480591,0.40292489528656006,0.2326512336730957,0.4586738646030426,0.21325238049030304,0.2636381685733795,0.5503277778625488,0.40105003118515015,0.2158852070569992,0.4605218768119812,0.22440892457962036,0.24747760593891144,0.530612587928772,0.40117016434669495,0.2072550356388092,0.44303402304649353,0.6477629542350769,-0.004144671373069286,0.5119194984436035,0.6650732159614563,0.0037002037279307842,0.38949185609817505,0.6488001346588135,0.1773049384355545,0.4768601357936859,0.676691472530365,0.12564228475093842,0.4259118437767029,0.7254432439804077,0.06323104351758957,0.4538959562778473,0.7989252805709839,-0.14811091125011444,0.4400748312473297,0.7406800985336304,0.05207117646932602,0.4500398635864258,0.8291069269180298,-0.17559625208377838,0.4297258257865906,0.7952573299407959,0.0935828909277916,0.44026437401771545,0.8394119143486023,-0.18341512978076935
frame_00303.jpg,0.5163882970809937,0.32313477993011475,0.16482117772102356,0.5136798024177551,0.3090677261352539,0.13240408897399902,0.5105724334716797,0.30851632356643677,0.13208383321762085,0.5072335600852966,0.30786699056625366,0.13203588128089905,0.5235520601272583,0.3124288022518158,0.12777917087078094,0.5272588729858398,0.31402668356895447,0.12748059630393982,0.5312855839729309,0.315816193819046,0.12745685875415802,0.5010636448860168,0.3120824992656708,0.015984520316123962,0.5351439118385315,0.3266734182834625,-0.007008351385593414,0.5087289810180664,0.3361624777317047,0.1327751874923706,0.5191708207130432,0.3397873342037201,0.1238652840256691,0.45433706045150757,0.37677785754203796,-0.01594317890703678,0.5619656443595886,0.40634453296661377,-0.055845994502305984,0.44030022621154785,0.29495030641555786,0.06739436089992523,0.604589581489563,0.45606935024261475,0.047393545508384705,0.45230334997177124,0.2429807335138321,0.22133803367614746,0.5368826985359192,0.4187948405742645,0.19253064692020416,0.4512941241264343,0.2199121117591858,0.24500176310539246,0.5743345022201538,0.40553563833236694,0.20683488249778748,0.458676815032959,0.22076459228992462,0.23432520031929016,0.5577699542045593,0.4025530219078064,0.1946144998073578,0.46048402786254883,0.2298843264579773,0.221445232629776,0.5282667875289917,0.40714919567108154,0.18881377577781677,0.44294220209121704,0.652152419090271,0.025205319747328758,0.5115167498588562,0.6704463958740234,-0.02558666467666626,0.4010540544986725,0.643683671951294,0.3100597858428955,0.49730557203292847,0.6818588376045227,0.12631316483020782,0.42947855591773987,0.7500403523445129,0.24012212455272675,0.45878440141677856,0.7981333136558533,-0.048744697123765945,0.44052696228027344,0.773613691329956,0.23095381259918213,0.45000308752059937,0.8263285756111145,-0.06604404002428055,0.43110379576683044,0.7943847179412842,0.2523635923862457,0.4476141035556793,0.8396493792533875,-0.07812653481960297
frame_00304.jpg,0.5162482857704163,0.3256194293498993,0.14742164313793182,0.5140892267227173,0.311921626329422,0.11635424196720123,0.5111266374588013,0.3113490045070648,0.11602286249399185,0.5079101920127869,0.3107089400291443,0.11597485840320587,0.5235881209373474,0.31482893228530884,0.11013004928827286,0.5272504687309265,0.31613656878471375,0.1098279356956482,0.5311552882194519,0.31758707761764526,0.10977902263402939,0.501401424407959,0.3141845464706421,0.0060717323794960976,0.535033106803894,0.32755523920059204,-0.024159494787454605,0.5087442994117737,0.33753225207328796,0.11782775819301605,0.5189820528030396,0.3410610258579254,0.10688755661249161,0.4548409581184387,0.3784177899360657,-0.014905571937561035,0.5618928074836731,0.4042453467845917,-0.07694526761770248,0.44035688042640686,0.2973662316799164,0.06274066120386124,0.5850721597671509,0.4510645270347595,0.03233293816447258,0.452540785074234,0.24408164620399475,0.20570437610149384,0.5197221636772156,0.4139542877674103,0.21234741806983948,0.4515218734741211,0.22242002189159393,0.2303619682788849,0.5349773168563843,0.4047735333442688,0.2335294932126999,0.45862430334091187,0.22321870923042297,0.2202363908290863,0.5169895887374878,0.4023991525173187,0.21914808452129364,0.46044883131980896,0.231625035405159,0.20574381947517395,0.5116676092147827,0.40505409240722656,0.2089051455259323,0.44542184472084045,0.6505099534988403,0.04238463565707207,0.5129162073135376,0.6675460338592529,-0.04276319593191147,0.42298173904418945,0.6562135815620422,0.3572712540626526,0.5074148178100586,0.7095915675163269,0.12165753543376923,0.4403732419013977,0.7658327221870422,0.306768536567688,0.4615996479988098,0.8091084361076355,-0.06491748988628387,0.4425637125968933,0.770514190196991,0.298977255821228,0.4499756693840027,0.8317306637763977,-0.08434276282787323,0.44017696380615234,0.7961300015449524,0.3174692392349243,0.4515651762485504,0.8532332181930542,-0.08902768790721893
frame_00305.jpg,0.5166810750961304,0.3244606852531433,0.1452668309211731,0.5148229598999023,0.3107973337173462,0.11190953105688095,0.5119323134422302,0.310238242149353,0.11159648001194,0.5087779760360718,0.30964526534080505,0.11152349412441254,0.524062991142273,0.3139064610004425,0.10758338868618011,0.5277882218360901,0.3153890371322632,0.10727764666080475,0.5317225456237793,0.3170655071735382,0.10721071809530258,0.5018296837806702,0.31313860416412354,-0.0043369485065341,0.536186933517456,0.3270993232727051,-0.026318777352571487,0.5092949271202087,0.3367239534854889,0.11337004601955414,0.519828736782074,0.340612530708313,0.10491107404232025,0.4558565020561218,0.3764020800590515,-0.046791575849056244,0.5633816123008728,0.40245914459228516,-0.07788083702325821,0.4401175379753113,0.29969605803489685,0.011476026847958565,0.5928636193275452,0.4533730149269104,-0.06458166241645813,0.4527217447757721,0.24365754425525665,0.1433471143245697,0.5261309742927551,0.4157608151435852,0.007273704744875431,0.45166411995887756,0.22074884176254272,0.1610739529132843,0.5383597612380981,0.407882422208786,0.012063455767929554,0.45862293243408203,0.22176998853683472,0.15322352945804596,0.5232772827148438,0.4060167372226715,-0.004930728115141392,0.4605231285095215,0.23140665888786316,0.14355185627937317,0.5256887674331665,0.4101482331752777,-0.0003221836523152888,0.44733959436416626,0.6492558121681213,0.026027794927358627,0.5151981711387634,0.6656506061553955,-0.02647370658814907,0.4144306182861328,0.6638106107711792,0.2647302448749542,0.5130296945571899,0.6897454857826233,0.1613023728132248,0.4402535855770111,0.7806471586227417,0.18102207779884338,0.4699227213859558,0.7961520552635193,0.009276863187551498,0.4481630325317383,0.7969599366188049,0.17126165330410004,0.4617549479007721,0.8210220336914062,-0.0066887252032756805,0.4459962248802185,0.8195990920066833,0.19560006260871887,0.4555501341819763,0.8409368991851807,-0.008921762928366661
frame_00306.jpg,0.5174906849861145,0.32195910811424255,0.14647403359413147,0.5158413648605347,0.3085317015647888,0.1128467470407486,0.5130380392074585,0.30839940905570984,0.11253990232944489,0.5099728107452393,0.3083510994911194,0.1124781146645546,0.5247408747673035,0.3100471496582031,0.10984605550765991,0.528458297252655,0.3110031485557556,0.10952587425708771,0.5323512554168701,0.31213968992233276,0.10944642871618271,0.5027457475662231,0.3130360543727875,-0.003879981581121683,0.5373893976211548,0.32306697964668274,-0.02012236788868904,0.5101675987243652,0.33388760685920715,0.11432596296072006,0.5208471417427063,0.3367939889431,0.10752397775650024,0.45680323243141174,0.37509971857070923,-0.04474052041769028,0.5652843117713928,0.40225327014923096,-0.06631334871053696,0.44010910391807556,0.299040287733078,0.03097970224916935,0.5932855010032654,0.4525068998336792,-0.03329766169190407,0.45302924513816833,0.24086815118789673,0.18853580951690674,0.5327140688896179,0.41525179147720337,0.12640678882598877,0.45183056592941284,0.21813920140266418,0.20956142246723175,0.5518137216567993,0.40649405121803284,0.14794883131980896,0.45875754952430725,0.22015027701854706,0.20181134343147278,0.5377808213233948,0.402563214302063,0.13188746571540833,0.4608004689216614,0.22944632172584534,0.1899595558643341,0.5396372079849243,0.40587037801742554,0.12138070166110992,0.44761618971824646,0.6483625173568726,0.019537340849637985,0.515022873878479,0.6644912958145142,-0.019988948479294777,0.4100716710090637,0.6741792559623718,0.25614413619041443,0.5091909170150757,0.6905550360679626,0.15627732872962952,0.44540244340896606,0.7763043642044067,0.18298497796058655,0.47267669439315796,0.7936898469924927,0.01700344868004322,0.44862619042396545,0.8010538220405579,0.1752554178237915,0.4677717685699463,0.805578887462616,0.0037748906761407852,0.4469877779483795,0.8305702209472656,0.2056775540113449,0.4572293162345886,0.8394398093223572,0.012939965352416039
frame_00307.jpg,0.5200642943382263,0.31780368089675903,0.21253883838653564,0.5182012319564819,0.3048494756221771,0.1804879903793335,0.5154420137405396,0.3048498332500458,0.18020741641521454,0.5124229788780212,0.30503472685813904,0.18009807169437408,0.5268499255180359,0.3059038817882538,0.1783115565776825,0.530407190322876,0.30664730072021484,0.177988201379776,0.5341014266014099,0.307541161775589,0.17792247235774994,0.5044915676116943,0.31057116389274597,0.060670800507068634,0.5386382341384888,0.3177531063556671,0.04805056378245354,0.5125504732131958,0.3291608989238739,0.1785898506641388,0.5233309268951416,0.33166906237602234,0.17286720871925354,0.45758742094039917,0.3749326765537262,6.463264435296878e-05,0.5667251944541931,0.3970983624458313,-0.01217636652290821,0.43862390518188477,0.2975364327430725,0.08207927644252777,0.6082077622413635,0.4520469307899475,0.016280658543109894,0.45311737060546875,0.23960167169570923,0.25839588046073914,0.5827370882034302,0.41435644030570984,0.14707635343074799,0.4519633650779724,0.21787142753601074,0.2880362868309021,0.5602495670318604,0.4022010862827301,0.1661878228187561,0.45884251594543457,0.22004231810569763,0.2812294065952301,0.5402287244796753,0.3936249613761902,0.16028305888175964,0.4608251452445984,0.2291674166917801,0.26111775636672974,0.5638495087623596,0.397073894739151,0.14598122239112854,0.4476102292537689,0.6464691758155823,0.01784922555088997,0.5147107839584351,0.6614157557487488,-0.01817602664232254,0.4239334166049957,0.6765046715736389,0.10836154222488403,0.5133424401283264,0.7129223346710205,0.032321590930223465,0.44816359877586365,0.7871267795562744,-0.08836086094379425,0.4773422181606293,0.7926581501960754,-0.2852606177330017,0.4504315257072449,0.8042869567871094,-0.10812874138355255,0.47117099165916443,0.800319254398346,-0.31764882802963257,0.4489942491054535,0.8368407487869263,-0.08328142762184143,0.4637359082698822,0.8389014601707458,-0.330125093460083
frame_00308.jpg,0.5225769877433777,0.3045946955680847,0.20426030457019806,0.520638644695282,0.2925916612148285,0.17423148453235626,0.5178112983703613,0.2927075922489166,0.17391763627529144,0.514747679233551,0.29288673400878906,0.17378613352775574,0.529150128364563,0.29284295439720154,0.16919109225273132,0.5324947237968445,0.293511301279068,0.16885493695735931,0.5359582901000977,0.29430338740348816,0.1687740534543991,0.5063870549201965,0.3005119860172272,0.06035272032022476,0.5402158498764038,0.3072283864021301,0.03576427698135376,0.5150784850120544,0.31795698404312134,0.17201903462409973,0.525509238243103,0.31941547989845276,0.1628410965204239,0.4586609899997711,0.3700283169746399,0.016071584075689316,0.5680500268936157,0.39047330617904663,-0.04563124105334282,0.4372636377811432,0.2963070869445801,0.10571788251399994,0.6410897374153137,0.4131671190261841,-0.1182149201631546,0.45445260405540466,0.2407691478729248,0.29062730073928833,0.7071124315261841,0.35375139117240906,-0.10719083249568939,0.45325908064842224,0.2203485369682312,0.3207062780857086,0.7272369265556335,0.34076765179634094,-0.12246847152709961,0.4599362313747406,0.22160126268863678,0.31040480732917786,0.7182552218437195,0.3294775187969208,-0.10852357000112534,0.46175727248191833,0.23097053170204163,0.29221630096435547,0.7084599733352661,0.3336891233921051,-0.1036861315369606,0.4473799169063568,0.6449273824691772,0.01784178614616394,0.5146694183349609,0.6591290831565857,-0.01820075698196888,0.4278828501701355,0.6855581402778625,0.1324535608291626,0.5092822909355164,0.7303497195243835,0.027198854833841324,0.44924846291542053,0.7882680296897888,-0.04349934682250023,0.4768839478492737,0.794910728931427,-0.2609359323978424,0.45123863220214844,0.8051691651344299,-0.0632479190826416,0.4715796113014221,0.7986575365066528,-0.2902420163154602,0.4489265978336334,0.8428623080253601,-0.044560935348272324,0.461090087890625,0.841720700263977,-0.30005019903182983
frame_00309.jpg,0.5363103747367859,0.2932683527469635,0.13516072928905487,0.5329008102416992,0.2813663184642792,0.10948655754327774,0.5298096537590027,0.2811564803123474,0.10914482921361923,0.5266021490097046,0.2810113728046417,0.10908397287130356,0.5407822132110596,0.2825010120868683,0.09495464712381363,0.5435020923614502,0.2832329571247101,0.09458734840154648,0.5464895963668823,0.28392013907432556,0.09447742998600006,0.5177923440933228,0.28821995854377747,0.024067170917987823,0.5484412312507629,0.2968430519104004,-0.04583622142672539,0.5292181968688965,0.30665168166160583,0.1139032244682312,0.5384092330932617,0.30941760540008545,0.09187982976436615,0.4595547318458557,0.355432391166687,0.01026121899485588,0.5692018270492554,0.37673744559288025,-0.12265656143426895,0.4292201101779938,0.29574108123779297,0.14367446303367615,0.6381500363349915,0.3770507574081421,-0.12950338423252106,0.45444411039352417,0.24080316722393036,0.33875951170921326,0.6574803590774536,0.2563796043395996,-0.03663594275712967,0.45347991585731506,0.2195148468017578,0.3746616542339325,0.6742227077484131,0.24146248400211334,-0.042271941900253296,0.4604978561401367,0.22015520930290222,0.3593427836894989,0.661780059337616,0.24017387628555298,-0.03954453021287918,0.46194133162498474,0.2306431084871292,0.3384048044681549,0.6541222333908081,0.24914264678955078,-0.035760052502155304,0.4471668601036072,0.6289423704147339,0.04214438050985336,0.5122873783111572,0.6448962688446045,-0.04253358393907547,0.4303746223449707,0.6912229061126709,0.2825101613998413,0.5087003111839294,0.7453531622886658,0.06365547329187393,0.45276421308517456,0.8077751994132996,0.21698972582817078,0.4772651195526123,0.8096297383308411,-0.1258412003517151,0.45786672830581665,0.8185053467750549,0.20915094017982483,0.47099995613098145,0.8187597393989563,-0.13942685723304749,0.45347529649734497,0.8482386469841003,0.24496972560882568,0.4647105634212494,0.8740445375442505,-0.13991081714630127
frame_00310.jpg,0.5412226915359497,0.2842150330543518,0.09697454422712326,0.5373166799545288,0.2721579372882843,0.06801961362361908,0.5340036153793335,0.27166256308555603,0.06767147034406662,0.5306086540222168,0.2712145745754242,0.06764989346265793,0.5458049774169922,0.27376383543014526,0.05581575632095337,0.5487459897994995,0.27438053488731384,0.05543535202741623,0.5519970655441284,0.274871826171875,0.05532582476735115,0.5214873552322388,0.2781706750392914,-0.02310662716627121,0.5530620813369751,0.2879781723022461,-0.08132784068584442,0.5337210297584534,0.2972055673599243,0.07466442137956619,0.5429476499557495,0.2998771071434021,0.05585028603672981,0.460045725107193,0.346086710691452,-0.02960040047764778,0.5717084407806396,0.36831992864608765,-0.1302766352891922,0.42484575510025024,0.29330626130104065,0.11608369648456573,0.6362563371658325,0.354650616645813,-0.09407608956098557,0.45495572686195374,0.24184724688529968,0.30002281069755554,0.6448424458503723,0.23833641409873962,0.021479343995451927,0.45600706338882446,0.21973969042301178,0.3296149969100952,0.6611119508743286,0.22158662974834442,0.021976228803396225,0.4637461304664612,0.2192305475473404,0.3153190016746521,0.6459378004074097,0.20962783694267273,0.019636953249573708,0.4641493260860443,0.23102979362010956,0.2994500696659088,0.6399983167648315,0.2160232812166214,0.020808923989534378,0.4464857578277588,0.6198843121528625,0.03333011642098427,0.5113620758056641,0.636521577835083,-0.03375007212162018,0.4304240345954895,0.6909631490707397,0.2998104989528656,0.5078571438789368,0.7052182555198669,0.1560058891773224,0.4521262049674988,0.8064437508583069,0.29063451290130615,0.47905653715133667,0.8084573149681091,0.10288915783166885,0.457298219203949,0.8185456395149231,0.2893250584602356,0.47462454438209534,0.8183165788650513,0.09826679527759552,0.45276302099227905,0.8424156904220581,0.32258373498916626,0.4739331305027008,0.865981936454773,0.11127612739801407
frame_00311.jpg,0.543358325958252,0.2811889052391052,0.10067641735076904,0.5400845408439636,0.2696313261985779,0.07203179597854614,0.5366696119308472,0.26918989419937134,0.07166419923305511,0.5332531929016113,0.26880913972854614,0.07165876030921936,0.5491836071014404,0.2708798944950104,0.06295343488454819,0.5524815320968628,0.2713785767555237,0.06255801022052765,0.5561131238937378,0.27186670899391174,0.06244735047221184,0.5246999263763428,0.27493444085121155,-0.01952643319964409,0.5582559108734131,0.28440824151039124,-0.06336541473865509,0.5354083776473999,0.29377618432044983,0.07816595584154129,0.5450572371482849,0.2963620126247406,0.06339994817972183,0.4616174101829529,0.341734915971756,-0.02698080614209175,0.5751825571060181,0.36510345339775085,-0.10455048084259033,0.420910120010376,0.29303011298179626,0.13160085678100586,0.6333730220794678,0.3402271270751953,-0.05597091466188431,0.45491307973861694,0.24467793107032776,0.34466591477394104,0.6406253576278687,0.2318963259458542,0.10066090524196625,0.45588797330856323,0.22055119276046753,0.37609967589378357,0.6537295579910278,0.20704050362110138,0.10098209232091904,0.46376562118530273,0.22036057710647583,0.3570261597633362,0.6407272219657898,0.2020380049943924,0.09757291525602341,0.4642336368560791,0.23372222483158112,0.343199759721756,0.6354436278343201,0.20757243037223816,0.09991911053657532,0.4460051953792572,0.6141644716262817,0.030475109815597534,0.5112307667732239,0.6317863464355469,-0.030897606164216995,0.4291101098060608,0.6824136972427368,0.35115039348602295,0.5225890874862671,0.6768579483032227,0.16049076616764069,0.4503649175167084,0.8003918528556824,0.395693838596344,0.4824775755405426,0.7914187908172607,0.1684245467185974,0.4562394618988037,0.8145032525062561,0.3996793329715729,0.4772423803806305,0.8041199445724487,0.17098648846149445,0.45170703530311584,0.8376651406288147,0.43879976868629456,0.4764750003814697,0.8597612977027893,0.19548019766807556
frame_00312.jpg,0.5465266108512878,0.2807022035121918,0.11067327111959457,0.5435842871665955,0.2688678205013275,0.08246912062168121,0.5401939153671265,0.26817724108695984,0.08209249377250671,0.5367604494094849,0.2675497829914093,0.08207596838474274,0.5523985624313354,0.2705221474170685,0.07053732126951218,0.5553537011146545,0.2711528539657593,0.07016746699810028,0.5586074590682983,0.2718520164489746,0.07008177787065506,0.5275534391403198,0.27189865708351135,-0.008939863182604313,0.5595948100090027,0.28335481882095337,-0.06422440707683563,0.5381668210029602,0.29311293363571167,0.08866152912378311,0.5475882291793823,0.2961232364177704,0.07046062499284744,0.4615557789802551,0.3357188105583191,-0.02619263529777527,0.5751587748527527,0.36306414008140564,-0.1111857071518898,0.4192536771297455,0.2928328216075897,0.1270492970943451,0.6234045624732971,0.3616110682487488,-0.07035212218761444,0.454211562871933,0.2459227591753006,0.3222953677177429,0.6454346179962158,0.2636066675186157,0.08354993909597397,0.4558320641517639,0.2224305421113968,0.35188132524490356,0.6562777757644653,0.24031798541545868,0.0834321528673172,0.4636639654636383,0.22226347029209137,0.33630162477493286,0.6414846777915955,0.23448915779590607,0.07940666377544403,0.46403661370277405,0.23574180901050568,0.32167384028434753,0.6349210739135742,0.2415854036808014,0.08323635160923004,0.44533640146255493,0.6079434156417847,0.03620421886444092,0.5101244449615479,0.6246632933616638,-0.036638371646404266,0.4281708300113678,0.6851680874824524,0.32578006386756897,0.5186399817466736,0.6774365305900574,0.15809103846549988,0.4493564963340759,0.8049332499504089,0.32992419600486755,0.48669686913490295,0.7921209931373596,0.11062922328710556,0.4553675055503845,0.8209590911865234,0.32952719926834106,0.4769589304924011,0.8207955956459045,0.11034159362316132,0.4559019207954407,0.8351182341575623,0.3681079149246216,0.4873057007789612,0.8571354150772095,0.13569003343582153
frame_00313.jpg,0.5477958917617798,0.2774617373943329,0.08698530495166779,0.5450741052627563,0.26516982913017273,0.05860292166471481,0.5416985750198364,0.2642909586429596,0.058218371123075485,0.5381921529769897,0.2634410560131073,0.05822504684329033,0.5539151430130005,0.2671744227409363,0.046391721814870834,0.5568504333496094,0.2678559124469757,0.04601643234491348,0.5599952936172485,0.26858338713645935,0.045942507684230804,0.5283399820327759,0.26713916659355164,-0.027940884232521057,0.5606356859207153,0.2800297439098358,-0.0848226323723793,0.5395828485488892,0.28961798548698425,0.06703319400548935,0.548707127571106,0.29286816716194153,0.04835956543684006,0.4613513946533203,0.32901039719581604,-0.03743691369891167,0.574446976184845,0.36053749918937683,-0.114030621945858,0.4184183180332184,0.2916141450405121,0.11915530264377594,0.6133359670639038,0.34573811292648315,-0.06395705044269562,0.45380765199661255,0.2462967485189438,0.30908459424972534,0.6387332677841187,0.24944530427455902,0.08640206605195999,0.4557475447654724,0.22285665571689606,0.33697813749313354,0.6428586840629578,0.2288375198841095,0.08903731405735016,0.46361517906188965,0.223219096660614,0.32368195056915283,0.6356063485145569,0.21274180710315704,0.0860222652554512,0.4637753367424011,0.2368045300245285,0.3082977533340454,0.6280063390731812,0.21941232681274414,0.08614635467529297,0.4451487064361572,0.6038383841514587,0.033467959612607956,0.5098065733909607,0.6196022033691406,-0.033886637538671494,0.4276183247566223,0.685493528842926,0.3216039538383484,0.5164483785629272,0.6565425395965576,0.15372751653194427,0.44889599084854126,0.8066595792770386,0.36943331360816956,0.49136918783187866,0.7886573076248169,0.1770201325416565,0.4549691677093506,0.822447657585144,0.3731897473335266,0.48312607407569885,0.8067287802696228,0.18085044622421265,0.45484501123428345,0.8343626856803894,0.40101465582847595,0.49101072549819946,0.8513520359992981,0.20143015682697296
frame_00314.jpg,0.549565315246582,0.27695149183273315,0.10567890107631683,0.5471032857894897,0.26438280940055847,0.07694657891988754,0.5437147617340088,0.2633475959300995,0.07658331096172333,0.5401570796966553,0.2623065710067749,0.07655984163284302,0.555970311164856,0.26664483547210693,0.06693308055400848,0.5587927103042603,0.2674175202846527,0.06656800955533981,0.5618468523025513,0.2682798504829407,0.06648752093315125,0.530495822429657,0.2660609781742096,-0.01761755906045437,0.5627591609954834,0.2792995572090149,-0.06487704068422318,0.5412924289703369,0.28860267996788025,0.08267121016979218,0.5502845048904419,0.2921902537345886,0.06670945882797241,0.4625415802001953,0.32654502987861633,-0.03599049150943756,0.5739888548851013,0.3593883812427521,-0.09693140536546707,0.4133667051792145,0.29252955317497253,0.11492986977100372,0.5826584696769714,0.3638838827610016,-0.0045303707011044025,0.4524155557155609,0.25427088141441345,0.32734495401382446,0.5633467435836792,0.3316279351711273,0.18566395342350006,0.45566385984420776,0.23918502032756805,0.35701248049736023,0.5636255741119385,0.32065296173095703,0.20355501770973206,0.46234384179115295,0.2397124022245407,0.3393123745918274,0.5511184930801392,0.3163239657878876,0.1944362372159958,0.4622761607170105,0.2507861852645874,0.325991153717041,0.5470605492591858,0.3196226954460144,0.18386216461658478,0.44495829939842224,0.5998018980026245,0.03328230232000351,0.509846031665802,0.614784836769104,-0.033636726438999176,0.430429607629776,0.6879743933677673,0.3292989432811737,0.5242388844490051,0.6702022552490234,0.14690274000167847,0.4491608142852783,0.8213364481925964,0.3782615661621094,0.4900452494621277,0.8132553696632385,0.1615324169397354,0.4553024172782898,0.8421037197113037,0.38088223338127136,0.4806668162345886,0.8506840467453003,0.1635800451040268,0.4542595446109772,0.8417941331863403,0.3952636122703552,0.48580318689346313,0.8742138743400574,0.16752490401268005
frame_00315.jpg,0.5490719079971313,0.2734138071537018,0.11144260317087173,0.5463963747024536,0.26135149598121643,0.08213066309690475,0.5427435040473938,0.26021894812583923,0.08178187161684036,0.5389413833618164,0.2590351998806,0.08170139044523239,0.5557140707969666,0.26370081305503845,0.07228229939937592,0.5586867332458496,0.26450473070144653,0.07191835343837738,0.5619066953659058,0.2653886377811432,0.07182322442531586,0.5291255712509155,0.26331189274787903,-0.013894909992814064,0.5626503825187683,0.2768280804157257,-0.06150765344500542,0.5404588580131531,0.2847882807254791,0.08749853819608688,0.5497784614562988,0.2881523370742798,0.07165399193763733,0.4623585641384125,0.32754337787628174,-0.032667819410562515,0.574063777923584,0.35716432332992554,-0.08095816522836685,0.4119735658168793,0.2966608703136444,0.1364169418811798,0.5907018780708313,0.34576740860939026,0.0009671840816736221,0.451287180185318,0.2575540244579315,0.38293713331222534,0.5851766467094421,0.2545326054096222,0.18159160017967224,0.455302894115448,0.24676693975925446,0.41682782769203186,0.5797125101089478,0.23873808979988098,0.19249750673770905,0.46069589257240295,0.24812214076519012,0.396184504032135,0.5927963852882385,0.22044643759727478,0.19366392493247986,0.46067172288894653,0.2565958797931671,0.38160109519958496,0.5488651990890503,0.23745927214622498,0.18327639997005463,0.44498410820961,0.5987412333488464,0.0326455757021904,0.5106468796730042,0.6113090515136719,-0.03307430446147919,0.43334856629371643,0.6863710284233093,0.31582456827163696,0.5272217988967896,0.6596941351890564,0.1421860307455063,0.4490315020084381,0.8191972374916077,0.35946711897850037,0.49014848470687866,0.8099347949028015,0.16314661502838135,0.4552842676639557,0.8420873880386353,0.3624359965324402,0.4817224442958832,0.8401447534561157,0.1662624180316925,0.45417508482933044,0.8414403200149536,0.37120959162712097,0.48621439933776855,0.8682900667190552,0.16666677594184875
frame_00316.jpg,0.5485352277755737,0.26917943358421326,0.13195547461509705,0.545532763004303,0.256782591342926,0.0967160165309906,0.5419713258743286,0.2556804418563843,0.0963524729013443,0.5381908416748047,0.2544730007648468,0.09629427641630173,0.5548252463340759,0.2593919336795807,0.09029057621955872,0.5579752922058105,0.2604231834411621,0.08996028453111649,0.5614134669303894,0.2615266740322113,0.08991017192602158,0.5284737944602966,0.25961795449256897,-0.011400790885090828,0.5629357695579529,0.2744011878967285,-0.05631683021783829,0.5404350161552429,0.2814248502254486,0.09960372745990753,0.5500332117080688,0.2854047417640686,0.08860894292593002,0.4627460539340973,0.32928475737571716,-0.04123001918196678,0.5742397904396057,0.35863882303237915,-0.06908122450113297,0.4072542190551758,0.2996011972427368,0.13140588998794556,0.5900353789329529,0.4081912934780121,0.03343391418457031,0.4514690935611725,0.26409080624580383,0.3674772381782532,0.549676775932312,0.36049726605415344,0.22526614367961884,0.4567222595214844,0.2574029266834259,0.40316206216812134,0.5568313598632812,0.34926244616508484,0.2480059117078781,0.46116599440574646,0.259795218706131,0.3831881880760193,0.5403096675872803,0.34081390500068665,0.2337419092655182,0.4606841504573822,0.2649223506450653,0.36617720127105713,0.5331737995147705,0.34395360946655273,0.22170910239219666,0.44560185074806213,0.6017863750457764,0.029050391167402267,0.5117441415786743,0.6148823499679565,-0.029440825805068016,0.4222486615180969,0.6791914701461792,0.30837538838386536,0.5288211107254028,0.6085928678512573,0.16885153949260712,0.44458431005477905,0.8036203980445862,0.3153861165046692,0.48936328291893005,0.7487200498580933,0.12940284609794617,0.4511476457118988,0.8372783660888672,0.3151109516620636,0.48109006881713867,0.7898397445678711,0.12589871883392334,0.44853854179382324,0.8282791972160339,0.34668201208114624,0.4870429039001465,0.8124683499336243,0.1339385211467743
frame_00317.jpg,0.5474074482917786,0.2679668664932251,0.1348312795162201,0.5443896651268005,0.2563400864601135,0.09889588505029678,0.5408812761306763,0.2555241584777832,0.09853202849626541,0.53715980052948,0.25456514954566956,0.09847427904605865,0.5536586046218872,0.25860464572906494,0.09322558343410492,0.5568605661392212,0.25975894927978516,0.09289617091417313,0.5603665709495544,0.26098349690437317,0.09285733103752136,0.5276674032211304,0.26044192910194397,-0.011516721919178963,0.5622519850730896,0.2748357951641083,-0.05579299479722977,0.539311945438385,0.28118541836738586,0.10161232948303223,0.5491584539413452,0.28474369645118713,0.09179526567459106,0.4626595973968506,0.3305648863315582,-0.041447848081588745,0.5741336345672607,0.3597446382045746,-0.06581927835941315,0.4075780510902405,0.3010409474372864,0.12811250984668732,0.5872793793678284,0.40966084599494934,0.03546183928847313,0.4515257477760315,0.26341888308525085,0.3592671751976013,0.5538049936294556,0.3638453781604767,0.22150269150733948,0.4569028317928314,0.25548431277275085,0.3937045931816101,0.5529137849807739,0.3508923351764679,0.24368345737457275,0.4612864553928375,0.25736501812934875,0.37422996759414673,0.538435161113739,0.3462221026420593,0.2287938892841339,0.4606941342353821,0.2632056772708893,0.3578607439994812,0.5358415842056274,0.3505232632160187,0.2176506519317627,0.4457588195800781,0.6049450039863586,0.02842734195291996,0.5127015709877014,0.6156967282295227,-0.028818044811487198,0.4158009886741638,0.678550124168396,0.3049035370349884,0.5385845899581909,0.6010016798973083,0.16510124504566193,0.4398616850376129,0.8080790638923645,0.27794116735458374,0.490633100271225,0.7422208786010742,0.10651789605617523,0.4508078992366791,0.8353649973869324,0.2733389139175415,0.4803397059440613,0.7827149033546448,0.10215598344802856,0.4482564330101013,0.8223140835762024,0.2857517600059509,0.49350523948669434,0.8039716482162476,0.11176540702581406
frame_00318.jpg,0.546908438205719,0.2703205645084381,0.11836914718151093,0.5437209606170654,0.2583315074443817,0.08532331883907318,0.5402136445045471,0.2575201690196991,0.08495965600013733,0.5365134477615356,0.2565954327583313,0.08495365083217621,0.5532520413398743,0.26035839319229126,0.07668080925941467,0.5566017627716064,0.26134192943573,0.07633005827665329,0.5602291822433472,0.2623838484287262,0.0762416273355484,0.5271008014678955,0.26073721051216125,-0.021230928599834442,0.5628823637962341,0.2753467857837677,-0.06632676720619202,0.5387510061264038,0.2832792401313782,0.08939459174871445,0.5489704012870789,0.28671005368232727,0.07555700838565826,0.4637514054775238,0.33276522159576416,-0.0412617102265358,0.5748968720436096,0.3642377257347107,-0.11212693154811859,0.40939435362815857,0.3006838858127594,0.12350060790777206,0.6249324679374695,0.4040587842464447,-0.07180531322956085,0.4534229636192322,0.2618681490421295,0.3510807752609253,0.6377956867218018,0.30328503251075745,0.06843885779380798,0.4590335786342621,0.2519579231739044,0.38597363233566284,0.6468188762664795,0.2756745219230652,0.06973788142204285,0.4636629521846771,0.2530706226825714,0.3657872974872589,0.628852128982544,0.2690005302429199,0.06721622496843338,0.462216317653656,0.26055771112442017,0.3494156002998352,0.6215125322341919,0.2629142701625824,0.06767603009939194,0.4459607005119324,0.6107616424560547,0.030288254842162132,0.512656569480896,0.623939573764801,-0.030690964311361313,0.41630059480667114,0.6794760823249817,0.3228704333305359,0.5343223810195923,0.6217853426933289,0.1720503270626068,0.4402175843715668,0.8071755766868591,0.32645830512046814,0.4876408576965332,0.7522315979003906,0.15398511290550232,0.4495176374912262,0.8318771719932556,0.3256533741950989,0.47643154859542847,0.7891094088554382,0.1527230441570282,0.4482245445251465,0.8216478824615479,0.3367891311645508,0.4933406710624695,0.8139289021492004,0.156544029712677
frame_00319.jpg,0.5469824075698853,0.27330389618873596,0.10413243621587753,0.5434393882751465,0.2627767026424408,0.07221230119466782,0.5398669838905334,0.2620774507522583,0.07185734808444977,0.536154568195343,0.2612725794315338,0.07183616608381271,0.5532570481300354,0.2651001513004303,0.06285963952541351,0.5566365718841553,0.2662993371486664,0.06250523775815964,0.5602308511734009,0.2674778699874878,0.06239413470029831,0.5266729593276978,0.2685789465904236,-0.030052270740270615,0.5630744695663452,0.2801518738269806,-0.07552620023488998,0.5387248396873474,0.28622904419898987,0.07740909606218338,0.5491564273834229,0.28949037194252014,0.06260260194540024,0.465019553899765,0.3400577902793884,-0.04931935295462608,0.5758328437805176,0.37086421251296997,-0.1240735873579979,0.41049909591674805,0.3048982322216034,0.08350525051355362,0.6377564668655396,0.4020636975765228,-0.09804738312959671,0.45338672399520874,0.264595091342926,0.2693123519420624,0.6444851160049438,0.28783515095710754,0.010747963562607765,0.4588828980922699,0.2565329968929291,0.29803895950317383,0.6550657153129578,0.26425302028656006,0.008309589698910713,0.46303701400756836,0.258573055267334,0.2811489701271057,0.6362478733062744,0.24869243800640106,0.0008211921667680144,0.4619832932949066,0.26483020186424255,0.2678658664226532,0.6299970746040344,0.25210219621658325,0.0076582604087889194,0.4462219178676605,0.6152123212814331,0.029951492324471474,0.5126308798789978,0.6311364769935608,-0.03035607933998108,0.43023961782455444,0.6598367094993591,0.3137478232383728,0.5316470265388489,0.6299608945846558,0.1273527443408966,0.4404558539390564,0.8002423644065857,0.3256435692310333,0.4826953411102295,0.7728415727615356,0.11758182942867279,0.4493042826652527,0.8234080076217651,0.3222360610961914,0.47179436683654785,0.7941275238990784,0.12143798172473907,0.44908761978149414,0.8141469955444336,0.32735639810562134,0.4880620539188385,0.8276346325874329,0.15241305530071259
frame_00320.jpg,0.546742856502533,0.27977725863456726,0.1126377135515213,0.5431386232376099,0.2694225013256073,0.07939301431179047,0.5395678281784058,0.2687177062034607,0.07903310656547546,0.5358660817146301,0.2679685950279236,0.07894860208034515,0.5530771613121033,0.27232733368873596,0.0724625512957573,0.5565358996391296,0.2738717496395111,0.07214526832103729,0.5601509213447571,0.2752911448478699,0.07203365862369537,0.5263764262199402,0.276319682598114,-0.027266263961791992,0.562909722328186,0.2883175015449524,-0.06656217575073242,0.5384058952331543,0.29255011677742004,0.08240168541669846,0.5489866733551025,0.29592186212539673,0.07071828842163086,0.4651968479156494,0.3461940884590149,-0.0463423989713192,0.5758828520774841,0.3780714273452759,-0.11144884675741196,0.41122859716415405,0.30690690875053406,0.08746247738599777,0.6447106003761292,0.40853995084762573,-0.06791829317808151,0.45355886220932007,0.27220696210861206,0.2722751200199127,0.6664388179779053,0.30586767196655273,0.06531111896038055,0.45892763137817383,0.26455000042915344,0.30490246415138245,0.6786462068557739,0.28064727783203125,0.06895387172698975,0.46315112709999084,0.26809799671173096,0.2955131530761719,0.6631534695625305,0.2729094326496124,0.06370929628610611,0.46227961778640747,0.2739952504634857,0.27177688479423523,0.655353844165802,0.28048762679100037,0.06369263678789139,0.4462103247642517,0.6201761960983276,0.03143014758825302,0.5108638405799866,0.637384831905365,-0.031807780265808105,0.4294884204864502,0.6758248805999756,0.3111110329627991,0.5305558443069458,0.6834983229637146,0.0976283848285675,0.4474123418331146,0.8041109442710876,0.2618865370750427,0.4825148582458496,0.8145379424095154,0.03136583790183067,0.456320583820343,0.8264855742454529,0.25488752126693726,0.4714735150337219,0.8270500898361206,0.025600429624319077,0.4528654217720032,0.83011394739151,0.2738795876502991,0.48713764548301697,0.8623133897781372,0.033801350742578506
frame_00321.jpg,0.5465520024299622,0.2838626205921173,0.09904958307743073,0.5429249405860901,0.2740202248096466,0.06818293035030365,0.539364218711853,0.27350372076034546,0.06783051043748856,0.5356647372245789,0.27290770411491394,0.0677805095911026,0.5528746843338013,0.27692076563835144,0.05885279178619385,0.5563621520996094,0.27857980132102966,0.058530282229185104,0.559996485710144,0.2800719439983368,0.05844365805387497,0.5262696146965027,0.2822189927101135,-0.02974439039826393,0.5626829862594604,0.2933705747127533,-0.07450269907712936,0.5381852388381958,0.2970210909843445,0.07484517991542816,0.5488477945327759,0.3001553416252136,0.060067810118198395,0.46507859230041504,0.34927132725715637,-0.04393487423658371,0.5757849216461182,0.3832729756832123,-0.1195833832025528,0.41432175040245056,0.31018099188804626,0.09158167988061905,0.64336097240448,0.40825155377388,-0.09930123388767242,0.4539569318294525,0.27017349004745483,0.27368810772895813,0.6519353985786438,0.30828481912612915,-0.0030762357637286186,0.4587252140045166,0.2620335817337036,0.29898601770401,0.6615882515907288,0.28242412209510803,-0.008586453273892403,0.46311426162719727,0.2644735872745514,0.2846294641494751,0.6452327370643616,0.27340930700302124,-0.014091253280639648,0.4626748561859131,0.269788920879364,0.27262887358665466,0.6381486058235168,0.28249645233154297,-0.0056578065268695354,0.44617944955825806,0.625461220741272,0.03493482246994972,0.5088534951210022,0.6429694890975952,-0.035250063985586166,0.43897876143455505,0.758516252040863,0.2883395552635193,0.529129683971405,0.7578366994857788,0.07816039025783539,0.4515797197818756,0.8534271717071533,0.35903462767601013,0.4818185269832611,0.906036913394928,0.07015765458345413,0.4567839205265045,0.872723400592804,0.3665955662727356,0.4704452157020569,0.9265309572219849,0.07610907405614853,0.45383208990097046,0.8809005618095398,0.3885240852832794,0.4887459874153137,0.9396361112594604,0.057585395872592926
frame_00322.jpg,0.5464321970939636,0.29208090901374817,0.08842350542545319,0.5428608655929565,0.28150510787963867,0.0581350103020668,0.5392685532569885,0.280976802110672,0.05775640532374382,0.535541832447052,0.28039902448654175,0.05773026868700981,0.5526862144470215,0.28439855575561523,0.04832740128040314,0.55609530210495,0.28599050641059875,0.04800117760896683,0.5596959590911865,0.2874617576599121,0.04791715368628502,0.5261633992195129,0.28820154070854187,-0.0388096384704113,0.5620579719543457,0.30000677704811096,-0.08466310799121857,0.5380285978317261,0.30497756600379944,0.06478501856327057,0.548762857913971,0.3078943192958832,0.049407921731472015,0.4646018445491791,0.35569337010383606,-0.04634762555360794,0.5752171874046326,0.3912586271762848,-0.12305395305156708,0.414547860622406,0.3124549686908722,0.0952020063996315,0.6398113369941711,0.4266308546066284,-0.07992963492870331,0.45464929938316345,0.27077171206474304,0.2843632102012634,0.6429529786109924,0.3586634397506714,0.05152054503560066,0.458649218082428,0.2596870958805084,0.316466748714447,0.6598792672157288,0.30189797282218933,0.04452904686331749,0.4630754590034485,0.26128602027893066,0.3014409840106964,0.6375457048416138,0.3266944885253906,0.032790254801511765,0.46292048692703247,0.27074331045150757,0.28462183475494385,0.6301940679550171,0.33358240127563477,0.049016907811164856,0.44245895743370056,0.6351242065429688,0.0347677506506443,0.5035409331321716,0.6513487696647644,-0.03512313961982727,0.4373207688331604,0.7296862006187439,0.3361808657646179,0.5214384198188782,0.7467165589332581,0.2153788059949875,0.45095735788345337,0.8398855328559875,0.4303807318210602,0.48108118772506714,0.8575117588043213,0.3110143840312958,0.45451536774635315,0.86191725730896,0.4393504559993744,0.4697602689266205,0.8779773116111755,0.32155144214630127,0.45375362038612366,0.864780843257904,0.46775341033935547,0.4914814829826355,0.9224604368209839,0.34193846583366394
frame_00323.jpg,0.5462694764137268,0.2949139177799225,0.07388900220394135,0.5425760746002197,0.2843361496925354,0.04530131071805954,0.5390359163284302,0.2838228642940521,0.044919077306985855,0.5353569984436035,0.2832323908805847,0.044905442744493484,0.5522826313972473,0.2871352434158325,0.03395102173089981,0.5556652545928955,0.28867799043655396,0.033595968037843704,0.5592633485794067,0.2901051342487335,0.03348885476589203,0.5254411101341248,0.29153743386268616,-0.04402812197804451,0.561321496963501,0.30251646041870117,-0.09624868631362915,0.5379077792167664,0.3080834448337555,0.05326472967863083,0.5486325621604919,0.3112029433250427,0.03589997440576553,0.4631614089012146,0.35870715975761414,-0.04788313806056976,0.5746092200279236,0.39519545435905457,-0.13430388271808624,0.4149859845638275,0.3140363097190857,0.10817866027355194,0.6412583589553833,0.4217640161514282,-0.0813596248626709,0.4549141824245453,0.26990360021591187,0.3054048418998718,0.6573346257209778,0.3312710225582123,0.05743451789021492,0.45857205986976624,0.2577139735221863,0.33078399300575256,0.6689726114273071,0.2805080711841583,0.05300488322973251,0.46306484937667847,0.25957971811294556,0.3095065951347351,0.6548908948898315,0.293873131275177,0.04778461903333664,0.46309322118759155,0.2701167166233063,0.3026624619960785,0.6471270322799683,0.3028103709220886,0.056044794619083405,0.43912839889526367,0.6396391987800598,0.03450489044189453,0.500662088394165,0.6546273827552795,-0.03484068065881729,0.4352790415287018,0.7265006899833679,0.3400457501411438,0.5137770175933838,0.720495879650116,0.22378218173980713,0.4504934251308441,0.8329187631607056,0.46422258019447327,0.47913822531700134,0.8454990983009338,0.3473552465438843,0.4544411599636078,0.8543081283569336,0.4774133265018463,0.4686061441898346,0.8652440309524536,0.3616003394126892,0.4536433815956116,0.8571551442146301,0.5176501274108887,0.490466445684433,0.8716640472412109,0.3938869833946228
frame_00324.jpg,0.5461835265159607,0.2962247133255005,0.07434685528278351,0.5424907803535461,0.28541040420532227,0.04689599573612213,0.5389474630355835,0.2846929728984833,0.046509094536304474,0.5352727174758911,0.2839186489582062,0.04649227112531662,0.552204430103302,0.2886084020137787,0.03478633612394333,0.5556028485298157,0.2902238667011261,0.0344165600836277,0.5592185258865356,0.29172390699386597,0.03428928926587105,0.5248185396194458,0.2925511300563812,-0.04074164479970932,0.5609749555587769,0.30483728647232056,-0.09576258063316345,0.5378698110580444,0.30921506881713867,0.05409679934382439,0.5485963225364685,0.31301388144493103,0.03582626208662987,0.46263498067855835,0.3595745265483856,-0.04655495285987854,0.5744465589523315,0.39690035581588745,-0.14194554090499878,0.4151054918766022,0.31493058800697327,0.12140003591775894,0.6471948027610779,0.4288278818130493,-0.09720230102539062,0.4549359679222107,0.27097243070602417,0.3244406580924988,0.6610501408576965,0.3154442608356476,0.03698860853910446,0.4585209786891937,0.2605576813220978,0.35155895352363586,0.67548668384552,0.28144171833992004,0.030621323734521866,0.463043212890625,0.26272326707839966,0.3280267119407654,0.6593562364578247,0.27688348293304443,0.028900567442178726,0.46308985352516174,0.2725352942943573,0.3208419978618622,0.6600949168205261,0.2967754900455475,0.03680822625756264,0.438141405582428,0.640679657459259,0.034123267978429794,0.500389039516449,0.6554864048957825,-0.03445557504892349,0.4340437054634094,0.7311385273933411,0.329092800617218,0.5141140222549438,0.7114934921264648,0.22614732384681702,0.4501854479312897,0.8295093178749084,0.403538316488266,0.4870641231536865,0.8266411423683167,0.34440070390701294,0.45473232865333557,0.8509721159934998,0.41164547204971313,0.47773832082748413,0.8493160009384155,0.3582693338394165,0.45296597480773926,0.8406182527542114,0.4468761086463928,0.5009411573410034,0.8385429978370667,0.39837467670440674
frame_00325.jpg,0.5461629629135132,0.29601916670799255,0.062168728560209274,0.5424315333366394,0.28558558225631714,0.03562651574611664,0.538891077041626,0.28475821018218994,0.03523673862218857,0.5352116823196411,0.28388187289237976,0.035226158797740936,0.5521389842033386,0.28898701071739197,0.02330511063337326,0.5555423498153687,0.29067519307136536,0.02293267473578453,0.559159517288208,0.29225683212280273,0.022805962711572647,0.5243436098098755,0.29269033670425415,-0.046328354626894,0.5604145526885986,0.3062152564525604,-0.10292595624923706,0.5375638604164124,0.3090076744556427,0.04365243762731552,0.5483413934707642,0.3129202127456665,0.02507304772734642,0.462363064289093,0.3602622449398041,-0.047764912247657776,0.5737823843955994,0.39668959379196167,-0.1491069495677948,0.4152069091796875,0.31692400574684143,0.12133797258138657,0.6514671444892883,0.42676180601119995,-0.11509914696216583,0.4550454616546631,0.27313387393951416,0.3232002854347229,0.6622987389564514,0.3087354600429535,-0.0006639646016992629,0.4585251808166504,0.26232221722602844,0.35053831338882446,0.6764196157455444,0.2822445034980774,-0.011843381449580193,0.46304067969322205,0.2642953395843506,0.3274253010749817,0.6595436334609985,0.2718157172203064,-0.014726628549396992,0.4630749821662903,0.27422410249710083,0.3199203610420227,0.6606907248497009,0.2935357093811035,-0.002125446917489171,0.4345070421695709,0.6419318914413452,0.0338016077876091,0.49520906805992126,0.6572370529174805,-0.0341469869017601,0.43322816491127014,0.7243951559066772,0.35381177067756653,0.5092595815658569,0.7079413533210754,0.23773285746574402,0.4499351978302002,0.8275684714317322,0.47197604179382324,0.48478370904922485,0.8251526355743408,0.35903769731521606,0.45465531945228577,0.8490442037582397,0.4842704236507416,0.47678059339523315,0.8471618890762329,0.37316206097602844,0.4528040885925293,0.8404390215873718,0.5257781744003296,0.48800501227378845,0.8378289341926575,0.40793219208717346
frame_00326.jpg,0.5436193943023682,0.2970849573612213,0.07414563000202179,0.5405617356300354,0.28643038868904114,0.04603519290685654,0.5371503829956055,0.28555285930633545,0.045655377209186554,0.5334780216217041,0.2845921516418457,0.04563836753368378,0.550148606300354,0.28996747732162476,0.034875646233558655,0.5535468459129333,0.2918175160884857,0.03451380878686905,0.557158887386322,0.29364606738090515,0.034403394907712936,0.5221895575523376,0.2932049036026001,-0.04537719488143921,0.5585923194885254,0.3078869581222534,-0.09968401491641998,0.5347864031791687,0.3103730380535126,0.052782464772462845,0.5457364916801453,0.31442585587501526,0.03553266078233719,0.46083512902259827,0.3606714606285095,-0.035587411373853683,0.5719592571258545,0.3980811834335327,-0.1403348594903946,0.4135175347328186,0.31628137826919556,0.12609988451004028,0.6492552161216736,0.4333377182483673,-0.11568989604711533,0.45503443479537964,0.2803860604763031,0.32249706983566284,0.6623018980026245,0.3090214729309082,-0.008961429819464684,0.4585670828819275,0.2739228904247284,0.35041069984436035,0.675593912601471,0.2838344871997833,-0.019756358116865158,0.4630444049835205,0.2779053747653961,0.32772544026374817,0.660410463809967,0.27354803681373596,-0.018940744921565056,0.46297842264175415,0.28502675890922546,0.3193959593772888,0.6633291244506836,0.29402032494544983,-0.008965019136667252,0.43320298194885254,0.6418677568435669,0.03811804950237274,0.49259883165359497,0.6568452715873718,-0.03842674940824509,0.4396860599517822,0.7916074395179749,0.3185930550098419,0.5093889832496643,0.7739477157592773,0.13700860738754272,0.45127072930336,0.8807982802391052,0.4510175287723541,0.4757283329963684,0.899307370185852,0.24247661232948303,0.4558667242527008,0.8976585268974304,0.46523532271385193,0.4655810296535492,0.9200631976127625,0.258208692073822,0.45161160826683044,0.8932830691337585,0.5021123290061951,0.4858762323856354,0.9210365414619446,0.26072201132774353
frame_00327.jpg,0.5398798584938049,0.2966941297054291,0.062021445482969284,0.536953866481781,0.28580933809280396,0.035157639533281326,0.5336851477622986,0.28497546911239624,0.034788139164447784,0.5300334095954895,0.2840728163719177,0.034780941903591156,0.5459926128387451,0.28923699259757996,0.02282738871872425,0.5492512583732605,0.2910085916519165,0.022443240508437157,0.5526790022850037,0.29275283217430115,0.022290702909231186,0.5182865858078003,0.29251450300216675,-0.04653892666101456,0.5540518760681152,0.30692216753959656,-0.10351574420928955,0.5317344069480896,0.3097366988658905,0.04492123797535896,0.541806161403656,0.3138786554336548,0.026129629462957382,0.4565684199333191,0.3613085448741913,-0.032101064920425415,0.5679212808609009,0.39778101444244385,-0.15596437454223633,0.4133296012878418,0.3262523114681244,0.1503944844007492,0.6469115614891052,0.4322720766067505,-0.11031578481197357,0.4538162648677826,0.2889166474342346,0.35898810625076294,0.6580718159675598,0.30950266122817993,0.018132779747247696,0.4583533704280853,0.2795550227165222,0.3894728124141693,0.6730032563209534,0.28756099939346313,0.011140746995806694,0.4626803398132324,0.28194501996040344,0.36271941661834717,0.6557524800300598,0.2743987739086151,0.010289068333804607,0.4625779092311859,0.28905948996543884,0.3542352318763733,0.6552735567092896,0.29026004672050476,0.017507903277873993,0.43156155943870544,0.643405556678772,0.045704565942287445,0.4903169274330139,0.6574026346206665,-0.04597046971321106,0.4510730803012848,0.7971783876419067,0.353201687335968,0.5102469325065613,0.7807077169418335,0.14398051798343658,0.4545729160308838,0.898524820804596,0.5628718137741089,0.47592106461524963,0.9080705046653748,0.3037760853767395,0.4582071900367737,0.9195957183837891,0.5838015675544739,0.46500563621520996,0.9323487877845764,0.32228973507881165,0.45167869329452515,0.9068673849105835,0.6146634221076965,0.49178194999694824,0.9250828623771667,0.33152541518211365
frame_00328.jpg,0.5375477075576782,0.2962856888771057,0.06297734379768372,0.5346723794937134,0.2857263386249542,0.036152034997940063,0.5314905047416687,0.28494691848754883,0.035779789090156555,0.5279156565666199,0.2841101884841919,0.03576601296663284,0.5433372855186462,0.28909775614738464,0.023599226027727127,0.5464056730270386,0.29094070196151733,0.023222429677844048,0.5496460199356079,0.2928178012371063,0.023074928671121597,0.5157465934753418,0.2922936975955963,-0.04478399083018303,0.5505715012550354,0.3074636459350586,-0.10242806375026703,0.5295370221138,0.30945926904678345,0.04591402783989906,0.5392004251480103,0.31336256861686707,0.0268551055341959,0.4530625343322754,0.3617955446243286,-0.032304972410202026,0.5625925064086914,0.39777687191963196,-0.15942974388599396,0.4123438894748688,0.32867154479026794,0.14037004113197327,0.6453805565834045,0.42874014377593994,-0.1300685852766037,0.4531790316104889,0.2908884882926941,0.34108370542526245,0.6559442281723022,0.3098762333393097,-0.016686350107192993,0.45834025740623474,0.28034207224845886,0.36840927600860596,0.6718232035636902,0.29014185070991516,-0.029893115162849426,0.4626731872558594,0.28274843096733093,0.33738282322883606,0.6530939936637878,0.2749752998352051,-0.029319873079657555,0.4624575972557068,0.2902657687664032,0.3331003785133362,0.6546885967254639,0.2923974096775055,-0.01690566912293434,0.4281235337257385,0.6438032984733582,0.04712364822626114,0.48529472947120667,0.6572017073631287,-0.04739445820450783,0.45634013414382935,0.8013049960136414,0.3432702422142029,0.5104033946990967,0.7769365310668945,0.128665491938591,0.4582386910915375,0.9004189372062683,0.5355141758918762,0.47621384263038635,0.907952606678009,0.2683645486831665,0.4617217183113098,0.9194872379302979,0.5549654364585876,0.46543726325035095,0.9310712814331055,0.2801411747932434,0.4520500600337982,0.9109183549880981,0.5854783058166504,0.4950026571750641,0.9291672110557556,0.29593712091445923
frame_00329.jpg,0.5332919359207153,0.2975357174873352,0.05601373314857483,0.5308328866958618,0.28695374727249146,0.030807744711637497,0.5275459885597229,0.2862629294395447,0.03043929859995842,0.5238865613937378,0.28552597761154175,0.030445506796240807,0.5396521687507629,0.29019320011138916,0.017823977395892143,0.5427696704864502,0.29209670424461365,0.017433684319257736,0.546057939529419,0.2940959930419922,0.017280153930187225,0.5118550062179565,0.29337242245674133,-0.04430139809846878,0.5475016832351685,0.30870839953422546,-0.10329142957925797,0.5252158641815186,0.3111479580402374,0.0413280613720417,0.5351158976554871,0.314663827419281,0.021706368774175644,0.45046988129615784,0.3645143210887909,-0.026393219828605652,0.5589033365249634,0.39992648363113403,-0.15893957018852234,0.4124107360839844,0.3315466344356537,0.1605222523212433,0.6447991728782654,0.42645880579948425,-0.12183120101690292,0.45300427079200745,0.2961100935935974,0.36531251668930054,0.6554850339889526,0.3122674226760864,0.000507741526234895,0.45844095945358276,0.28277724981307983,0.3956005871295929,0.6707925796508789,0.2949647605419159,-0.01143572572618723,0.463280588388443,0.28590255975723267,0.36726438999176025,0.6526280045509338,0.27790409326553345,-0.01069488562643528,0.46247154474258423,0.29354721307754517,0.359720379114151,0.6524409651756287,0.29228514432907104,0.0006509803934022784,0.42613568902015686,0.6444694399833679,0.047860756516456604,0.4834665358066559,0.6571444272994995,-0.048163171857595444,0.4531165659427643,0.7850170731544495,0.35831156373023987,0.5103967189788818,0.7633084654808044,0.13385002315044403,0.4573659300804138,0.8837106823921204,0.5530242323875427,0.479607492685318,0.8904030919075012,0.31278473138809204,0.4587116241455078,0.9045689105987549,0.5723404884338379,0.4687860906124115,0.9146307110786438,0.33036214113235474,0.4543408751487732,0.9045405983924866,0.6011768579483032,0.5027905702590942,0.9117801189422607,0.3431205749511719
frame_00330.jpg,0.5276855230331421,0.2978127598762512,0.056677259504795074,0.5252112746238708,0.2870703339576721,0.03067009709775448,0.5218694806098938,0.2864261865615845,0.03028799220919609,0.518147885799408,0.2857462465763092,0.030279984697699547,0.5344964861869812,0.2901982069015503,0.018555833026766777,0.5378726720809937,0.2920723259449005,0.018162380903959274,0.5414884686470032,0.294054239988327,0.018018120899796486,0.5065923929214478,0.29367250204086304,-0.04565871134400368,0.5441504716873169,0.3089616596698761,-0.10203242301940918,0.5198003053665161,0.3119134306907654,0.04089871048927307,0.530392050743103,0.31497257947921753,0.02242310531437397,0.4485669732093811,0.3653568625450134,-0.025727367028594017,0.557207465171814,0.40106669068336487,-0.15586340427398682,0.412136971950531,0.3315800130367279,0.1581430435180664,0.6392140984535217,0.4236522316932678,-0.11721067130565643,0.45545968413352966,0.29522228240966797,0.35786163806915283,0.65035080909729,0.30833470821380615,-0.0010512935696169734,0.46143046021461487,0.2807975113391876,0.3878171741962433,0.6703531742095947,0.29475128650665283,-0.013566775247454643,0.4678003191947937,0.28393182158470154,0.36064043641090393,0.6493431329727173,0.2745121717453003,-0.014190657064318657,0.4652063250541687,0.292505145072937,0.35260412096977234,0.6424176096916199,0.28425881266593933,-0.0015236602630466223,0.42237767577171326,0.6461531519889832,0.04825887084007263,0.48035454750061035,0.6598711013793945,-0.048586033284664154,0.45164456963539124,0.7827630639076233,0.37759190797805786,0.5084143877029419,0.7671698331832886,0.1375708431005478,0.45606714487075806,0.8757127523422241,0.5759914517402649,0.47281017899513245,0.8854581713676453,0.2832667827606201,0.4572211802005768,0.8974902629852295,0.5959132313728333,0.4627019762992859,0.906579852104187,0.29674261808395386,0.45755547285079956,0.8925648927688599,0.6476114988327026,0.48608827590942383,0.9069900512695312,0.316264271736145
frame_00331.jpg,0.5207546949386597,0.30022698640823364,0.06085270643234253,0.518888533115387,0.2886354327201843,0.03380978852510452,0.5155457854270935,0.2881087064743042,0.03342295438051224,0.5117032527923584,0.2875524163246155,0.03341548517346382,0.5281374454498291,0.29150715470314026,0.021638251841068268,0.5317474603652954,0.2933586835861206,0.021249230951070786,0.5355863571166992,0.29531553387641907,0.021113568916916847,0.501010537147522,0.2960052192211151,-0.04722806066274643,0.5399350523948669,0.31021633744239807,-0.10481365770101547,0.5129669904708862,0.3150118887424469,0.04350055754184723,0.524017870426178,0.3178480863571167,0.02496100403368473,0.44488468766212463,0.3681850731372833,-0.026795053854584694,0.5545076131820679,0.40382036566734314,-0.16606523096561432,0.4122152328491211,0.33307701349258423,0.15558010339736938,0.6388126611709595,0.42708683013916016,-0.15134331583976746,0.4566117823123932,0.2942247986793518,0.3521624207496643,0.6485546231269836,0.3086094856262207,-0.06601221859455109,0.4624249339103699,0.2795475721359253,0.38108187913894653,0.6701849699020386,0.29554417729377747,-0.0853024423122406,0.469430148601532,0.2824156880378723,0.3552700877189636,0.6477043628692627,0.2745978534221649,-0.08566807955503464,0.4660717844963074,0.2913492023944855,0.34684228897094727,0.6388551592826843,0.2845221161842346,-0.06752336025238037,0.4197302460670471,0.6483211517333984,0.048682279884815216,0.47893333435058594,0.6624721884727478,-0.04902828857302666,0.4494056701660156,0.7809079885482788,0.39561375975608826,0.5010349750518799,0.7611322402954102,0.18474213778972626,0.45563778281211853,0.8560575246810913,0.6356016397476196,0.4717857837677002,0.8796809315681458,0.36910033226013184,0.45714300870895386,0.8722726702690125,0.6602181792259216,0.4625241160392761,0.8993817567825317,0.3894757330417633,0.4593541622161865,0.8590913414955139,0.7187014222145081,0.48446783423423767,0.8833085298538208,0.4246452748775482
frame_00332.jpg,0.518101155757904,0.3032905161380768,0.06306684762239456,0.5166648030281067,0.2912558317184448,0.035796478390693665,0.5134443044662476,0.29069799184799194,0.035419780761003494,0.5097391605377197,0.29009005427360535,0.035415168851614,0.5256981253623962,0.2942587435245514,0.02404889278113842,0.5291667580604553,0.2961426079273224,0.02366548590362072,0.5328173637390137,0.2981112599372864,0.023532584309577942,0.49886196851730347,0.2985650897026062,-0.046094126999378204,0.5368038415908813,0.31245240569114685,-0.10366765409708023,0.5101409554481506,0.3180270791053772,0.04542850703001022,0.5209246873855591,0.3206566572189331,0.027142509818077087,0.44237184524536133,0.3685888946056366,-0.02540663816034794,0.5522075891494751,0.40541088581085205,-0.1592342108488083,0.4121980667114258,0.3320145905017853,0.16082943975925446,0.6331140398979187,0.4291270971298218,-0.11192716658115387,0.4575933516025543,0.2939441502094269,0.36389636993408203,0.6398786902427673,0.3067396879196167,0.016280487179756165,0.4630705714225769,0.279581755399704,0.3933154344558716,0.6621290445327759,0.2932641804218292,0.004775534849613905,0.4704452157020569,0.2823149561882019,0.365136057138443,0.6391571760177612,0.27226659655570984,0.004189476370811462,0.46676889061927795,0.29148948192596436,0.358074426651001,0.630962610244751,0.28020158410072327,0.01551027875393629,0.4200590252876282,0.6516174077987671,0.04786837846040726,0.4800620675086975,0.664880633354187,-0.048206910490989685,0.4452926218509674,0.8084630370140076,0.37462830543518066,0.5024954080581665,0.7826294302940369,0.16445307433605194,0.45551109313964844,0.9107930660247803,0.5765035152435303,0.4674219489097595,0.9144527912139893,0.35279449820518494,0.4570907950401306,0.9334176182746887,0.5982477068901062,0.4552224278450012,0.9397024512290955,0.374139666557312,0.4516932964324951,0.9111273884773254,0.6307983994483948,0.4843316078186035,0.9241873025894165,0.3910142779350281
frame_00333.jpg,0.5190993547439575,0.30523499846458435,0.05609927698969841,0.5171928405761719,0.29293686151504517,0.02887006103992462,0.513849139213562,0.2923010289669037,0.02849942073225975,0.5101370215415955,0.2916150987148285,0.02849801443517208,0.5262406468391418,0.2962229549884796,0.01593594439327717,0.529517650604248,0.2981697916984558,0.015560227446258068,0.5330711603164673,0.3002376854419708,0.015439173206686974,0.4984632432460785,0.30024445056915283,-0.05091482400894165,0.5363317728042603,0.31459155678749084,-0.11177220195531845,0.5103219151496887,0.3198353350162506,0.03973601385951042,0.5211005806922913,0.3226674199104309,0.02006378211081028,0.440986305475235,0.3688541054725647,-0.025896955281496048,0.5512938499450684,0.4074193239212036,-0.16638043522834778,0.4116804003715515,0.33156853914260864,0.15992365777492523,0.6332265734672546,0.42933639883995056,-0.13751918077468872,0.4578796923160553,0.29295673966407776,0.36496490240097046,0.6400444507598877,0.30814024806022644,-0.027705159038305283,0.4629179537296295,0.2790115773677826,0.39438509941101074,0.661754846572876,0.2897612750530243,-0.04210268706083298,0.4703119397163391,0.2815062701702118,0.36699676513671875,0.6394528150558472,0.27311038970947266,-0.043024033308029175,0.46681517362594604,0.2907831370830536,0.3594147562980652,0.6306419372558594,0.2750700116157532,-0.02891148068010807,0.4188764989376068,0.653527021408081,0.04980133846402168,0.48021721839904785,0.6672634482383728,-0.05012991279363632,0.4413906931877136,0.8008216619491577,0.37465211749076843,0.5001910924911499,0.7784028649330139,0.1706015169620514,0.45516520738601685,0.8983962535858154,0.5898008346557617,0.4638921618461609,0.9100519418716431,0.3542223870754242,0.4562438428401947,0.9210743308067322,0.6113598942756653,0.4514198303222656,0.9365119934082031,0.37367117404937744,0.4538808763027191,0.8989139199256897,0.6503462195396423,0.48310890793800354,0.9198581576347351,0.3926660120487213
frame_00334.jpg,0.5198587775230408,0.3058532178401947,0.04368443042039871,0.5178179740905762,0.2936888039112091,0.018206242471933365,0.5144290328025818,0.29296353459358215,0.017822831869125366,0.510736346244812,0.2921600043773651,0.01779930293560028,0.5267804861068726,0.2972157299518585,0.004377372562885284,0.5299209952354431,0.29924285411834717,0.00402710260823369,0.5333174467086792,0.30140456557273865,0.003918946720659733,0.4984494149684906,0.30086156725883484,-0.05749162286520004,0.5356994867324829,0.3161222040653229,-0.1220463365316391,0.5103804469108582,0.32074201107025146,0.027653371915221214,0.521108090877533,0.3236521780490875,0.006776844616979361,0.43982934951782227,0.3693584203720093,-0.04218461364507675,0.5505870580673218,0.4099821150302887,-0.17502810060977936,0.4114918112754822,0.3309950530529022,0.15710102021694183,0.6319373846054077,0.4320964217185974,-0.17385274171829224,0.4585914611816406,0.29286763072013855,0.36984115839004517,0.6463385820388794,0.34234899282455444,-0.08563313633203506,0.463837206363678,0.2786565124988556,0.4004647135734558,0.6633661985397339,0.3254464268684387,-0.10054723173379898,0.47166723012924194,0.2809646427631378,0.3754188120365143,0.6473631858825684,0.3163081109523773,-0.10193697363138199,0.46777358651161194,0.2904130518436432,0.3657006323337555,0.6380370259284973,0.3196582496166229,-0.08743641525506973,0.4197523593902588,0.6544429659843445,0.04953240230679512,0.48109108209609985,0.6684707999229431,-0.049784909933805466,0.42578282952308655,0.7113643288612366,0.40176868438720703,0.4942023754119873,0.74012690782547,0.25213971734046936,0.44436541199684143,0.8547711968421936,0.5672333240509033,0.46276918053627014,0.8746689558029175,0.377194881439209,0.4525822103023529,0.8805082440376282,0.6056565046310425,0.452258437871933,0.898311972618103,0.390737920999527,0.4514082074165344,0.8728885054588318,0.6487113833427429,0.4796275496482849,0.9020984172821045,0.41440004110336304
frame_00335.jpg,0.519953727722168,0.30725976824760437,0.026747753843665123,0.5182954668998718,0.29545533657073975,0.0018754160264506936,0.514725387096405,0.2946636378765106,0.0014877135399729013,0.510856032371521,0.29377496242523193,0.001450799172744155,0.5276082754135132,0.2989516854286194,-0.011066950857639313,0.5309356451034546,0.30087870359420776,-0.01142084039747715,0.5344840884208679,0.30285751819610596,-0.011552957817912102,0.4996925890445709,0.30155953764915466,-0.06962218135595322,0.5369129776954651,0.3174172639846802,-0.1298189014196396,0.5107245445251465,0.3220844268798828,0.012087545357644558,0.5217124223709106,0.32500457763671875,-0.007467920426279306,0.44062986969947815,0.3709101974964142,-0.05508768558502197,0.5515314340591431,0.41222578287124634,-0.18071645498275757,0.4110945761203766,0.33061483502388,0.1195722371339798,0.6321125626564026,0.4312276244163513,-0.18796367943286896,0.46150684356689453,0.2933396100997925,0.3117414712905884,0.6593065857887268,0.3362707197666168,-0.10927136242389679,0.4663001000881195,0.27897128462791443,0.33922839164733887,0.6699477434158325,0.31925398111343384,-0.12488800287246704,0.47386878728866577,0.28096094727516174,0.3150680959224701,0.6600677371025085,0.30711737275123596,-0.12462759017944336,0.47043555974960327,0.29054516553878784,0.3072602152824402,0.6506295204162598,0.31184282898902893,-0.11046487092971802,0.42114996910095215,0.6547002792358398,0.04887999966740608,0.4835449159145355,0.6688815355300903,-0.049182694405317307,0.42782244086265564,0.7568915486335754,0.359319269657135,0.4954635500907898,0.7591868042945862,0.2184775322675705,0.4448623061180115,0.8669820427894592,0.48803797364234924,0.4612644612789154,0.8899218440055847,0.27754172682762146,0.4526674151420593,0.8888194561004639,0.5030908584594727,0.4511241912841797,0.9114552736282349,0.2840108275413513,0.4509585499763489,0.8836272358894348,0.5320128798484802,0.4745257496833801,0.9167589545249939,0.2892906665802002
frame_00336.jpg,0.520378828048706,0.30735358595848083,0.029165063053369522,0.5184899568557739,0.2957375943660736,0.003917864989489317,0.5148817300796509,0.29498690366744995,0.0035423345398157835,0.511276364326477,0.2941313683986664,0.0035191692877560854,0.5281096696853638,0.29910528659820557,-0.009233090095221996,0.5315573811531067,0.3010013699531555,-0.00959754828363657,0.5351907014846802,0.3029370605945587,-0.0097347442060709,0.5000113248825073,0.30197322368621826,-0.06854578852653503,0.5376647710800171,0.3174588978290558,-0.12958016991615295,0.5118298530578613,0.32219216227531433,0.014224822632968426,0.5222982168197632,0.325208842754364,-0.005625774152576923,0.44136983156204224,0.3717387020587921,-0.05222972109913826,0.5524217486381531,0.4128396213054657,-0.18031808733940125,0.4134672284126282,0.33287277817726135,0.12387490272521973,0.6371978521347046,0.4307802617549896,-0.17318087816238403,0.462125688791275,0.29570287466049194,0.3209989666938782,0.6583410501480103,0.3118003010749817,-0.08607931435108185,0.46632084250450134,0.2806110680103302,0.3501705527305603,0.6709880232810974,0.297216534614563,-0.1011885404586792,0.4736108183860779,0.28170889616012573,0.3259628415107727,0.6575362682342529,0.27690064907073975,-0.10300316661596298,0.4706004559993744,0.2918393909931183,0.3168928027153015,0.6496397256851196,0.2808397114276886,-0.08773542940616608,0.4241418242454529,0.6553785800933838,0.04842296987771988,0.48614707589149475,0.6698375940322876,-0.04873117431998253,0.4251887798309326,0.7492125034332275,0.37636640667915344,0.49620184302330017,0.7589448094367981,0.18537305295467377,0.44377121329307556,0.8446117043495178,0.5009135603904724,0.46216267347335815,0.8918208479881287,0.2029801607131958,0.4502032399177551,0.8658842444419861,0.5154765248298645,0.4521169066429138,0.914306104183197,0.2064378261566162,0.44866544008255005,0.8548815846443176,0.5491898655891418,0.47564488649368286,0.918540358543396,0.2119179517030716
frame_00337.jpg,0.5214329361915588,0.307052344083786,0.03331727162003517,0.5193945169448853,0.295395165681839,0.0058584981597959995,0.5158665776252747,0.2946527898311615,0.005484017543494701,0.5122689008712769,0.293823778629303,0.005483278539031744,0.528858482837677,0.29883041977882385,-0.007186667528003454,0.5322307348251343,0.30077308416366577,-0.007555011659860611,0.5357967615127563,0.30280381441116333,-0.007691283710300922,0.5005455613136292,0.3017929494380951,-0.07679156959056854,0.5380486249923706,0.31717339158058167,-0.13790425658226013,0.5122667551040649,0.3217456638813019,0.015439803712069988,0.5227395296096802,0.32479724287986755,-0.004360458813607693,0.4416031837463379,0.3721514046192169,-0.054954081773757935,0.5566221475601196,0.4120904207229614,-0.19342458248138428,0.41620883345603943,0.33583155274391174,0.1265476942062378,0.6403670907020569,0.4304065406322479,-0.16314008831977844,0.4625387191772461,0.29987624287605286,0.3296438753604889,0.6573413014411926,0.3032715916633606,-0.0504901297390461,0.4662676453590393,0.2830396592617035,0.3644411265850067,0.6708241701126099,0.2892676591873169,-0.060148220509290695,0.4735496938228607,0.28279951214790344,0.33890169858932495,0.6568846106529236,0.26858556270599365,-0.06225233152508736,0.47079333662986755,0.29312342405319214,0.3258076310157776,0.6496574878692627,0.28213486075401306,-0.05094461888074875,0.4277976155281067,0.6548317670822144,0.048966359347105026,0.4906544089317322,0.6694748997688293,-0.04932401329278946,0.42440590262413025,0.6952757239341736,0.4148341715335846,0.49697813391685486,0.7446728944778442,0.2049381285905838,0.4406259059906006,0.8428632616996765,0.5286986231803894,0.4628959596157074,0.8914788961410522,0.2527673542499542,0.44469571113586426,0.8687149286270142,0.5388294458389282,0.4528202414512634,0.9130851030349731,0.25099679827690125,0.44884777069091797,0.8490145206451416,0.5662623643875122,0.47638145089149475,0.9155872464179993,0.23060616850852966
frame_00338.jpg,0.5221530199050903,0.306946724653244,0.05932189151644707,0.5199779272079468,0.29515501856803894,0.024451684206724167,0.5164976716041565,0.29441097378730774,0.024068769067525864,0.5129147171974182,0.29360151290893555,0.024091120809316635,0.5293528437614441,0.29876238107681274,0.015614835545420647,0.5326629877090454,0.30055010318756104,0.01526015717536211,0.5361639261245728,0.302355021238327,0.015144472941756248,0.5009281635284424,0.3017362654209137,-0.07461049407720566,0.5388405323028564,0.3170846700668335,-0.13639310002326965,0.5128600597381592,0.32150527834892273,0.03039112128317356,0.5233041048049927,0.3246883153915405,0.01622297801077366,0.4448326528072357,0.37271803617477417,-0.06379552185535431,0.5619496703147888,0.411531537771225,-0.19072958827018738,0.41619807481765747,0.33562320470809937,0.12324722856283188,0.6429059505462646,0.43031933903694153,-0.1262030005455017,0.46242618560791016,0.3019869029521942,0.35870587825775146,0.6572188138961792,0.30201467871665955,0.027508199214935303,0.46638235449790955,0.2866484224796295,0.39591142535209656,0.6717316508293152,0.28789809346199036,0.023218534886837006,0.47353655099868774,0.28708377480506897,0.3697161376476288,0.6580907702445984,0.27297934889793396,0.022201422601938248,0.4708392024040222,0.2964309751987457,0.355180561542511,0.6507841348648071,0.2842397391796112,0.02744341269135475,0.43253713846206665,0.6555021405220032,0.041779525578022,0.49546822905540466,0.6701470017433167,-0.042215023189783096,0.42309659719467163,0.6762882471084595,0.4197326600551605,0.49742990732192993,0.6934537291526794,0.2643781900405884,0.44069820642471313,0.8252413272857666,0.5406531691551208,0.4632788598537445,0.8590688705444336,0.37194663286209106,0.4442111849784851,0.8558048009872437,0.5512272119522095,0.4549197256565094,0.8852955102920532,0.38254988193511963,0.45080479979515076,0.8348305821418762,0.5763529539108276,0.47653728723526,0.8961286544799805,0.39300626516342163
frame_00339.jpg,0.5225346684455872,0.3052825331687927,0.10110298544168472,0.5201300978660583,0.2944079339504242,0.06779561936855316,0.5166131258010864,0.29391220211982727,0.06742214411497116,0.5129776000976562,0.29333046078681946,0.06740377843379974,0.529534101486206,0.2970118522644043,0.061746995896101,0.5328075885772705,0.29847094416618347,0.06138460710644722,0.5363179445266724,0.29990851879119873,0.06127707287669182,0.502324104309082,0.3016696274280548,-0.04534474015235901,0.5392641425132751,0.3149663805961609,-0.0760941356420517,0.5131704807281494,0.32060950994491577,0.07049007713794708,0.5239294171333313,0.32309484481811523,0.060076434165239334,0.4477674961090088,0.37248048186302185,-0.06233074516057968,0.5645418763160706,0.41125553846359253,-0.13119128346443176,0.4171411097049713,0.33107858896255493,0.12516769766807556,0.6463016271591187,0.4283612072467804,-0.08868707716464996,0.47005659341812134,0.3011365532875061,0.38421767950057983,0.6634566187858582,0.30321159958839417,0.053645361214876175,0.47615838050842285,0.28740134835243225,0.4269564151763916,0.6789947152137756,0.28829696774482727,0.054583679884672165,0.4842591881752014,0.28777873516082764,0.4017563462257385,0.6619181632995605,0.2729509472846985,0.05670526623725891,0.4801998734474182,0.29659777879714966,0.3815653920173645,0.6593081951141357,0.28449198603630066,0.05470803380012512,0.43792811036109924,0.6565492749214172,0.03140566870570183,0.5050839185714722,0.6700361371040344,-0.03185918182134628,0.42350929975509644,0.6893186569213867,0.3554140031337738,0.5134001970291138,0.6696838140487671,0.23861774802207947,0.44096893072128296,0.8302060961723328,0.34224116802215576,0.4705957770347595,0.8361908793449402,0.16452282667160034,0.44738060235977173,0.8584529757499695,0.340057909488678,0.4630312919616699,0.8615074753761292,0.15906277298927307,0.451462984085083,0.8420161008834839,0.36179521679878235,0.47654613852500916,0.880707323551178,0.16782481968402863
frame_00340.jpg,0.5233305096626282,0.30228644609451294,0.1207500696182251,0.5203825831413269,0.2926308512687683,0.08732084929943085,0.5169655084609985,0.29236069321632385,0.08695654571056366,0.5134339928627014,0.29200828075408936,0.08691899478435516,0.5295971632003784,0.29451984167099,0.08083344995975494,0.5328814387321472,0.2957945466041565,0.08047856390476227,0.5364013910293579,0.29698804020881653,0.080374576151371,0.5037369132041931,0.3005923926830292,-0.0287745650857687,0.5395897626876831,0.31253916025161743,-0.059323590248823166,0.5143057107925415,0.3183062970638275,0.08956583589315414,0.5249148607254028,0.320188969373703,0.0786496251821518,0.4500623643398285,0.3721357583999634,-0.05084804445505142,0.5651839971542358,0.40988367795944214,-0.11572790145874023,0.41833987832069397,0.3303276300430298,0.13071326911449432,0.6454747915267944,0.4281498193740845,-0.08197925239801407,0.4705607295036316,0.3005616068840027,0.4021400809288025,0.6624003648757935,0.30103206634521484,0.05529263615608215,0.4765198230743408,0.2882528603076935,0.4458374083042145,0.6804508566856384,0.2878810167312622,0.058380842208862305,0.48398733139038086,0.28865453600883484,0.42137303948402405,0.6638359427452087,0.27455395460128784,0.06055497005581856,0.4803049564361572,0.2967064678668976,0.39978063106536865,0.6585345268249512,0.2848138213157654,0.05652160570025444,0.44267743825912476,0.6587890982627869,0.026494447141885757,0.510039746761322,0.6704832911491394,-0.026970887556672096,0.42236432433128357,0.6928339004516602,0.28056055307388306,0.5121195912361145,0.6635353565216064,0.22316446900367737,0.4414466321468353,0.8218249082565308,0.23070117831230164,0.47179827094078064,0.8168190717697144,0.14832893013954163,0.4475122094154358,0.8481649160385132,0.22502169013023376,0.4651196599006653,0.8403977751731873,0.14233462512493134,0.4515480101108551,0.832412600517273,0.24486613273620605,0.4760368764400482,0.857517659664154,0.1560347080230713
frame_00341.jpg,0.5239058136940002,0.3013085722923279,0.143474280834198,0.5206915140151978,0.2918730080127716,0.11120405048131943,0.5174864530563354,0.2917061448097229,0.11084858328104019,0.5141137838363647,0.29147082567214966,0.11078958213329315,0.5297874212265015,0.29338786005973816,0.10509949922561646,0.5331128835678101,0.294515460729599,0.10476289689540863,0.5366514921188354,0.29550790786743164,0.10467948019504547,0.5050264596939087,0.30003052949905396,-0.004572944715619087,0.5398126840591431,0.31081944704055786,-0.03349810093641281,0.5155460834503174,0.31761083006858826,0.11170844733715057,0.5256158113479614,0.3192889988422394,0.10128585249185562,0.45109492540359497,0.37237563729286194,-0.02787555754184723,0.5649951696395874,0.40944144129753113,-0.09398836642503738,0.4201059937477112,0.33029916882514954,0.13206720352172852,0.6449360847473145,0.42954060435295105,-0.06977930665016174,0.47212934494018555,0.3004359006881714,0.39086461067199707,0.6675034165382385,0.3126824200153351,0.057078711688518524,0.47769999504089355,0.2880546450614929,0.4322871267795563,0.6810439229011536,0.28811636567115784,0.06049975007772446,0.4848140776157379,0.28845706582069397,0.40977197885513306,0.6692243218421936,0.27933889627456665,0.06419187784194946,0.4813409745693207,0.2965110242366791,0.38876479864120483,0.6620904207229614,0.288240522146225,0.05864933133125305,0.44560274481773376,0.6593809723854065,0.025797676295042038,0.5134788751602173,0.6705285310745239,-0.026256421580910683,0.42226657271385193,0.6811020374298096,0.25694113969802856,0.5167505741119385,0.6587362885475159,0.17628213763237,0.4428819715976715,0.8046388030052185,0.15306168794631958,0.4752484858036041,0.8041836619377136,0.04023412615060806,0.4507712721824646,0.8290348052978516,0.140676349401474,0.4690264165401459,0.8243544697761536,0.026702934876084328,0.4528321623802185,0.8173763751983643,0.1521037220954895,0.47498956322669983,0.8456629514694214,0.030305108055472374
frame_00342.jpg,0.5249125957489014,0.3005753755569458,0.16304191946983337,0.5215098857879639,0.29131826758384705,0.13286460936069489,0.5184366106987,0.291261225938797,0.13251209259033203,0.5151376724243164,0.29113349318504333,0.1324218213558197,0.5301344394683838,0.2924889028072357,0.12538523972034454,0.5333660840988159,0.293520450592041,0.12504130601882935,0.536788284778595,0.29440268874168396,0.12494498491287231,0.5061590075492859,0.2997402250766754,0.021959159523248672,0.539941668510437,0.3097432851791382,-0.013268272392451763,0.517051637172699,0.3171376883983612,0.13263662159442902,0.5267647504806519,0.31859156489372253,0.12046360969543457,0.4516438841819763,0.37258180975914,-2.518872861401178e-05,0.5648661851882935,0.4079412817955017,-0.08383433520793915,0.42197567224502563,0.3323625922203064,0.1700844168663025,0.6450398564338684,0.4360971450805664,-0.0867595300078392,0.47174468636512756,0.3018728196620941,0.43046408891677856,0.7026966214179993,0.39986521005630493,-0.035748716443777084,0.47680291533470154,0.29001691937446594,0.46984902024269104,0.7237439751625061,0.3932170271873474,-0.04413402080535889,0.4838133752346039,0.29015904664993286,0.4509941041469574,0.7155972719192505,0.38250190019607544,-0.036692071706056595,0.48060283064842224,0.2978089153766632,0.4301188886165619,0.7046557664871216,0.383548766374588,-0.03334103524684906,0.4491400718688965,0.6602330803871155,0.024743180721998215,0.5180443525314331,0.6710518598556519,-0.025213176384568214,0.42242226004600525,0.6928069591522217,0.2085724174976349,0.5188193321228027,0.6728797554969788,0.16137048602104187,0.4490562975406647,0.8150203227996826,0.09217052906751633,0.48156386613845825,0.8207505345344543,0.033059604465961456,0.4567999243736267,0.8391954302787781,0.07921659201383591,0.4757475256919861,0.8425398468971252,0.019948380067944527,0.45844659209251404,0.8244132995605469,0.08998693525791168,0.47814416885375977,0.8579695224761963,0.02188427746295929
frame_00343.jpg,0.5245416760444641,0.30014553666114807,0.140489399433136,0.5207656621932983,0.2909506857395172,0.11167212575674057,0.5176864266395569,0.2909218966960907,0.11130361258983612,0.5143807530403137,0.2908622622489929,0.11121638864278793,0.5294432640075684,0.2920326888561249,0.10318754613399506,0.5326962471008301,0.29299506545066833,0.10281834751367569,0.5362396240234375,0.2938360869884491,0.1027020663022995,0.5053035616874695,0.29961487650871277,0.010079634375870228,0.539732038974762,0.3088259994983673,-0.030277028679847717,0.5170208811759949,0.31680914759635925,0.11353188753128052,0.5268012285232544,0.31803855299949646,0.09992580115795135,0.45156335830688477,0.37398719787597656,-0.0036926132161170244,0.5650503635406494,0.40783801674842834,-0.09610970318317413,0.42334747314453125,0.3333137333393097,0.1845373809337616,0.6463543772697449,0.44199857115745544,-0.14149309694766998,0.47268548607826233,0.3016985058784485,0.44557303190231323,0.7306352853775024,0.4595722258090973,-0.17583106458187103,0.4776255488395691,0.2906871438026428,0.48091667890548706,0.7532980442047119,0.45977023243904114,-0.20450881123542786,0.48482808470726013,0.29029515385627747,0.46040743589401245,0.7540660500526428,0.4519484341144562,-0.19759058952331543,0.481546014547348,0.29800426959991455,0.4447329044342041,0.7422923445701599,0.4525879919528961,-0.17526981234550476,0.4541592001914978,0.6624751687049866,0.021899038925766945,0.5215557813644409,0.6724658608436584,-0.0223605427891016,0.4291650354862213,0.7126442790031433,0.2478402554988861,0.5211877822875977,0.6901406645774841,0.16361653804779053,0.45818662643432617,0.819726288318634,0.20914821326732635,0.48722848296165466,0.8252956867218018,0.1141848936676979,0.46514591574668884,0.842951238155365,0.20409834384918213,0.4819699227809906,0.8462435007095337,0.10784462839365005,0.4664645195007324,0.8273388147354126,0.22034044563770294,0.4817808270454407,0.8619253039360046,0.1103498563170433
frame_00344.jpg,0.5243521928787231,0.2999574542045593,0.12697401642799377,0.5204858779907227,0.29085859656333923,0.09766042232513428,0.5173642635345459,0.29085299372673035,0.09729109704494476,0.5140077471733093,0.2908349633216858,0.09722600877285004,0.5291377305984497,0.2919329106807709,0.0887833684682846,0.5323461294174194,0.2928994297981262,0.08841904252767563,0.5358569025993347,0.2937678396701813,0.08830447494983673,0.5047343373298645,0.29957151412963867,-0.0016062252689152956,0.5392817258834839,0.30861708521842957,-0.044606588780879974,0.5169202089309692,0.3166061043739319,0.10085377842187881,0.5267540812492371,0.3178727328777313,0.08684688061475754,0.451668918132782,0.3753189742565155,-0.00936239305883646,0.5647560358047485,0.40711700916290283,-0.10172851383686066,0.4270473122596741,0.3346298336982727,0.17811740934848785,0.64613938331604,0.44163978099823,-0.1607319414615631,0.47310367226600647,0.30156272649765015,0.425922691822052,0.7294687032699585,0.45933955907821655,-0.177508145570755,0.4777770936489105,0.2916467487812042,0.45986056327819824,0.7505314946174622,0.46220630407333374,-0.20696572959423065,0.48498374223709106,0.29109451174736023,0.43881839513778687,0.7470195889472961,0.4561728835105896,-0.1996852159500122,0.4818241596221924,0.2984200716018677,0.4245997369289398,0.7387484312057495,0.4555217921733856,-0.17648324370384216,0.45589274168014526,0.6622110605239868,0.022866874933242798,0.5226868987083435,0.6722152829170227,-0.02334490790963173,0.44340625405311584,0.7340633273124695,0.2950967848300934,0.5204552412033081,0.7259203791618347,0.1830756962299347,0.46377235651016235,0.8200122714042664,0.3174844980239868,0.48956331610679626,0.8342750668525696,0.1765677034854889,0.46937650442123413,0.8450709581375122,0.3185272514820099,0.4834152162075043,0.8516346216201782,0.17603081464767456,0.46775707602500916,0.8279780745506287,0.3360345661640167,0.4906798005104065,0.8657990097999573,0.1769891381263733
frame_00345.jpg,0.5244672298431396,0.3009502589702606,0.11451134830713272,0.5206395387649536,0.2914044260978699,0.08966612070798874,0.5175076723098755,0.2914465665817261,0.0893002524971962,0.5141149759292603,0.29149624705314636,0.08919025957584381,0.529292643070221,0.2924060523509979,0.07777608931064606,0.5325018763542175,0.29337844252586365,0.07738794386386871,0.5359981060028076,0.29427972435951233,0.07720241695642471,0.5045565366744995,0.30029264092445374,-0.007169424090534449,0.539337158203125,0.3089239299297333,-0.04982408508658409,0.516991376876831,0.31767168641090393,0.0940660685300827,0.5268663167953491,0.31879469752311707,0.0758039727807045,0.45184117555618286,0.37778612971305847,-0.011899573728442192,0.5648879408836365,0.40708592534065247,-0.11797218024730682,0.42688998579978943,0.33789679408073425,0.17225828766822815,0.6458288431167603,0.44287312030792236,-0.18688911199569702,0.473014771938324,0.3053041100502014,0.4199504852294922,0.7321133613586426,0.46096378564834595,-0.22122368216514587,0.47793668508529663,0.29628410935401917,0.4447171688079834,0.7526673078536987,0.46298104524612427,-0.25398603081703186,0.4849473834037781,0.29542049765586853,0.4237022399902344,0.7503657937049866,0.4572194218635559,-0.24533848464488983,0.4818466603755951,0.30276739597320557,0.41828274726867676,0.74173504114151,0.4568585455417633,-0.21996323764324188,0.4572356641292572,0.662279486656189,0.024939879775047302,0.5232135653495789,0.6720924973487854,-0.02530362643301487,0.4520105719566345,0.7968089580535889,0.2741069197654724,0.5171362161636353,0.7776406407356262,0.11966606229543686,0.4677025377750397,0.8428968191146851,0.3389418125152588,0.4910361170768738,0.8693164587020874,0.10954427719116211,0.4752793312072754,0.8543243408203125,0.3465525507926941,0.48402872681617737,0.8845042586326599,0.1097743958234787,0.4663352966308594,0.8503105640411377,0.38797542452812195,0.49346980452537537,0.8858548402786255,0.12137766927480698
frame_00346.jpg,0.524511456489563,0.3025352358818054,0.09294115751981735,0.5207442045211792,0.29235267639160156,0.06676354259252548,0.5176196098327637,0.2923579812049866,0.0663696676492691,0.5142225027084351,0.2923363447189331,0.06624996662139893,0.5293508768081665,0.29350677132606506,0.05577624961733818,0.532530665397644,0.29459521174430847,0.05539299175143242,0.5360279083251953,0.29563766717910767,0.055237364023923874,0.5045799612998962,0.3013068437576294,-0.023227229714393616,0.5394615530967712,0.31010058522224426,-0.07216371595859528,0.5170689821243286,0.31912949681282043,0.07141337543725967,0.5268863439559937,0.32047921419143677,0.054152995347976685,0.45207518339157104,0.3809913396835327,-0.023696213960647583,0.5648190379142761,0.4074075520038605,-0.1377323418855667,0.4288424551486969,0.3422788977622986,0.1471678465604782,0.6456542611122131,0.4422172009944916,-0.19376328587532043,0.47488346695899963,0.30800381302833557,0.370493084192276,0.720950722694397,0.4343293309211731,-0.21436043083667755,0.4802091717720032,0.2977021038532257,0.4003598093986511,0.7439284324645996,0.43312913179397583,-0.243356391787529,0.4868165850639343,0.29727691411972046,0.37741944193840027,0.7381373643875122,0.4236815571784973,-0.23591482639312744,0.4842263162136078,0.3049801290035248,0.36768150329589844,0.7273381352424622,0.4233458936214447,-0.21369504928588867,0.4564419686794281,0.6628760099411011,0.02701045572757721,0.5227128863334656,0.6728332042694092,-0.027331193909049034,0.4478525221347809,0.7780328392982483,0.2823856472969055,0.5192373991012573,0.7690259218215942,0.12828625738620758,0.46700891852378845,0.8200104832649231,0.3456100821495056,0.4932171404361725,0.8398231863975525,0.03460467606782913,0.4748802185058594,0.825985312461853,0.3504785895347595,0.48890385031700134,0.8456404805183411,0.025455087423324585,0.46688365936279297,0.8321456909179688,0.3949337601661682,0.4919213652610779,0.8512043356895447,0.032470811158418655
frame_00347.jpg,0.5245977640151978,0.30550944805145264,0.0880575031042099,0.5208262801170349,0.29478076100349426,0.05911747366189957,0.5176820755004883,0.2949427664279938,0.058718662708997726,0.5142619609832764,0.2950298488140106,0.05857592076063156,0.5294244289398193,0.2956778109073639,0.05300779268145561,0.5325599908828735,0.296784371137619,0.05263528972864151,0.5361496210098267,0.29779139161109924,0.052511416375637054,0.5051898956298828,0.3046587109565735,-0.038535226136446,0.5407203435897827,0.3120962977409363,-0.07011661678552628,0.5171009302139282,0.32201436161994934,0.06337764114141464,0.5269628763198853,0.3239120543003082,0.05279795452952385,0.4529796540737152,0.38659581542015076,-0.05299392342567444,0.5656704306602478,0.4095779359340668,-0.11604614555835724,0.42983752489089966,0.3452725112438202,0.0934525653719902,0.6479420065879822,0.44216206669807434,-0.12871317565441132,0.47587981820106506,0.30980566143989563,0.30397072434425354,0.7145235538482666,0.4192509353160858,-0.11912839114665985,0.4807453751564026,0.298135906457901,0.3321438431739807,0.737128734588623,0.41672101616859436,-0.13235118985176086,0.48726218938827515,0.29854679107666016,0.3108699917793274,0.7304025888442993,0.40554940700531006,-0.13232925534248352,0.48483768105506897,0.30641281604766846,0.30170905590057373,0.7196264266967773,0.4070640206336975,-0.11986006796360016,0.45521003007888794,0.6671240925788879,0.013047178275883198,0.521557629108429,0.6779994368553162,-0.013460877351462841,0.4421515464782715,0.7872196435928345,0.22338023781776428,0.5226544141769409,0.77339106798172,0.12750789523124695,0.4654226303100586,0.7969655394554138,0.23898360133171082,0.4949415326118469,0.8152226805686951,-0.11123746633529663,0.47413310408592224,0.7981928586959839,0.2408323585987091,0.49189019203186035,0.8254894018173218,-0.13519857823848724,0.4672320783138275,0.8089960217475891,0.3123975694179535,0.4876299798488617,0.8099817633628845,-0.1217200756072998
frame_00348.jpg,0.5246556997299194,0.3070319890975952,0.08834908902645111,0.5208450555801392,0.2965677082538605,0.05671176314353943,0.5177398920059204,0.2967762053012848,0.05631790682673454,0.5143469572067261,0.2968999147415161,0.056242238730192184,0.5294743776321411,0.2974463999271393,0.049359388649463654,0.532605767250061,0.2985965311527252,0.04901013523340225,0.5362536311149597,0.2996678948402405,0.048902206122875214,0.5053778290748596,0.30622008442878723,-0.05135089159011841,0.5415736436843872,0.31427526473999023,-0.0885581523180008,0.5172274112701416,0.3234442174434662,0.06116092950105667,0.527112603187561,0.3254021108150482,0.048747606575489044,0.4538347125053406,0.38799169659614563,-0.05577797815203667,0.5656071901321411,0.41022810339927673,-0.1387684941291809,0.4309816360473633,0.3488505184650421,0.10713981091976166,0.6413581371307373,0.4451938569545746,-0.12170735746622086,0.4752967953681946,0.3121151924133301,0.3265502452850342,0.6827618479728699,0.4131546914577484,-0.031183907762169838,0.4791073203086853,0.3002510666847229,0.35510480403900146,0.6932576298713684,0.37160852551460266,-0.04106772318482399,0.4845908284187317,0.3011912405490875,0.33683639764785767,0.6895243525505066,0.3980938196182251,-0.04163235425949097,0.48288193345069885,0.30818185210227966,0.3254163861274719,0.6784772872924805,0.4001927971839905,-0.031476400792598724,0.45481744408607483,0.6670105457305908,0.028466427698731422,0.5209882259368896,0.6788266897201538,-0.028880173340439796,0.4412068724632263,0.7498695254325867,0.43805402517318726,0.5244619250297546,0.7608239054679871,0.21234817802906036,0.4621512293815613,0.8008845448493958,0.589322566986084,0.48738303780555725,0.8372082114219666,0.26682889461517334,0.4665789008140564,0.8083797097206116,0.6033022403717041,0.4785892069339752,0.8506998419761658,0.2732136845588684,0.465768963098526,0.8179342150688171,0.6407592296600342,0.4868949353694916,0.8484349846839905,0.27989453077316284
frame_00349.jpg,0.5247074365615845,0.30749648809432983,0.08828037232160568,0.5208936929702759,0.2972458302974701,0.05666769668459892,0.5177782773971558,0.29744023084640503,0.05628567188978195,0.5143831372261047,0.29754364490509033,0.056229062378406525,0.5295313000679016,0.2981737554073334,0.04896878823637962,0.5326255559921265,0.2993542551994324,0.04861981421709061,0.5363293886184692,0.3004802167415619,0.04849790781736374,0.5054050087928772,0.30682289600372314,-0.04953211173415184,0.5420904755592346,0.31526514887809753,-0.08778394758701324,0.5173099040985107,0.3238535523414612,0.061212170869112015,0.5272154211997986,0.32583317160606384,0.04827410355210304,0.45413947105407715,0.38807913661003113,-0.052148234099149704,0.5655617713928223,0.4108361601829529,-0.1423274427652359,0.4312953054904938,0.34923145174980164,0.1155187264084816,0.6381677985191345,0.4453066289424896,-0.12499129772186279,0.4742978513240814,0.31247225403785706,0.33737218379974365,0.6858377456665039,0.4127075970172882,-0.0445110909640789,0.4777076840400696,0.3009032607078552,0.36620113253593445,0.6993201375007629,0.373277485370636,-0.05863286182284355,0.48272013664245605,0.30202075839042664,0.3481518626213074,0.6932668685913086,0.39700445532798767,-0.056196052581071854,0.4812842011451721,0.3087256848812103,0.33650097250938416,0.6842411160469055,0.3981733024120331,-0.04383902624249458,0.45430049300193787,0.6669510006904602,0.03318788856267929,0.520365834236145,0.679343581199646,-0.03359704837203026,0.44273796677589417,0.7501477599143982,0.417941153049469,0.5235026478767395,0.7674453854560852,0.2048666924238205,0.4605800211429596,0.8475543856620789,0.5529505014419556,0.4823431968688965,0.8762267231941223,0.28376588225364685,0.46403613686561584,0.8694494962692261,0.5654592514038086,0.4711843430995941,0.8946677446365356,0.29273730516433716,0.4593476355075836,0.8647486567497253,0.5953763723373413,0.48676782846450806,0.8973420262336731,0.2999669909477234
frame_00350.jpg,0.5247474908828735,0.3101501166820526,0.09543295949697495,0.5209356546401978,0.2992284595966339,0.06168947368860245,0.5178070664405823,0.2993110418319702,0.061330489814281464,0.5144221782684326,0.29935142397880554,0.06130342558026314,0.5295889973640442,0.30041566491127014,0.05536859109997749,0.5326581597328186,0.3016613721847534,0.055034637451171875,0.5363792181015015,0.30285677313804626,0.05493960529565811,0.5054210424423218,0.30836591124534607,-0.04529020935297012,0.542605996131897,0.3173626661300659,-0.08513577282428741,0.5173773765563965,0.32642310857772827,0.06582503020763397,0.5272993445396423,0.3286948502063751,0.054801154881715775,0.45481768250465393,0.3895103633403778,-0.04979196935892105,0.5652315020561218,0.41356199979782104,-0.12484874576330185,0.4315568506717682,0.35125061869621277,0.11973533779382706,0.6358875036239624,0.45490771532058716,-0.08301831781864166,0.47386783361434937,0.3150414824485779,0.3409947454929352,0.6458882093429565,0.43926265835762024,0.01957027055323124,0.4771643280982971,0.3041824698448181,0.3711163401603699,0.655730664730072,0.42724093794822693,0.014496597461402416,0.4818100035190582,0.3051415681838989,0.3511967062950134,0.6434060335159302,0.42294153571128845,0.010611211881041527,0.48048239946365356,0.31117135286331177,0.33755069971084595,0.6365895867347717,0.425040602684021,0.01831960678100586,0.45395079255104065,0.6709896326065063,0.03107280656695366,0.5181779861450195,0.6838602423667908,-0.03149085491895676,0.44268369674682617,0.7579737305641174,0.3710196614265442,0.5217979550361633,0.7429618239402771,0.23764920234680176,0.4603787958621979,0.8828481435775757,0.4521706998348236,0.4816802442073822,0.878828763961792,0.3156546354293823,0.46403074264526367,0.9088586568832397,0.4598642885684967,0.470712274312973,0.9048568606376648,0.3238290846347809,0.4587932229042053,0.9000800848007202,0.49128636717796326,0.4877980351448059,0.9041652083396912,0.34012600779533386
frame_00351.jpg,0.5249073505401611,0.3098754286766052,0.09595753252506256,0.5210485458374023,0.29929861426353455,0.06233156472444534,0.517872154712677,0.29938894510269165,0.061966389417648315,0.5144385695457458,0.2994389235973358,0.06192334368824959,0.5299025774002075,0.3004359006881714,0.055472951382398605,0.5331703424453735,0.30166181921958923,0.05514125898480415,0.5369832515716553,0.3028636872768402,0.05504560470581055,0.5054322481155396,0.30874383449554443,-0.04496852681040764,0.5435196161270142,0.3175312280654907,-0.08305967599153519,0.5174968838691711,0.32608944177627563,0.06624216586351395,0.5277284383773804,0.32831907272338867,0.055536430329084396,0.4555128216743469,0.3898870646953583,-0.055087119340896606,0.5664743185043335,0.41337817907333374,-0.11775346845388412,0.4320310950279236,0.3521508574485779,0.11207997798919678,0.6334891319274902,0.45273715257644653,-0.05459278076887131,0.4730796217918396,0.3146825134754181,0.3448212742805481,0.6299794316291809,0.38836634159088135,0.09645218402147293,0.47590112686157227,0.30393269658088684,0.37654751539230347,0.6532655954360962,0.3375120162963867,0.09920893609523773,0.48085159063339233,0.3048895001411438,0.35623699426651,0.6205263137817383,0.35984042286872864,0.09655739367008209,0.47963398694992065,0.3111231029033661,0.34236785769462585,0.6148504614830017,0.36647525429725647,0.09603898227214813,0.45240211486816406,0.6716924905776978,0.026231223717331886,0.5160893797874451,0.683592677116394,-0.026600431650877,0.4438067376613617,0.7734847664833069,0.32325413823127747,0.5101810693740845,0.7554706335067749,0.23918232321739197,0.4602046608924866,0.9129142165184021,0.44736042618751526,0.4741179943084717,0.902162492275238,0.36159831285476685,0.4641583561897278,0.9383798241615295,0.4605041444301605,0.4643903374671936,0.9300259351730347,0.3749217987060547,0.44982990622520447,0.930271327495575,0.4918629229068756,0.4801562428474426,0.9232792258262634,0.3982143998146057
frame_00352.jpg,0.5248555541038513,0.3097596764564514,0.10023991018533707,0.5209184885025024,0.2991606891155243,0.0675058364868164,0.5177525281906128,0.2992091774940491,0.06714217364788055,0.5142890810966492,0.2992359697818756,0.06712713092565536,0.5298338532447815,0.3003072142601013,0.06059236079454422,0.5331668257713318,0.30142101645469666,0.06022028997540474,0.5369988083839417,0.3025389611721039,0.060088861733675,0.5053200721740723,0.3086521029472351,-0.038774989545345306,0.5434304475784302,0.31748655438423157,-0.07474534213542938,0.5174933075904846,0.3259487748146057,0.07215295732021332,0.5277731418609619,0.3281483054161072,0.060854434967041016,0.45548319816589355,0.38875335454940796,-0.03827265277504921,0.5666250586509705,0.41323596239089966,-0.12200987339019775,0.43355417251586914,0.35214993357658386,0.15200009942054749,0.6336492300033569,0.4631931483745575,-0.1488935798406601,0.4729568362236023,0.3159567713737488,0.40052875876426697,0.7067714333534241,0.45951882004737854,-0.14667576551437378,0.47588521242141724,0.3059230446815491,0.42885440587997437,0.7345051169395447,0.4588770270347595,-0.17965957522392273,0.48101121187210083,0.3064578175544739,0.40946659445762634,0.7272459268569946,0.4468126893043518,-0.1689923256635666,0.4797569215297699,0.31316444277763367,0.39923036098480225,0.7136708498001099,0.44494640827178955,-0.1442946493625641,0.4454055428504944,0.6690162420272827,0.025368954986333847,0.5111342668533325,0.6834644079208374,-0.025764739140868187,0.4416321814060211,0.7587860822677612,0.3651479184627533,0.5015780329704285,0.7275820374488831,0.28323274850845337,0.45389237999916077,0.8878931403160095,0.5544164776802063,0.47487419843673706,0.863646924495697,0.47143930196762085,0.4573366045951843,0.9106648564338684,0.5733939409255981,0.4627501964569092,0.926546037197113,0.49140676856040955,0.4510591924190521,0.9174303412437439,0.6088459491729736,0.4714739918708801,0.9071036577224731,0.5193082690238953
frame_00353.jpg,0.524225115776062,0.30958235263824463,0.06857317686080933,0.5202405452728271,0.2991257309913635,0.03563068434596062,0.5171183943748474,0.2991275191307068,0.03526313602924347,0.5136367082595825,0.299106627702713,0.03527417778968811,0.5292109251022339,0.30014434456825256,0.029751140624284744,0.5326445698738098,0.30119526386260986,0.02938748523592949,0.5366014242172241,0.3022719919681549,0.029286518692970276,0.5048955082893372,0.30849629640579224,-0.06781694293022156,0.543096661567688,0.317367285490036,-0.0965481624007225,0.5171017646789551,0.32590770721435547,0.0428486242890358,0.5275083780288696,0.3280460238456726,0.03260122612118721,0.45545315742492676,0.38728606700897217,-0.06766387820243835,0.5665885806083679,0.4130423367023468,-0.12295319139957428,0.434081494808197,0.3518364727497101,0.10102160274982452,0.6157006025314331,0.4659512937068939,-0.06046074628829956,0.4731226861476898,0.31650078296661377,0.3174801766872406,0.5919725894927979,0.43870243430137634,0.08506195992231369,0.4768074154853821,0.3078823685646057,0.34363633394241333,0.591086745262146,0.43327417969703674,0.08753764629364014,0.48212775588035583,0.3091302514076233,0.3209500312805176,0.5746460556983948,0.4141524136066437,0.07550592720508575,0.48055505752563477,0.3156191110610962,0.31358227133750916,0.5720711946487427,0.42135098576545715,0.08081354200839996,0.4408418536186218,0.6648492217063904,0.02492128685116768,0.5081804394721985,0.681311309337616,-0.025325128808617592,0.43944627046585083,0.7542536854743958,0.36625415086746216,0.5003174543380737,0.7150086164474487,0.2858387529850006,0.44964733719825745,0.8794466853141785,0.5623101592063904,0.4724622368812561,0.856857419013977,0.4654066562652588,0.4517446458339691,0.9017000794410706,0.5820420384407043,0.4629689157009125,0.9028449654579163,0.4845000207424164,0.45168066024780273,0.9084628820419312,0.6182011365890503,0.4727145731449127,0.8892526626586914,0.5140590071678162
frame_00354.jpg,0.5242513418197632,0.3069537281990051,0.07556154578924179,0.5202704071998596,0.29756924510002136,0.04389392212033272,0.5171506404876709,0.2977145314216614,0.04352710768580437,0.5136610865592957,0.2978258430957794,0.0435217022895813,0.5292528867721558,0.2983918786048889,0.0366506464779377,0.5326992869377136,0.299414724111557,0.03628836199641228,0.5366291999816895,0.300372451543808,0.03617485240101814,0.5048419237136841,0.3077937662601471,-0.05883569270372391,0.5430994033813477,0.3160291314125061,-0.09305635094642639,0.5171319246292114,0.3240343928337097,0.050141267478466034,0.5275393724441528,0.3258531391620636,0.038039736449718475,0.45505911111831665,0.38392674922943115,-0.06365229189395905,0.5667136907577515,0.41296306252479553,-0.1332688331604004,0.4346732199192047,0.3517743945121765,0.11184309422969818,0.6189460754394531,0.4628453850746155,-0.0883602425456047,0.4731943607330322,0.3161259889602661,0.32497042417526245,0.6206896305084229,0.4405217170715332,0.043961696326732635,0.4777682423591614,0.3081851899623871,0.34956803917884827,0.6324257254600525,0.4339318871498108,0.023855797946453094,0.4833375811576843,0.30919429659843445,0.32460612058639526,0.6194859743118286,0.42268574237823486,0.010611937381327152,0.4814273416996002,0.31596505641937256,0.32119449973106384,0.6136757731437683,0.42546695470809937,0.03775203600525856,0.4384528696537018,0.661643385887146,0.02635067142546177,0.5059763193130493,0.6801699995994568,-0.026774082332849503,0.43724361062049866,0.7356134653091431,0.4038308262825012,0.5021079778671265,0.7109237909317017,0.3010648787021637,0.4494372308254242,0.876287043094635,0.5967263579368591,0.4726933538913727,0.8517963290214539,0.505029022693634,0.45215216279029846,0.8965442180633545,0.616046667098999,0.4645846486091614,0.8875713348388672,0.5268377661705017,0.4527532160282135,0.8798671960830688,0.6526342630386353,0.47782620787620544,0.8786835074424744,0.5589040517807007
frame_00355.jpg,0.5253822207450867,0.30489447712898254,0.06148315593600273,0.5209265947341919,0.2959914207458496,0.029035860672593117,0.5178094506263733,0.29603806138038635,0.028657644987106323,0.5143557786941528,0.2960348427295685,0.02869020774960518,0.5301303267478943,0.2970952093601227,0.02132614701986313,0.5337156057357788,0.29818055033683777,0.020948389545083046,0.5378132462501526,0.29918068647384644,0.02084394544363022,0.5053421258926392,0.3064809739589691,-0.07449281960725784,0.5439915060997009,0.3146587908267975,-0.11111336946487427,0.5186326503753662,0.3216349482536316,0.03585735708475113,0.5288634896278381,0.32353565096855164,0.023058339953422546,0.4550855755805969,0.38028520345687866,-0.06794767081737518,0.5682516694068909,0.4128619432449341,-0.1471143513917923,0.4357123374938965,0.3516351878643036,0.11571992933750153,0.6223951578140259,0.4397701919078827,-0.0685112401843071,0.4741644859313965,0.316456139087677,0.33332762122154236,0.6287415027618408,0.32831457257270813,0.09762861579656601,0.4796939492225647,0.3087168037891388,0.3507252037525177,0.6452959775924683,0.3169494867324829,0.09522266685962677,0.4857536256313324,0.3103976249694824,0.336006224155426,0.6293855905532837,0.2974274754524231,0.09107883274555206,0.4834565222263336,0.3166235685348511,0.3314746022224426,0.6236531138420105,0.30333757400512695,0.0967337042093277,0.4364933967590332,0.658356785774231,0.027976717799901962,0.5047159790992737,0.6777607798576355,-0.0283823199570179,0.4338485300540924,0.7271246314048767,0.4045194089412689,0.5017171502113342,0.7036451697349548,0.2704594135284424,0.4456827640533447,0.8730075359344482,0.5707135796546936,0.4718232750892639,0.8512955904006958,0.42084306478500366,0.44894638657569885,0.8953521251678467,0.5874489545822144,0.46387824416160583,0.8831943869590759,0.4375030994415283,0.4529520869255066,0.8683032393455505,0.6203344464302063,0.4782479703426361,0.8788101077079773,0.45969048142433167
frame_00356.jpg,0.5257623195648193,0.30335962772369385,0.06060101464390755,0.5211129188537598,0.29465168714523315,0.026598501950502396,0.5179744958877563,0.29466772079467773,0.026217740029096603,0.5144937634468079,0.2946167290210724,0.02625122107565403,0.5303353667259216,0.2957850694656372,0.02003607526421547,0.5339292287826538,0.2968011498451233,0.01965438947081566,0.5380657911300659,0.29771801829338074,0.019539518281817436,0.5055181980133057,0.3051975965499878,-0.08045878261327744,0.5443042516708374,0.31298908591270447,-0.11179444938898087,0.519321084022522,0.3197380006313324,0.03426152467727661,0.5293701887130737,0.3213885724544525,0.022865930572152138,0.45604366064071655,0.3764284551143646,-0.06903894245624542,0.5691019296646118,0.4125421941280365,-0.14553453028202057,0.4364851415157318,0.3512932360172272,0.11777733266353607,0.622416615486145,0.4406489431858063,-0.05224279686808586,0.47410154342651367,0.3162897229194641,0.3507073223590851,0.6237690448760986,0.35576170682907104,0.1330118328332901,0.4797170162200928,0.31042051315307617,0.3803083598613739,0.6485655307769775,0.32372936606407166,0.1361001431941986,0.4858147203922272,0.3129177689552307,0.35766303539276123,0.6180066466331482,0.32712307572364807,0.13265854120254517,0.48349279165267944,0.3175521790981293,0.34762072563171387,0.611997127532959,0.33301129937171936,0.13312748074531555,0.43402090668678284,0.6567674279212952,0.029736453667283058,0.5012961030006409,0.675152599811554,-0.030127737671136856,0.43114012479782104,0.7271381616592407,0.3959420919418335,0.5023689866065979,0.6829925775527954,0.2661166787147522,0.4384114742279053,0.872717022895813,0.5955170392990112,0.4739050269126892,0.8068687319755554,0.4577483534812927,0.4390886425971985,0.8934765458106995,0.6159919500350952,0.46437233686447144,0.8620443940162659,0.47859469056129456,0.44194334745407104,0.8691226243972778,0.6502648591995239,0.47960734367370605,0.8580762147903442,0.5077608227729797
frame_00357.jpg,0.5257734060287476,0.3034757673740387,0.06636951118707657,0.5211312174797058,0.2947305142879486,0.03358270972967148,0.5180212259292603,0.29473742842674255,0.033205073326826096,0.5145785212516785,0.29469239711761475,0.03321712091565132,0.5303480625152588,0.29588326811790466,0.026646723970770836,0.5339406132698059,0.2968941628932953,0.026271257549524307,0.5380712151527405,0.29782983660697937,0.026154259219765663,0.5059634447097778,0.3050914406776428,-0.07557354867458344,0.5443599820137024,0.3129871189594269,-0.10557254403829575,0.5193915367126465,0.3197544515132904,0.0403776615858078,0.529381275177002,0.32138654589653015,0.028503526002168655,0.45741137862205505,0.3744475543498993,-0.07041675597429276,0.5690839886665344,0.41251757740974426,-0.14381012320518494,0.4378191828727722,0.35124891996383667,0.10838297754526138,0.6039502024650574,0.4811550974845886,-0.06720267236232758,0.47727078199386597,0.3203072249889374,0.3367696702480316,0.5659739971160889,0.414754718542099,0.07290403544902802,0.4844144880771637,0.31597134470939636,0.36846989393234253,0.5635644793510437,0.39408352971076965,0.07364360243082047,0.4893137514591217,0.3177981376647949,0.3460233807563782,0.5465457439422607,0.3885452449321747,0.06365609914064407,0.4867088198661804,0.32335561513900757,0.3336392045021057,0.545122504234314,0.39492228627204895,0.06977260112762451,0.432077020406723,0.6570471525192261,0.030709436163306236,0.4983300268650055,0.6749729514122009,-0.031109895557165146,0.42853888869285583,0.7234159708023071,0.40269365906715393,0.5026344060897827,0.6900922656059265,0.2639157474040985,0.43507829308509827,0.8576263189315796,0.5736120939254761,0.47413206100463867,0.8119652271270752,0.40584126114845276,0.43623676896095276,0.878187358379364,0.5906707048416138,0.46475037932395935,0.8411527872085571,0.42098841071128845,0.4421916902065277,0.8576040863990784,0.6294772028923035,0.48077839612960815,0.8427374362945557,0.44689226150512695
frame_00358.jpg,0.525825560092926,0.3048942983150482,0.0694994330406189,0.5211986303329468,0.2955818474292755,0.03628209978342056,0.5180691480636597,0.29545554518699646,0.03590859845280647,0.5146064162254333,0.2953243553638458,0.03591066598892212,0.5303986668586731,0.297248899936676,0.029800519347190857,0.5339690446853638,0.29849162697792053,0.029427165165543556,0.5380911231040955,0.29978862404823303,0.029311737045645714,0.506004810333252,0.3052219748497009,-0.07370568811893463,0.5444148778915405,0.3151471018791199,-0.10245110094547272,0.5194467306137085,0.32074660062789917,0.04260217398405075,0.5293911099433899,0.3228314220905304,0.031402815133333206,0.45767998695373535,0.3736015856266022,-0.07331589609384537,0.5689942836761475,0.4131680727005005,-0.13857989013195038,0.43881064653396606,0.35127177834510803,0.09620842337608337,0.5976665019989014,0.48964059352874756,-0.06348365545272827,0.47705668210983276,0.32221031188964844,0.32461896538734436,0.5657265186309814,0.4307197332382202,0.07504571974277496,0.4839586615562439,0.3189317584037781,0.3577842712402344,0.5636954307556152,0.4138360023498535,0.08032076805830002,0.48951059579849243,0.31964191794395447,0.33677828311920166,0.539147675037384,0.3990800082683563,0.06811590492725372,0.48683875799179077,0.32620543241500854,0.32218894362449646,0.541128396987915,0.4048391282558441,0.07113049924373627,0.43002018332481384,0.6572673320770264,0.02959579788148403,0.494384229183197,0.6750075817108154,-0.02998768910765648,0.4259434640407562,0.7298339009284973,0.35751086473464966,0.49297070503234863,0.695880651473999,0.24632661044597626,0.43025898933410645,0.8608093857765198,0.4678821563720703,0.4710234999656677,0.8099671602249146,0.3253817856311798,0.4325195848941803,0.8808863759040833,0.4794175624847412,0.45920318365097046,0.8475169539451599,0.3351597785949707,0.42942291498184204,0.8796799778938293,0.5142790675163269,0.4760337769985199,0.8506449460983276,0.3626423180103302
frame_00359.jpg,0.526624858379364,0.30534133315086365,0.05789291858673096,0.5220304131507874,0.29586541652679443,0.025946950539946556,0.5188082456588745,0.2956591248512268,0.025579676032066345,0.5152586698532104,0.29547393321990967,0.025583425536751747,0.531232476234436,0.29795899987220764,0.019093692302703857,0.53473961353302,0.2994038760662079,0.018718073144555092,0.5387943983078003,0.30092769861221313,0.01859433203935623,0.5061944723129272,0.30527275800704956,-0.0768820121884346,0.5447260141372681,0.31671011447906494,-0.1082167848944664,0.5200240015983582,0.3210432231426239,0.03266216441988945,0.5298620462417603,0.323569118976593,0.02112787775695324,0.45765575766563416,0.37331295013427734,-0.07438463717699051,0.5692045092582703,0.41424238681793213,-0.14364907145500183,0.4388647675514221,0.35121554136276245,0.09728652238845825,0.604988157749176,0.4816252589225769,-0.07019855082035065,0.47637939453125,0.3216574490070343,0.32761135697364807,0.5917235016822815,0.4069119691848755,0.08497990667819977,0.48335060477256775,0.31860294938087463,0.36135536432266235,0.5951117277145386,0.3861314356327057,0.09083705395460129,0.48932379484176636,0.31878694891929626,0.3396316170692444,0.5774192810058594,0.3746418058872223,0.08315656334161758,0.4865938127040863,0.3250512182712555,0.3249608874320984,0.5744009017944336,0.38185080885887146,0.08298224210739136,0.4285731315612793,0.6575334668159485,0.02920692041516304,0.4916960597038269,0.6756992936134338,-0.029597226530313492,0.4266154170036316,0.7574179172515869,0.3215968906879425,0.48492470383644104,0.7321475148200989,0.24091701209545135,0.4307258725166321,0.8806946873664856,0.4252803325653076,0.4578511118888855,0.8523046970367432,0.3305222988128662,0.43373608589172363,0.9025575518608093,0.43613529205322266,0.4496622681617737,0.8751587271690369,0.3414839208126068,0.4251324236392975,0.9056710600852966,0.46710771322250366,0.46305641531944275,0.8822472095489502,0.3686155676841736
frame_00360.jpg,0.5266427397727966,0.3055453896522522,0.060812611132860184,0.5220482349395752,0.29600077867507935,0.03011016920208931,0.5188141465187073,0.2957347333431244,0.029740557074546814,0.5152677297592163,0.29551541805267334,0.029739081859588623,0.5312909483909607,0.2983207106590271,0.02172859013080597,0.5347777009010315,0.29982998967170715,0.021356727927923203,0.538804829120636,0.3014030456542969,0.021266482770442963,0.5062201619148254,0.3052949607372284,-0.07838446646928787,0.5446591377258301,0.3172195851802826,-0.10708428919315338,0.5200352668762207,0.32116422057151794,0.03659895434975624,0.5298628211021423,0.32386544346809387,0.02311590500175953,0.4581504762172699,0.37336263060569763,-0.08578728139400482,0.5692471265792847,0.4182724356651306,-0.14259201288223267,0.43960243463516235,0.352142870426178,0.08326204121112823,0.605534553527832,0.5021896958351135,-0.0583161786198616,0.46537309885025024,0.3499998450279236,0.3205275237560272,0.5756555199623108,0.4451407492160797,0.10925601422786713,0.4695340096950531,0.34387198090553284,0.3559756875038147,0.5707065463066101,0.43101194500923157,0.12010680139064789,0.47762760519981384,0.34025779366493225,0.33661383390426636,0.5594062209129333,0.4201904237270355,0.11160613596439362,0.47964033484458923,0.3445432484149933,0.31947705149650574,0.5595423579216003,0.42353495955467224,0.10792720317840576,0.4283493459224701,0.6575987935066223,0.024017995223402977,0.4921984076499939,0.6755933165550232,-0.02442612312734127,0.42525070905685425,0.758965253829956,0.3371883034706116,0.4864722192287445,0.7134703397750854,0.2783810496330261,0.4302017092704773,0.8784462213516235,0.4607023298740387,0.46107134222984314,0.8280866146087646,0.3986218273639679,0.4334648549556732,0.9008623361587524,0.4725683629512787,0.4526252746582031,0.8476123809814453,0.41241294145584106,0.42763930559158325,0.9024333953857422,0.4959561824798584,0.46615514159202576,0.854816734790802,0.44976019859313965
frame_00361.jpg,0.5259854793548584,0.30675560235977173,0.06123922020196915,0.5216293931007385,0.2970201075077057,0.03186505287885666,0.5183846950531006,0.2967672049999237,0.031498104333877563,0.5147935748100281,0.2966253161430359,0.03148777037858963,0.5309206247329712,0.2994042634963989,0.024376410990953445,0.5343633890151978,0.3009204864501953,0.0240077693015337,0.5382434129714966,0.3024839460849762,0.023905063048005104,0.5060053467750549,0.30590155720710754,-0.07649683207273483,0.5436410903930664,0.31803715229034424,-0.10763382911682129,0.5195531845092773,0.32249942421913147,0.03825858607888222,0.5293211340904236,0.32521867752075195,0.025841915979981422,0.4588244557380676,0.3735519051551819,-0.08415071666240692,0.5678058862686157,0.41952428221702576,-0.14359518885612488,0.4400753378868103,0.35597023367881775,0.11880819499492645,0.5876699686050415,0.49600741267204285,-0.05857021361589432,0.4681869149208069,0.34507426619529724,0.3833431303501129,0.5614765286445618,0.44018086791038513,0.11372355371713638,0.4683764576911926,0.3549448847770691,0.4224477708339691,0.5652509927749634,0.43348586559295654,0.12224449962377548,0.47657275199890137,0.3526290953159332,0.40109601616859436,0.5528393983840942,0.4255361557006836,0.11445143073797226,0.4796140193939209,0.35737335681915283,0.3819296956062317,0.5503190755844116,0.4287686347961426,0.11275491863489151,0.42854857444763184,0.6582329869270325,0.028757089748978615,0.49278154969215393,0.6755937933921814,-0.02918020263314247,0.4256163239479065,0.7406269907951355,0.4003928601741791,0.4977666437625885,0.6747329235076904,0.27733853459358215,0.42786699533462524,0.8440303206443787,0.5660933256149292,0.46205076575279236,0.8028081059455872,0.38979119062423706,0.4284188151359558,0.8667289018630981,0.5827140212059021,0.45368799567222595,0.8278540372848511,0.40251225233078003,0.4294640123844147,0.8610864877700806,0.6211403608322144,0.46744900941848755,0.8224833607673645,0.4320487082004547
frame_00362.jpg,0.5259265899658203,0.30800649523735046,0.07479363679885864,0.5216315984725952,0.29774540662765503,0.040894415229558945,0.5183874368667603,0.29743316769599915,0.040521565824747086,0.5147901177406311,0.29724520444869995,0.04054722934961319,0.5309159755706787,0.30028825998306274,0.03369412198662758,0.534354567527771,0.30183145403862,0.03333722800016403,0.5382202863693237,0.3033789396286011,0.03325100988149643,0.5059288740158081,0.30676761269569397,-0.07619320601224899,0.5435774326324463,0.31906700134277344,-0.10650350153446198,0.5194444060325623,0.32424360513687134,0.04643505439162254,0.5292280316352844,0.3270987570285797,0.03435209020972252,0.45906758308410645,0.3736996054649353,-0.07628349959850311,0.5675849914550781,0.4219151437282562,-0.14282265305519104,0.4399508833885193,0.3562832176685333,0.12438185513019562,0.5952019095420837,0.48008954524993896,-0.046252086758613586,0.4657152593135834,0.3712410628795624,0.3802800476551056,0.5650556683540344,0.4364672005176544,0.14284294843673706,0.4679427146911621,0.36685410141944885,0.4170680046081543,0.5664544105529785,0.4274989068508148,0.1515103280544281,0.47596997022628784,0.36736202239990234,0.39519667625427246,0.5512832403182983,0.422410786151886,0.13879680633544922,0.47899705171585083,0.3720279932022095,0.37831777334213257,0.5512834787368774,0.4234446585178375,0.1398845613002777,0.4286186695098877,0.6612347960472107,0.030705571174621582,0.4934958517551422,0.6772297024726868,-0.03113679215312004,0.425943523645401,0.7210873365402222,0.4243977963924408,0.49760469794273376,0.6662629246711731,0.2948787808418274,0.4294970631599426,0.8143894672393799,0.6140795946121216,0.46221891045570374,0.7929211258888245,0.451201856136322,0.4303818345069885,0.8392997980117798,0.6326907873153687,0.4535742700099945,0.8191131353378296,0.4682404100894928,0.4300382733345032,0.8156538605690002,0.6626980900764465,0.46849575638771057,0.8079177141189575,0.4903348386287689
frame_00363.jpg,0.5245669484138489,0.3129330277442932,0.08774860203266144,0.5208326578140259,0.3018083870410919,0.05306656286120415,0.5176273584365845,0.30143842101097107,0.0527069978415966,0.5140026807785034,0.3012236952781677,0.05273168534040451,0.5301120281219482,0.3046853244304657,0.04576168209314346,0.5336388349533081,0.3063834607601166,0.04540830850601196,0.537578284740448,0.30807071924209595,0.04530562460422516,0.5050180554389954,0.3100797235965729,-0.06847386062145233,0.5428856611251831,0.3225559890270233,-0.10167042165994644,0.5180085897445679,0.3290957808494568,0.05650646239519119,0.5279172658920288,0.33188363909721375,0.04438779503107071,0.45906105637550354,0.37406298518180847,-0.06946337968111038,0.5666195154190063,0.42322224378585815,-0.1500285118818283,0.438922643661499,0.3562973439693451,0.11876031011343002,0.6128039360046387,0.4664791226387024,-0.08192695677280426,0.4615553021430969,0.36824777722358704,0.37302783131599426,0.6049134135246277,0.4026346206665039,0.11301110684871674,0.4621811807155609,0.3605232536792755,0.40677326917648315,0.6084046959877014,0.38425445556640625,0.11614441871643066,0.47108879685401917,0.3584103286266327,0.3854237198829651,0.5959683656692505,0.3775372803211212,0.10797061026096344,0.4756014943122864,0.3636460304260254,0.37029320001602173,0.5916532278060913,0.38343697786331177,0.10922244936227798,0.4298761785030365,0.6651145815849304,0.03138671815395355,0.49433431029319763,0.6796330809593201,-0.03182418644428253,0.42503541707992554,0.7160579562187195,0.35847681760787964,0.5058443546295166,0.6536338329315186,0.2846941351890564,0.4308883249759674,0.8278051018714905,0.4127179980278015,0.4730885922908783,0.7979434728622437,0.34052911400794983,0.43324798345565796,0.85099858045578,0.4179459512233734,0.46478062868118286,0.8257699608802795,0.3464812636375427,0.4314590394496918,0.8343892693519592,0.44263020157814026,0.48048239946365356,0.8190263509750366,0.3709128499031067
frame_00364.jpg,0.521257221698761,0.3162264823913574,0.14971520006656647,0.5183388590812683,0.305121511220932,0.11378315836191177,0.5152782797813416,0.30490437150001526,0.11343082040548325,0.5116881132125854,0.30487263202667236,0.11335103213787079,0.5269218683242798,0.3074699640274048,0.11037697643041611,0.5302565693855286,0.30901241302490234,0.1100391149520874,0.5340621471405029,0.31058529019355774,0.10999901592731476,0.5029975771903992,0.3128606379032135,-0.012408478185534477,0.5392099618911743,0.3243207633495331,-0.028450388461351395,0.5151306986808777,0.3313792049884796,0.11464934051036835,0.5244450569152832,0.3341253995895386,0.10785720497369766,0.4590335786342621,0.374102383852005,-0.03916750103235245,0.5637210607528687,0.4229870140552521,-0.07469587028026581,0.43653401732444763,0.35614249110221863,0.11342091858386993,0.6045989394187927,0.45066744089126587,-0.009898672811686993,0.4705532193183899,0.3634679615497589,0.34494972229003906,0.5802316665649414,0.4020010530948639,0.14442120492458344,0.4623469412326813,0.37232816219329834,0.3812480568885803,0.5787051916122437,0.3861919045448303,0.1606251448392868,0.47158393263816833,0.3720035254955292,0.3618801236152649,0.5641927123069763,0.38083693385124207,0.14716991782188416,0.4765399098396301,0.37653642892837524,0.3428608477115631,0.5619052648544312,0.38604018092155457,0.1401797980070114,0.43313169479370117,0.6672042608261108,0.022956112399697304,0.498439222574234,0.6794772744178772,-0.023416759446263313,0.41725119948387146,0.6898364424705505,0.2606983184814453,0.519600510597229,0.6549242734909058,0.1818334311246872,0.4412040114402771,0.7690382599830627,0.16861183941364288,0.48569291830062866,0.7463115453720093,-0.09455205500125885,0.44922104477882385,0.7858999967575073,0.1590864062309265,0.4719657003879547,0.7970640063285828,-0.1223413497209549,0.4512414336204529,0.7877441048622131,0.2062952220439911,0.4813089370727539,0.7875908017158508,-0.1153518408536911
frame_00365.jpg,0.5175654888153076,0.32353436946868896,0.13213424384593964,0.5154227018356323,0.3112673759460449,0.09720252454280853,0.5124024748802185,0.3109533488750458,0.09685752540826797,0.5088325142860413,0.31084224581718445,0.09683887660503387,0.5238897800445557,0.31317439675331116,0.09477110207080841,0.5272495150566101,0.31427329778671265,0.09441171586513519,0.5309731364250183,0.31541287899017334,0.09433555603027344,0.5005546808242798,0.31807228922843933,-0.02585049904882908,0.5361795425415039,0.32702234387397766,-0.0381864570081234,0.51204913854599,0.33720824122428894,0.09814884513616562,0.521401047706604,0.33968764543533325,0.09235172718763351,0.4592718482017517,0.37861308455467224,-0.045147303491830826,0.5624347925186157,0.4210436940193176,-0.08075621724128723,0.43422573804855347,0.35512229800224304,0.1033727377653122,0.6060255765914917,0.39850059151649475,0.0028715929947793484,0.47070059180259705,0.3687030076980591,0.34248048067092896,0.6110483407974243,0.3310765326023102,0.17325326800346375,0.4663078784942627,0.36653465032577515,0.37895137071609497,0.6293131113052368,0.31064361333847046,0.18295015394687653,0.4774283766746521,0.3662424087524414,0.3591341972351074,0.6170639395713806,0.30087313055992126,0.18185001611709595,0.4822554588317871,0.37081295251846313,0.3409317135810852,0.6094709634780884,0.3101825714111328,0.17393851280212402,0.4369463324546814,0.6695091128349304,0.013850612565875053,0.5013453960418701,0.6803098917007446,-0.014310821890830994,0.41210412979125977,0.6489286422729492,0.31084710359573364,0.5182058811187744,0.6282498240470886,0.2129293978214264,0.4411371648311615,0.7539425492286682,0.31469517946243286,0.4832305908203125,0.7523276805877686,0.11990310996770859,0.44819432497024536,0.7771154642105103,0.3137577176094055,0.47208696603775024,0.7812367081642151,0.10888250917196274,0.4506165385246277,0.7651451230049133,0.34066301584243774,0.48097628355026245,0.7790026068687439,0.11199679225683212
frame_00366.jpg,0.5022062063217163,0.32517755031585693,0.1203489750623703,0.5027008056640625,0.3143596351146698,0.08421216905117035,0.501174807548523,0.3145313262939453,0.08385803550481796,0.49938464164733887,0.3149687349796295,0.08384449779987335,0.5092595815658569,0.3151486814022064,0.08619435131549835,0.5124175548553467,0.3159927427768707,0.08581635355949402,0.5154516696929932,0.31696945428848267,0.08571585267782211,0.4978984296321869,0.3224474787712097,-0.046075742691755295,0.522235631942749,0.32777103781700134,-0.024485068395733833,0.5020944476127625,0.3378726541996002,0.08686232566833496,0.510530412197113,0.34028947353363037,0.08714421093463898,0.4622214734554291,0.3843420147895813,-0.08008622378110886,0.5612371563911438,0.4154682159423828,-0.028904762119054794,0.4299078583717346,0.35437020659446716,0.0851125568151474,0.5679874420166016,0.38650888204574585,0.12390466779470444,0.4779839515686035,0.37338489294052124,0.3778827488422394,0.5531908273696899,0.3602707087993622,0.3485378623008728,0.48271092772483826,0.3804791271686554,0.4243334233760834,0.5530283451080322,0.334492564201355,0.38349732756614685,0.4904851019382477,0.3793741762638092,0.40109437704086304,0.545448899269104,0.3178200125694275,0.37230372428894043,0.48950570821762085,0.3779797852039337,0.3772915005683899,0.5423277020454407,0.3187350332736969,0.34787094593048096,0.44071903824806213,0.6692174077033997,-0.01485357154160738,0.5029784440994263,0.6802887320518494,0.01440136693418026,0.41116857528686523,0.6768414378166199,0.24539653956890106,0.494037926197052,0.6412315964698792,0.23605915904045105,0.44082045555114746,0.7677754759788513,0.22475464642047882,0.47823238372802734,0.76051265001297,0.1306191086769104,0.4477217197418213,0.8004516959190369,0.2226366251707077,0.47117066383361816,0.7833856344223022,0.11844934523105621,0.4422730803489685,0.8336855173110962,0.2459755390882492,0.46907368302345276,0.8043766617774963,0.12591145932674408
frame_00367.jpg,0.5063111782073975,0.3308980166912079,0.12746880948543549,0.5054560899734497,0.3195662200450897,0.09109862893819809,0.5032733678817749,0.31960588693618774,0.09073416888713837,0.5006188154220581,0.3199448585510254,0.090700164437294,0.5128290057182312,0.3213113248348236,0.0964159220457077,0.5160824656486511,0.32264602184295654,0.0960450991988182,0.5193685293197632,0.32415029406547546,0.0959598645567894,0.4997502863407135,0.327595055103302,-0.03963542729616165,0.52568519115448,0.3349851965904236,-0.013665181584656239,0.5042376518249512,0.3432822525501251,0.0909668430685997,0.5131120681762695,0.3468782603740692,0.0955878347158432,0.4698600769042969,0.3886478543281555,-0.07943519949913025,0.5524259805679321,0.41882088780403137,-0.018827101215720177,0.4299142360687256,0.3546796441078186,0.06192890927195549,0.5440135598182678,0.4356672465801239,0.11061215400695801,0.4815312922000885,0.3765074610710144,0.3261335790157318,0.5188996195793152,0.4157961308956146,0.2963884472846985,0.48668617010116577,0.3867509067058563,0.36683353781700134,0.518168568611145,0.40543076395988464,0.32862144708633423,0.4937891960144043,0.3862583339214325,0.35134953260421753,0.5122507810592651,0.3943401873111725,0.3154659867286682,0.49135059118270874,0.38426151871681213,0.32760706543922424,0.5077367424964905,0.4010121524333954,0.29449203610420227,0.44450992345809937,0.6689835786819458,-0.015968110412359238,0.5050991177558899,0.6763601899147034,0.015542876906692982,0.41734185814857483,0.7188488245010376,0.2185385674238205,0.4956490397453308,0.6730326414108276,0.25147926807403564,0.43455830216407776,0.8105658888816833,0.13735638558864594,0.4806455075740814,0.7736270427703857,0.10955552011728287,0.44303470849990845,0.8337650299072266,0.12908026576042175,0.4773558974266052,0.7972663044929504,0.09495580941438675,0.43830356001853943,0.8466743230819702,0.15076124668121338,0.4692968726158142,0.8092338442802429,0.11133434623479843
frame_00368.jpg,0.5080840587615967,0.32918688654899597,0.10694952309131622,0.5071266889572144,0.3180394768714905,0.07004271447658539,0.5046637058258057,0.3182448744773865,0.06972553580999374,0.5014704465866089,0.3187153935432434,0.06968243420124054,0.5146675705909729,0.31949472427368164,0.08713304996490479,0.5179516673088074,0.32081377506256104,0.08678818494081497,0.5213167667388916,0.3222448229789734,0.08668401837348938,0.5019153952598572,0.327446848154068,-0.057343024760484695,0.5274801850318909,0.3338373005390167,0.005679377820342779,0.5055758953094482,0.3424188792705536,0.06983695179224014,0.5144869089126587,0.34560686349868774,0.08580644428730011,0.47961440682411194,0.3931560218334198,-0.14119172096252441,0.5514042377471924,0.4124497175216675,0.056189101189374924,0.43064379692077637,0.3545922338962555,-0.052985094487667084,0.5147744417190552,0.3192247152328491,0.1401805430650711,0.4802629053592682,0.3725292980670929,0.16707941889762878,0.48265495896339417,0.24187742173671722,0.22391657531261444,0.47632938623428345,0.3796183466911316,0.18925592303276062,0.47368472814559937,0.22120404243469238,0.24340620636940002,0.4847540855407715,0.37917155027389526,0.1810763031244278,0.4694754481315613,0.2183135598897934,0.2320212572813034,0.48524147272109985,0.3805675208568573,0.17014893889427185,0.47235044836997986,0.2249012291431427,0.22077596187591553,0.45350828766822815,0.6645694971084595,-0.06372480094432831,0.5095145106315613,0.6698252558708191,0.06333950161933899,0.4221002459526062,0.7724732160568237,0.08570912480354309,0.4851900637149811,0.7048492431640625,0.19454456865787506,0.4404321312904358,0.8289536237716675,0.07144337892532349,0.47970137000083923,0.7927418351173401,-0.003459487110376358,0.45329412817955017,0.8396730422973633,0.07185746729373932,0.4761013090610504,0.8080499768257141,-0.02186354622244835,0.43550071120262146,0.8686239123344421,0.11405633389949799,0.46523982286453247,0.8194326162338257,-0.009317934513092041
frame_00369.jpg,0.5052499175071716,0.32911252975463867,0.09493834525346756,0.506165623664856,0.3184305727481842,0.05987474322319031,0.5043022036552429,0.3189500868320465,0.05959293246269226,0.5018079280853271,0.31972572207450867,0.05955062061548233,0.5129052996635437,0.31906113028526306,0.08437193930149078,0.5160319805145264,0.3201461136341095,0.08397722244262695,0.5191074013710022,0.32135042548179626,0.08384383469820023,0.5019283294677734,0.3289995789527893,-0.05880867689847946,0.5267720222473145,0.3330288827419281,0.0012335330247879028,0.5037462115287781,0.34250667691230774,0.06130592152476311,0.511396050453186,0.3450714349746704,0.0825900062918663,0.4819280505180359,0.3957291841506958,-0.13047543168067932,0.5488244295120239,0.410342812538147,0.03877829760313034,0.43075618147850037,0.35447633266448975,-0.018703211098909378,0.5041099786758423,0.3028283715248108,0.07609876990318298,0.4799342155456543,0.36959609389305115,0.20961478352546692,0.46853524446487427,0.21616895496845245,0.07019392400979996,0.4763967990875244,0.3784562647342682,0.23557496070861816,0.45679861307144165,0.1929149180650711,0.07558412849903107,0.4849570393562317,0.37942177057266235,0.22145119309425354,0.4559773802757263,0.19287902116775513,0.06236682087182999,0.4886589050292969,0.3768213391304016,0.21050921082496643,0.458604633808136,0.1997595727443695,0.0608384907245636,0.46005111932754517,0.6630780100822449,-0.055419258773326874,0.5142854452133179,0.6695800423622131,0.055065322667360306,0.4249027669429779,0.7949413061141968,0.06011490151286125,0.48132944107055664,0.77736496925354,0.09353196620941162,0.44285446405410767,0.9012300968170166,0.04358018934726715,0.46447986364364624,0.8972736597061157,-0.044482119381427765,0.45728588104248047,0.9141779541969299,0.0421999916434288,0.4615643620491028,0.9138867259025574,-0.05719820410013199,0.4244875907897949,0.9540846943855286,0.057029224932193756,0.45309585332870483,0.9427036046981812,-0.06698231399059296
frame_00370.jpg,0.5004953145980835,0.328655868768692,0.0458451546728611,0.5032869577407837,0.3186659514904022,0.008607166819274426,0.5021124482154846,0.3196910619735718,0.008317360654473305,0.5003882050514221,0.3210199475288391,0.008303962647914886,0.5094156861305237,0.31847095489501953,0.03310523182153702,0.5125642418861389,0.3194372057914734,0.03268885985016823,0.5154438018798828,0.32055091857910156,0.03255930170416832,0.5017534494400024,0.33116254210472107,-0.1117059588432312,0.5244244337081909,0.33239346742630005,-0.013835608959197998,0.5010675191879272,0.34284231066703796,0.012121830135583878,0.5075919032096863,0.34448787569999695,0.0411989726126194,0.4840056002140045,0.3986429274082184,-0.1994277685880661,0.5477905869483948,0.4083915948867798,0.05363248661160469,0.4309512674808502,0.35358139872550964,-0.18063601851463318,0.5028191804885864,0.29887741804122925,0.10373278707265854,0.46581125259399414,0.3161138892173767,-0.051541853696107864,0.4670390188694,0.21196939051151276,0.08621609210968018,0.4543846547603607,0.30534833669662476,-0.055931456387043,0.45799994468688965,0.18874138593673706,0.08908482640981674,0.46458515524864197,0.2982095777988434,-0.05636817216873169,0.4557192921638489,0.18891754746437073,0.07103576511144638,0.4688970148563385,0.3062736392021179,-0.04833086207509041,0.45868974924087524,0.1958988755941391,0.07499030232429504,0.4644312858581543,0.6632969975471497,-0.08461203426122665,0.5181936025619507,0.6698805689811707,0.08420421928167343,0.4260956645011902,0.7922341227531433,0.06595606356859207,0.48482590913772583,0.7371123433113098,0.22941870987415314,0.44262391328811646,0.9048253893852234,0.0728980228304863,0.47272366285324097,0.8620761036872864,0.16804935038089752,0.45579561591148376,0.923206627368927,0.07283931225538254,0.47425246238708496,0.8883277773857117,0.16222581267356873,0.41479378938674927,0.9480682015419006,0.06509718298912048,0.45640939474105835,0.9028786420822144,0.15415093302726746
frame_00371.jpg,0.499203622341156,0.3309359848499298,0.038077495992183685,0.5021365284919739,0.3210833966732025,0.002023347420617938,0.5011995434761047,0.3220885396003723,0.0017266564536839724,0.4998173117637634,0.3232567608356476,0.001707511255517602,0.5081925392150879,0.32053709030151367,0.025109177455306053,0.511518120765686,0.3213038742542267,0.024699073284864426,0.5146170854568481,0.32223835587501526,0.02457709237933159,0.5016669034957886,0.33259060978889465,-0.11398659646511078,0.5240987539291382,0.3334297239780426,-0.012861816212534904,0.5004128217697144,0.34517377614974976,0.005603245459496975,0.5066630840301514,0.34625086188316345,0.033906929194927216,0.4851357042789459,0.39959609508514404,-0.2076968252658844,0.5481038689613342,0.4096839725971222,0.060279302299022675,0.4311371445655823,0.3514024317264557,-0.22227561473846436,0.49736732244491577,0.33325836062431335,0.08935444802045822,0.4510253369808197,0.27956515550613403,-0.1405196338891983,0.4646914601325989,0.23179897665977478,0.04017748311161995,0.43703213334083557,0.2494693398475647,-0.15456683933734894,0.4513764977455139,0.20154626667499542,0.03798099607229233,0.44701871275901794,0.23626583814620972,-0.1532355546951294,0.4512752592563629,0.19998915493488312,0.017689349129796028,0.45658746361732483,0.2809396982192993,-0.1381177306175232,0.454317569732666,0.20505377650260925,0.026804069057106972,0.46809476613998413,0.6633504629135132,-0.09186277538537979,0.5233041048049927,0.6702263951301575,0.09145002067089081,0.42853522300720215,0.7958872318267822,0.025881540030241013,0.4865667223930359,0.7389935851097107,0.2369450032711029,0.45001286268234253,0.9057309031486511,0.04180455952882767,0.47699180245399475,0.8541582822799683,0.1662156879901886,0.4677093029022217,0.9210408926010132,0.04258760064840317,0.47970882058143616,0.8774157762527466,0.16059964895248413,0.41937607526779175,0.9500954151153564,0.03461422398686409,0.45923733711242676,0.8866923451423645,0.1502419412136078
frame_00372.jpg,0.500881016254425,0.33671143651008606,0.05822865292429924,0.5029502511024475,0.32590022683143616,0.016674380749464035,0.5017157196998596,0.326713889837265,0.016316618770360947,0.500111997127533,0.3275960683822632,0.01612626016139984,0.509441614151001,0.32524311542510986,0.04720740765333176,0.5127745270729065,0.32571738958358765,0.04686256870627403,0.5159419775009155,0.32639947533607483,0.04672670364379883,0.5015252232551575,0.3349318504333496,-0.10033069550991058,0.5249095559120178,0.3367184102535248,-0.007196969352662563,0.5010867118835449,0.35159265995025635,0.016451537609100342,0.5077266097068787,0.3523300290107727,0.05483585596084595,0.4859917163848877,0.4033671021461487,-0.18837609887123108,0.5488674640655518,0.42222991585731506,0.04152549430727959,0.4311770796775818,0.35093915462493896,-0.27139148116111755,0.5187753438949585,0.49272415041923523,0.1043911948800087,0.43700796365737915,0.24842993915081024,-0.2673988938331604,0.5024482011795044,0.5160197615623474,0.10851303488016129,0.4246291220188141,0.21974916756153107,-0.2944948077201843,0.5078179836273193,0.5238720178604126,0.11845966428518295,0.43205100297927856,0.21239036321640015,-0.27792343497276306,0.494262158870697,0.5176811814308167,0.07273107022047043,0.43732714653015137,0.22452452778816223,-0.2609080970287323,0.48959881067276,0.514316201210022,0.09161952883005142,0.4694675803184509,0.6694838404655457,-0.07287632673978806,0.5250776410102844,0.6717954277992249,0.0724867433309555,0.43341192603111267,0.7897586226463318,0.11609397083520889,0.48512762784957886,0.7288569808006287,0.2851075828075409,0.45324379205703735,0.8921404480934143,0.2167786806821823,0.4786706864833832,0.8440178632736206,0.27076977491378784,0.4674564301967621,0.9143430590629578,0.22843492031097412,0.48073071241378784,0.8681749105453491,0.2700467109680176,0.4291488230228424,0.9488018751144409,0.24984177947044373,0.4602739214897156,0.8793431520462036,0.28295376896858215
frame_00373.jpg,0.5017219185829163,0.34008458256721497,0.06502453237771988,0.5033239126205444,0.32913655042648315,0.02356729656457901,0.5019834041595459,0.3301036059856415,0.023212004452943802,0.5003107786178589,0.33107641339302063,0.02298888936638832,0.5100787878036499,0.3282341957092285,0.05443715304136276,0.5134524703025818,0.32860806584358215,0.054101236164569855,0.5167070627212524,0.32912832498550415,0.0539676733314991,0.501528799533844,0.3379674553871155,-0.09542499482631683,0.5253504514694214,0.3393626809120178,-0.006529482547193766,0.5015725493431091,0.3557191789150238,0.0205298513174057,0.5083047151565552,0.3562101721763611,0.060771115124225616,0.4867642819881439,0.4060473144054413,-0.17639480531215668,0.549282431602478,0.42675986886024475,0.037148021161556244,0.43087854981422424,0.35057541728019714,-0.2133941650390625,0.5248767137527466,0.4629806876182556,0.09117551892995834,0.43453043699264526,0.24784374237060547,-0.1621851623058319,0.49674415588378906,0.4325418770313263,0.10243344306945801,0.42323580384254456,0.22112365067005157,-0.182236909866333,0.4977889955043793,0.4246545135974884,0.10648857057094574,0.4294830858707428,0.21425455808639526,-0.1742110401391983,0.48721569776535034,0.41955235600471497,0.08047428727149963,0.43408751487731934,0.22393305599689484,-0.1580810695886612,0.48475998640060425,0.42168301343917847,0.08987762778997421,0.4701761305332184,0.6746717095375061,-0.06448403000831604,0.5268405675888062,0.6766506433486938,0.06409735977649689,0.4335499405860901,0.7819669842720032,0.16275081038475037,0.48580020666122437,0.739305317401886,0.29794061183929443,0.4519590735435486,0.8888010382652283,0.2738007605075836,0.4637826383113861,0.8682193756103516,0.29958146810531616,0.46658119559288025,0.9159567952156067,0.28210464119911194,0.461506187915802,0.8962834477424622,0.2988787889480591,0.42526307702064514,0.9254626631736755,0.2718804180622101,0.44688400626182556,0.8885967135429382,0.28132274746894836
frame_00374.jpg,0.502277672290802,0.3414038121700287,0.04856165498495102,0.5036345720291138,0.3302004039287567,0.0118649210780859,0.5022119283676147,0.33115988969802856,0.011556806042790413,0.5004821419715881,0.33212190866470337,0.01150021143257618,0.5105327367782593,0.32930251955986023,0.03504783660173416,0.513907790184021,0.3296830356121063,0.03467955440282822,0.5171886086463928,0.33019447326660156,0.034546565264463425,0.5015341639518738,0.33909258246421814,-0.10447143018245697,0.5255284309387207,0.34035080671310425,-0.011481786146759987,0.5018628835678101,0.35730645060539246,0.014216097071766853,0.5086166858673096,0.357695072889328,0.043003909289836884,0.48780879378318787,0.40818193554878235,-0.19955718517303467,0.547864556312561,0.42642638087272644,0.049141742289066315,0.4309910833835602,0.350369930267334,-0.23841531574726105,0.4939131736755371,0.3689461350440979,0.08307648450136185,0.4338432848453522,0.2447519451379776,-0.20414479076862335,0.45491284132003784,0.24908490478992462,0.02627301588654518,0.42362841963768005,0.22010283172130585,-0.23161134123802185,0.4476222097873688,0.22716322541236877,0.014457359910011292,0.42973700165748596,0.2131432592868805,-0.2283332794904709,0.4462062418460846,0.22450436651706696,-0.006392193492501974,0.43393248319625854,0.22243613004684448,-0.2023269683122635,0.4486939311027527,0.2298281043767929,0.0117112435400486,0.47122207283973694,0.6762849688529968,-0.07350989431142807,0.5276893377304077,0.6784878373146057,0.07314524054527283,0.4334244728088379,0.7844975590705872,0.1770917922258377,0.48156553506851196,0.7677927613258362,0.2987566590309143,0.4507632255554199,0.8983963131904602,0.31008225679397583,0.455424964427948,0.892273485660553,0.3580036759376526,0.46577709913253784,0.9344614148139954,0.3198557496070862,0.45242801308631897,0.9174277186393738,0.3627106249332428,0.4144650995731354,0.9283367991447449,0.28287646174430847,0.44314756989479065,0.9103113412857056,0.32575663924217224
frame_00375.jpg,0.5024446845054626,0.3436233103275299,0.054039955139160156,0.5036192536354065,0.3320176303386688,0.01767585799098015,0.5020653605461121,0.3327532112598419,0.0173598974943161,0.5002185702323914,0.3334895670413971,0.017318259924650192,0.510785698890686,0.33119460940361023,0.0374283567070961,0.5142002105712891,0.3313831388950348,0.037060678005218506,0.5175257325172424,0.33171817660331726,0.03694481775164604,0.5012342929840088,0.3400702476501465,-0.10086731612682343,0.5257593393325806,0.34146836400032043,-0.012900108471512794,0.5018011331558228,0.35907310247421265,0.02047368511557579,0.5086642503738403,0.3594917356967926,0.04459969326853752,0.48763132095336914,0.4098886251449585,-0.19421735405921936,0.5478209257125854,0.4295710623264313,0.050980258733034134,0.430958092212677,0.35036662220954895,-0.20833440124988556,0.4967328906059265,0.37622320652008057,0.09041161090135574,0.434352308511734,0.2507241666316986,-0.14274528622627258,0.45262303948402405,0.26430612802505493,0.060667842626571655,0.4252278208732605,0.2250196933746338,-0.1625019609928131,0.44400542974472046,0.22214104235172272,0.056684862822294235,0.42937666177749634,0.21842357516288757,-0.15968693792819977,0.4393002986907959,0.21761152148246765,0.03647258132696152,0.43339046835899353,0.2275875359773636,-0.14027950167655945,0.4424966871738434,0.2238156497478485,0.04773110896348953,0.4721353054046631,0.6802423596382141,-0.07376763969659805,0.5287599563598633,0.6809650659561157,0.0734204426407814,0.4332495629787445,0.7904297113418579,0.1466149389743805,0.48139938712120056,0.7735607028007507,0.2837654948234558,0.44982510805130005,0.9047964215278625,0.27215269207954407,0.4558242857456207,0.8999082446098328,0.31401804089546204,0.4641011655330658,0.9351863265037537,0.2761137783527374,0.45275360345840454,0.9234821796417236,0.3164149522781372,0.4170292317867279,0.9374158382415771,0.2572597861289978,0.44511112570762634,0.9249852895736694,0.29380711913108826
frame_00376.jpg,0.5007280111312866,0.3449057936668396,0.058439403772354126,0.502164900302887,0.3333587944507599,0.02226441726088524,0.5006439089775085,0.33407431840896606,0.021946977823972702,0.4988548755645752,0.3347594141960144,0.02191028743982315,0.5095619559288025,0.3323732614517212,0.038293398916721344,0.5131019353866577,0.3324335217475891,0.037932541221380234,0.5164773464202881,0.33260440826416016,0.037814658135175705,0.5004007816314697,0.34164902567863464,-0.09712203592061996,0.5249404311180115,0.342274010181427,-0.004463565070182085,0.5005857348442078,0.36039555072784424,0.025062214583158493,0.5071651339530945,0.3605060279369354,0.04771857336163521,0.4882151186466217,0.4119710624217987,-0.19036075472831726,0.5472416877746582,0.43105679750442505,0.06729184091091156,0.43097472190856934,0.3505631685256958,-0.2104967087507248,0.5008726119995117,0.4090271592140198,0.1278114765882492,0.4338015019893646,0.25728997588157654,-0.14630082249641418,0.4580225348472595,0.2785378098487854,0.12977172434329987,0.4235292375087738,0.22958050668239594,-0.16757112741470337,0.4542655050754547,0.226215198636055,0.13242216408252716,0.42674779891967773,0.2228083610534668,-0.16065408289432526,0.4371239244937897,0.22815783321857452,0.11069866269826889,0.43167656660079956,0.23185834288597107,-0.14242669939994812,0.4465271830558777,0.2362881600856781,0.11689623445272446,0.4755881428718567,0.6819013953208923,-0.07940376549959183,0.5297349691390991,0.6819659471511841,0.079038605093956,0.43293362855911255,0.7869422435760498,0.11009988933801651,0.4822564125061035,0.75970858335495,0.3045201301574707,0.4526810050010681,0.8984750509262085,0.22625723481178284,0.4574207663536072,0.8850285410881042,0.3426808714866638,0.46789711713790894,0.9247984290122986,0.23706050217151642,0.45288291573524475,0.9093296527862549,0.34640613198280334,0.4251967966556549,0.9287334084510803,0.2310563027858734,0.4476251006126404,0.9100028276443481,0.3440682291984558
frame_00377.jpg,0.4977807402610779,0.3489699959754944,0.052215706557035446,0.5003384351730347,0.3383643329143524,0.014326551929116249,0.4991523325443268,0.33922380208969116,0.014005670323967934,0.4976908564567566,0.3400404751300812,0.01397228054702282,0.5070374011993408,0.3367699384689331,0.0368652381002903,0.5104299187660217,0.3366160988807678,0.036485444754362106,0.5135729908943176,0.33661186695098877,0.03635699674487114,0.5002440214157104,0.3472101390361786,-0.1100945845246315,0.5229538679122925,0.34606635570526123,-0.0027555329725146294,0.49867191910743713,0.36413419246673584,0.01734083890914917,0.504718542098999,0.3640238344669342,0.046127479523420334,0.48838376998901367,0.4161478579044342,-0.20929384231567383,0.5474156737327576,0.43158358335494995,0.07447130978107452,0.4318690299987793,0.3536035418510437,-0.24621479213237762,0.5001262426376343,0.3680237829685211,0.1383320391178131,0.4354568421840668,0.25780925154685974,-0.1891946941614151,0.4592980742454529,0.2565399408340454,0.1275632530450821,0.424461305141449,0.23240190744400024,-0.21323111653327942,0.45239153504371643,0.22911444306373596,0.1277002990245819,0.42871078848838806,0.22757726907730103,-0.20684950053691864,0.4450865685939789,0.22613473236560822,0.10631567239761353,0.43306654691696167,0.2346000224351883,-0.1855086386203766,0.449272096157074,0.2321380227804184,0.11426081508398056,0.47604241967201233,0.6833335161209106,-0.08637861907482147,0.5305449366569519,0.6838558316230774,0.08598802238702774,0.4327057898044586,0.7850024104118347,0.11661835759878159,0.48272237181663513,0.7532752156257629,0.34960535168647766,0.4520703852176666,0.9009524583816528,0.2572280764579773,0.4591897130012512,0.8799974918365479,0.39594215154647827,0.4669632911682129,0.9244900345802307,0.26728159189224243,0.45513811707496643,0.9052175283432007,0.3998483419418335,0.4255884289741516,0.9284136891365051,0.254743754863739,0.44870424270629883,0.9048157334327698,0.3906530439853668
frame_00378.jpg,0.49626803398132324,0.3532193601131439,0.04697481170296669,0.4992660880088806,0.3430900275707245,0.009572654962539673,0.49839407205581665,0.343895822763443,0.009256253950297832,0.4972073435783386,0.3446963429450989,0.009227483533322811,0.5052462816238403,0.3413471281528473,0.03370174020528793,0.5084982514381409,0.3410291373729706,0.033306922763586044,0.5114952921867371,0.3408297598361969,0.03315705060958862,0.5002310276031494,0.352148175239563,-0.11260287463665009,0.5209662318229675,0.3502807915210724,-0.0028828431386500597,0.4978862404823303,0.368081271648407,0.01272968202829361,0.503367006778717,0.36780914664268494,0.04300124570727348,0.4896683692932129,0.42077162861824036,-0.21271243691444397,0.5475659966468811,0.43389809131622314,0.07447884231805801,0.43296799063682556,0.3573959767818451,-0.26450079679489136,0.4979251027107239,0.35134002566337585,0.12974540889263153,0.4370364248752594,0.2612769603729248,-0.23651933670043945,0.4581327438354492,0.25087735056877136,0.11356856673955917,0.42514950037002563,0.23507633805274963,-0.2664117217063904,0.45052188634872437,0.22778892517089844,0.10667586326599121,0.42949825525283813,0.2298959195613861,-0.2600138187408447,0.44502004981040955,0.2257438600063324,0.08433911949396133,0.43375077843666077,0.23621316254138947,-0.2337813824415207,0.4483366906642914,0.23135070502758026,0.09814326465129852,0.47715824842453003,0.6860915422439575,-0.09147576242685318,0.5302440524101257,0.687225341796875,0.09108005464076996,0.43253979086875916,0.7902695536613464,0.11817823350429535,0.4821968078613281,0.7533149123191833,0.3495405912399292,0.4476412236690521,0.9057691097259521,0.25147324800491333,0.459219753742218,0.8810509443283081,0.41755110025405884,0.4659407138824463,0.9305886626243591,0.2619244158267975,0.45602893829345703,0.9059401154518127,0.42378634214401245,0.4213070869445801,0.9393151998519897,0.2510809004306793,0.4463292956352234,0.9049383997917175,0.4156857430934906
frame_00379.jpg,0.4960811138153076,0.35851919651031494,0.04247121885418892,0.49909859895706177,0.3484002351760864,0.003919247072190046,0.4983002245426178,0.3491634130477905,0.0036015105433762074,0.49719148874282837,0.3499402105808258,0.0035782363265752792,0.5049582719802856,0.3467140197753906,0.029818326234817505,0.5081977844238281,0.3463086187839508,0.029411401599645615,0.5111867189407349,0.3459721803665161,0.02925524115562439,0.5002678632736206,0.35771840810775757,-0.120775006711483,0.5205410718917847,0.3556074798107147,-0.004168353043496609,0.497857004404068,0.37296611070632935,0.007546679582446814,0.50323086977005,0.3726676404476166,0.03973591327667236,0.492178738117218,0.42582476139068604,-0.21995218098163605,0.5476998090744019,0.43650904297828674,0.0760410875082016,0.4331473708152771,0.36061447858810425,-0.2568023204803467,0.49328216910362244,0.3413499593734741,0.13805824518203735,0.437467098236084,0.2634899914264679,-0.20149271190166473,0.45754295587539673,0.2517942786216736,0.11459201574325562,0.42540979385375977,0.23720255494117737,-0.22749796509742737,0.4507809579372406,0.22926613688468933,0.10775981843471527,0.4303128719329834,0.2325177639722824,-0.222393199801445,0.44621172547340393,0.22777052223682404,0.08445799350738525,0.43433529138565063,0.2386118471622467,-0.19847744703292847,0.4489065706729889,0.23342739045619965,0.09957867115736008,0.47828206419944763,0.6880183815956116,-0.09306667745113373,0.5305220484733582,0.6915503740310669,0.09265868365764618,0.4330534338951111,0.7902629375457764,0.12683023512363434,0.47947531938552856,0.7561579346656799,0.36174124479293823,0.44771066308021545,0.9049597978591919,0.29969602823257446,0.45595401525497437,0.8846098184585571,0.44831472635269165,0.4653396010398865,0.9273658990859985,0.3138501048088074,0.45372334122657776,0.9094086289405823,0.45652931928634644,0.4214107096195221,0.9355461001396179,0.30658209323883057,0.4415290355682373,0.9092355966567993,0.4498636722564697
frame_00380.jpg,0.4962899684906006,0.36139050126075745,0.04379267245531082,0.4992331862449646,0.35134631395339966,0.00413998868316412,0.4984455108642578,0.3521258234977722,0.0038183603901416063,0.49732381105422974,0.35291755199432373,0.0038062341045588255,0.5050385594367981,0.3496735990047455,0.030201386660337448,0.5082789659500122,0.3492811620235443,0.029789725318551064,0.5112729668617249,0.348932147026062,0.029639005661010742,0.5005828142166138,0.3607996702194214,-0.1268479824066162,0.5206224322319031,0.3586370348930359,-0.005320128984749317,0.49804529547691345,0.37574857473373413,0.006950004491955042,0.5034386515617371,0.3753410577774048,0.03933575004339218,0.49436765909194946,0.4304455518722534,-0.2231893092393875,0.5477254390716553,0.4365752637386322,0.07467837631702423,0.43383851647377014,0.36493921279907227,-0.2327233850955963,0.4919263422489166,0.3380918800830841,0.17291393876075745,0.4380314350128174,0.26828259229660034,-0.18853965401649475,0.45747289061546326,0.2551996111869812,0.19640465080738068,0.4267410635948181,0.24064816534519196,-0.2125546634197235,0.44996538758277893,0.23292554914951324,0.20042547583580017,0.431867778301239,0.23478221893310547,-0.21578344702720642,0.44593730568885803,0.2306479513645172,0.17842240631580353,0.4358524680137634,0.2425823211669922,-0.19643011689186096,0.4486044943332672,0.23684726655483246,0.18363359570503235,0.47993001341819763,0.6899620890617371,-0.09271635115146637,0.5319620370864868,0.6931473612785339,0.092331163585186,0.43276333808898926,0.7897894978523254,0.16776657104492188,0.4792725443840027,0.7545469999313354,0.3427160084247589,0.44823789596557617,0.9033849239349365,0.3297814428806305,0.45616966485977173,0.8819116353988647,0.4065139889717102,0.46486490964889526,0.9263209104537964,0.344544917345047,0.45445775985717773,0.9066829681396484,0.4129398763179779,0.42171716690063477,0.9345589876174927,0.35043591260910034,0.4409236013889313,0.9066903591156006,0.41167980432510376
frame_00381.jpg,0.49701055884361267,0.36302974820137024,0.06819742918014526,0.499279648065567,0.35290127992630005,0.025449741631746292,0.49847501516342163,0.3536885380744934,0.02512352541089058,0.49735507369041443,0.35451456904411316,0.025103425607085228,0.5054148435592651,0.35137125849723816,0.05055065080523491,0.5089098215103149,0.35106363892555237,0.05013708397746086,0.5122421979904175,0.35078373551368713,0.04998902231454849,0.5006114840507507,0.36278268694877625,-0.12220796197652817,0.5216562747955322,0.3608299493789673,-0.0039360541850328445,0.4987920820713043,0.37742146849632263,0.02539142034947872,0.5044077038764954,0.377099871635437,0.056488294154405594,0.49423736333847046,0.4337047338485718,-0.22269025444984436,0.5483707189559937,0.4362994134426117,0.07273532450199127,0.4364229738712311,0.3731497824192047,-0.10113020241260529,0.49392396211624146,0.3424427807331085,0.2023358792066574,0.46386298537254333,0.3873867094516754,0.16217683255672455,0.45713719725608826,0.2590528428554535,0.2927307188510895,0.46746110916137695,0.37840011715888977,0.18437130749225616,0.44828447699546814,0.23692063987255096,0.3134998381137848,0.476043164730072,0.3783777058124542,0.17703095078468323,0.44466668367385864,0.23432163894176483,0.2984495759010315,0.4778183102607727,0.3837262988090515,0.16662099957466125,0.44772639870643616,0.2410804182291031,0.28512004017829895,0.48266077041625977,0.6912992000579834,-0.09021209925413132,0.5333737134933472,0.6946561932563782,0.08985452353954315,0.43356412649154663,0.7905594110488892,0.11491209268569946,0.4792409837245941,0.7725839018821716,0.27438828349113464,0.447659432888031,0.9172800779342651,0.17291662096977234,0.4559590220451355,0.9038693904876709,0.26080289483070374,0.46384182572364807,0.9376065135002136,0.17964234948158264,0.45406574010849,0.9273563027381897,0.2606908082962036,0.4209737777709961,0.9555376768112183,0.20760226249694824,0.4412601590156555,0.9375126957893372,0.2762041389942169
frame_00382.jpg,0.4972597062587738,0.3640860319137573,0.06909643113613129,0.49941736459732056,0.3538798987865448,0.027033552527427673,0.4985876977443695,0.35469090938568115,0.02670198120176792,0.4974464774131775,0.35557031631469727,0.026677170768380165,0.5055849552154541,0.35243505239486694,0.050967078655958176,0.5090681314468384,0.35221368074417114,0.0505606047809124,0.5123988389968872,0.3520156145095825,0.05041155964136124,0.5006179213523865,0.3642016053199768,-0.11785413324832916,0.5216478109359741,0.36184972524642944,-0.004454292822629213,0.4988575577735901,0.37856578826904297,0.02693904936313629,0.5045642852783203,0.37820401787757874,0.05664921924471855,0.4939175248146057,0.4349408745765686,-0.21588106453418732,0.5488584637641907,0.4358900785446167,0.06673736125230789,0.4368622303009033,0.3775075078010559,-0.1036573275923729,0.4930340349674225,0.34265395998954773,0.16836197674274445,0.46993762254714966,0.4093579351902008,0.1313663125038147,0.4555000364780426,0.2593715488910675,0.2080913782119751,0.4754481911659241,0.40273767709732056,0.15055467188358307,0.4452228546142578,0.23583649098873138,0.21740186214447021,0.4836556911468506,0.4021507501602173,0.14189572632312775,0.44232478737831116,0.23428258299827576,0.2011861801147461,0.4847775995731354,0.4071040153503418,0.13487716019153595,0.44573959708213806,0.24127212166786194,0.19834497570991516,0.4820168912410736,0.6914587020874023,-0.08939724415540695,0.5337038636207581,0.6953554749488831,0.08905727416276932,0.4318925738334656,0.7897827625274658,0.1409207433462143,0.4822665750980377,0.7667821049690247,0.2690545916557312,0.4462851881980896,0.9121415019035339,0.20403483510017395,0.4561081826686859,0.8964335918426514,0.2467258721590042,0.46093884110450745,0.9331027269363403,0.21030423045158386,0.45448142290115356,0.9204323291778564,0.2453853338956833,0.421794593334198,0.9444126486778259,0.2281462699174881,0.44305896759033203,0.929082453250885,0.2542106509208679
frame_00383.jpg,0.49647220969200134,0.36560124158859253,0.0693894475698471,0.4983000159263611,0.35538095235824585,0.028303731232881546,0.4974096417427063,0.3561563491821289,0.027966182678937912,0.4962673783302307,0.35696184635162354,0.02794048748910427,0.5046422481536865,0.3539324700832367,0.05164853483438492,0.5082095861434937,0.35358384251594543,0.0512404628098011,0.5116363763809204,0.35320261120796204,0.051090389490127563,0.49999141693115234,0.36523255705833435,-0.11517710983753204,0.5211793184280396,0.36215636134147644,-0.003878549439832568,0.49780482053756714,0.37972745299339294,0.02863733097910881,0.5038323998451233,0.3792785406112671,0.05748751014471054,0.49352678656578064,0.4359205365180969,-0.1978319138288498,0.5489131808280945,0.43557485938072205,0.06609484553337097,0.4371582567691803,0.38080182671546936,-0.06820738315582275,0.49242377281188965,0.34615790843963623,0.17135120928287506,0.48267728090286255,0.3972887396812439,0.2054978609085083,0.4535570740699768,0.26131731271743774,0.22576694190502167,0.48142609000205994,0.4126652777194977,0.23221352696418762,0.44169241189956665,0.23761002719402313,0.24039527773857117,0.4907251000404358,0.41361990571022034,0.22088737785816193,0.4385283887386322,0.23565919697284698,0.22563596069812775,0.4949513077735901,0.40271541476249695,0.2091294527053833,0.44233375787734985,0.2429654747247696,0.21720650792121887,0.48245587944984436,0.6908242106437683,-0.0873015820980072,0.5346896052360535,0.6948840022087097,0.08694697171449661,0.4345475733280182,0.7890285849571228,0.13813723623752594,0.48472028970718384,0.7644542455673218,0.26904112100601196,0.4464695453643799,0.9094188213348389,0.1842290759086609,0.46021828055381775,0.8939921259880066,0.2444886863231659,0.4610319137573242,0.9310258030891418,0.18983040750026703,0.458151638507843,0.9176086187362671,0.24330350756645203,0.4232361912727356,0.9372994303703308,0.21711929142475128,0.4487146735191345,0.9284918308258057,0.25904327630996704
frame_00384.jpg,0.4950445592403412,0.36538487672805786,0.06575755774974823,0.4966621398925781,0.35470885038375854,0.025669436901807785,0.49585017561912537,0.3556109368801117,0.025327280163764954,0.4948050379753113,0.3565369248390198,0.025287721306085587,0.5028699636459351,0.35297104716300964,0.051128048449754715,0.5064054727554321,0.35262998938560486,0.050718069076538086,0.5097202062606812,0.3522377908229828,0.050561897456645966,0.49899786710739136,0.36530405282974243,-0.11450733244419098,0.5193353295326233,0.3612700402736664,0.0022334668319672346,0.49672213196754456,0.3798747658729553,0.02462008222937584,0.5029327869415283,0.3791212737560272,0.057401590049266815,0.4932273328304291,0.43773153424263,-0.2024238407611847,0.5488205552101135,0.4352993965148926,0.08666963875293732,0.4372655749320984,0.38408946990966797,-0.09416914731264114,0.49322572350502014,0.34441083669662476,0.19628289341926575,0.4789808690547943,0.3977021276950836,0.16315244138240814,0.45263513922691345,0.2602115869522095,0.24491088092327118,0.47694820165634155,0.41426485776901245,0.1825728416442871,0.4411056935787201,0.23721592128276825,0.2615092396736145,0.48532065749168396,0.41396617889404297,0.17328152060508728,0.4375764727592468,0.23584313690662384,0.2450414001941681,0.48967137932777405,0.3999628722667694,0.16705307364463806,0.4411781430244446,0.24287182092666626,0.23559615015983582,0.48306804895401,0.6911724805831909,-0.10317765176296234,0.5347169637680054,0.6947250962257385,0.10275894403457642,0.4342963695526123,0.8024469017982483,-0.03067152202129364,0.4757000803947449,0.7669050693511963,0.3001459538936615,0.44907084107398987,0.9236717224121094,0.011159119196236134,0.4602724611759186,0.9070689082145691,0.32929861545562744,0.46639686822891235,0.9433950185775757,0.017331529408693314,0.45985254645347595,0.9314517378807068,0.3334457278251648,0.4238290786743164,0.9606418013572693,0.04860609769821167,0.44455093145370483,0.942596971988678,0.37245750427246094
frame_00385.jpg,0.4938139319419861,0.3652260899543762,0.04104847460985184,0.49501460790634155,0.35412347316741943,0.002689593005925417,0.4940125048160553,0.3551511764526367,0.0023227783385664225,0.4927733540534973,0.35619768500328064,0.0022838751319795847,0.5016410946846008,0.3521588444709778,0.02819676697254181,0.5052014589309692,0.35183078050613403,0.027790984138846397,0.5084763765335083,0.3514516055583954,0.02765660546720028,0.4975796341896057,0.36554962396621704,-0.1268121600151062,0.5181828737258911,0.360594242811203,-0.009124196134507656,0.49501267075538635,0.38046202063560486,0.004025331232696772,0.5018367171287537,0.37923237681388855,0.03607787564396858,0.49261537194252014,0.4410516023635864,-0.20729918777942657,0.5488580465316772,0.43518781661987305,0.07944689691066742,0.43836697936058044,0.3884943127632141,-0.09432685375213623,0.49420300126075745,0.3452177941799164,0.18631285429000854,0.4790816307067871,0.39762356877326965,0.15279391407966614,0.45366090536117554,0.25989213585853577,0.23016223311424255,0.47687381505966187,0.4145881235599518,0.1683245450258255,0.4425280690193176,0.2372344583272934,0.2442765235900879,0.4838801920413971,0.4121953547000885,0.15861853957176208,0.4384835660457611,0.2363191694021225,0.22695085406303406,0.48648959398269653,0.4147486686706543,0.1559004783630371,0.44203048944473267,0.24345892667770386,0.22056031227111816,0.48265671730041504,0.6957537531852722,-0.10636105388402939,0.535624623298645,0.6943170428276062,0.1058754175901413,0.43422818183898926,0.811181366443634,-0.01147304568439722,0.4766275882720947,0.7662699222564697,0.36845141649246216,0.4697621762752533,0.889912486076355,0.1275499314069748,0.4757232666015625,0.8838536739349365,0.4481121897697449,0.48980313539505005,0.8959272503852844,0.13804194331169128,0.4803059995174408,0.9065582752227783,0.45815959572792053,0.45208048820495605,0.927871823310852,0.18300747871398926,0.4532146453857422,0.9113208055496216,0.5149253606796265
frame_00386.jpg,0.49334898591041565,0.36514726281166077,0.05815770477056503,0.49353235960006714,0.35401859879493713,0.016098570078611374,0.4922012686729431,0.3551108241081238,0.015760384500026703,0.49063295125961304,0.35623976588249207,0.015760408714413643,0.5006000399589539,0.3519021272659302,0.040051333606243134,0.5041136741638184,0.35154810547828674,0.03963065892457962,0.5073036551475525,0.35112178325653076,0.039488501846790314,0.4952254295349121,0.36623015999794006,-0.12355251610279083,0.5172656178474426,0.3601413369178772,-0.010220125317573547,0.4940287172794342,0.3805519640445709,0.016494516283273697,0.5013830065727234,0.3790575861930847,0.04609424248337746,0.4894954562187195,0.442033976316452,-0.20055580139160156,0.5487338304519653,0.434648722410202,0.06572456657886505,0.43801039457321167,0.38648277521133423,-0.09350080043077469,0.4940386414527893,0.3457292318344116,0.20013411343097687,0.47524651885032654,0.40343064069747925,0.1529199182987213,0.4537607729434967,0.26119711995124817,0.3166574537754059,0.47366613149642944,0.3998270630836487,0.17326650023460388,0.4415806829929352,0.23781882226467133,0.3386954963207245,0.48111391067504883,0.39769795536994934,0.16545143723487854,0.43781575560569763,0.23692800104618073,0.32413211464881897,0.4836103320121765,0.4020519256591797,0.15697696805000305,0.4415650963783264,0.24442891776561737,0.3099733293056488,0.4823901057243347,0.6962260007858276,-0.09411494433879852,0.535388708114624,0.6942777633666992,0.09377554804086685,0.4342997074127197,0.8104488253593445,0.12342554330825806,0.4770754277706146,0.7700302004814148,0.29787763953208923,0.4511498808860779,0.9080302119255066,0.2184419184923172,0.4665377736091614,0.899764358997345,0.31634655594825745,0.46521568298339844,0.9242905974388123,0.2287694662809372,0.4673478603363037,0.9240118861198425,0.31977492570877075,0.43466639518737793,0.9283304214477539,0.2677295506000519,0.44949087500572205,0.9298025369644165,0.34921061992645264
frame_00387.jpg,0.4911208748817444,0.36484232544898987,0.05830543115735054,0.49119478464126587,0.35364657640457153,0.016503114253282547,0.48970356583595276,0.35472965240478516,0.01616555266082287,0.48798030614852905,0.3558531701564789,0.016159402206540108,0.4985269606113434,0.35150662064552307,0.04010070115327835,0.5020130276679993,0.35115259885787964,0.039679985493421555,0.5051327347755432,0.35073891282081604,0.03953692689538002,0.4924044609069824,0.3659166693687439,-0.12164846807718277,0.5149065256118774,0.3599556088447571,-0.018559163436293602,0.49093031883239746,0.3804905116558075,0.016937706619501114,0.4987249970436096,0.3787783086299896,0.046245310455560684,0.4843386709690094,0.44169384241104126,-0.1971973478794098,0.5479859113693237,0.43405458331108093,0.052274130284786224,0.43723446130752563,0.39175698161125183,-0.08785170316696167,0.4937036633491516,0.3460024297237396,0.19050928950309753,0.4731472432613373,0.4016013443470001,0.15505987405776978,0.45462045073509216,0.2635968327522278,0.3001261353492737,0.47247081995010376,0.39256536960601807,0.17342087626457214,0.4428746700286865,0.2386936992406845,0.31994709372520447,0.4800412058830261,0.38883230090141296,0.1652098298072815,0.4388481676578522,0.2371942549943924,0.3059527277946472,0.48255234956741333,0.3939765393733978,0.15849976241588593,0.44258755445480347,0.24514666199684143,0.2935323119163513,0.48176640272140503,0.6974610686302185,-0.08877444267272949,0.5351470708847046,0.6944519877433777,0.0884561762213707,0.43599003553390503,0.807067334651947,0.13911430537700653,0.47778815031051636,0.7727342844009399,0.310066282749176,0.4508608877658844,0.9110566973686218,0.2618994116783142,0.46451401710510254,0.9022136330604553,0.3515607416629791,0.4647454619407654,0.9279726147651672,0.27622750401496887,0.4642423093318939,0.9270466566085815,0.3575172424316406,0.43345823884010315,0.9287105798721313,0.3237078785896301,0.4475066065788269,0.9299313426017761,0.39114323258399963
frame_00388.jpg,0.4829828143119812,0.3657101094722748,0.02749355509877205,0.48459142446517944,0.354483962059021,-0.009146241471171379,0.4834591746330261,0.3557291626930237,-0.009502026252448559,0.48208850622177124,0.3569830060005188,-0.009520361199975014,0.49127140641212463,0.3517809808254242,0.016552597284317017,0.4946187138557434,0.35131150484085083,0.016132015734910965,0.4974990785121918,0.35083189606666565,0.016006512567400932,0.4887516498565674,0.3670114278793335,-0.13089148700237274,0.5075300335884094,0.3597028851509094,-0.017852799966931343,0.483336865901947,0.3818661868572235,-0.0066779307089746,0.4901914596557617,0.3796841502189636,0.025329332798719406,0.4807109832763672,0.44150832295417786,-0.19815011322498322,0.5478338003158569,0.43271303176879883,0.05902766436338425,0.4365828037261963,0.39563605189323425,-0.09524983167648315,0.49374985694885254,0.3467024564743042,0.1835387498140335,0.4719103276729584,0.39160335063934326,0.11104337126016617,0.4551990032196045,0.26413312554359436,0.256733238697052,0.47113236784935,0.3950076997280121,0.11459878832101822,0.4438081383705139,0.23893976211547852,0.27248677611351013,0.47839587926864624,0.39070364832878113,0.10582774877548218,0.43963128328323364,0.23759524524211884,0.25088196992874146,0.48120421171188354,0.39539873600006104,0.11197312921285629,0.4431587755680084,0.24570061266422272,0.2469639778137207,0.48123860359191895,0.6990398168563843,-0.09504172205924988,0.5350090265274048,0.694286048412323,0.09455110877752304,0.43625879287719727,0.8183398842811584,-0.020785588771104813,0.48782509565353394,0.7710456848144531,0.3810209333896637,0.49720287322998047,0.8256366848945618,0.1682099997997284,0.49516811966896057,0.8436201214790344,0.4894380569458008,0.5150989294052124,0.8259010314941406,0.19331780076026917,0.4999461770057678,0.8624768853187561,0.502562940120697,0.5041100978851318,0.8357793688774109,0.2831880450248718,0.4780624806880951,0.8528309464454651,0.5729855895042419
frame_00389.jpg,0.47915124893188477,0.3643372356891632,0.028093423694372177,0.48085203766822815,0.35326674580574036,-0.006391034461557865,0.4797912538051605,0.3546909987926483,-0.006702590733766556,0.4784014821052551,0.3561709523200989,-0.00671399524435401,0.48758143186569214,0.35031095147132874,0.02256401628255844,0.491081565618515,0.34990841150283813,0.022152770310640335,0.4941510558128357,0.3495374023914337,0.02202879637479782,0.4849739074707031,0.3669479191303253,-0.12760967016220093,0.5045149922370911,0.3581264615058899,-0.034387070685625076,0.47997385263442993,0.3810528814792633,-0.0047852094285190105,0.48699212074279785,0.3788030445575714,0.03064039722084999,0.4694141745567322,0.4409215748310089,-0.18947121500968933,0.5470331311225891,0.4277867078781128,0.028909021988511086,0.43416205048561096,0.39648571610450745,-0.050039928406476974,0.49273425340652466,0.34695595502853394,0.17032133042812347,0.4603235721588135,0.4149032533168793,0.21692046523094177,0.45448189973831177,0.2642418146133423,0.2688009738922119,0.4618799090385437,0.40911245346069336,0.24101361632347107,0.4441980719566345,0.23940807580947876,0.2869803309440613,0.4712514281272888,0.4046444892883301,0.2287280261516571,0.4400362968444824,0.23884938657283783,0.27350133657455444,0.47422900795936584,0.4090609848499298,0.2195044308900833,0.44338908791542053,0.24660924077033997,0.26274144649505615,0.47910022735595703,0.6984853744506836,-0.08333636820316315,0.532910943031311,0.6946339011192322,0.08293317258358002,0.4364105761051178,0.8132509589195251,0.08479820191860199,0.4905717372894287,0.7718545794487,0.3521757125854492,0.48171624541282654,0.897207498550415,0.1951982080936432,0.4842987656593323,0.8905465602874756,0.4184947907924652,0.49785059690475464,0.9126670956611633,0.21087391674518585,0.483910471200943,0.9143815636634827,0.4267745912075043,0.4636259078979492,0.9327406287193298,0.26914656162261963,0.4678155481815338,0.9124925136566162,0.46442359685897827
frame_00390.jpg,0.47576332092285156,0.3642417788505554,0.06557007133960724,0.4766864776611328,0.35244378447532654,0.026463443413376808,0.47557783126831055,0.35377761721611023,0.026139700785279274,0.47421255707740784,0.35517358779907227,0.026144515722990036,0.4833623468875885,0.34910428524017334,0.04464717209339142,0.48684555292129517,0.34835246205329895,0.04423154145479202,0.4900147318840027,0.3476645052433014,0.044085096567869186,0.48091936111450195,0.3644492030143738,-0.10761336237192154,0.5006608366966248,0.3553994297981262,-0.029658425599336624,0.4764123558998108,0.3809967637062073,0.028018373996019363,0.48331791162490845,0.37840014696121216,0.04951262101531029,0.4642152190208435,0.44047439098358154,-0.16527491807937622,0.544553279876709,0.42135822772979736,0.021405983716249466,0.4274422526359558,0.403091698884964,-0.018777506425976753,0.494975745677948,0.3599882125854492,0.14653562009334564,0.4646397531032562,0.41008657217025757,0.25153642892837524,0.4547085165977478,0.2647704482078552,0.258203387260437,0.4668375551700592,0.42243462800979614,0.28030985593795776,0.4444272518157959,0.2412537932395935,0.27506276965141296,0.47757211327552795,0.4208749532699585,0.2616387903690338,0.4401882290840149,0.24121332168579102,0.26206615567207336,0.4786086082458496,0.4133167266845703,0.2516043484210968,0.44310322403907776,0.24800634384155273,0.2518816590309143,0.475483238697052,0.6962273716926575,-0.0714944452047348,0.5324208736419678,0.6925785541534424,0.07112453132867813,0.4353238046169281,0.8207781910896301,0.1183294802904129,0.4900095462799072,0.7915662527084351,0.3119996190071106,0.446693480014801,0.9309329390525818,0.21826371550559998,0.48313936591148376,0.9313439726829529,0.41272029280662537,0.47120848298072815,0.9618272185325623,0.2302354872226715,0.48311910033226013,0.9566615223884583,0.4121212959289551,0.42514482140541077,0.9691551923751831,0.26949840784072876,0.464915931224823,0.9514599442481995,0.4550294280052185
frame_00391.jpg,0.4746414124965668,0.3600919842720032,0.07030928134918213,0.47498995065689087,0.3472672402858734,0.031289491802453995,0.4734809994697571,0.34807682037353516,0.030957330018281937,0.4717460572719574,0.3489346206188202,0.03095967136323452,0.48200520873069763,0.34455594420433044,0.04465994983911514,0.4853694438934326,0.34369850158691406,0.0442410483956337,0.4884755611419678,0.34289997816085815,0.044086214154958725,0.4771267771720886,0.3565015494823456,-0.09925193339586258,0.4989094138145447,0.34981438517570496,-0.04328906536102295,0.4742276668548584,0.3768502473831177,0.034430090337991714,0.4812012314796448,0.37421461939811707,0.0494784377515316,0.45695382356643677,0.437106728553772,-0.13550345599651337,0.542641818523407,0.41544488072395325,-0.019872421398758888,0.42303285002708435,0.4052104353904724,0.028873953968286514,0.5007176399230957,0.3647047281265259,0.11580829322338104,0.46894413232803345,0.41170966625213623,0.31707286834716797,0.454944372177124,0.2683519721031189,0.27893203496932983,0.4797267019748688,0.41816094517707825,0.3559853434562683,0.4444115161895752,0.2451101690530777,0.30187854170799255,0.4851110875606537,0.4169565439224243,0.3333813548088074,0.44042015075683594,0.24665436148643494,0.2925351858139038,0.482243150472641,0.41607528924942017,0.3159928023815155,0.44326654076576233,0.251993864774704,0.275828093290329,0.4672210216522217,0.6902082562446594,-0.04021701589226723,0.5270495414733887,0.6875653862953186,0.03993350639939308,0.4363759160041809,0.8184887170791626,0.14791163802146912,0.49261221289634705,0.7967955470085144,0.23085474967956543,0.4470675587654114,0.9453554749488831,0.23933327198028564,0.4804328978061676,0.9555041790008545,0.26783424615859985,0.4685380458831787,0.9675441980361938,0.24968740344047546,0.47532162070274353,0.9809160828590393,0.27144017815589905,0.42734187841415405,0.984257698059082,0.2864550054073334,0.46367186307907104,0.9856070280075073,0.28655755519866943
frame_00392.jpg,0.47207146883010864,0.35304751992225647,0.06746072322130203,0.47188490629196167,0.3392319679260254,0.030648905783891678,0.4702792167663574,0.3394695520401001,0.03030211851000786,0.46839475631713867,0.33980268239974976,0.030291583389043808,0.4786560535430908,0.3370756208896637,0.041467372328042984,0.4817914068698883,0.33601775765419006,0.04103437438607216,0.4847228527069092,0.33508890867233276,0.04090570658445358,0.4717978835105896,0.3455778956413269,-0.10200228542089462,0.4947921335697174,0.3415815532207489,-0.03879120573401451,0.47140756249427795,0.3680422604084015,0.03366357088088989,0.47838178277015686,0.36631637811660767,0.04572661966085434,0.4487217366695404,0.42719241976737976,-0.15365687012672424,0.5423650145530701,0.40997207164764404,0.006329990923404694,0.42236343026161194,0.4124407172203064,-0.011124597862362862,0.504431962966919,0.36453333497047424,0.16992968320846558,0.4697202146053314,0.4104880094528198,0.2795102000236511,0.4663622975349426,0.2833956778049469,0.36114007234573364,0.4805758595466614,0.4101710021495819,0.3144395351409912,0.4516122341156006,0.2574947476387024,0.39587733149528503,0.48395243287086487,0.4086003005504608,0.2987648844718933,0.4485604166984558,0.25888463854789734,0.38119426369667053,0.48177656531333923,0.4093703627586365,0.2811794877052307,0.45218324661254883,0.2683081030845642,0.35693517327308655,0.4617649018764496,0.6835910677909851,-0.04456961154937744,0.5231112241744995,0.6782899498939514,0.04435902088880539,0.43632203340530396,0.8226007223129272,0.02568702958524227,0.4933750033378601,0.7914014458656311,0.2406441867351532,0.45022860169410706,0.8975299596786499,0.0540190264582634,0.4834042191505432,0.9089027047157288,0.19877010583877563,0.4702015817165375,0.9018803834915161,0.06047787144780159,0.4827252924442291,0.9258064031600952,0.19637425243854523,0.4294561445713043,0.9477397799491882,0.11483518779277802,0.46817484498023987,0.9424188733100891,0.2332957237958908
frame_00393.jpg,0.4733312129974365,0.3379095494747162,0.08955447375774384,0.47247424721717834,0.3237793743610382,0.0540461540222168,0.47024792432785034,0.32417771220207214,0.053700901567935944,0.4677503705024719,0.32480567693710327,0.0537058524787426,0.48029884696006775,0.32062608003616333,0.055171627551317215,0.4835701882839203,0.3192671835422516,0.05473669618368149,0.48664674162864685,0.3184083104133606,0.05459723621606827,0.4679951071739197,0.32978764176368713,-0.060872308909893036,0.49482864141464233,0.3265872895717621,-0.0470583476126194,0.4710753560066223,0.35148632526397705,0.06080467626452446,0.47938981652259827,0.3498937785625458,0.05951168015599251,0.4379209876060486,0.41193076968193054,-0.07054927200078964,0.5408862829208374,0.4013705253601074,-0.05114992335438728,0.42486315965652466,0.41048192977905273,0.10721807181835175,0.5242605805397034,0.3909856081008911,0.06825180351734161,0.47154396772384644,0.4067998230457306,0.3764490485191345,0.4898093640804291,0.33169668912887573,0.2933350205421448,0.47930318117141724,0.4079189598560333,0.4153823256492615,0.4849039912223816,0.31447502970695496,0.3194865584373474,0.4833717942237854,0.40628284215927124,0.395346462726593,0.4766782820224762,0.31485146284103394,0.35061562061309814,0.48131269216537476,0.406190425157547,0.3756007254123688,0.4751954674720764,0.32235589623451233,0.3106962740421295,0.4511285722255707,0.6828500628471375,-0.007551086600869894,0.507291853427887,0.6767427921295166,0.007273931987583637,0.43615469336509705,0.8291943073272705,0.23428301513195038,0.49284592270851135,0.7895686626434326,0.24508073925971985,0.44982582330703735,0.9207192063331604,0.3771802484989166,0.4828113615512848,0.8985950946807861,0.23297543823719025,0.46218258142471313,0.9350694417953491,0.3934238851070404,0.4782326817512512,0.9186961650848389,0.22624924778938293,0.4318443238735199,0.9614196419715881,0.4439908564090729,0.4682691693305969,0.9201106429100037,0.2989918887615204
frame_00394.jpg,0.47447580099105835,0.3257281482219696,0.1302940547466278,0.4738784730434418,0.31273165345191956,0.09887582808732986,0.4714420735836029,0.3132244050502777,0.09855666756629944,0.4686912000179291,0.3139643967151642,0.0985463559627533,0.48171693086624146,0.31031110882759094,0.09206444770097733,0.48501625657081604,0.3094595670700073,0.09163937717676163,0.4881144165992737,0.3090547025203705,0.09149140864610672,0.466989129781723,0.319636732339859,-0.007679718546569347,0.4954780042171478,0.3184826076030731,-0.043067172169685364,0.47226253151893616,0.3392828106880188,0.1032642126083374,0.4808029234409332,0.3377254903316498,0.09150508046150208,0.4317142367362976,0.40110984444618225,-0.004730806685984135,0.5364547967910767,0.396125853061676,-0.07520677149295807,0.4250403344631195,0.40907546877861023,0.16799186170101166,0.529105544090271,0.3886386454105377,-0.004537327215075493,0.47144222259521484,0.39916232228279114,0.4170380234718323,0.492806613445282,0.3243148922920227,0.16758233308792114,0.4724749028682709,0.40630918741226196,0.460019588470459,0.4939447343349457,0.3059808313846588,0.18068987131118774,0.48015832901000977,0.4001864790916443,0.4390721321105957,0.4844978451728821,0.30606362223625183,0.18499881029129028,0.4809514880180359,0.38924530148506165,0.4151909351348877,0.4825369715690613,0.3141559958457947,0.1709882766008377,0.4420599937438965,0.6735413670539856,0.027494370937347412,0.4982348382472992,0.6662172675132751,-0.02772042714059353,0.4351004660129547,0.8268361687660217,0.2239225208759308,0.5019091367721558,0.7871205806732178,0.0728643387556076,0.4465746283531189,0.9266431927680969,0.305338054895401,0.48183339834213257,0.9006288051605225,0.08962840586900711,0.4531479775905609,0.9423997402191162,0.3144097328186035,0.4716916084289551,0.9189482927322388,0.09263986349105835,0.4346843361854553,0.9617884159088135,0.35378092527389526,0.46927595138549805,0.9243614077568054,0.11066330969333649
frame_00395.jpg,0.4750306010246277,0.3173060119152069,0.10990361869335175,0.47476762533187866,0.3041016459465027,0.0743611603975296,0.4722941517829895,0.30438366532325745,0.07401999831199646,0.46943411231040955,0.30487295985221863,0.07402148842811584,0.4825822710990906,0.3021336495876312,0.07566653192043304,0.48584359884262085,0.30123376846313477,0.0752478614449501,0.48894405364990234,0.3006664514541626,0.07510196417570114,0.46663790941238403,0.31080809235572815,-0.04345119744539261,0.49593988060951233,0.30997592210769653,-0.05653749033808708,0.4731675982475281,0.330636590719223,0.07952511310577393,0.4816358685493469,0.3295225501060486,0.07807215303182602,0.42935246229171753,0.39044827222824097,-0.05346907302737236,0.5364653468132019,0.38847893476486206,-0.08383011072874069,0.42217954993247986,0.4087446630001068,0.12198525667190552,0.5385174751281738,0.42180678248405457,-0.007231642957776785,0.4710090160369873,0.39146748185157776,0.3799689710140228,0.510428786277771,0.3838745355606079,0.14943626523017883,0.4722931981086731,0.38832852244377136,0.41643381118774414,0.5085880160331726,0.3726799190044403,0.1584390103816986,0.4800126552581787,0.3853446841239929,0.3937859833240509,0.4990450441837311,0.3714412450790405,0.15599995851516724,0.4794810712337494,0.3810361921787262,0.37764644622802734,0.4971237778663635,0.3763121962547302,0.14979170262813568,0.43362513184547424,0.6653706431388855,0.00924675352871418,0.49355316162109375,0.6599804759025574,-0.009545794688165188,0.4345911145210266,0.8169762492179871,0.27552247047424316,0.4998813569545746,0.6921176910400391,0.22792267799377441,0.44346389174461365,0.9290351271629333,0.4316381514072418,0.47973060607910156,0.8483031392097473,0.4316210150718689,0.4486047327518463,0.9516576528549194,0.44719547033309937,0.472720205783844,0.8791775107383728,0.4509274363517761,0.4316139817237854,0.9585588574409485,0.47473400831222534,0.4684167802333832,0.8513783812522888,0.4914679527282715
frame_00396.jpg,0.4756883978843689,0.30502983927726746,0.12901075184345245,0.47508788108825684,0.29275068640708923,0.09102596342563629,0.4723561406135559,0.29282692074775696,0.09067868441343307,0.46910470724105835,0.29311564564704895,0.09067527949810028,0.483062744140625,0.29171720147132874,0.08671251684427261,0.4862540364265442,0.29116547107696533,0.08633261919021606,0.4893944263458252,0.2908332645893097,0.0862019956111908,0.46380147337913513,0.2998616397380829,-0.0360298827290535,0.4959557056427002,0.30051741003990173,-0.05590822547674179,0.47317782044410706,0.31933310627937317,0.0961625874042511,0.4816373884677887,0.31878119707107544,0.08807422965765,0.4228287637233734,0.3831687569618225,-0.05244876816868782,0.5348730087280273,0.3823526203632355,-0.09424735605716705,0.4229888916015625,0.4075106084346771,0.1161004900932312,0.5416257381439209,0.4254237115383148,-0.059178419411182404,0.45144620537757874,0.39476585388183594,0.3582281172275543,0.5111881494522095,0.3832610249519348,0.05219642445445061,0.46826449036598206,0.37855443358421326,0.3908124566078186,0.5064202547073364,0.36835673451423645,0.053015660494565964,0.4749140739440918,0.37751832604408264,0.3698972463607788,0.4994127154350281,0.36878877878189087,0.0522870309650898,0.46744590997695923,0.38155144453048706,0.35585251450538635,0.49981293082237244,0.38214582204818726,0.052160363644361496,0.43103137612342834,0.6601637005805969,0.009172683581709862,0.4924134314060211,0.6541001200675964,-0.009488360956311226,0.4345914423465729,0.8202081322669983,0.25455448031425476,0.5054604411125183,0.6929031610488892,0.3063286542892456,0.444450706243515,0.9577047228813171,0.3946411907672882,0.4888852536678314,0.8366429805755615,0.5383596420288086,0.45151981711387634,0.984348714351654,0.408419668674469,0.48298174142837524,0.8661932349205017,0.5623276829719543,0.4320834279060364,0.9794288873672485,0.4295598566532135,0.48500746488571167,0.8491388559341431,0.6127051115036011
frame_00397.jpg,0.4730592668056488,0.29634958505630493,0.124301478266716,0.47018688917160034,0.28347542881965637,0.0870077982544899,0.46666020154953003,0.28299781680107117,0.08665107190608978,0.4628623127937317,0.2827184796333313,0.08667971193790436,0.4792938828468323,0.2836267054080963,0.0817958265542984,0.4823744297027588,0.28329911828041077,0.08141989260911942,0.4855850338935852,0.2830711901187897,0.08128867298364639,0.4554966390132904,0.2893170416355133,-0.04080875217914581,0.4897323250770569,0.2915230989456177,-0.06762666255235672,0.4677135944366455,0.30987489223480225,0.09093010425567627,0.4769136905670166,0.3097057342529297,0.0823698416352272,0.4130263924598694,0.3749288022518158,-0.053086817264556885,0.5256088972091675,0.3763142228126526,-0.10856582224369049,0.41994184255599976,0.40666887164115906,0.1013326495885849,0.5364115834236145,0.4308972656726837,-0.022910967469215393,0.4418216347694397,0.3947612941265106,0.3293083906173706,0.5045586228370667,0.38074925541877747,0.11915235221385956,0.4459587633609772,0.3797779381275177,0.3609241545200348,0.5008076429367065,0.36749109625816345,0.12237955629825592,0.45417800545692444,0.3742331862449646,0.3427562117576599,0.49472910165786743,0.3682917058467865,0.06662188470363617,0.4563726484775543,0.37905582785606384,0.3278273046016693,0.4949405789375305,0.37769386172294617,0.08390384167432785,0.42135089635849,0.6476121544837952,0.01627272553741932,0.48287659883499146,0.6371549367904663,-0.016549844294786453,0.4331552982330322,0.8100093007087708,0.23778462409973145,0.5126569867134094,0.6421031355857849,0.2893969416618347,0.44510936737060547,0.9486512541770935,0.351406991481781,0.4876202940940857,0.7945724725723267,0.4808198809623718,0.4520982801914215,0.9749879837036133,0.36240118741989136,0.48131293058395386,0.8255934119224548,0.5016915798187256,0.4333788752555847,0.9758427143096924,0.3867865204811096,0.485189825296402,0.8097279667854309,0.5369077324867249
frame_00398.jpg,0.46808114647865295,0.2903791666030884,0.16188350319862366,0.4632168710231781,0.2784896194934845,0.12705138325691223,0.4591197967529297,0.27832460403442383,0.126723513007164,0.4549897313117981,0.27827683091163635,0.12672515213489532,0.4733043313026428,0.27829572558403015,0.11746761947870255,0.4765544533729553,0.2780896723270416,0.11710219085216522,0.4800722002983093,0.2779114544391632,0.116965651512146,0.44816526770591736,0.28543415665626526,0.0036849130410701036,0.4848121106624603,0.28776198625564575,-0.04833505302667618,0.4616462290287018,0.3047601580619812,0.12927332520484924,0.47187095880508423,0.3045560121536255,0.11428028345108032,0.4035663604736328,0.37505319714546204,-0.010374557226896286,0.5205171704292297,0.3752448260784149,-0.10421383380889893,0.40383943915367126,0.4551408588886261,0.12119855731725693,0.5353554487228394,0.45508328080177307,-0.10195062309503555,0.4315416216850281,0.415845662355423,0.316442608833313,0.5051867961883545,0.405120313167572,-0.008389661088585854,0.43248993158340454,0.40243786573410034,0.3477780222892761,0.5028946399688721,0.391787588596344,-0.012215244583785534,0.444185346364975,0.3827391564846039,0.33017057180404663,0.49746036529541016,0.3935583829879761,-0.011913668364286423,0.4476393163204193,0.3924832344055176,0.3161807656288147,0.49447980523109436,0.39498284459114075,-0.009023158811032772,0.41310423612594604,0.646439254283905,0.032162077724933624,0.4773203432559967,0.6355289816856384,-0.03241889923810959,0.43277138471603394,0.8144969344139099,0.24967443943023682,0.5215668082237244,0.6849444508552551,0.16015957295894623,0.4482854902744293,0.9556528329849243,0.33742910623550415,0.4922354817390442,0.8273026347160339,0.3047826886177063,0.4537496566772461,0.9842904806137085,0.3464186489582062,0.48230576515197754,0.855161726474762,0.3219134211540222,0.4408815801143646,0.972057044506073,0.3692918121814728,0.49807795882225037,0.844645619392395,0.36446911096572876
frame_00399.jpg,0.4670165181159973,0.29103443026542664,0.14211967587471008,0.4621424674987793,0.27942273020744324,0.10762925446033478,0.4584909975528717,0.2794550657272339,0.10729619115591049,0.4546138346195221,0.2796117067337036,0.10730163007974625,0.47152286767959595,0.2789035737514496,0.10013504326343536,0.47461026906967163,0.27862808108329773,0.09975844621658325,0.4779580235481262,0.27841538190841675,0.09962189942598343,0.4473039507865906,0.2871195077896118,-0.012880243360996246,0.48303619027137756,0.2889217734336853,-0.05979860946536064,0.46139460802078247,0.30519381165504456,0.1103951707482338,0.4709514081478119,0.30499106645584106,0.09903609752655029,0.40354591608047485,0.3716713488101959,-0.019002316519618034,0.5165499448776245,0.37424328923225403,-0.12071440368890762,0.4025392532348633,0.45381027460098267,0.14252550899982452,0.5333771109580994,0.4543215334415436,-0.06887690722942352,0.43601417541503906,0.41936734318733215,0.3646247684955597,0.5016072988510132,0.40234729647636414,0.08768025785684586,0.438276469707489,0.40861189365386963,0.402557373046875,0.4991738796234131,0.3889751136302948,0.09540754556655884,0.44823065400123596,0.39265361428260803,0.38239040970802307,0.49361664056777954,0.39084115624427795,0.09535527974367142,0.45150312781333923,0.398702472448349,0.3623506426811218,0.4922398030757904,0.39284464716911316,0.0890556201338768,0.4119710326194763,0.6417561173439026,0.03332563117146492,0.4753897786140442,0.6310757994651794,-0.033562641590833664,0.43274417519569397,0.8094165325164795,0.23564036190509796,0.5184301137924194,0.6731367707252502,0.180079847574234,0.44857853651046753,0.9499711990356445,0.31009235978126526,0.49107614159584045,0.824993908405304,0.3074050545692444,0.45445746183395386,0.9769351482391357,0.3138827979564667,0.48158174753189087,0.8539254665374756,0.32161465287208557,0.4432748854160309,0.9713207483291626,0.32310181856155396,0.49790605902671814,0.8436374068260193,0.3557041883468628
frame_00400.jpg,0.4586431086063385,0.2934153378009796,0.13317395746707916,0.4543982148170471,0.281941682100296,0.0968572124838829,0.45097851753234863,0.28211820125579834,0.09652169048786163,0.44733452796936035,0.28241246938705444,0.09651641547679901,0.46323737502098083,0.2810116112232208,0.09700797498226166,0.46624723076820374,0.2806055247783661,0.09665076434612274,0.4694565236568451,0.28035035729408264,0.09657500684261322,0.440956175327301,0.2895301878452301,-0.024995500221848488,0.47507810592651367,0.29038840532302856,-0.0676884725689888,0.4532901644706726,0.30735936760902405,0.09979067742824554,0.46276378631591797,0.3066966235637665,0.09237021952867508,0.3975890874862671,0.3730213940143585,-0.021931368857622147,0.5082886815071106,0.373572438955307,-0.11546454578638077,0.3917538821697235,0.4538644552230835,0.16908082365989685,0.5298207998275757,0.44680818915367126,-0.029432648792862892,0.42952990531921387,0.41731542348861694,0.4294053912162781,0.49525538086891174,0.3955446183681488,0.18842992186546326,0.4327729642391205,0.4064858555793762,0.47146114706993103,0.4966638684272766,0.3866758942604065,0.20557260513305664,0.4466480612754822,0.389478474855423,0.44878268241882324,0.49326568841934204,0.38431409001350403,0.2056543380022049,0.44539839029312134,0.398420512676239,0.4268222749233246,0.48941177129745483,0.38886868953704834,0.19186899065971375,0.4076654314994812,0.6416700482368469,0.03353728726506233,0.46823635697364807,0.6348153352737427,-0.033826664090156555,0.4284444749355316,0.7812690138816833,0.26571160554885864,0.49845394492149353,0.6320742964744568,0.2062540501356125,0.4454394280910492,0.9122310876846313,0.34403276443481445,0.46899348497390747,0.7945882081985474,0.3110141158103943,0.4497928023338318,0.9395391941070557,0.3507407307624817,0.46063828468322754,0.8266956210136414,0.3293395936489105,0.4428521990776062,0.9228250980377197,0.3558211028575897,0.47559744119644165,0.8106744885444641,0.3737049400806427
frame_00401.jpg,0.4459407329559326,0.29060810804367065,0.13305841386318207,0.44197964668273926,0.27899420261383057,0.099701888859272,0.4382244646549225,0.2791922986507416,0.09938382357358932,0.4344406723976135,0.2794986665248871,0.09939015656709671,0.45119619369506836,0.27773162722587585,0.09476092457771301,0.4542771279811859,0.2771817147731781,0.09436750411987305,0.4574494957923889,0.27677926421165466,0.09424826502799988,0.4289039671421051,0.28696078062057495,-0.013171179220080376,0.46331462264060974,0.2871306836605072,-0.05605936795473099,0.44016480445861816,0.30442968010902405,0.10345105081796646,0.45045581459999084,0.30351677536964417,0.0927904024720192,0.3874947130680084,0.3718574345111847,-0.003824783954769373,0.5009325742721558,0.3737538456916809,-0.0994882583618164,0.3843289017677307,0.4540487229824066,0.1799210011959076,0.5174764394760132,0.4411008656024933,-0.0041086142882704735,0.4187546372413635,0.41485312581062317,0.424379825592041,0.4807414412498474,0.39018169045448303,0.22714681923389435,0.4302491545677185,0.3946959674358368,0.4654425084590912,0.48682427406311035,0.3723876178264618,0.24645766615867615,0.4375675618648529,0.3840033710002899,0.4437343180179596,0.47530049085617065,0.37101247906684875,0.2455201894044876,0.4361698031425476,0.3852344751358032,0.42194023728370667,0.47172385454177856,0.3764358162879944,0.23029060661792755,0.40030092000961304,0.6379753351211548,0.03376958519220352,0.4600238800048828,0.631761908531189,-0.034009866416454315,0.42701801657676697,0.7938875555992126,0.20857569575309753,0.4934907555580139,0.6581780910491943,0.14223434031009674,0.44103193283081055,0.9452935457229614,0.25094059109687805,0.4653192460536957,0.8141192197799683,0.24585428833961487,0.4462435245513916,0.97127366065979,0.25563591718673706,0.455441415309906,0.8443917632102966,0.2584787905216217,0.4346187710762024,0.9681656360626221,0.26501229405403137,0.4750528335571289,0.8272622227668762,0.2873322367668152
frame_00402.jpg,0.42791715264320374,0.29440584778785706,0.1898108869791031,0.42239823937416077,0.28255122900009155,0.1580914705991745,0.4187624454498291,0.28288283944129944,0.15783506631851196,0.41495007276535034,0.28327980637550354,0.15783922374248505,0.43307074904441833,0.2807067930698395,0.15129278600215912,0.4369925558567047,0.2799775302410126,0.15088334679603577,0.4408791661262512,0.2794362008571625,0.1507432758808136,0.4097899794578552,0.2906506359577179,0.046545498073101044,0.44798436760902405,0.2894617021083832,0.012183820828795433,0.4240082800388336,0.30841174721717834,0.16176190972328186,0.4345376491546631,0.3071165084838867,0.14990395307540894,0.37327733635902405,0.3750442862510681,0.042245522141456604,0.4919606149196625,0.37238776683807373,-0.049593545496463776,0.3664531111717224,0.4745230972766876,0.22417616844177246,0.5046448707580566,0.4405120313167572,0.02911156415939331,0.4005165100097656,0.4214992821216583,0.4771955609321594,0.4689309597015381,0.38794198632240295,0.2139873504638672,0.404468297958374,0.40600764751434326,0.518223762512207,0.4713895916938782,0.3788490295410156,0.2276652604341507,0.415910542011261,0.38809072971343994,0.4990465044975281,0.4578629434108734,0.3751792311668396,0.22935983538627625,0.4157955050468445,0.38838836550712585,0.4759908616542816,0.455045610666275,0.3809205889701843,0.21662840247154236,0.39643949270248413,0.64054936170578,0.033375632017850876,0.4578172266483307,0.634479820728302,-0.03350488841533661,0.42799392342567444,0.8057292103767395,0.19668744504451752,0.4945867955684662,0.7865495681762695,0.07730060070753098,0.45389431715011597,0.9748977422714233,0.29131922125816345,0.4759351313114166,0.9515534043312073,0.1743406355381012,0.4625470042228699,1.0034421682357788,0.3039807677268982,0.4641226828098297,0.9816116690635681,0.18626561760902405,0.44285622239112854,0.9862593412399292,0.27568167448043823,0.49658864736557007,0.9671395421028137,0.18444082140922546
frame_00403.jpg,0.4165087640285492,0.2966092526912689,0.18761204183101654,0.4089638590812683,0.2847260534763336,0.15961918234825134,0.4049958288669586,0.2850693464279175,0.15938499569892883,0.4011051058769226,0.28546711802482605,0.15940214693546295,0.42094913125038147,0.28280943632125854,0.1501191258430481,0.42498594522476196,0.28205758333206177,0.1496647149324417,0.42887505888938904,0.28147614002227783,0.14951981604099274,0.39600294828414917,0.2926107347011566,0.061565764248371124,0.4351766109466553,0.2911056876182556,0.016107158735394478,0.412395715713501,0.3106810450553894,0.1644607037305832,0.42481738328933716,0.30903756618499756,0.14915531873703003,0.3652000427246094,0.3765435814857483,0.0784427672624588,0.47799181938171387,0.3718641698360443,-0.04603281617164612,0.36288541555404663,0.47084036469459534,0.2837751507759094,0.4924033582210541,0.3713093101978302,0.0841754674911499,0.39705923199653625,0.4216298460960388,0.55961674451828,0.4588395059108734,0.31525522470474243,0.35679394006729126,0.400752454996109,0.409467488527298,0.6099552512168884,0.455939382314682,0.2987461984157562,0.38313227891921997,0.4118507504463196,0.38941675424575806,0.5876501798629761,0.44832223653793335,0.2984100580215454,0.38888993859291077,0.41070976853370667,0.3937871754169464,0.5578107833862305,0.44759589433670044,0.3089374601840973,0.36330676078796387,0.3961179554462433,0.6427253484725952,0.04591619223356247,0.4566478729248047,0.6366222500801086,-0.045973896980285645,0.42818737030029297,0.8147241473197937,0.15036331117153168,0.4951820969581604,0.8175889849662781,-0.02295731194317341,0.45395708084106445,0.9986216425895691,0.22044400870800018,0.4896002411842346,0.9746796488761902,0.020862873643636703,0.4619644582271576,1.0287379026412964,0.22725193202495575,0.47382330894470215,1.0024137496948242,0.02650076523423195,0.446715772151947,1.0112617015838623,0.22491130232810974,0.5059683322906494,1.0150257349014282,0.010393952950835228
frame_00404.jpg,0.4100116193294525,0.2977718412876129,0.22336526215076447,0.4016590118408203,0.28635093569755554,0.19901719689369202,0.39759498834609985,0.2868618965148926,0.19877299666404724,0.39349886775016785,0.2874439060688019,0.1987725794315338,0.4129270911216736,0.28402790427207947,0.185950368642807,0.41660362482070923,0.2831553816795349,0.18556788563728333,0.42039722204208374,0.2824411690235138,0.18543913960456848,0.3881760239601135,0.29482051730155945,0.1149413213133812,0.426719605922699,0.29173433780670166,0.05226324871182442,0.40555381774902344,0.31143295764923096,0.20344357192516327,0.4186425805091858,0.3096851706504822,0.18328963220119476,0.3583391010761261,0.3849201500415802,0.11622198671102524,0.46706414222717285,0.3710440695285797,-0.04939793050289154,0.3695034682750702,0.4940788149833679,0.23837168514728546,0.495626837015152,0.38204002380371094,-0.19242040812969208,0.4018279016017914,0.42902347445487976,0.40487322211265564,0.46062833070755005,0.31741321086883545,-0.25143107771873474,0.4049566388130188,0.43485814332962036,0.43265730142593384,0.45757991075515747,0.2936612069606781,-0.2810540199279785,0.41347503662109375,0.40976768732070923,0.41453781723976135,0.4501904547214508,0.29466673731803894,-0.26828110218048096,0.41305285692214966,0.4156409800052643,0.40035170316696167,0.4496840834617615,0.3060227930545807,-0.2512475848197937,0.39490097761154175,0.639695405960083,0.055392853915691376,0.4554687440395355,0.630169153213501,-0.055593591183423996,0.42738595604896545,0.8140004277229309,0.126258984208107,0.49569135904312134,0.8001741766929626,-0.0684182271361351,0.45313626527786255,0.9859820604324341,0.14820492267608643,0.49401822686195374,0.9561910033226013,-0.04578107222914696,0.4593302607536316,1.014106273651123,0.14847144484519958,0.47864699363708496,0.9788409471511841,-0.04181080311536789,0.446152925491333,1.0026975870132446,0.1471002995967865,0.5038341283798218,1.0047234296798706,-0.0435105636715889
frame_00405.jpg,0.39511656761169434,0.3030175566673279,0.20384320616722107,0.38800832629203796,0.2926939129829407,0.18010808527469635,0.38384586572647095,0.2935713529586792,0.17987757921218872,0.3796761631965637,0.2943403124809265,0.17989782989025116,0.3992554545402527,0.2887657582759857,0.1701487898826599,0.40309175848960876,0.28714650869369507,0.16973306238651276,0.40716201066970825,0.28570958971977234,0.16959895193576813,0.37511998414993286,0.3006216287612915,0.09723137319087982,0.4158973693847656,0.29337215423583984,0.050311844795942307,0.39046990871429443,0.31747710704803467,0.18452876806259155,0.40290385484695435,0.3127591907978058,0.168680801987648,0.34915095567703247,0.3961223065853119,0.10497511923313141,0.45809856057167053,0.36980152130126953,-0.027379149571061134,0.34734421968460083,0.4790067672729492,0.26719173789024353,0.49117031693458557,0.3757273554801941,0.020932964980602264,0.3853051960468292,0.43117913603782654,0.4864600598812103,0.459810346364975,0.3072391450405121,0.20430424809455872,0.38807258009910583,0.42618119716644287,0.5299007296562195,0.45830345153808594,0.28538674116134644,0.21580953896045685,0.3935428559780121,0.41338402032852173,0.5099798440933228,0.4509747624397278,0.288255900144577,0.22237356007099152,0.39424392580986023,0.4188050627708435,0.48475727438926697,0.4496886134147644,0.29801052808761597,0.20901302993297577,0.3914951682090759,0.6397194266319275,0.04806291311979294,0.45325031876564026,0.6288660168647766,-0.048229895532131195,0.4273921549320221,0.8139278292655945,0.11780079454183578,0.4958794116973877,0.8017932176589966,-0.0737019032239914,0.44065412878990173,0.977690577507019,0.14450307190418243,0.5011806488037109,0.9512186050415039,-0.06486494839191437,0.4544082581996918,1.0144014358520508,0.147015780210495,0.48925691843032837,0.9778558015823364,-0.06156652420759201,0.4442448019981384,1.0027234554290771,0.15436910092830658,0.5104929208755493,1.0013483762741089,-0.06420620530843735
frame_00406.jpg,0.38012292981147766,0.308978408575058,0.26701703667640686,0.3722926676273346,0.2994142174720764,0.2378036230802536,0.36811962723731995,0.3003855049610138,0.23758181929588318,0.3644108176231384,0.3013853430747986,0.23760323226451874,0.38401561975479126,0.2945344150066376,0.2315034568309784,0.38811179995536804,0.2921733260154724,0.23114342987537384,0.3924427628517151,0.2899527847766876,0.23107561469078064,0.36115744709968567,0.30810990929603577,0.12537069618701935,0.40087494254112244,0.2950975000858307,0.09468748420476913,0.37756845355033875,0.32379621267318726,0.23685625195503235,0.38929247856140137,0.3175674378871918,0.2257777750492096,0.3412874639034271,0.40402886271476746,0.09673268347978592,0.4484853744506836,0.36981332302093506,0.0032067857682704926,0.300205260515213,0.5080112814903259,0.17370828986167908,0.489013135433197,0.37976744771003723,0.053598832339048386,0.33289453387260437,0.4301142990589142,0.2933959364891052,0.4577771723270416,0.3033001720905304,0.23544040322303772,0.33536219596862793,0.42179813981056213,0.32046443223953247,0.4580802321434021,0.28336960077285767,0.24958078563213348,0.34364375472068787,0.40971100330352783,0.312913715839386,0.44939351081848145,0.28509628772735596,0.2574029862880707,0.3425242304801941,0.4144522547721863,0.2948572039604187,0.44708484411239624,0.2940763235092163,0.24053283035755157,0.3893733620643616,0.6397186517715454,0.0435822419822216,0.45230698585510254,0.6271302103996277,-0.04374491423368454,0.4268624782562256,0.8138089776039124,0.11509065330028534,0.49594029784202576,0.7984001636505127,-0.08893019706010818,0.4390210211277008,0.9744805097579956,0.11200924217700958,0.5032938122749329,0.9486984610557556,-0.14840847253799438,0.4496862292289734,1.0098050832748413,0.11132559925317764,0.493968665599823,0.9751929640769958,-0.1524701565504074,0.445218563079834,1.0015980005264282,0.12240482866764069,0.5145472884178162,1.0001612901687622,-0.15951578319072723
frame_00407.jpg,0.37229230999946594,0.32102635502815247,0.22169622778892517,0.365112841129303,0.31003686785697937,0.19143840670585632,0.3604815900325775,0.311156302690506,0.19118207693099976,0.35593217611312866,0.3124682605266571,0.19119687378406525,0.3772786259651184,0.30519136786460876,0.18485121428966522,0.38148537278175354,0.30303019285202026,0.18447181582450867,0.3860730528831482,0.30101490020751953,0.18437141180038452,0.3523486852645874,0.3197534382343292,0.08406572043895721,0.3943319618701935,0.30493640899658203,0.056164611130952835,0.36840471625328064,0.33605024218559265,0.19330602884292603,0.3807442784309387,0.3306131064891815,0.18196159601211548,0.33112019300460815,0.4144682288169861,0.08244667202234268,0.43769216537475586,0.3704821467399597,-0.024890009313821793,0.28823381662368774,0.5277020931243896,0.13008661568164825,0.482379287481308,0.38370853662490845,-0.006564779672771692,0.3004917800426483,0.43169355392456055,0.2796119749546051,0.4569571018218994,0.3099462687969208,0.13269126415252686,0.2963411211967468,0.42143282294273376,0.30762815475463867,0.4564281105995178,0.2905888855457306,0.13849857449531555,0.30300045013427734,0.4072454571723938,0.2991724908351898,0.44714054465293884,0.2910311818122864,0.1465630680322647,0.3047049343585968,0.4127821922302246,0.28182584047317505,0.4452410638332367,0.29957497119903564,0.13681772351264954,0.38812071084976196,0.6411013007164001,0.04287119209766388,0.4533737599849701,0.6286447048187256,-0.04301595687866211,0.426959753036499,0.8137818574905396,0.16133254766464233,0.4958468973636627,0.8020524978637695,-0.04517819359898567,0.4398709237575531,0.9717729687690735,0.12479271739721298,0.5042997598648071,0.9492689967155457,-0.0750923752784729,0.44767943024635315,0.9992598295211792,0.14336375892162323,0.4938133656978607,0.9711188673973083,-0.07642139494419098,0.44511571526527405,0.9978925585746765,0.15459394454956055,0.5202987194061279,0.9974820613861084,-0.08942713588476181
frame_00408.jpg,0.35904428362846375,0.325553834438324,0.26694709062576294,0.3524243235588074,0.31457412242889404,0.2361205369234085,0.34804767370224,0.3158591091632843,0.23587152361869812,0.34379610419273376,0.31719309091567993,0.23588433861732483,0.3646904528141022,0.30927133560180664,0.23111262917518616,0.36901527643203735,0.3071838319301605,0.23075154423713684,0.3735981583595276,0.305268257856369,0.23069798946380615,0.34170398116111755,0.32320865988731384,0.11639048904180527,0.3841061294078827,0.30927038192749023,0.09223561733961105,0.35516947507858276,0.340697318315506,0.23449167609214783,0.36784133315086365,0.3345741033554077,0.22521033883094788,0.32369083166122437,0.4189402759075165,0.08367287367582321,0.431635320186615,0.37088263034820557,0.013567255809903145,0.28696924448013306,0.5267029404640198,0.13786716759204865,0.4787887632846832,0.38494259119033813,0.10027507692575455,0.2684634327888489,0.45855146646499634,0.3234911859035492,0.4591057300567627,0.31040260195732117,0.2964208722114563,0.25318479537963867,0.4448886215686798,0.3527890741825104,0.45844730734825134,0.29019585251808167,0.31360310316085815,0.2608725428581238,0.4387361407279968,0.3458925187587738,0.4491592049598694,0.29142463207244873,0.31920889019966125,0.26753515005111694,0.444602370262146,0.32667726278305054,0.44730982184410095,0.30039411783218384,0.3016990125179291,0.3880007863044739,0.6426944136619568,0.04130195826292038,0.45387664437294006,0.6285057663917542,-0.04147034138441086,0.42696818709373474,0.813724160194397,0.10232199728488922,0.4958459436893463,0.8018789887428284,-0.09442353993654251,0.4405064582824707,0.9708063006401062,0.07465033233165741,0.5068531632423401,0.9495826959609985,-0.15548259019851685,0.45509737730026245,1.00135338306427,0.0731382817029953,0.4998393654823303,0.9750998020172119,-0.1600181758403778,0.44526776671409607,1.0071583986282349,0.07881704717874527,0.5302279591560364,0.9977653622627258,-0.17774471640586853
frame_00409.jpg,0.3493257462978363,0.32994550466537476,0.26007190346717834,0.3421965539455414,0.3198617398738861,0.22838380932807922,0.33801430463790894,0.32148095965385437,0.22813984751701355,0.33384764194488525,0.3230236768722534,0.2281598150730133,0.3539108633995056,0.3135595917701721,0.22392022609710693,0.3580642640590668,0.31119802594184875,0.22357940673828125,0.3624209761619568,0.30909764766693115,0.22354109585285187,0.33179405331611633,0.3285917341709137,0.1057012677192688,0.3735102713108063,0.3124479055404663,0.08351346105337143,0.34624534845352173,0.3450142741203308,0.22695216536521912,0.35817915201187134,0.3380841016769409,0.21833793818950653,0.3164164423942566,0.42338788509368896,0.07262907922267914,0.42442408204078674,0.3709457516670227,0.005900704301893711,0.2820321321487427,0.5343369245529175,0.12959864735603333,0.4748929440975189,0.38582706451416016,0.08543810248374939,0.23167867958545685,0.476656436920166,0.25057947635650635,0.45997530221939087,0.31283795833587646,0.26595741510391235,0.21366778016090393,0.46723833680152893,0.2699715793132782,0.45957913994789124,0.29262372851371765,0.2784784436225891,0.22095222771167755,0.45723772048950195,0.2717225253582001,0.4489922523498535,0.2925136685371399,0.2872943878173828,0.2310716211795807,0.4601263403892517,0.25682759284973145,0.44699034094810486,0.3018344044685364,0.2723507285118103,0.3883817493915558,0.645614743232727,0.040533628314733505,0.4545867443084717,0.6288619637489319,-0.040688641369342804,0.42682552337646484,0.8146842122077942,0.12210141122341156,0.4958117604255676,0.8063923716545105,-0.07231405377388,0.44475823640823364,0.9723427295684814,0.116426482796669,0.5077906847000122,0.951271116733551,-0.1315251886844635,0.46591916680336,1.004116177558899,0.11557678878307343,0.5011462569236755,0.977461040019989,-0.1363498866558075,0.44957417249679565,1.008643627166748,0.11697045713663101,0.536597728729248,0.9964780211448669,-0.16192281246185303
frame_00410.jpg,0.33830583095550537,0.3372788429260254,0.24456484615802765,0.3295661509037018,0.3278401494026184,0.21485133469104767,0.32501280307769775,0.3297092616558075,0.21460385620594025,0.3209404945373535,0.3314491808414459,0.21462371945381165,0.3420413136482239,0.32154273986816406,0.2090790718793869,0.34653952717781067,0.31934961676597595,0.2087489366531372,0.3512926399707794,0.31745144724845886,0.2087157666683197,0.3177335858345032,0.3381179869174957,0.09968608617782593,0.3619648218154907,0.3200943171977997,0.07279173284769058,0.3355345129966736,0.3527425229549408,0.21424420177936554,0.3477025628089905,0.3452403247356415,0.2042282521724701,0.30841684341430664,0.4319306015968323,0.06652470678091049,0.4102010726928711,0.3735436797142029,-0.006792222615331411,0.26745060086250305,0.5467245578765869,0.05128513649106026,0.47369080781936646,0.39352360367774963,0.06383508443832397,0.1948491334915161,0.5225272178649902,0.051699198782444,0.45948752760887146,0.31501418352127075,0.23181116580963135,0.1741160899400711,0.5252469182014465,0.04838808998465538,0.46043840050697327,0.29538974165916443,0.24066893756389618,0.17757749557495117,0.5098785758018494,0.05328021198511124,0.4486822187900543,0.29529663920402527,0.24714985489845276,0.1876734048128128,0.5073255896568298,0.0558319091796875,0.44616541266441345,0.3043827712535858,0.23685118556022644,0.3895154595375061,0.6472823023796082,0.04116975516080856,0.4543455243110657,0.6285239458084106,-0.04133514314889908,0.4264765679836273,0.8235371112823486,0.0837993398308754,0.4948342442512512,0.803297758102417,-0.08320678770542145,0.46262112259864807,0.9892206192016602,0.05273578688502312,0.5115965604782104,0.9608347415924072,-0.14552685618400574,0.4750522971153259,1.0153473615646362,0.04829949885606766,0.499743789434433,1.0167319774627686,-0.15170690417289734,0.46368685364723206,1.0211271047592163,0.027521634474396706,0.541806697845459,0.9989131689071655,-0.19415313005447388
frame_00411.jpg,0.3262941241264343,0.34333670139312744,0.24090631306171417,0.3188719153404236,0.3345189690589905,0.21233126521110535,0.31533101201057434,0.336275577545166,0.21208572387695312,0.31181758642196655,0.3380722105503082,0.21209374070167542,0.32978299260139465,0.3278340697288513,0.20731012523174286,0.3337615430355072,0.3254601061344147,0.20697808265686035,0.3378538191318512,0.3234076499938965,0.20693905651569366,0.31031179428100586,0.3439750075340271,0.1002441793680191,0.3474613428115845,0.32510316371917725,0.07765405625104904,0.32464826107025146,0.3586779534816742,0.21126726269721985,0.33525100350379944,0.35070058703422546,0.20240047574043274,0.3034113645553589,0.4379293620586395,0.06395953893661499,0.4051966667175293,0.37504100799560547,-0.0033521975856274366,0.2640070617198944,0.5501422882080078,0.03211095184087753,0.4687484800815582,0.39941543340682983,0.05670782923698425,0.1937834471464157,0.5332753658294678,0.013167488388717175,0.4579733908176422,0.31589508056640625,0.21641352772712708,0.175266295671463,0.5376139283180237,0.005213175434619188,0.46072492003440857,0.29592907428741455,0.21203234791755676,0.17858417332172394,0.5215901732444763,0.011232211254537106,0.44924935698509216,0.29692307114601135,0.22094552218914032,0.18776193261146545,0.520132839679718,0.017099972814321518,0.4469107985496521,0.3059088885784149,0.22370663285255432,0.39055418968200684,0.6494399309158325,0.039776887744665146,0.45502376556396484,0.6277049779891968,-0.0399722196161747,0.42736363410949707,0.8274516463279724,0.032284874469041824,0.4948232173919678,0.8001319169998169,-0.09345889091491699,0.47125953435897827,0.9978933930397034,-0.03239673003554344,0.5098369717597961,0.9788976311683655,-0.16131874918937683,0.48214736580848694,1.0205246210098267,-0.04050592705607414,0.50050288438797,1.0165736675262451,-0.16838055849075317,0.470062792301178,1.0341376066207886,-0.06415665149688721,0.5362644791603088,1.001813292503357,-0.20609351992607117
frame_00412.jpg,0.31734567880630493,0.34526360034942627,0.13565662503242493,0.3107001483440399,0.33626610040664673,0.10418836772441864,0.30731984972953796,0.3382242023944855,0.10388760268688202,0.30413737893104553,0.34018439054489136,0.10386212915182114,0.3211667537689209,0.3288673460483551,0.10288163274526596,0.32501429319381714,0.3261977434158325,0.1025281697511673,0.3284996747970581,0.32395267486572266,0.10242901742458344,0.30434995889663696,0.34628668427467346,-0.008905503898859024,0.33833345770835876,0.3258737325668335,-0.01486459095031023,0.31643372774124146,0.3615458905696869,0.10587413609027863,0.32637834548950195,0.35263344645500183,0.1019183024764061,0.2980015277862549,0.4420822560787201,-0.03661028668284416,0.40200361609458923,0.37778452038764954,-0.06741119921207428,0.2627493143081665,0.5554632544517517,-0.07455693185329437,0.4677576422691345,0.40362536907196045,-0.009594119153916836,0.1942325085401535,0.5376754999160767,-0.10108299553394318,0.4573538899421692,0.31659647822380066,0.10114537179470062,0.1756158024072647,0.5424716472625732,-0.11206173896789551,0.4610266089439392,0.29650506377220154,0.09645861387252808,0.17899179458618164,0.5265034437179565,-0.10794004052877426,0.44974103569984436,0.29781439900398254,0.10231439769268036,0.18707773089408875,0.5250568985939026,-0.09775055199861526,0.4473232626914978,0.3068477213382721,0.10509783029556274,0.39070266485214233,0.6567360162734985,0.030062999576330185,0.4544428884983063,0.6286814212799072,-0.030242417007684708,0.43119606375694275,0.8377374410629272,0.07962846755981445,0.497098445892334,0.8019149303436279,-0.09708289057016373,0.4663507044315338,0.9503290057182312,0.062089335173368454,0.4727972149848938,0.8698520660400391,-0.09463803470134735,0.4772389829158783,0.9574257135391235,0.05893754959106445,0.4622691571712494,0.8796301484107971,-0.09623287618160248,0.45698055624961853,0.9857051968574524,0.056208591908216476,0.4655771255493164,0.8738640546798706,-0.11273859441280365
frame_00413.jpg,0.31140226125717163,0.344666063785553,0.11806982755661011,0.3048061728477478,0.33565643429756165,0.0871548131108284,0.30157673358917236,0.3378114700317383,0.0868537425994873,0.2985514998435974,0.3399110734462738,0.08680471032857895,0.31450173258781433,0.32786157727241516,0.08612852543592453,0.31802845001220703,0.3251419961452484,0.08576817810535431,0.32113024592399597,0.32281753420829773,0.08565816283226013,0.2987242043018341,0.3464384377002716,-0.022859830409288406,0.3314892649650574,0.3253963589668274,-0.027645915746688843,0.3113618493080139,0.360870361328125,0.08918596804141998,0.3210843503475189,0.3520089089870453,0.08553661406040192,0.29639679193496704,0.44645148515701294,-0.04630859196186066,0.3988197147846222,0.3788415193557739,-0.07309407740831375,0.26150229573249817,0.5622888803482056,-0.07084356248378754,0.4668721556663513,0.40675556659698486,-0.015015733428299427,0.19452990591526031,0.5398861765861511,-0.08091084659099579,0.45767855644226074,0.31717127561569214,0.09940171241760254,0.17596009373664856,0.5433208346366882,-0.0894852876663208,0.4631458818912506,0.2966555058956146,0.09649790078401566,0.1802353709936142,0.5270372033119202,-0.08596429973840714,0.4504784941673279,0.29835745692253113,0.10450156033039093,0.18857315182685852,0.5252208113670349,-0.07747214287519455,0.44761180877685547,0.30748093128204346,0.10421600192785263,0.3908887505531311,0.6587257981300354,0.021136555820703506,0.45465660095214844,0.6289334893226624,-0.021316632628440857,0.4328630864620209,0.8392731547355652,0.09290461242198944,0.5016210079193115,0.7999779582023621,-0.08934652805328369,0.4639926850795746,0.906415581703186,0.06872984021902084,0.4537510871887207,0.8192116618156433,-0.08086249977350235,0.4751199781894684,0.9059666395187378,0.06444129347801208,0.441541850566864,0.8211632370948792,-0.0783325582742691,0.45322737097740173,0.9427671432495117,0.1354755461215973,0.4277503490447998,0.8190100789070129,-0.035377420485019684
frame_00414.jpg,0.3047402501106262,0.3531493544578552,0.09924162179231644,0.298149436712265,0.3438071012496948,0.06957075744867325,0.29535889625549316,0.34582456946372986,0.06927286088466644,0.29263171553611755,0.34792613983154297,0.06923030316829681,0.3079091012477875,0.3357554078102112,0.07063491642475128,0.3116030693054199,0.33274051547050476,0.07028094679117203,0.3149229884147644,0.33007141947746277,0.07019279897212982,0.2938026189804077,0.3535544276237488,-0.03667741268873215,0.32533302903175354,0.3318139612674713,-0.03172086179256439,0.30581730604171753,0.3694445788860321,0.07194390147924423,0.31526443362236023,0.36007794737815857,0.07104780524969101,0.29402658343315125,0.45472627878189087,-0.052514590322971344,0.3944858908653259,0.38340458273887634,-0.06616038084030151,0.2601698338985443,0.5713701844215393,-0.0453592911362648,0.4636201858520508,0.4086747169494629,-0.001542767626233399,0.19542768597602844,0.5432292222976685,0.0027190856635570526,0.45671358704566956,0.31910187005996704,0.12908227741718292,0.1789063811302185,0.5461740493774414,0.003498367266729474,0.4638029634952545,0.29977086186408997,0.13057078421115875,0.18386313319206238,0.5302167534828186,0.00638470146805048,0.45071688294410706,0.30134397745132446,0.126585453748703,0.19217129051685333,0.5278753042221069,0.007474158890545368,0.44791293144226074,0.30979859828948975,0.12846451997756958,0.3911921977996826,0.6651363968849182,0.008691204711794853,0.4547109007835388,0.6324310898780823,-0.008846687152981758,0.44094857573509216,0.8481288552284241,0.05190688371658325,0.5073735117912292,0.8072096109390259,-0.07415491342544556,0.47311490774154663,0.7809144854545593,0.1594136506319046,0.4463532567024231,0.7862001657485962,0.002863038796931505,0.48396944999694824,0.7650573253631592,0.17387738823890686,0.43704167008399963,0.7833642363548279,0.01672661118209362,0.45940107107162476,0.7673473954200745,0.2587561309337616,0.39571264386177063,0.7741349935531616,0.09826032817363739
frame_00415.jpg,0.3031121492385864,0.3554057776927948,0.11394244432449341,0.2966848909854889,0.3457621932029724,0.0836639329791069,0.293596088886261,0.3478337824344635,0.08336935937404633,0.29070645570755005,0.3498615622520447,0.08331704139709473,0.30669015645980835,0.3377534747123718,0.08584542572498322,0.3105052709579468,0.3347705900669098,0.0855066329240799,0.3139801323413849,0.33214887976646423,0.08543683588504791,0.29103395342826843,0.3561078608036041,-0.027588272467255592,0.32549914717674255,0.3344912827014923,-0.018116004765033722,0.30332404375076294,0.3713683485984802,0.08475237339735031,0.3133630156517029,0.36249181628227234,0.08523258566856384,0.2929932475090027,0.4588618278503418,-0.04653196781873703,0.3924272656440735,0.3870594799518585,-0.05952155590057373,0.26064053177833557,0.5757665038108826,-0.029766375198960304,0.4608396887779236,0.4125739634037018,0.02402726747095585,0.19692733883857727,0.5488559007644653,0.039872657507658005,0.45573920011520386,0.32337483763694763,0.16331884264945984,0.18084293603897095,0.5512458086013794,0.043397583067417145,0.46410924196243286,0.30367857217788696,0.16617651283740997,0.1864960491657257,0.5352433323860168,0.04692382365465164,0.45087188482284546,0.305488646030426,0.17831653356552124,0.19421350955963135,0.5324406027793884,0.045573845505714417,0.4478743076324463,0.3135157823562622,0.17037123441696167,0.39134007692337036,0.6691587567329407,0.007817995734512806,0.4545302391052246,0.6357630491256714,-0.007940283045172691,0.4429665207862854,0.8525358438491821,0.05317627266049385,0.5096632242202759,0.8185509443283081,-0.07591744512319565,0.4757327139377594,0.7863233685493469,0.2014792263507843,0.4443114697933197,0.7923142313957214,0.006775415502488613,0.48609083890914917,0.7722218036651611,0.21889638900756836,0.43502277135849,0.7897456884384155,0.020860575139522552,0.4642006754875183,0.7762718200683594,0.30324774980545044,0.3948715925216675,0.7809597849845886,0.09686221182346344
frame_00416.jpg,0.30488675832748413,0.3561040759086609,0.20302729308605194,0.298034131526947,0.34661540389060974,0.17323756217956543,0.294919490814209,0.34885406494140625,0.17296341061592102,0.29183143377304077,0.3511611521244049,0.1729315221309662,0.3076876997947693,0.3384794294834137,0.17201316356658936,0.3113012909889221,0.3354763388633728,0.17170915007591248,0.3147021234035492,0.3328171670436859,0.17165520787239075,0.29088690876960754,0.35846346616744995,0.05796334892511368,0.3262469172477722,0.3359069228172302,0.05121558904647827,0.3052809238433838,0.3721705675125122,0.1719978153705597,0.3147290349006653,0.3631432354450226,0.1679154336452484,0.2921719551086426,0.4627402126789093,0.03181016445159912,0.39010030031204224,0.39059528708457947,-0.013448896817862988,0.25929534435272217,0.5781500935554504,0.08058063685894012,0.4589316248893738,0.41571885347366333,0.0454336553812027,0.19592323899269104,0.5483452677726746,0.1798933446407318,0.4554733335971832,0.32729440927505493,0.1674642264842987,0.17930927872657776,0.5533741116523743,0.18765327334403992,0.46405738592147827,0.30700546503067017,0.16644570231437683,0.18389290571212769,0.5378201603889465,0.19174028933048248,0.45100513100624084,0.3083462119102478,0.1807108372449875,0.19157110154628754,0.5340765118598938,0.18636085093021393,0.4480302333831787,0.31639692187309265,0.17505624890327454,0.3914739489555359,0.6757691502571106,0.02070634812116623,0.4540706276893616,0.6435682773590088,-0.020767856389284134,0.4450748562812805,0.8561495542526245,0.05824647098779678,0.5133171081542969,0.8186233043670654,-0.09107083082199097,0.5042558908462524,0.946370542049408,0.11754295974969864,0.4751411974430084,0.9104551672935486,-0.0044203088618814945,0.5181980133056641,0.9543434381484985,0.12393584102392197,0.4612008035182953,0.9260761141777039,-0.0015454193344339728,0.5018427968025208,0.9783359169960022,0.15213635563850403,0.47594064474105835,0.9302297830581665,0.04845694825053215
frame_00417.jpg,0.30464884638786316,0.3602117598056793,0.1236492395401001,0.29728299379348755,0.3507634401321411,0.0942489355802536,0.2941233515739441,0.35303428769111633,0.09395913034677505,0.29097962379455566,0.35536396503448486,0.09387645870447159,0.306904137134552,0.34238412976264954,0.0933980792760849,0.31051039695739746,0.33925920724868774,0.09307543933391571,0.313946008682251,0.33647793531417847,0.09302173554897308,0.2902103364467621,0.3628782629966736,-0.012972076423466206,0.32591190934181213,0.3391985297203064,-0.016425134614109993,0.3053416311740875,0.37645483016967773,0.09604258835315704,0.31450703740119934,0.3669391870498657,0.09271357208490372,0.29162532091140747,0.46807950735092163,-0.027540242299437523,0.3896802067756653,0.3938367962837219,-0.06338711827993393,0.25910621881484985,0.5817201137542725,-0.004897477105259895,0.4574441909790039,0.4182712435722351,-0.026639040559530258,0.19695217907428741,0.5516552329063416,0.051007770001888275,0.45496875047683716,0.33343803882598877,0.06001532822847366,0.1806904673576355,0.5560798048973083,0.05025345832109451,0.4636944830417633,0.3119446933269501,0.05199926346540451,0.18538632988929749,0.5412865281105042,0.05242391675710678,0.4510364532470703,0.31273457407951355,0.06476960331201553,0.19333888590335846,0.5377664566040039,0.0555281825363636,0.4481188654899597,0.32133010029792786,0.06607409566640854,0.39154213666915894,0.6782777905464172,0.020532924681901932,0.4537639617919922,0.6467625498771667,-0.02062106877565384,0.4466114044189453,0.8543711304664612,0.05214570090174675,0.5149042010307312,0.8160101771354675,-0.08843794465065002,0.5001180768013,0.8273382186889648,0.17126715183258057,0.46307286620140076,0.8353169560432434,-0.012822642922401428,0.5121864676475525,0.8128793239593506,0.1862495094537735,0.45251283049583435,0.8372399210929871,-0.0030559725128114223,0.48488083481788635,0.8209092617034912,0.2641600966453552,0.43015965819358826,0.8273487687110901,0.062112193554639816
frame_00418.jpg,0.3013935685157776,0.36734041571617126,0.2106315791606903,0.2937803566455841,0.3579813241958618,0.18159201741218567,0.29046231508255005,0.3602358400821686,0.181336909532547,0.2872277796268463,0.3625064790248871,0.18129834532737732,0.30334001779556274,0.34945201873779297,0.17842477560043335,0.30680206418037415,0.34611427783966064,0.17812950909137726,0.310027152299881,0.34312957525253296,0.17807483673095703,0.2860708236694336,0.37024879455566406,0.07157396525144577,0.32129737734794617,0.3451193869113922,0.055989764630794525,0.3018038868904114,0.38397377729415894,0.18179716169834137,0.31068891286849976,0.37378746271133423,0.17521511018276215,0.2900265157222748,0.4733203947544098,0.0501757487654686,0.3858936131000519,0.39709386229515076,-0.024396078661084175,0.2598366141319275,0.5869160294532776,0.07249198853969574,0.45520347356796265,0.4236539602279663,-0.007081767078489065,0.19872985780239105,0.5554056167602539,0.1257474571466446,0.4546436369419098,0.3412095606327057,0.08294610679149628,0.18230292201042175,0.5602787733078003,0.12517660856246948,0.4635743200778961,0.3194056749343872,0.07336370646953583,0.18676972389221191,0.544870913028717,0.13081668317317963,0.451103538274765,0.318272203207016,0.08778585493564606,0.19472308456897736,0.5407641530036926,0.1312110722064972,0.4482057988643646,0.32705551385879517,0.0892789214849472,0.3917393386363983,0.6809176802635193,0.032477058470249176,0.4538561701774597,0.6501911282539368,-0.03257278352975845,0.4511454105377197,0.8593238592147827,0.06292925775051117,0.5192750692367554,0.8171700239181519,-0.09194400161504745,0.5137184858322144,0.9690108895301819,0.09680008888244629,0.49568819999694824,0.9361985325813293,-0.02864408865571022,0.5273658037185669,0.980300784111023,0.09790933132171631,0.48204517364501953,0.9558325409889221,-0.01916150376200676,0.507921576499939,0.9973061084747314,0.10289956629276276,0.5041505098342896,0.9607946872711182,-0.006299510598182678
frame_00419.jpg,0.2984178066253662,0.3637409210205078,0.21651704609394073,0.29043009877204895,0.35449132323265076,0.18781571090221405,0.2869141697883606,0.35678523778915405,0.18756113946437836,0.2833934426307678,0.35914385318756104,0.1875273436307907,0.3001737594604492,0.34632858633995056,0.18362711369991302,0.30347883701324463,0.34326428174972534,0.18332013487815857,0.3065703511238098,0.3404551148414612,0.18327480554580688,0.28246986865997314,0.3683415949344635,0.07814755290746689,0.31794261932373047,0.34387335181236267,0.058250896632671356,0.29851770401000977,0.3801717162132263,0.18763194978237152,0.3081515431404114,0.3706747591495514,0.17977556586265564,0.28703394532203674,0.4743386507034302,0.04993390291929245,0.38176220655441284,0.3977028429508209,-0.01977211982011795,0.26018035411834717,0.5878832936286926,0.06281860172748566,0.4541599750518799,0.4247085750102997,0.0002517579705454409,0.19934910535812378,0.5569988489151001,0.10360246896743774,0.45482420921325684,0.3414885401725769,0.0921189934015274,0.18349960446357727,0.5612813234329224,0.09956564754247665,0.46430379152297974,0.32122570276260376,0.08334366232156754,0.18748660385608673,0.5472608208656311,0.1056203618645668,0.4520207345485687,0.31927013397216797,0.09517746418714523,0.19525007903575897,0.5430038571357727,0.10865303128957748,0.4483332633972168,0.32776302099227905,0.09759356826543808,0.3918231129646301,0.6819988489151001,0.033123720437288284,0.4539031982421875,0.6499680280685425,-0.033239416778087616,0.45143526792526245,0.8567904829978943,0.06486110389232635,0.5203604102134705,0.8177001476287842,-0.08681339025497437,0.5192824602127075,0.9882764220237732,0.05634858459234238,0.5206066370010376,0.9718472957611084,-0.0765865296125412,0.5337518453598022,1.0029035806655884,0.05365674942731857,0.5091525316238403,1.00063157081604,-0.07647602260112762,0.5199606418609619,1.025417685508728,0.05025527626276016,0.5435949563980103,0.9976336359977722,-0.088669553399086
frame_00420.jpg,0.296220600605011,0.3635874390602112,0.20790675282478333,0.2885299324989319,0.3543671667575836,0.17851537466049194,0.2850337624549866,0.3567892014980316,0.17825421690940857,0.28150177001953125,0.35932672023773193,0.17820478975772858,0.2981656789779663,0.34622329473495483,0.17508390545845032,0.3013797998428345,0.3433040678501129,0.17478325963020325,0.3044464886188507,0.3405761122703552,0.17473147809505463,0.28029948472976685,0.369392991065979,0.06622213125228882,0.3156159222126007,0.3452467620372772,0.049696601927280426,0.29646337032318115,0.3799756169319153,0.177846759557724,0.3058067262172699,0.37082594633102417,0.17098216712474823,0.2858971059322357,0.4773937165737152,0.03803397715091705,0.37746256589889526,0.3988706171512604,-0.022624420002102852,0.25926509499549866,0.5892581939697266,0.044583920389413834,0.45487767457962036,0.4245750606060028,-0.04827410727739334,0.19634856283664703,0.5546348094940186,0.07353956997394562,0.45605626702308655,0.34232643246650696,-0.017878159880638123,0.1805964559316635,0.5587391257286072,0.06809356063604355,0.46619850397109985,0.3226376175880432,-0.03691598400473595,0.1860758364200592,0.5431029796600342,0.07209533452987671,0.45437687635421753,0.32032856345176697,-0.0256600771099329,0.19334357976913452,0.5391642451286316,0.07759734988212585,0.44974613189697266,0.3282634913921356,-0.014478440396487713,0.39243844151496887,0.6807171702384949,0.0326140895485878,0.4539336562156677,0.6501318216323853,-0.032744262367486954,0.45042794942855835,0.8565572500228882,0.05253828689455986,0.5216806530952454,0.8165700435638428,-0.08640014380216599,0.5225967168807983,0.9778069257736206,0.07046160846948624,0.520513117313385,0.9658954739570618,-0.06403798609972,0.5374830961227417,0.9906153082847595,0.07167835533618927,0.5093554258346558,0.9932971596717834,-0.06046712398529053,0.5233641862869263,1.0112894773483276,0.08228123188018799,0.5397578477859497,0.9894668459892273,-0.05325750634074211
frame_00421.jpg,0.2927806079387665,0.36729541420936584,0.17891930043697357,0.28541702032089233,0.3581092059612274,0.14811445772647858,0.28199246525764465,0.3607073128223419,0.1478540301322937,0.2786029279232025,0.3634300231933594,0.1477711796760559,0.294539213180542,0.34967824816703796,0.1447361409664154,0.29766106605529785,0.3465980291366577,0.14444014430046082,0.30064356327056885,0.34369829297065735,0.14444614946842194,0.2777714729309082,0.3733663856983185,0.03421789035201073,0.3113296926021576,0.34796571731567383,0.019493240863084793,0.2934560179710388,0.3835606276988983,0.14858175814151764,0.3019752502441406,0.37435629963874817,0.14202645421028137,0.2851071357727051,0.4781316816806793,0.0018470862414687872,0.3754499852657318,0.3988419771194458,-0.041851796209812164,0.26001647114753723,0.5894657969474792,0.020695053040981293,0.45484232902526855,0.42340946197509766,-0.051084429025650024,0.19861958920955658,0.5529318451881409,0.07449658960103989,0.45642393827438354,0.3420296013355255,-0.004625670611858368,0.18121156096458435,0.5556564331054688,0.07163359224796295,0.46645355224609375,0.32398518919944763,-0.01868962123990059,0.18784275650978088,0.5394704341888428,0.0750347301363945,0.45500048995018005,0.3211439549922943,-0.008415959775447845,0.19568198919296265,0.5359527468681335,0.078928641974926,0.4500902593135834,0.32877400517463684,-0.0010165810817852616,0.39284735918045044,0.6794948577880859,0.03046010062098503,0.4535849094390869,0.6494303941726685,-0.030650954693555832,0.44900017976760864,0.854690432548523,0.01438874937593937,0.5246284008026123,0.8103387951850891,-0.07106191664934158,0.4891905188560486,0.8581571578979492,0.15323477983474731,0.5290486812591553,0.961243212223053,-0.05910562351346016,0.4979698657989502,0.8494482636451721,0.17235806584358215,0.5230738520622253,0.9920763373374939,-0.05510597676038742,0.4858696460723877,0.8585842251777649,0.2586771547794342,0.5374553203582764,0.9764553308486938,-0.048296522349119186
frame_00422.jpg,0.2878657579421997,0.3789782226085663,0.1940092295408249,0.279702365398407,0.37020590901374817,0.16329848766326904,0.276407927274704,0.372501939535141,0.16304470598697662,0.27314332127571106,0.37506720423698425,0.1629650890827179,0.2891937494277954,0.361618310213089,0.16060255467891693,0.2924114465713501,0.3583442270755768,0.16028860211372375,0.2956184148788452,0.35525333881378174,0.1602485477924347,0.2723267674446106,0.3835335075855255,0.0487990640103817,0.30512407422065735,0.35808518528938293,0.03688916563987732,0.28881359100341797,0.3950745463371277,0.16354522109031677,0.2970798909664154,0.3842138946056366,0.15791192650794983,0.28081414103507996,0.4835231900215149,0.023797007277607918,0.3705461621284485,0.3997185528278351,-0.0413617379963398,0.2599143981933594,0.5885641574859619,0.03760364651679993,0.4540007710456848,0.4211006760597229,-0.034365784376859665,0.19890575110912323,0.5513546466827393,0.08202336728572845,0.45654624700546265,0.3413409888744354,0.040126997977495193,0.18068119883537292,0.5537928938865662,0.08206993341445923,0.4664912819862366,0.3231845796108246,0.031136736273765564,0.1876291036605835,0.5373750925064087,0.08908559381961823,0.4550403952598572,0.320559024810791,0.041879232972860336,0.19590993225574493,0.5340031385421753,0.08793476223945618,0.4500952363014221,0.3282749354839325,0.044962070882320404,0.3935714066028595,0.6787644624710083,0.03335738182067871,0.45343074202537537,0.6485515236854553,-0.03360322117805481,0.4487047791481018,0.8537789583206177,0.030974825844168663,0.5278900861740112,0.8027223348617554,-0.07537141442298889,0.4981895089149475,0.9207261800765991,0.09937258809804916,0.5394731163978577,0.9603894352912903,-0.13161982595920563,0.5094039440155029,0.920512855052948,0.10505659878253937,0.5306850075721741,0.990299642086029,-0.13504019379615784,0.4978022575378418,0.9506552815437317,0.1534923017024994,0.5579833984375,0.9861915707588196,-0.127797931432724
frame_00423.jpg,0.28456252813339233,0.3794040083885193,0.22367827594280243,0.2764117419719696,0.37089693546295166,0.19541046023368835,0.2730690836906433,0.3734039068222046,0.19517368078231812,0.26982390880584717,0.3759618401527405,0.19510114192962646,0.28547269105911255,0.36255401372909546,0.19002056121826172,0.2886684834957123,0.3594309687614441,0.18971815705299377,0.29190200567245483,0.35649237036705017,0.1897309124469757,0.26884931325912476,0.38446131348609924,0.08544011414051056,0.302151620388031,0.359782874584198,0.06124500557780266,0.2853220999240875,0.3954339325428009,0.19433365762233734,0.2937568426132202,0.3851682245731354,0.1850907802581787,0.27691465616226196,0.48925358057022095,0.051164787262678146,0.3637967109680176,0.40080440044403076,-0.013884207233786583,0.2604960501194,0.5936779379844666,0.08146102726459503,0.45092543959617615,0.41804519295692444,-0.001757928403094411,0.1993149220943451,0.5538367033004761,0.1611233651638031,0.45529818534851074,0.33898162841796875,0.08531863987445831,0.1814521998167038,0.5550678372383118,0.16659583151340485,0.4653698801994324,0.3213687539100647,0.07955849170684814,0.18822583556175232,0.537979781627655,0.1713421642780304,0.45372653007507324,0.3197740614414215,0.09457355737686157,0.19619755446910858,0.5351036787033081,0.16700761020183563,0.44866687059402466,0.326980322599411,0.09212494641542435,0.3939014971256256,0.678554117679596,0.03311409801244736,0.4529802203178406,0.6452636122703552,-0.033357031643390656,0.44850167632102966,0.8535459041595459,0.010966378264129162,0.5292345881462097,0.8003310561180115,-0.07982268929481506,0.4869992136955261,0.8602370619773865,0.101345494389534,0.541781485080719,0.961375892162323,-0.1307414472103119,0.4953722357749939,0.8499146103858948,0.11762336641550064,0.5361676216125488,0.9915210604667664,-0.13237746059894562,0.4811287522315979,0.871628999710083,0.20075707137584686,0.5558832883834839,0.9821280837059021,-0.11079497635364532
frame_00424.jpg,0.28330889344215393,0.37641409039497375,0.23820820450782776,0.2757648527622223,0.3683392405509949,0.20987065136432648,0.2725992500782013,0.37089043855667114,0.20963764190673828,0.26928630471229553,0.37367501854896545,0.20957691967487335,0.28425878286361694,0.3602891266345978,0.2055881917476654,0.2873687148094177,0.3573310971260071,0.2052883356809616,0.2908439338207245,0.35439831018447876,0.20527181029319763,0.2670801281929016,0.38333648443222046,0.09773716330528259,0.3011639714241028,0.35786208510398865,0.07780372351408005,0.2841585874557495,0.3923344016075134,0.20803137123584747,0.29256704449653625,0.3826627731323242,0.20007304847240448,0.2748696506023407,0.48913154006004333,0.06387408077716827,0.36064794659614563,0.40185290575027466,-0.005517260637134314,0.2603999376296997,0.5956525206565857,0.08391372114419937,0.4470423758029938,0.41696691513061523,0.015832317993044853,0.19846200942993164,0.5536882281303406,0.14936067163944244,0.45419344305992126,0.3383888602256775,0.11475040018558502,0.1808479130268097,0.5541598200798035,0.153319850564003,0.46300745010375977,0.32105201482772827,0.10955168306827545,0.187221497297287,0.5371208786964417,0.15829935669898987,0.4514125883579254,0.31944185495376587,0.12350698560476303,0.19543567299842834,0.5348775386810303,0.15491829812526703,0.4469684958457947,0.32682040333747864,0.12132648378610611,0.39393430948257446,0.6781591773033142,0.03395603224635124,0.4521417021751404,0.6432787775993347,-0.03418096527457237,0.44954413175582886,0.8540785908699036,0.026095107197761536,0.530802845954895,0.80077064037323,-0.0842498317360878,0.5174332857131958,0.9173662662506104,0.06270907074213028,0.5379794836044312,0.9591352939605713,-0.1220569834113121,0.5307046175003052,0.9160807132720947,0.0669146329164505,0.529518723487854,0.9859234690666199,-0.12314091622829437,0.516576886177063,0.9536556005477905,0.10168255865573883,0.5551034808158875,0.9834864735603333,-0.11453906446695328
frame_00425.jpg,0.28043729066848755,0.3788667321205139,0.2230493575334549,0.27342909574508667,0.3707064092159271,0.1941097378730774,0.27044910192489624,0.3732471168041229,0.19385918974876404,0.26719826459884644,0.3761269748210907,0.19379904866218567,0.2813292145729065,0.3628229796886444,0.19026407599449158,0.2841976284980774,0.35989075899124146,0.18995380401611328,0.28751394152641296,0.3568403422832489,0.1899212747812271,0.2645675539970398,0.3857514262199402,0.08214858174324036,0.2972210943698883,0.3597455620765686,0.0740341916680336,0.2812088131904602,0.3949344754219055,0.19311359524726868,0.28883007168769836,0.3856007754802704,0.18646910786628723,0.27173247933387756,0.49498775601387024,0.05789824202656746,0.3567790389060974,0.40403303503990173,-0.016430536285042763,0.26082298159599304,0.6008012890815735,0.07644235342741013,0.4446873664855957,0.4160368740558624,-0.018302833661437035,0.19950677454471588,0.5555866956710815,0.16271288692951202,0.45218735933303833,0.33840370178222656,0.05363962799310684,0.18181777000427246,0.5560562610626221,0.1706189513206482,0.46108144521713257,0.3215259313583374,0.04508648440241814,0.1876918077468872,0.5391269326210022,0.1741940677165985,0.4495930075645447,0.31951743364334106,0.05984034016728401,0.19614292681217194,0.5372511744499207,0.16846701502799988,0.4452606737613678,0.32671818137168884,0.05969807505607605,0.3945404291152954,0.6794832348823547,0.033797137439250946,0.45115146040916443,0.6432638764381409,-0.03401404619216919,0.4515910744667053,0.8537366390228271,0.031184818595647812,0.5315307378768921,0.8010596036911011,-0.08648751676082611,0.5141195058822632,0.8617605566978455,0.0996740311384201,0.532058596611023,0.9267652034759521,-0.10789716243743896,0.5273381471633911,0.8514795899391174,0.11182315647602081,0.522918164730072,0.9454442262649536,-0.1065702885389328,0.513818085193634,0.8760657906532288,0.1896177977323532,0.554362952709198,0.9414451718330383,-0.10614074766635895
frame_00426.jpg,0.27638643980026245,0.38371896743774414,0.23389165103435516,0.2685094475746155,0.3761221766471863,0.20612528920173645,0.265300452709198,0.3790072500705719,0.20586033165454865,0.26191121339797974,0.38211527466773987,0.2057715207338333,0.27674511075019836,0.36773285269737244,0.20047295093536377,0.2795720398426056,0.3647930324077606,0.20018188655376434,0.28268399834632874,0.3618709146976471,0.20018050074577332,0.25992655754089355,0.3911339342594147,0.09311752766370773,0.29204586148262024,0.36429640650749207,0.0694100558757782,0.27719926834106445,0.3999110162258148,0.20273812115192413,0.28495559096336365,0.3899970054626465,0.1930936872959137,0.2681243121623993,0.49965572357177734,0.05154658481478691,0.351733535528183,0.40588539838790894,-0.010644795373082161,0.26112401485443115,0.6087539792060852,0.07731879502534866,0.44066566228866577,0.4137082099914551,-0.016933804377913475,0.19948214292526245,0.5596043467521667,0.16567286849021912,0.4505465030670166,0.3385433256626129,0.0569743886590004,0.1813894808292389,0.5591937899589539,0.17429885268211365,0.45831742882728577,0.32272765040397644,0.04877876862883568,0.18702980875968933,0.5423480272293091,0.17857076227664948,0.4472459852695465,0.3210587501525879,0.0637926533818245,0.19563615322113037,0.5407033562660217,0.1717621386051178,0.4434186816215515,0.32750317454338074,0.06312675774097443,0.39368361234664917,0.6797071099281311,0.03134221211075783,0.44811415672302246,0.6430022716522217,-0.03154826909303665,0.44942420721054077,0.8534933924674988,0.026625677943229675,0.5322783589363098,0.7984412908554077,-0.09584412723779678,0.5001000761985779,0.8275076746940613,0.10083900392055511,0.5303817391395569,0.9112006425857544,-0.11606796830892563,0.509212851524353,0.8126999735832214,0.11453723907470703,0.5217148661613464,0.927585244178772,-0.11400202661752701,0.49328041076660156,0.8402764201164246,0.197533518075943,0.5336436033248901,0.9303770065307617,-0.08735086768865585
frame_00427.jpg,0.2749188244342804,0.39315155148506165,0.23906846344470978,0.26668867468833923,0.38489386439323425,0.21138110756874084,0.26357153058052063,0.38740453124046326,0.21114091575145721,0.26039132475852966,0.39016440510749817,0.21106529235839844,0.27493834495544434,0.37705284357070923,0.2044769525527954,0.2776346802711487,0.3741982579231262,0.20416036248207092,0.28053340315818787,0.37143462896347046,0.20411057770252228,0.258272647857666,0.3982503116130829,0.10442833602428436,0.28760457038879395,0.37281960248947144,0.07176964730024338,0.27570921182632446,0.40809792280197144,0.2104152888059616,0.2831973433494568,0.3991823196411133,0.19876128435134888,0.2634924352169037,0.502358615398407,0.06923501938581467,0.3457832932472229,0.40621402859687805,-0.013436351902782917,0.2577168345451355,0.6128807663917542,0.11186064779758453,0.42997685074806213,0.4056345820426941,-0.021279271692037582,0.20283262431621552,0.5580659508705139,0.21611639857292175,0.449075847864151,0.3429885804653168,0.042555101215839386,0.18596526980400085,0.5562789440155029,0.23033782839775085,0.4578365683555603,0.3287201523780823,0.032885510474443436,0.19317710399627686,0.5408715605735779,0.22847047448158264,0.4468398690223694,0.32561051845550537,0.04531986638903618,0.20128528773784637,0.5395264029502869,0.21990659832954407,0.4430793225765228,0.33134031295776367,0.04780042544007301,0.39205989241600037,0.6827759146690369,0.03136029094457626,0.44302088022232056,0.6450822353363037,-0.03156544640660286,0.4464815557003021,0.8533712029457092,0.03319504112005234,0.5340920686721802,0.7879965901374817,-0.11356047540903091,0.5294003486633301,0.9492952227592468,-0.006865119095891714,0.5303891897201538,0.9143986105918884,-0.14174127578735352,0.5463921427726746,0.9563261866569519,-0.013483943417668343,0.5201455950737,0.9288173317909241,-0.1415896713733673,0.5308902859687805,0.9948972463607788,0.009588155895471573,0.5378428101539612,0.9538944959640503,-0.11667083203792572
frame_00428.jpg,0.27362510561943054,0.39512744545936584,0.23797965049743652,0.2649545669555664,0.38680773973464966,0.21053877472877502,0.2618522346019745,0.3894440829753876,0.210292249917984,0.25881272554397583,0.39231643080711365,0.2102067768573761,0.27322036027908325,0.37882140278816223,0.20284852385520935,0.2759043574333191,0.3759918510913849,0.20251424610614777,0.2788335680961609,0.37319669127464294,0.20245304703712463,0.25634765625,0.40126675367355347,0.10579203069210052,0.2854965925216675,0.3749224543571472,0.06957872211933136,0.27433279156684875,0.41086989641189575,0.2101866453886032,0.2820419371128082,0.4013404846191406,0.19759027659893036,0.25997117161750793,0.5048779845237732,0.07587303221225739,0.34253790974617004,0.40772563219070435,-0.014926264993846416,0.2538374066352844,0.6121561527252197,0.14468076825141907,0.42673999071121216,0.4034156799316406,-0.016543898731470108,0.20615415275096893,0.556056559085846,0.28450798988342285,0.44868531823158264,0.34451431035995483,0.06372952461242676,0.19176575541496277,0.5464228987693787,0.3062664568424225,0.45702648162841797,0.3310367465019226,0.061089836061000824,0.19963064789772034,0.5342734456062317,0.30197805166244507,0.4468633234500885,0.32874199748039246,0.06968621164560318,0.2061925232410431,0.5374098420143127,0.28807199001312256,0.4431845247745514,0.334452748298645,0.06852267682552338,0.3892260491847992,0.6882084608078003,0.031350236386060715,0.4408937394618988,0.6494501829147339,-0.031557030975818634,0.4441969394683838,0.8532823324203491,0.044233936816453934,0.5351778268814087,0.7767631411552429,-0.11446098983287811,0.5235253572463989,0.9368272423744202,-0.03815688565373421,0.5303168296813965,0.9175252318382263,-0.20115534961223602,0.5393332242965698,0.9404222965240479,-0.04853776469826698,0.5196955800056458,0.9349105358123779,-0.20752838253974915,0.5246471166610718,0.9745422601699829,-0.02081013098359108,0.5369473695755005,0.9586154222488403,-0.18578675389289856
frame_00429.jpg,0.2742216885089874,0.39552268385887146,0.233241468667984,0.2652533948421478,0.38730448484420776,0.20548462867736816,0.26217132806777954,0.39005276560783386,0.20522050559520721,0.25922468304634094,0.39304840564727783,0.20511767268180847,0.27362772822380066,0.3792054355144501,0.19799591600894928,0.2765454053878784,0.3761962056159973,0.19766776263713837,0.27950745820999146,0.3732934594154358,0.1976134479045868,0.2569326162338257,0.4027039706707001,0.09703607112169266,0.2859344780445099,0.37483590841293335,0.06517775356769562,0.2750960886478424,0.411630779504776,0.20391662418842316,0.28295400738716125,0.4015946388244629,0.1924007385969162,0.2591877579689026,0.5052871108055115,0.06559817492961884,0.34222784638404846,0.40769535303115845,-0.032124731689691544,0.25162896513938904,0.61044842004776,0.11746606975793839,0.4268045425415039,0.40282443165779114,-0.03589092567563057,0.20707151293754578,0.5555791258811951,0.24484935402870178,0.44842609763145447,0.3448878526687622,0.056879300624132156,0.19191913306713104,0.5461286902427673,0.2662477493286133,0.45714348554611206,0.33222487568855286,0.0563325472176075,0.1997404396533966,0.5339906811714172,0.2639329135417938,0.4469437599182129,0.3300798833370209,0.06704990565776825,0.20702116191387177,0.5368731021881104,0.2488998919725418,0.44300851225852966,0.3356553316116333,0.06289391219615936,0.38417333364486694,0.6917344927787781,0.030093882232904434,0.43496719002723694,0.6515653133392334,-0.030333349481225014,0.4420301914215088,0.843845546245575,0.0418928898870945,0.5369923114776611,0.7600387334823608,-0.1041986495256424,0.5188888907432556,0.8413667678833008,-0.08019915968179703,0.5264393091201782,0.8748107552528381,-0.2137642651796341,0.537685751914978,0.8291826844215393,-0.09255317598581314,0.5158058404922485,0.8835586905479431,-0.2230163812637329,0.5204697847366333,0.8620306849479675,-0.03613816201686859,0.5148652195930481,0.9213652014732361,-0.17633159458637238
frame_00430.jpg,0.2762746214866638,0.3988165855407715,0.21941320598125458,0.2675577402114868,0.391085684299469,0.1893235146999359,0.2644428312778473,0.3937748968601227,0.18903058767318726,0.2614077627658844,0.39684560894966125,0.1889055073261261,0.276096910238266,0.3832806944847107,0.1833297461271286,0.27905571460723877,0.3804212808609009,0.1830177903175354,0.28206679224967957,0.377615749835968,0.182968407869339,0.25920039415359497,0.4073772430419922,0.0730787068605423,0.28869664669036865,0.37912842631340027,0.046961404383182526,0.2770569920539856,0.4147419333457947,0.18745887279510498,0.28503650426864624,0.4050915539264679,0.17760372161865234,0.257740318775177,0.5077486038208008,0.04100959375500679,0.3441322445869446,0.40910518169403076,-0.03863348811864853,0.24764597415924072,0.6159632802009583,0.10421337932348251,0.4297725558280945,0.40161535143852234,-0.032457754015922546,0.20707198977470398,0.555756688117981,0.22291763126850128,0.4485333561897278,0.34439516067504883,0.08838670700788498,0.19183006882667542,0.5456644892692566,0.2415393888950348,0.45730915665626526,0.33114907145500183,0.0889299288392067,0.20000319182872772,0.5330260992050171,0.23933491110801697,0.44704383611679077,0.3299814462661743,0.09981884062290192,0.20712728798389435,0.536512017250061,0.2270853966474533,0.4429837167263031,0.3354593813419342,0.09452762454748154,0.3815990090370178,0.694287896156311,0.030093807727098465,0.43126875162124634,0.6541727185249329,-0.030332952737808228,0.43970996141433716,0.8399827480316162,0.06410687416791916,0.5392616987228394,0.7461878657341003,-0.09836519509553909,0.5138154625892639,0.8472698926925659,0.047911133617162704,0.5207716822624207,0.8719808459281921,-0.18256478011608124,0.534175455570221,0.8384267687797546,0.04769420251250267,0.5082279443740845,0.8870158791542053,-0.1880268007516861,0.5166467428207397,0.8668882846832275,0.13048122823238373,0.5107779502868652,0.9102194309234619,-0.14421962201595306
frame_00431.jpg,0.2769743502140045,0.40717029571533203,0.31809836626052856,0.26792746782302856,0.3995976448059082,0.29065701365470886,0.26468753814697266,0.4021454155445099,0.29040801525115967,0.26159700751304626,0.404878169298172,0.2903401553630829,0.2765592932701111,0.3920510709285736,0.28515344858169556,0.2795010805130005,0.38916969299316406,0.2848508954048157,0.28245294094085693,0.3863272964954376,0.28480035066604614,0.2589263916015625,0.414571076631546,0.18188564479351044,0.2877366840839386,0.38657987117767334,0.15626442432403564,0.27764183282852173,0.42291462421417236,0.28821948170661926,0.28561273217201233,0.413760781288147,0.278720885515213,0.25263920426368713,0.5174275040626526,0.14665928483009338,0.34071195125579834,0.41128379106521606,0.04695514589548111,0.24317920207977295,0.6203513741493225,0.1654626429080963,0.42559814453125,0.3985811471939087,0.09990245848894119,0.20704667270183563,0.5563978552818298,0.24984805285930634,0.44763603806495667,0.34409159421920776,0.24782030284404755,0.1922086924314499,0.5456809401512146,0.26228609681129456,0.4569687247276306,0.33075839281082153,0.25070124864578247,0.2006421834230423,0.533011794090271,0.2603200376033783,0.44684281945228577,0.32995206117630005,0.25674957036972046,0.2073078155517578,0.5368297100067139,0.2526426911354065,0.4425998628139496,0.33546409010887146,0.2524671256542206,0.37240150570869446,0.6996881365776062,0.04248162358999252,0.41895851492881775,0.6615249514579773,-0.042730577290058136,0.4372287392616272,0.8370339870452881,0.15413393080234528,0.5468019247055054,0.7173565030097961,-0.09254900366067886,0.5120352506637573,0.9706687927246094,0.053822316229343414,0.5168022513389587,0.8690443634986877,-0.18544919788837433,0.5315206050872803,0.9901677966117859,0.04725303500890732,0.4998471140861511,0.8926041722297668,-0.19249555468559265,0.5157915353775024,1.0045710802078247,0.05616072937846184,0.534099817276001,0.913385272026062,-0.17858770489692688
frame_00432.jpg,0.2771777808666229,0.4067526161670685,0.2881917655467987,0.26882204413414,0.3994313180446625,0.2598833739757538,0.2655797600746155,0.4018925130367279,0.25960856676101685,0.26245051622390747,0.4046564996242523,0.25949451327323914,0.2775089740753174,0.3921847343444824,0.2548925578594208,0.2803930938243866,0.3896765410900116,0.2545904219150543,0.2831765115261078,0.3871300518512726,0.25454601645469666,0.25990262627601624,0.41475680470466614,0.14602966606616974,0.28687864542007446,0.38818979263305664,0.12315773963928223,0.2778295874595642,0.4226105511188507,0.25594770908355713,0.28624245524406433,0.4137882590293884,0.24721403419971466,0.25107091665267944,0.5173105597496033,0.10492666810750961,0.3388931155204773,0.41232335567474365,0.02380380965769291,0.242010235786438,0.6229094862937927,0.13319721817970276,0.4202962815761566,0.3979664742946625,0.05985429883003235,0.20682725310325623,0.5585113763809204,0.24213406443595886,0.4456818699836731,0.3447546362876892,0.20544150471687317,0.19224867224693298,0.5466192364692688,0.2603684365749359,0.45535510778427124,0.3323954641819,0.21066157519817352,0.2006022036075592,0.533683180809021,0.25898927450180054,0.4455884099006653,0.3320840895175934,0.22153548896312714,0.20721320807933807,0.5381938815116882,0.24593797326087952,0.4411630630493164,0.3374612629413605,0.21194031834602356,0.3698294162750244,0.7089494466781616,0.041762106120586395,0.4179762005805969,0.6686541438102722,-0.04188157618045807,0.4094420373439789,0.8035204410552979,0.15530893206596375,0.5483953356742859,0.7004687190055847,-0.0537894070148468,0.44856467843055725,0.8076783418655396,0.054441582411527634,0.5075280070304871,0.8285742402076721,-0.19718413054943085,0.4607144296169281,0.8029435276985168,0.046757642179727554,0.4867997169494629,0.83970707654953,-0.20756757259368896,0.447666734457016,0.8147050142288208,0.11129558086395264,0.509512186050415,0.8749342560768127,-0.1550295054912567
frame_00433.jpg,0.2788625955581665,0.4106820225715637,0.2915628254413605,0.2692785859107971,0.4032730460166931,0.26465940475463867,0.26599061489105225,0.40572455525398254,0.2643759846687317,0.2628699243068695,0.4084393084049225,0.2642574906349182,0.27766984701156616,0.3961549997329712,0.2565605044364929,0.2808911204338074,0.3938234746456146,0.2562805116176605,0.28380125761032104,0.3914061188697815,0.256240576505661,0.26054519414901733,0.4196265935897827,0.15518207848072052,0.28675854206085205,0.39383333921432495,0.11844757944345474,0.2787492871284485,0.42683541774749756,0.2602224051952362,0.2865985035896301,0.4182848334312439,0.24750752747058868,0.2472093552350998,0.5226582288742065,0.11729440838098526,0.3357570469379425,0.41372761130332947,0.014070570468902588,0.2390216588973999,0.6289684772491455,0.1523611694574356,0.41743382811546326,0.39746442437171936,0.05640877038240433,0.2057516872882843,0.5631371140480042,0.2879274785518646,0.44434696435928345,0.3464369475841522,0.22186478972434998,0.19208648800849915,0.5502023100852966,0.31419554352760315,0.45271483063697815,0.33424946665763855,0.2305736541748047,0.20039021968841553,0.536784291267395,0.31094878911972046,0.4433934688568115,0.3352658152580261,0.24180980026721954,0.206491619348526,0.5421890020370483,0.2915528118610382,0.4397038519382477,0.3404082953929901,0.2288837879896164,0.3614512085914612,0.7119694352149963,0.044836439192295074,0.4141499996185303,0.6713716387748718,-0.045130304992198944,0.39363184571266174,0.7255134582519531,0.22438529133796692,0.5478256344795227,0.6855339407920837,-0.05549510568380356,0.42515498399734497,0.7629479765892029,0.04911836236715317,0.5090675950050354,0.8126076459884644,-0.22026999294757843,0.43341025710105896,0.7618576884269714,0.02752714417874813,0.49241265654563904,0.8372118473052979,-0.23275813460350037,0.4315999150276184,0.7913679480552673,0.08986056596040726,0.5138270258903503,0.8823301792144775,-0.1821800172328949
frame_00434.jpg,0.27987343072891235,0.411528617143631,0.29935285449028015,0.26946526765823364,0.40445199608802795,0.2708388864994049,0.26604560017585754,0.40707534551620483,0.2705546021461487,0.26292529702186584,0.4098960757255554,0.270455539226532,0.2779169976711273,0.3969931900501251,0.2644784450531006,0.281310498714447,0.3945983350276947,0.26421448588371277,0.28421589732170105,0.3921056389808655,0.2641895115375519,0.260966032743454,0.42111068964004517,0.15657201409339905,0.28639858961105347,0.3950958251953125,0.12774372100830078,0.27915918827056885,0.4280828833580017,0.2664181590080261,0.28667956590652466,0.41902005672454834,0.25604140758514404,0.2461935579776764,0.5231229066848755,0.11530663818120956,0.3334258496761322,0.4139859080314636,0.031338438391685486,0.23874302208423615,0.6322759389877319,0.1610335409641266,0.4177699089050293,0.39732825756073,0.0957743376493454,0.20414356887340546,0.5686355233192444,0.300053209066391,0.4410041272640228,0.3499531149864197,0.25137636065483093,0.19131870567798615,0.5572202205657959,0.3239772617816925,0.4488627314567566,0.33678528666496277,0.2570919096469879,0.19957545399665833,0.5438778400421143,0.31984490156173706,0.43963608145713806,0.338541179895401,0.26335909962654114,0.20491261780261993,0.5480827689170837,0.3036942183971405,0.4364045262336731,0.34402886033058167,0.2559554874897003,0.34776076674461365,0.7082813382148743,0.044950179755687714,0.40272465348243713,0.6707617044448853,-0.04524644464254379,0.3781965374946594,0.6860558390617371,0.27111220359802246,0.5472713708877563,0.6721628308296204,-0.06246436759829521,0.36169376969337463,0.749019980430603,0.10056756436824799,0.506279706954956,0.7992565035820007,-0.20948848128318787,0.36445924639701843,0.7541784048080444,0.07989711314439774,0.49294352531433105,0.8281943202018738,-0.21906447410583496,0.3486236035823822,0.7786703705787659,0.13189084827899933,0.5119825005531311,0.8787199854850769,-0.1734250783920288
frame_00435.jpg,0.2797510027885437,0.4160813093185425,0.2873653769493103,0.2693908214569092,0.4084077775478363,0.25815728306770325,0.2659863829612732,0.4108107388019562,0.2578687369823456,0.26282256841659546,0.4134853482246399,0.2577812969684601,0.27773869037628174,0.40125778317451477,0.2517508268356323,0.28055858612060547,0.39876261353492737,0.25147098302841187,0.2830260097980499,0.3961252272129059,0.2514351010322571,0.25936824083328247,0.4244252145290375,0.1432127207517624,0.2842830717563629,0.3983265161514282,0.11421015113592148,0.27899643778800964,0.43186140060424805,0.2544883191585541,0.2865287959575653,0.4236282408237457,0.2439820021390915,0.24217979609966278,0.5228757858276367,0.10321368277072906,0.3309857249259949,0.4152991473674774,0.01995415985584259,0.2349494993686676,0.6340377330780029,0.13697539269924164,0.41332298517227173,0.39772316813468933,0.0798109918832779,0.2022002637386322,0.5704553723335266,0.23177838325500488,0.4393993318080902,0.351450115442276,0.24535807967185974,0.1902080774307251,0.5605602264404297,0.24933084845542908,0.4478861689567566,0.33795976638793945,0.2507356107234955,0.19879145920276642,0.5469868779182434,0.24443736672401428,0.4386920928955078,0.33946144580841064,0.2566816806793213,0.20366406440734863,0.5507156252861023,0.2337610423564911,0.4353552460670471,0.3447723388671875,0.2500857710838318,0.34934812784194946,0.713483989238739,0.04616418853402138,0.402313232421875,0.678489089012146,-0.04648568481206894,0.3850398361682892,0.6842132210731506,0.30321913957595825,0.5386248230934143,0.6418558359146118,-0.035640422254800797,0.39020776748657227,0.787879228591919,0.1503424048423767,0.48984861373901367,0.7939161658287048,-0.1962367743253708,0.3954954743385315,0.7967068552970886,0.13205507397651672,0.4756387174129486,0.8080032467842102,-0.2052336484193802,0.3861314356327057,0.8214380145072937,0.1697629690170288,0.4967983663082123,0.8546379208564758,-0.16749754548072815
frame_00436.jpg,0.2840994596481323,0.41971340775489807,0.2881903648376465,0.2727847695350647,0.4119103252887726,0.26107731461524963,0.26907309889793396,0.41405555605888367,0.2607683539390564,0.26555579900741577,0.4164329767227173,0.2606887221336365,0.2802058756351471,0.40528854727745056,0.24941153824329376,0.2821807563304901,0.40271127223968506,0.2491259127855301,0.28386881947517395,0.3999514579772949,0.2490822821855545,0.2596098780632019,0.42669418454170227,0.15669408440589905,0.2849215865135193,0.40232977271080017,0.10912986099720001,0.28202614188194275,0.4342668652534485,0.25941839814186096,0.2888830304145813,0.42681530117988586,0.2418680191040039,0.23820385336875916,0.5275148749351501,0.1291438639163971,0.32917070388793945,0.41502615809440613,0.005971110425889492,0.23177282512187958,0.6313199996948242,0.20185871422290802,0.41198334097862244,0.39798223972320557,0.06735655665397644,0.20232340693473816,0.5690234303474426,0.3551787734031677,0.43798741698265076,0.3516797423362732,0.25280287861824036,0.19119203090667725,0.5595996379852295,0.38357216119766235,0.4459330141544342,0.3379350006580353,0.2613435387611389,0.19907443225383759,0.5457643270492554,0.3761235773563385,0.43712741136550903,0.33932653069496155,0.26796776056289673,0.20522134006023407,0.549254834651947,0.3574473261833191,0.4340299069881439,0.3449435830116272,0.25861838459968567,0.3489644527435303,0.7165538668632507,0.05835089832544327,0.4010043740272522,0.6799469590187073,-0.058752261102199554,0.39490407705307007,0.6814311742782593,0.29713529348373413,0.5337627530097961,0.6283185482025146,-0.034984443336725235,0.41482478380203247,0.8067044019699097,0.12812116742134094,0.49215665459632874,0.7941187024116516,-0.19355115294456482,0.420219361782074,0.8145902752876282,0.10915122181177139,0.4748387932777405,0.8188178539276123,-0.20412901043891907,0.41751837730407715,0.8233531713485718,0.1448565274477005,0.5011070966720581,0.8525630831718445,-0.16805574297904968
frame_00437.jpg,0.285949170589447,0.4223538637161255,0.28298088908195496,0.2744377553462982,0.4140772223472595,0.2570628225803375,0.27060285210609436,0.41603556275367737,0.25676244497299194,0.2668159306049347,0.4182361960411072,0.2566855549812317,0.28145286440849304,0.4076876938343048,0.24487924575805664,0.2830023169517517,0.40512341260910034,0.24459293484687805,0.28427377343177795,0.4024360477924347,0.24455006420612335,0.2598525881767273,0.4284195899963379,0.1609494388103485,0.28493577241897583,0.40533578395843506,0.10590589046478271,0.2832338511943817,0.43687477707862854,0.25631600618362427,0.2899077534675598,0.4298200011253357,0.2375512421131134,0.23431691527366638,0.5325721502304077,0.13043120503425598,0.3285737633705139,0.41558316349983215,0.0025435155257582664,0.23184461891651154,0.641508936882019,0.1725553572177887,0.41075950860977173,0.39817893505096436,0.06539897620677948,0.2023814618587494,0.5726289749145508,0.2998790144920349,0.4374353885650635,0.3533805310726166,0.2526838183403015,0.19180263578891754,0.5615597367286682,0.3223625421524048,0.44426441192626953,0.33972448110580444,0.259249746799469,0.19992604851722717,0.5479074120521545,0.31714609265327454,0.4361251890659332,0.34147173166275024,0.2651435136795044,0.20591910183429718,0.5531072020530701,0.30308032035827637,0.43351536989212036,0.34725478291511536,0.25817257165908813,0.3475519120693207,0.7190924882888794,0.06042538955807686,0.40079396963119507,0.6813158392906189,-0.0608285553753376,0.3850160539150238,0.6800493001937866,0.3521652817726135,0.5321171879768372,0.6194740533828735,-0.038342803716659546,0.40515708923339844,0.7941772937774658,0.25192898511886597,0.4885590970516205,0.794145941734314,-0.16804781556129456,0.41107767820358276,0.8106603622436523,0.23966562747955322,0.46920686960220337,0.8143548369407654,-0.1763039082288742,0.4098936915397644,0.8155348300933838,0.28677162528038025,0.4987242817878723,0.8526458144187927,-0.13802754878997803
frame_00438.jpg,0.28588324785232544,0.4223925769329071,0.3190672993659973,0.27429747581481934,0.41407355666160583,0.29239004850387573,0.27044740319252014,0.41608840227127075,0.29208070039749146,0.2666008472442627,0.41836827993392944,0.2920151650905609,0.2813962399959564,0.4074254631996155,0.2803057134151459,0.28296154737472534,0.4048115909099579,0.2800162136554718,0.284279465675354,0.40208226442337036,0.2799922525882721,0.25938308238983154,0.428451269865036,0.18725034594535828,0.2841067314147949,0.4052627682685852,0.13307997584342957,0.2830962538719177,0.4371689260005951,0.28960803151130676,0.28990864753723145,0.4297695755958557,0.2716910243034363,0.23392097651958466,0.5323076844215393,0.15594324469566345,0.32863661646842957,0.41658738255500793,0.02415662631392479,0.22906355559825897,0.6381307244300842,0.22997204959392548,0.4108847677707672,0.3982982337474823,0.10070538520812988,0.20299451053142548,0.571885347366333,0.3875952959060669,0.43791404366493225,0.35329583287239075,0.29755955934524536,0.19193735718727112,0.5616396069526672,0.4162251055240631,0.4441700577735901,0.33972400426864624,0.3101944029331207,0.20007459819316864,0.5474585294723511,0.41006389260292053,0.43622392416000366,0.34231409430503845,0.31534239649772644,0.2065006047487259,0.5519958734512329,0.39052659273147583,0.43375056982040405,0.34823378920555115,0.30327239632606506,0.34678542613983154,0.7202973961830139,0.06070677191019058,0.3975285291671753,0.6820251941680908,-0.061151690781116486,0.3900987505912781,0.6780707836151123,0.275015652179718,0.5284978151321411,0.6124474406242371,-0.036556947976350784,0.404904305934906,0.8035544157028198,0.05344055965542793,0.49208611249923706,0.7906511425971985,-0.21540823578834534,0.4061819016933441,0.8238027691841125,0.026239287108182907,0.4734819531440735,0.8106693029403687,-0.23000630736351013,0.4134577810764313,0.818632960319519,0.05059146136045456,0.508334755897522,0.8641690611839294,-0.19522801041603088
frame_00439.jpg,0.2858389616012573,0.422446608543396,0.2879664897918701,0.2742953896522522,0.4142615497112274,0.26685866713523865,0.27046099305152893,0.4162989854812622,0.26652076840400696,0.26663318276405334,0.4186229705810547,0.26650938391685486,0.28138303756713867,0.40774452686309814,0.2512553334236145,0.28291505575180054,0.40527382493019104,0.2509247958660126,0.2842099368572235,0.402626633644104,0.2508590817451477,0.2594330906867981,0.4291033148765564,0.16955077648162842,0.283427894115448,0.4064127206802368,0.12318263202905655,0.2831251621246338,0.43729931116104126,0.2698200047016144,0.2899632453918457,0.43013083934783936,0.24663367867469788,0.23516564071178436,0.5317652821540833,0.14085479080677032,0.32709673047065735,0.4182049334049225,0.018846604973077774,0.22925586998462677,0.6416903734207153,0.22590287029743195,0.409700870513916,0.3987138569355011,0.08974190056324005,0.2030399590730667,0.5718826651573181,0.377997487783432,0.43827295303344727,0.353172242641449,0.2683904469013214,0.19190669059753418,0.5615828037261963,0.4046407639980316,0.44478821754455566,0.3392578363418579,0.2776187062263489,0.19974449276924133,0.547808825969696,0.3951028287410736,0.4366235136985779,0.3418722152709961,0.28330981731414795,0.2063107043504715,0.5517700910568237,0.37963998317718506,0.4339914917945862,0.34763303399086,0.27415722608566284,0.3498099446296692,0.7226759195327759,0.058442533016204834,0.39892399311065674,0.6819316148757935,-0.05888788774609566,0.4187922477722168,0.6844854354858398,0.2359255850315094,0.5225797295570374,0.5965850949287415,-0.010381456464529037,0.4218863546848297,0.8449528813362122,-0.01587139070034027,0.4918184280395508,0.7844201326370239,-0.21145272254943848,0.4158845841884613,0.8698185682296753,-0.042352937161922455,0.47365283966064453,0.8029788732528687,-0.21849684417247772,0.43082791566848755,0.8928566575050354,-0.03809570521116257,0.5076521635055542,0.8660983443260193,-0.18036451935768127
frame_00440.jpg,0.2855173647403717,0.42215922474861145,0.2933724522590637,0.27387309074401855,0.41412845253944397,0.27028340101242065,0.2700856328010559,0.4161624610424042,0.26996371150016785,0.2662907540798187,0.4184803366661072,0.2699228525161743,0.2809675335884094,0.4075843393802643,0.2573529779911041,0.2824585735797882,0.40514814853668213,0.25702527165412903,0.2837234139442444,0.4025394320487976,0.2569526135921478,0.25935572385787964,0.42884504795074463,0.17496293783187866,0.2827315926551819,0.4064273238182068,0.1242804080247879,0.28307950496673584,0.43706682324409485,0.2698836922645569,0.2898373007774353,0.42986345291137695,0.2510003447532654,0.23644480109214783,0.530386209487915,0.14840510487556458,0.3275836706161499,0.4187931716442108,0.02382919192314148,0.22962884604930878,0.6412082314491272,0.21829278767108917,0.4109019637107849,0.3987399637699127,0.09803963452577591,0.20136049389839172,0.571425199508667,0.34507954120635986,0.43835440278053284,0.3528865873813629,0.2765423059463501,0.18982164561748505,0.5612171292304993,0.3672243058681488,0.445167601108551,0.3375183045864105,0.28654995560646057,0.19763067364692688,0.5473945736885071,0.35926735401153564,0.43683522939682007,0.34157654643058777,0.29180338978767395,0.20340728759765625,0.5512341856956482,0.34660571813583374,0.43402671813964844,0.34737321734428406,0.2824022173881531,0.35000133514404297,0.7227701544761658,0.05695825815200806,0.3993091881275177,0.6808814406394958,-0.05739820748567581,0.4406280517578125,0.6974753141403198,0.16541703045368195,0.5209900140762329,0.5913196206092834,-0.011640059761703014,0.44826579093933105,0.8839946389198303,-0.10595192760229111,0.4916251301765442,0.7801974415779114,-0.20957998931407928,0.4471692442893982,0.9104820489883423,-0.1353963315486908,0.474200963973999,0.8009234666824341,-0.21225149929523468,0.45385509729385376,0.933306097984314,-0.14354628324508667,0.5079161524772644,0.8352731466293335,-0.1750325858592987
frame_00441.jpg,0.2848604917526245,0.4216659367084503,0.3015156686306,0.2731742858886719,0.41377022862434387,0.27752235531806946,0.26942160725593567,0.4158450663089752,0.27720630168914795,0.26564478874206543,0.41820526123046875,0.27715620398521423,0.28031685948371887,0.40717557072639465,0.26586297154426575,0.2817815840244293,0.4047630727291107,0.2655453681945801,0.28303033113479614,0.40218207240104675,0.2654774785041809,0.2589978873729706,0.42866387963294983,0.18067166209220886,0.2819845676422119,0.406114399433136,0.1308482140302658,0.28280210494995117,0.4366341531276703,0.2755817770957947,0.2894234359264374,0.4293636977672577,0.2585086226463318,0.23717860877513885,0.5295572876930237,0.15487423539161682,0.327095091342926,0.419067919254303,0.028747010976076126,0.22843408584594727,0.6392145156860352,0.2363416701555252,0.4112628400325775,0.399225652217865,0.10287857055664062,0.19768880307674408,0.5706027150154114,0.38018158078193665,0.4386260509490967,0.35274726152420044,0.2833312749862671,0.18663369119167328,0.5611718893051147,0.40546607971191406,0.4451502859592438,0.3366783559322357,0.29356271028518677,0.19466188549995422,0.5472045540809631,0.39630067348480225,0.43694430589675903,0.3413926959037781,0.2998398542404175,0.19997718930244446,0.5510390996932983,0.3817916810512543,0.4342481195926666,0.3470070958137512,0.28954654932022095,0.3512301445007324,0.7215425372123718,0.05669520050287247,0.3990558087825775,0.6803110241889954,-0.0571601502597332,0.4451238512992859,0.6948027014732361,0.16741763055324554,0.520380973815918,0.5887821912765503,-0.018835654482245445,0.4560844302177429,0.8834736943244934,-0.09299248456954956,0.4885348677635193,0.7777302861213684,-0.20112618803977966,0.4571947455406189,0.9090150594711304,-0.12181772291660309,0.472062885761261,0.7993501424789429,-0.21015222370624542,0.4604281485080719,0.9341123104095459,-0.12595462799072266,0.5073089599609375,0.8467428684234619,-0.17919643223285675
frame_00442.jpg,0.28383946418762207,0.42177948355674744,0.3123161196708679,0.27225178480148315,0.4139203727245331,0.28742796182632446,0.26851171255111694,0.41603076457977295,0.28711313009262085,0.26474419236183167,0.41842538118362427,0.28706851601600647,0.2795121371746063,0.40722373127937317,0.2765346169471741,0.2810025215148926,0.4047904312610626,0.2762206196784973,0.28228238224983215,0.4022151529788971,0.2761576771736145,0.2584001123905182,0.42870229482650757,0.18656612932682037,0.2813781201839447,0.405997633934021,0.13895514607429504,0.28209441900253296,0.43685853481292725,0.28443655371665955,0.2887731194496155,0.429377019405365,0.268401563167572,0.23750460147857666,0.5293107628822327,0.16036854684352875,0.32687756419181824,0.4191479980945587,0.035499148070812225,0.22757665812969208,0.638525128364563,0.2552627921104431,0.41121920943260193,0.39978674054145813,0.11604975163936615,0.19465738534927368,0.5704176425933838,0.41849836707115173,0.4386616349220276,0.35206690430641174,0.305029958486557,0.18409278988838196,0.5609195232391357,0.4470861554145813,0.445242315530777,0.33492621779441833,0.31698912382125854,0.19192902743816376,0.5469329953193665,0.4371245801448822,0.4370027184486389,0.33992379903793335,0.32423076033592224,0.1970152109861374,0.5506941080093384,0.4203801155090332,0.4343789219856262,0.3460884094238281,0.3119214177131653,0.3519875407218933,0.7215553522109985,0.0563477948307991,0.39937666058540344,0.6802389025688171,-0.05682290345430374,0.44778043031692505,0.688552975654602,0.16210119426250458,0.5208161473274231,0.5846925973892212,-0.01122033130377531,0.4607597887516022,0.8754826188087463,-0.11073474586009979,0.4887341558933258,0.7754110097885132,-0.1973240077495575,0.4635990262031555,0.9004506468772888,-0.14122451841831207,0.4735327661037445,0.7962179183959961,-0.20724765956401825,0.46241292357444763,0.9227136969566345,-0.1536896526813507,0.5074897408485413,0.8307039737701416,-0.18222376704216003
frame_00443.jpg,0.2827036678791046,0.423775851726532,0.3286096751689911,0.27135729789733887,0.4161968529224396,0.30429649353027344,0.26761847734451294,0.4183582067489624,0.3039903938770294,0.263902485370636,0.4207475483417511,0.303943932056427,0.2788175046443939,0.40925970673561096,0.2936688959598541,0.2804040312767029,0.40663769841194153,0.2933521568775177,0.28179672360420227,0.4039154648780823,0.2932842969894409,0.25796279311180115,0.43066713213920593,0.20416831970214844,0.28108736872673035,0.4074431359767914,0.15700788795948029,0.28116628527641296,0.4384608864784241,0.3004804253578186,0.2880045175552368,0.4310248792171478,0.2847420573234558,0.23793165385723114,0.5299102067947388,0.17871038615703583,0.3269086480140686,0.41939154267311096,0.04980508238077164,0.22826877236366272,0.6383275389671326,0.26456505060195923,0.41158756613731384,0.3998173177242279,0.1320217102766037,0.19507107138633728,0.5701239109039307,0.41818007826805115,0.43885254859924316,0.35192355513572693,0.32658061385154724,0.18429699540138245,0.5609744191169739,0.4462822377681732,0.4453563690185547,0.3348916172981262,0.3399451971054077,0.19201013445854187,0.547398030757904,0.4374764859676361,0.43701186776161194,0.339636892080307,0.34884676337242126,0.19723406434059143,0.5510006546974182,0.42031779885292053,0.4344813823699951,0.34590187668800354,0.33428308367729187,0.3537282943725586,0.7222772240638733,0.05809865519404411,0.3996351957321167,0.679984986782074,-0.05858052894473076,0.4657956659793854,0.6835508346557617,0.1444942057132721,0.521368145942688,0.58419269323349,-0.04429292678833008,0.4799611568450928,0.87225341796875,-0.134477898478508,0.48012781143188477,0.776017427444458,-0.23040573298931122,0.482227623462677,0.8974819779396057,-0.16550828516483307,0.46272677183151245,0.7955411672592163,-0.24400456249713898,0.48250898718833923,0.9207959771156311,-0.17832227051258087,0.4961157739162445,0.839170515537262,-0.2170983850955963
frame_00444.jpg,0.28079307079315186,0.4277801513671875,0.316636860370636,0.26969629526138306,0.42056313157081604,0.2918296456336975,0.26594898104667664,0.422690212726593,0.2915254235267639,0.2622850239276886,0.42500540614128113,0.2914760708808899,0.277645081281662,0.41331735253334045,0.2814721167087555,0.2794492840766907,0.4103752076625824,0.281154602766037,0.2810904085636139,0.4072549641132355,0.28109195828437805,0.25700512528419495,0.4345402717590332,0.19350583851337433,0.2808280885219574,0.4100203514099121,0.14884021878242493,0.2796286642551422,0.441787987947464,0.28896385431289673,0.2868770956993103,0.4345813989639282,0.2736210227012634,0.2377498596906662,0.5313624739646912,0.1684417426586151,0.32725366950035095,0.4207886755466461,0.047298818826675415,0.22867222130298615,0.6426719427108765,0.24081110954284668,0.41182899475097656,0.4003053903579712,0.13131289184093475,0.19443461298942566,0.5716412663459778,0.3367599546909332,0.43892210721969604,0.35309094190597534,0.3142069876194,0.18370184302330017,0.5622981190681458,0.35210317373275757,0.44550055265426636,0.3374897837638855,0.3256755769252777,0.19126001000404358,0.5488510727882385,0.34302085638046265,0.43712085485458374,0.34142667055130005,0.33014601469039917,0.19659845530986786,0.5525974631309509,0.33686894178390503,0.4345545768737793,0.3474293649196625,0.32012420892715454,0.3562948405742645,0.7231602072715759,0.05777597427368164,0.4001966416835785,0.6797477602958679,-0.058218736201524734,0.4630430340766907,0.6881359815597534,0.13272717595100403,0.5219067931175232,0.5829391479492188,-0.03425467014312744,0.4736306667327881,0.8855493068695068,-0.1508418172597885,0.4824739396572113,0.7744473814964294,-0.22889693081378937,0.4756980836391449,0.914705216884613,-0.18217329680919647,0.4659125804901123,0.7986424565315247,-0.23870053887367249,0.4774631857872009,0.9317911267280579,-0.19954520463943481,0.4977988600730896,0.8446587920188904,-0.20190012454986572
frame_00445.jpg,0.2801980674266815,0.4287584125995636,0.3115500211715698,0.2691594958305359,0.4214921295642853,0.28660649061203003,0.26539677381515503,0.42356130480766296,0.2863045930862427,0.26170557737350464,0.42581483721733093,0.28624656796455383,0.27712929248809814,0.414385050535202,0.2761898636817932,0.2789843678474426,0.41142457723617554,0.27587801218032837,0.280704140663147,0.40829789638519287,0.27581891417503357,0.2563651204109192,0.4355657696723938,0.18730658292770386,0.2805221676826477,0.4111666977405548,0.14206677675247192,0.27919358015060425,0.44281142950057983,0.28388074040412903,0.2864079177379608,0.43571650981903076,0.26854580640792847,0.2374516725540161,0.532709002494812,0.1618150770664215,0.3274988532066345,0.42197781801223755,0.043809957802295685,0.22873559594154358,0.6437527537345886,0.23779051005840302,0.4107726216316223,0.40174102783203125,0.13574840128421783,0.19414782524108887,0.572960615158081,0.3578987717628479,0.43878060579299927,0.3573583662509918,0.32597893476486206,0.1834222674369812,0.5636953711509705,0.3776867687702179,0.44537192583084106,0.3418777287006378,0.3397670090198517,0.19103728234767914,0.5506466031074524,0.3669735789299011,0.43714040517807007,0.34442514181137085,0.3424895703792572,0.19649335741996765,0.5542036890983582,0.35822951793670654,0.43455958366394043,0.35085198283195496,0.33154696226119995,0.35994425415992737,0.7259474396705627,0.05771631747484207,0.4002456068992615,0.6798590421676636,-0.058122418820858,0.4647800326347351,0.685317873954773,0.1380409300327301,0.5222505331039429,0.582987904548645,-0.0245596282184124,0.47175121307373047,0.8839431405067444,-0.13354617357254028,0.48370808362960815,0.7732113599777222,-0.19771012663841248,0.4728924632072449,0.9130666851997375,-0.16359691321849823,0.4674461781978607,0.7996428608894348,-0.2092001885175705,0.4759206175804138,0.929685652256012,-0.17885050177574158,0.5008817911148071,0.836404025554657,-0.18442890048027039
frame_00446.jpg,0.2769044041633606,0.43017178773880005,0.3082326054573059,0.2661808133125305,0.4233185946941376,0.28351253271102905,0.26248136162757874,0.42550739645957947,0.28320956230163574,0.258914589881897,0.42785948514938354,0.2832101881504059,0.27489322423934937,0.4154875576496124,0.2747320532798767,0.2771609425544739,0.41231098771095276,0.2743774354457855,0.279314786195755,0.409023255109787,0.27430039644241333,0.25440651178359985,0.4375940263271332,0.18572841584682465,0.2802550196647644,0.41177472472190857,0.13906016945838928,0.2764526605606079,0.4443039894104004,0.28178176283836365,0.2843819558620453,0.43665435910224915,0.2681027054786682,0.23758748173713684,0.5335980653762817,0.15926900506019592,0.3275856375694275,0.4236856997013092,0.04131542891263962,0.22955170273780823,0.6447257399559021,0.23196199536323547,0.40906769037246704,0.40368878841400146,0.13113954663276672,0.19417601823806763,0.5759074091911316,0.332123339176178,0.43885326385498047,0.35898107290267944,0.31823423504829407,0.1831928789615631,0.567715585231781,0.34980809688568115,0.4454222619533539,0.3439100682735443,0.3305671811103821,0.1907700002193451,0.5541968941688538,0.33997273445129395,0.437181293964386,0.34538280963897705,0.3349631726741791,0.1964467614889145,0.5571141839027405,0.33248549699783325,0.4345948100090027,0.35174450278282166,0.32439354062080383,0.361817866563797,0.7267229557037354,0.057311516255140305,0.40054741501808167,0.679508626461029,-0.057730160653591156,0.46967369318008423,0.6850149035453796,0.1237550750374794,0.5222871899604797,0.5832383632659912,-0.041949667036533356,0.4747708737850189,0.8835226893424988,-0.1433199644088745,0.48446035385131836,0.7766262888908386,-0.213704913854599,0.47557663917541504,0.9118720293045044,-0.17305845022201538,0.4673823416233063,0.8005629777908325,-0.22666212916374207,0.4769546091556549,0.9298385381698608,-0.19211730360984802,0.5015048384666443,0.8466323614120483,-0.20856007933616638
frame_00447.jpg,0.27408257126808167,0.43289750814437866,0.28609052300453186,0.2634112536907196,0.42634135484695435,0.2598934471607208,0.25978460907936096,0.4284988045692444,0.259589284658432,0.25622618198394775,0.43088585138320923,0.25959986448287964,0.2723453938961029,0.4184703230857849,0.2519330084323883,0.27480843663215637,0.4152114987373352,0.2515645921230316,0.2771371603012085,0.41188493371009827,0.25148460268974304,0.2518702447414398,0.44099774956703186,0.16387785971164703,0.2793157696723938,0.4142349362373352,0.12643404304981232,0.2741859555244446,0.44673797488212585,0.26036152243614197,0.28203901648521423,0.43903303146362305,0.2479614019393921,0.2373400628566742,0.536818265914917,0.14977599680423737,0.3276368975639343,0.4268317222595215,0.03932737559080124,0.23002874851226807,0.6494510173797607,0.23362533748149872,0.40486598014831543,0.4064992070198059,0.13651683926582336,0.19439999759197235,0.5801474452018738,0.36674875020980835,0.43888479471206665,0.36152344942092896,0.32792267203330994,0.1833355873823166,0.5719743967056274,0.39028245210647583,0.4454945921897888,0.3470565974712372,0.3411361873149872,0.19058184325695038,0.5597758889198303,0.37824010848999023,0.4372946321964264,0.34715795516967773,0.34445512294769287,0.19635885953903198,0.5618922114372253,0.3676069974899292,0.4346730709075928,0.353477418422699,0.33380088210105896,0.3631119728088379,0.7315227389335632,0.05491335317492485,0.40109148621559143,0.685107946395874,-0.055383872240781784,0.46329545974731445,0.6805752515792847,0.13232944905757904,0.521515965461731,0.5831917524337769,-0.04139392822980881,0.47388607263565063,0.8802574872970581,-0.14025187492370605,0.48669376969337463,0.7782393097877502,-0.2089252769947052,0.47634825110435486,0.9078438878059387,-0.17062322795391083,0.471682608127594,0.8061928153038025,-0.221650630235672,0.47485536336898804,0.9253697991371155,-0.18892164528369904,0.5032435059547424,0.8470727205276489,-0.20036907494068146
frame_00448.jpg,0.27180320024490356,0.4353777766227722,0.2624407410621643,0.26114150881767273,0.4285586476325989,0.23635761439800262,0.2575525939464569,0.43078312277793884,0.23605504631996155,0.25399094820022583,0.4332718253135681,0.23606126010417938,0.2701314389705658,0.4203737676143646,0.22823767364025116,0.2726503312587738,0.4170149564743042,0.2278711497783661,0.27504006028175354,0.4136417806148529,0.22778086364269257,0.24990665912628174,0.44330665469169617,0.14381952583789825,0.27811187505722046,0.41548874974250793,0.1079414114356041,0.2723449766635895,0.4492044448852539,0.2379775494337082,0.28013914823532104,0.44138213992118835,0.22553212940692902,0.23681338131427765,0.5371639132499695,0.1371859908103943,0.3273988664150238,0.4282049536705017,0.0280345119535923,0.2302698791027069,0.6489296555519104,0.23221826553344727,0.4039973318576813,0.40746936202049255,0.12977907061576843,0.19456331431865692,0.5816083550453186,0.3572596311569214,0.4387834668159485,0.3629491627216339,0.3180822730064392,0.1834411323070526,0.5735563635826111,0.3784022033214569,0.44541293382644653,0.34915992617607117,0.331086128950119,0.19067217409610748,0.560693085193634,0.36254391074180603,0.4373375475406647,0.34909045696258545,0.34035563468933105,0.1964731514453888,0.5628960132598877,0.35618945956230164,0.4346922039985657,0.3552902042865753,0.32489603757858276,0.3631272315979004,0.7305152416229248,0.05461062118411064,0.40114474296569824,0.6843846440315247,-0.05509112402796745,0.4649965763092041,0.6737955808639526,0.12831172347068787,0.5195040702819824,0.5815713405609131,-0.053168196231126785,0.4776473045349121,0.878505527973175,-0.14436081051826477,0.4859350621700287,0.7794943451881409,-0.21204717457294464,0.48050689697265625,0.9055116176605225,-0.17499783635139465,0.4716425836086273,0.8069400787353516,-0.22426657378673553,0.477597713470459,0.9239769577980042,-0.1988867223262787,0.5010629892349243,0.8474324941635132,-0.20664846897125244
frame_00449.jpg,0.2703126072883606,0.4366131126880646,0.25320762395858765,0.25967875123023987,0.42984539270401,0.2272660732269287,0.25612181425094604,0.43216001987457275,0.2269645631313324,0.25257888436317444,0.4347326457500458,0.22696974873542786,0.2686745524406433,0.42138803005218506,0.21922771632671356,0.2712315022945404,0.4179476797580719,0.21886572241783142,0.2736569344997406,0.4145147502422333,0.21877436339855194,0.24877889454364777,0.44482898712158203,0.13601988554000854,0.27726954221725464,0.4161318242549896,0.10077295452356339,0.27109280228614807,0.4503934681415558,0.22921697795391083,0.2789016366004944,0.44246235489845276,0.2168721854686737,0.23646759986877441,0.537119448184967,0.12963595986366272,0.32720619440078735,0.4288872182369232,0.021395409479737282,0.23088523745536804,0.6482652425765991,0.21549057960510254,0.4041377604007721,0.4078670144081116,0.12814930081367493,0.1946641504764557,0.5821995139122009,0.3259648084640503,0.43873700499534607,0.3629339337348938,0.3145012855529785,0.1835048496723175,0.5746820569038391,0.3445415794849396,0.44545111060142517,0.3493710458278656,0.3243301808834076,0.19065463542938232,0.5610193014144897,0.33030110597610474,0.43737512826919556,0.34944990277290344,0.3269997239112854,0.19656842947006226,0.5632902979850769,0.32509446144104004,0.4347200393676758,0.3555372953414917,0.3193751275539398,0.36311304569244385,0.7298574447631836,0.054228316992521286,0.40117746591567993,0.6838075518608093,-0.05471491068601608,0.46490272879600525,0.6705842614173889,0.13022860884666443,0.5186814069747925,0.5814269781112671,-0.05551086738705635,0.47831591963768005,0.8734608292579651,-0.13801543414592743,0.4857085347175598,0.7803574204444885,-0.21602126955986023,0.48164886236190796,0.9028196334838867,-0.1683017760515213,0.4717785716056824,0.8074343204498291,-0.22859962284564972,0.4775942862033844,0.9192917346954346,-0.1940205842256546,0.5005196332931519,0.8481660485267639,-0.21560171246528625
frame_00450.jpg,0.269817978143692,0.43754714727401733,0.26845282316207886,0.25922951102256775,0.4308229088783264,0.24318628013134003,0.25567543506622314,0.43314921855926514,0.24288292229175568,0.25210532546043396,0.4357345700263977,0.2429073303937912,0.26825061440467834,0.42230525612831116,0.23589971661567688,0.27082711458206177,0.4188261032104492,0.2355254888534546,0.2732688784599304,0.41536200046539307,0.23544970154762268,0.24828609824180603,0.44579342007637024,0.1542252153158188,0.27688518166542053,0.41685423254966736,0.11985240876674652,0.2705484926700592,0.4512767195701599,0.24505393207073212,0.2784580588340759,0.44326645135879517,0.23339800536632538,0.23608224093914032,0.5384425520896912,0.1447523534297943,0.32637402415275574,0.42928647994995117,0.036493729799985886,0.232008695602417,0.6489152908325195,0.2336583435535431,0.40382522344589233,0.4090019166469574,0.1373622715473175,0.19488656520843506,0.5821228623390198,0.36429563164711,0.4386509954929352,0.3646315038204193,0.3253514766693115,0.18352286517620087,0.5746638774871826,0.38788825273513794,0.4453541338443756,0.3510461747646332,0.3380199372768402,0.19067558646202087,0.5609012842178345,0.3756006360054016,0.43725886940956116,0.3510349690914154,0.3419913351535797,0.19672077894210815,0.5634649991989136,0.3648587763309479,0.43455734848976135,0.3572510778903961,0.3312247395515442,0.3632638454437256,0.7302542924880981,0.05417441204190254,0.4014120101928711,0.6838111281394958,-0.05466104671359062,0.4634169638156891,0.6724365949630737,0.1272803097963333,0.5179933309555054,0.5828643441200256,-0.05677212029695511,0.476421058177948,0.873386800289154,-0.1497701108455658,0.48600491881370544,0.8115100264549255,-0.24954208731651306,0.47949719429016113,0.9021333456039429,-0.1806333363056183,0.46911779046058655,0.8213492035865784,-0.26582542061805725,0.476811945438385,0.920430064201355,-0.19939592480659485,0.5007692575454712,0.8630436658859253,-0.2542177736759186
frame_00451.jpg,0.26897481083869934,0.4402335584163666,0.2929801344871521,0.25831156969070435,0.43338996171951294,0.26804259419441223,0.25478431582450867,0.4355880916118622,0.26773303747177124,0.25118550658226013,0.43806731700897217,0.26772403717041016,0.2670193016529083,0.42567917704582214,0.26054078340530396,0.26949450373649597,0.4223838448524475,0.26017799973487854,0.2718002200126648,0.41899850964546204,0.26008936762809753,0.24774619936943054,0.44819673895835876,0.1763075739145279,0.27553999423980713,0.41968441009521484,0.1419038325548172,0.2699373960494995,0.45348235964775085,0.26841697096824646,0.2773559093475342,0.4462015926837921,0.2565920650959015,0.23614564538002014,0.5413995385169983,0.16725431382656097,0.32578912377357483,0.43128126859664917,0.05181211978197098,0.2320224791765213,0.6487786173820496,0.2909550368785858,0.40401339530944824,0.4094375669956207,0.14981895685195923,0.1949618011713028,0.5817394852638245,0.482560932636261,0.43872636556625366,0.36608901619911194,0.34155505895614624,0.1835176646709442,0.5744125247001648,0.5163933038711548,0.4453903138637543,0.35219138860702515,0.35641372203826904,0.19033470749855042,0.5609893202781677,0.5037901401519775,0.4372827410697937,0.35302504897117615,0.3615363836288452,0.1964360624551773,0.5634767413139343,0.4844464659690857,0.4345768094062805,0.35956642031669617,0.3481207489967346,0.3653244376182556,0.7335070371627808,0.05456376075744629,0.40231627225875854,0.6843588948249817,-0.05507270619273186,0.4646105170249939,0.6761646866798401,0.12666574120521545,0.5182402729988098,0.5825175642967224,-0.0588408038020134,0.4758685231208801,0.8806464672088623,-0.14901061356067657,0.48518943786621094,0.8046925067901611,-0.24889039993286133,0.47838670015335083,0.9096841812133789,-0.1796065717935562,0.4677172601222992,0.8205597400665283,-0.26423829793930054,0.47788938879966736,0.9281389117240906,-0.19463373720645905,0.49926623702049255,0.8666791319847107,-0.24611961841583252
frame_00452.jpg,0.2650853991508484,0.4439241290092468,0.2997226119041443,0.2550346255302429,0.43746742606163025,0.2740922272205353,0.25165629386901855,0.43958231806755066,0.2737812101840973,0.24827691912651062,0.44199877977371216,0.27377384901046753,0.2634902596473694,0.4302936792373657,0.26699966192245483,0.2661054730415344,0.42708075046539307,0.266640841960907,0.2687551975250244,0.42362120747566223,0.2665623426437378,0.24607619643211365,0.45239123702049255,0.17782427370548248,0.2739148736000061,0.4234999120235443,0.14555545151233673,0.2669326066970825,0.4565980136394501,0.2732231020927429,0.27417126297950745,0.4497005045413971,0.2619519829750061,0.2360718697309494,0.548340916633606,0.1673697680234909,0.32564908266067505,0.4355081617832184,0.05460027977824211,0.23279865086078644,0.650442898273468,0.2978668808937073,0.404289186000824,0.41291993856430054,0.16164539754390717,0.19510173797607422,0.5843102931976318,0.49374788999557495,0.4387350082397461,0.368887335062027,0.3610289394855499,0.18376338481903076,0.5768688917160034,0.5280228853225708,0.4454807639122009,0.3550494909286499,0.3767387270927429,0.19031070172786713,0.563917338848114,0.5143783688545227,0.4373973309993744,0.3560684025287628,0.3811931014060974,0.1963920146226883,0.5662908554077148,0.49544626474380493,0.4346369802951813,0.3625957667827606,0.36752796173095703,0.36525362730026245,0.7382372617721558,0.054526619613170624,0.4034726023674011,0.6888814568519592,-0.05503707006573677,0.4642043113708496,0.6785102486610413,0.12998613715171814,0.5182644128799438,0.5835135579109192,-0.05642981082201004,0.47477084398269653,0.8826453685760498,-0.13911475241184235,0.4853929877281189,0.8045341968536377,-0.24530717730522156,0.47679585218429565,0.9115831851959229,-0.1691179722547531,0.4680503010749817,0.8210943341255188,-0.26071232557296753,0.477439820766449,0.9290744066238403,-0.1822993904352188,0.5001565217971802,0.8661484122276306,-0.24241678416728973
frame_00453.jpg,0.2654394805431366,0.44757920503616333,0.29923295974731445,0.2553086578845978,0.4408186674118042,0.27408304810523987,0.2519518733024597,0.4427277445793152,0.27377796173095703,0.2485850304365158,0.44497787952423096,0.2737693190574646,0.2635970711708069,0.43432724475860596,0.26610612869262695,0.2661249339580536,0.43128660321235657,0.26575419306755066,0.2686655819416046,0.42796140909194946,0.26568639278411865,0.24615204334259033,0.45533719658851624,0.17916274070739746,0.2733752131462097,0.4278394877910614,0.1429380178451538,0.2671116590499878,0.4600418508052826,0.27313104271888733,0.2741084396839142,0.4537850320339203,0.2607249915599823,0.23556403815746307,0.5540567636489868,0.16560928523540497,0.3251948058605194,0.43874818086624146,0.05196166783571243,0.23539812862873077,0.6584159731864929,0.2779574394226074,0.40518540143966675,0.4161967933177948,0.1513030081987381,0.19886961579322815,0.5898313522338867,0.4471139907836914,0.438847154378891,0.36966949701309204,0.34375089406967163,0.1864224672317505,0.5811752676963806,0.47693172097206116,0.44623416662216187,0.3553963899612427,0.3576095998287201,0.19186542928218842,0.5690717697143555,0.4648887515068054,0.4380636215209961,0.35653001070022583,0.3627249300479889,0.19778475165367126,0.571623682975769,0.4487188458442688,0.43499669432640076,0.36320605874061584,0.35020655393600464,0.36558297276496887,0.7429126501083374,0.05450764298439026,0.4044056832790375,0.6923452615737915,-0.05501757934689522,0.46317893266677856,0.6861016154289246,0.12933653593063354,0.516929030418396,0.5842347741127014,-0.06379987299442291,0.47517019510269165,0.887186586856842,-0.14864280819892883,0.485319048166275,0.8021420240402222,-0.26824766397476196,0.47752004861831665,0.9149898886680603,-0.1795690655708313,0.4676451086997986,0.8251561522483826,-0.2852467894554138,0.47733306884765625,0.9371786117553711,-0.19567464292049408,0.5001422166824341,0.8730543255805969,-0.2697531580924988
frame_00454.jpg,0.26508280634880066,0.4500492811203003,0.3328734040260315,0.25470852851867676,0.44359782338142395,0.30754122138023376,0.2513790726661682,0.4455515146255493,0.3072262108325958,0.2480488270521164,0.4478215277194977,0.3072092533111572,0.26285699009895325,0.4369288682937622,0.2988598048686981,0.26535314321517944,0.43377360701560974,0.2985089421272278,0.26788461208343506,0.43032678961753845,0.2984426021575928,0.2457595318555832,0.4582118093967438,0.20647406578063965,0.27277153730392456,0.4302128255367279,0.16782782971858978,0.2667653262615204,0.46238943934440613,0.3043285608291626,0.2736618220806122,0.45577409863471985,0.2910269498825073,0.23551678657531738,0.5572488307952881,0.1892845183610916,0.3249192237854004,0.4422070384025574,0.06632938235998154,0.24233512580394745,0.6694247722625732,0.33043426275253296,0.40635794401168823,0.4203990697860718,0.1661721169948578,0.2074272632598877,0.5997186303138733,0.5504278540611267,0.43899470567703247,0.37151038646698,0.37536248564720154,0.1921987235546112,0.5910115838050842,0.5903381109237671,0.44685620069503784,0.3570731580257416,0.39308613538742065,0.19755516946315765,0.5790513157844543,0.5772218704223633,0.43846073746681213,0.35817620158195496,0.4011746346950531,0.20512858033180237,0.5803451538085938,0.5529996156692505,0.4351910650730133,0.36480608582496643,0.3833886981010437,0.3656439781188965,0.745550274848938,0.055268146097660065,0.4045732021331787,0.694584310054779,-0.05580562353134155,0.4624183773994446,0.6939839720726013,0.12981049716472626,0.5140634775161743,0.5845355987548828,-0.062328048050403595,0.4749409556388855,0.8958391547203064,-0.15902718901634216,0.48555198311805725,0.8007175922393799,-0.2585780918598175,0.4773389399051666,0.9252288937568665,-0.1906154602766037,0.46766170859336853,0.8269348740577698,-0.27473050355911255,0.47768402099609375,0.9447667002677917,-0.2008802890777588,0.50034099817276,0.8735753297805786,-0.2527361214160919
frame_00455.jpg,0.26539409160614014,0.45317214727401733,0.3319968581199646,0.2548249661922455,0.44663479924201965,0.30649474263191223,0.25145408511161804,0.4486432373523712,0.30618301033973694,0.2480831891298294,0.4510049521923065,0.30615612864494324,0.26290202140808105,0.4401368200778961,0.2983604967594147,0.2652937173843384,0.4371528625488281,0.2980135381221771,0.26770269870758057,0.43385860323905945,0.2979446351528168,0.24541309475898743,0.4614157974720001,0.20491087436676025,0.27202531695365906,0.4341237246990204,0.1685866415500641,0.266888827085495,0.465848445892334,0.3033791184425354,0.27370375394821167,0.4592142105102539,0.29070624709129333,0.234480619430542,0.5597061514854431,0.1838373988866806,0.3237503170967102,0.44477370381355286,0.07189315557479858,0.24347391724586487,0.6707550287246704,0.3272576630115509,0.4064117968082428,0.4247409403324127,0.16752974689006805,0.21128292381763458,0.6027061939239502,0.5586987733840942,0.4392509460449219,0.37328723073005676,0.3674773573875427,0.19806566834449768,0.5939189791679382,0.6001013517379761,0.4473015367984772,0.3589044213294983,0.38386696577072144,0.20375803112983704,0.5822010040283203,0.5863114595413208,0.43888869881629944,0.3595629036426544,0.3916439414024353,0.21076270937919617,0.5849096775054932,0.5612929463386536,0.43545952439308167,0.36619117856025696,0.37503448128700256,0.36525529623031616,0.7459801435470581,0.052038680762052536,0.4049270749092102,0.6951872110366821,-0.05261807516217232,0.44432783126831055,0.7043536305427551,0.1410093605518341,0.510044276714325,0.5848381519317627,-0.04359033331274986,0.4687974452972412,0.8986345529556274,-0.1405627280473709,0.4861195981502533,0.7998456358909607,-0.25247010588645935,0.473416805267334,0.9259480237960815,-0.17097137868404388,0.4696740508079529,0.8262805938720703,-0.2669329047203064,0.47011858224868774,0.9496416449546814,-0.16886162757873535,0.5004268884658813,0.8774101734161377,-0.24836599826812744
frame_00456.jpg,0.26301121711730957,0.45252862572669983,0.2753540873527527,0.25231480598449707,0.44570621848106384,0.2485332489013672,0.24893470108509064,0.44767412543296814,0.24821563065052032,0.2455950230360031,0.4499775171279907,0.24822354316711426,0.2597006559371948,0.439256489276886,0.23830068111419678,0.2615676522254944,0.4362676739692688,0.23797614872455597,0.2634432911872864,0.4329789876937866,0.23794059455394745,0.24101579189300537,0.460097998380661,0.1533789038658142,0.26591956615448,0.4332895874977112,0.10699434578418732,0.2638850808143616,0.46501636505126953,0.25044357776641846,0.2703555226325989,0.45906493067741394,0.23467382788658142,0.22962267696857452,0.5586205124855042,0.13639739155769348,0.3141604959964752,0.44359534978866577,0.023866672068834305,0.2438548356294632,0.6687178015708923,0.24259738624095917,0.40532922744750977,0.4283093214035034,0.09627876430749893,0.21054258942604065,0.6045543551445007,0.3981298506259918,0.43907657265663147,0.37480029463768005,0.25143057107925415,0.19686941802501678,0.5966908931732178,0.42445725202560425,0.4474559426307678,0.3630707561969757,0.25635021924972534,0.20269450545310974,0.5855447053909302,0.4144279956817627,0.43909701704978943,0.361257940530777,0.2597394585609436,0.21030554175376892,0.5867816209793091,0.4002670347690582,0.4354308247566223,0.36716338992118835,0.25578388571739197,0.35598471760749817,0.7262521386146545,0.05196003243327141,0.3999158442020416,0.6824404001235962,-0.052538949996232986,0.3975687325000763,0.6553472876548767,0.2794724106788635,0.5046085119247437,0.584967851638794,-0.018377158790826797,0.4192330837249756,0.7850965857505798,0.12008483707904816,0.49187856912612915,0.781744658946991,-0.18866783380508423,0.4260007441043854,0.808463990688324,0.10150376707315445,0.47719401121139526,0.8118365406990051,-0.20184430480003357,0.41860899329185486,0.8071314096450806,0.12482485920190811,0.5204024910926819,0.8136309385299683,-0.18337777256965637
frame_00457.jpg,0.25607696175575256,0.4504346251487732,0.23652715981006622,0.24550402164459229,0.44394969940185547,0.2105191946029663,0.2421143352985382,0.4463043212890625,0.21021768450737,0.2386692464351654,0.44892367720603943,0.2102307379245758,0.2528761029243469,0.4365995228290558,0.20157325267791748,0.2548251450061798,0.4332752227783203,0.20123834908008575,0.25682172179222107,0.42973896861076355,0.20118096470832825,0.23416540026664734,0.45871174335479736,0.11753283441066742,0.2607196569442749,0.4294993281364441,0.07711172103881836,0.2575303912162781,0.4642643630504608,0.21184217929840088,0.2641230523586273,0.45686107873916626,0.19800664484500885,0.22516155242919922,0.5578528046607971,0.09658968448638916,0.30906742811203003,0.44284871220588684,0.002049870090559125,0.2443603277206421,0.6679327487945557,0.20394501090049744,0.40271034836769104,0.42869648337364197,0.0758768767118454,0.23009130358695984,0.6310481429100037,0.35372236371040344,0.43853646516799927,0.37692171335220337,0.2161697894334793,0.2129562646150589,0.606663167476654,0.37721577286720276,0.4476597309112549,0.36571794748306274,0.21621689200401306,0.23213648796081543,0.6120745539665222,0.36024051904678345,0.439441978931427,0.3626471757888794,0.21695370972156525,0.23769979178905487,0.6081778407096863,0.3524637222290039,0.4354369044303894,0.36850470304489136,0.21875330805778503,0.3547007441520691,0.7165094017982483,0.04166506230831146,0.3976868987083435,0.6757856607437134,-0.04217149317264557,0.40124955773353577,0.6392803192138672,0.2591327130794525,0.49913159012794495,0.5853489637374878,-0.009203248657286167,0.4192212224006653,0.7512940168380737,0.12756069004535675,0.4912954270839691,0.7696053981781006,-0.13502496480941772,0.4264284670352936,0.7700733542442322,0.11201231181621552,0.476937860250473,0.8010643720626831,-0.14395678043365479,0.4089994430541992,0.7765752077102661,0.12889114022254944,0.512175440788269,0.8171128034591675,-0.12589463591575623
frame_00458.jpg,0.2502394914627075,0.4501117467880249,0.2407512366771698,0.24025806784629822,0.443273663520813,0.2143363505601883,0.23691575229167938,0.4455009996891022,0.2140411138534546,0.23347565531730652,0.4480469524860382,0.21405652165412903,0.24774178862571716,0.4363480508327484,0.2052982747554779,0.24987944960594177,0.43309614062309265,0.20495685935020447,0.2520411014556885,0.42934152483940125,0.2048911303281784,0.22939281165599823,0.45846953988075256,0.11896894872188568,0.2569088339805603,0.42852160334587097,0.07794880121946335,0.25178974866867065,0.4635080397129059,0.21534273028373718,0.25860387086868286,0.4566114544868469,0.2013322412967682,0.22135868668556213,0.5573932528495789,0.09047681838274002,0.30610519647598267,0.44230857491493225,-0.0010192322079092264,0.2439303696155548,0.6675577163696289,0.17395372688770294,0.39714953303337097,0.4285545349121094,0.0688256174325943,0.23930573463439941,0.641510546207428,0.29905593395233154,0.43462586402893066,0.38178926706314087,0.21194398403167725,0.23019850254058838,0.6205266714096069,0.319168359041214,0.4453336298465729,0.37244120240211487,0.2135305106639862,0.24342989921569824,0.6234245300292969,0.3045561909675598,0.43750080466270447,0.3676091134548187,0.21232011914253235,0.24790719151496887,0.6189384460449219,0.29793763160705566,0.433027446269989,0.3734034597873688,0.21402379870414734,0.3503815233707428,0.7090577483177185,0.035754553973674774,0.3957541882991791,0.668744683265686,-0.03628670424222946,0.372164785861969,0.6526877880096436,0.28386229276657104,0.49271565675735474,0.5881795287132263,0.02181081287562847,0.4032132029533386,0.7669625878334045,0.1784372180700302,0.49524378776550293,0.769516110420227,-0.10962977260351181,0.41368693113327026,0.7854233980178833,0.16654686629772186,0.48055320978164673,0.800118088722229,-0.11933449655771255,0.3982647955417633,0.7872288227081299,0.20252756774425507,0.521396279335022,0.8040823340415955,-0.09631586074829102
frame_00459.jpg,0.24435245990753174,0.4465736448764801,0.2364700585603714,0.23472526669502258,0.44037798047065735,0.20685584843158722,0.23162570595741272,0.4430902898311615,0.2065581977367401,0.22832250595092773,0.44601693749427795,0.2065574824810028,0.24239449203014374,0.43230122327804565,0.20089051127433777,0.24483470618724823,0.42906445264816284,0.20057980716228485,0.24732705950737,0.42557111382484436,0.20053398609161377,0.22416408360004425,0.4560103416442871,0.09805186092853546,0.2533402740955353,0.4244171380996704,0.07131804525852203,0.24603009223937988,0.4611649215221405,0.20641568303108215,0.25305742025375366,0.45257315039634705,0.1963743269443512,0.21941640973091125,0.5568630695343018,0.05856649950146675,0.3040938973426819,0.442060649394989,0.0005631140666082501,0.24371321499347687,0.6668550968170166,0.11294861882925034,0.3944647014141083,0.42964789271354675,0.06760808080434799,0.23115117847919464,0.6303075551986694,0.22528104484081268,0.4334804117679596,0.3816227912902832,0.1967296451330185,0.22226974368095398,0.6170061230659485,0.2409077137708664,0.44493383169174194,0.37189981341362,0.19760985672473907,0.2330857217311859,0.6132751703262329,0.23243620991706848,0.436892032623291,0.3678039312362671,0.1978362500667572,0.23821058869361877,0.6107062101364136,0.22656388580799103,0.4323655664920807,0.37392741441726685,0.19889028370380402,0.3459070026874542,0.707602858543396,0.028302649036049843,0.3960598111152649,0.6667393445968628,-0.028775295242667198,0.3425023555755615,0.6544548273086548,0.28969550132751465,0.4866037964820862,0.5889742970466614,0.006430568639189005,0.37869495153427124,0.7416247725486755,0.1561422497034073,0.4969789981842041,0.7688438892364502,-0.14466898143291473,0.39219456911087036,0.7654981017112732,0.14100906252861023,0.4842899739742279,0.7955998182296753,-0.15662893652915955,0.37647849321365356,0.7649396061897278,0.18150612711906433,0.5246384739875793,0.8005837798118591,-0.1334110051393509
frame_00460.jpg,0.24611727893352509,0.44146987795829773,0.25245386362075806,0.23600873351097107,0.4351862370967865,0.2307886779308319,0.23257073760032654,0.43808746337890625,0.2305188626050949,0.2290971577167511,0.44092029333114624,0.23047034442424774,0.24422740936279297,0.4269099831581116,0.21947601437568665,0.24665220081806183,0.4238179624080658,0.21924570202827454,0.24901708960533142,0.4205969274044037,0.2191997468471527,0.2243175506591797,0.4510781466960907,0.1293795108795166,0.2528603971004486,0.4214824438095093,0.0726521834731102,0.24679496884346008,0.4564196765422821,0.22144868969917297,0.25470954179763794,0.4476231038570404,0.20310577750205994,0.21611690521240234,0.5551358461380005,0.08646207302808762,0.3020856976509094,0.4410112202167511,0.007986268028616905,0.24259109795093536,0.666387677192688,0.1392194926738739,0.38936465978622437,0.4297473728656769,0.061540789902210236,0.23926250636577606,0.6510339975357056,0.23706428706645966,0.4316156804561615,0.38558176159858704,0.17062908411026,0.23879370093345642,0.6508074402809143,0.2529178559780121,0.44412606954574585,0.37675347924232483,0.17037467658519745,0.24663607776165009,0.633311927318573,0.2399640530347824,0.4350350797176361,0.372513085603714,0.17145176231861115,0.2500588595867157,0.6295384764671326,0.23578409850597382,0.4301602244377136,0.378854364156723,0.1728634536266327,0.3455674946308136,0.6999441385269165,0.025960484519600868,0.3919721841812134,0.6448218822479248,-0.02644461765885353,0.3703460097312927,0.6581944227218628,0.18401764333248138,0.47461891174316406,0.599471390247345,-0.0018694289028644562,0.3996131420135498,0.756584107875824,0.046937495470047,0.4964940547943115,0.7665192484855652,-0.16483072936534882,0.4072239398956299,0.7695503234863281,0.03874759003520012,0.48448261618614197,0.7901422381401062,-0.18176507949829102,0.39221981167793274,0.7888248562812805,0.06433652341365814,0.5216275453567505,0.8024084568023682,-0.18927718698978424
frame_00461.jpg,0.24458284676074982,0.43449121713638306,0.2689010500907898,0.234754279255867,0.42814651131629944,0.24518020451068878,0.2311323583126068,0.43087446689605713,0.24489781260490417,0.22742800414562225,0.43364325165748596,0.24485227465629578,0.24341265857219696,0.42032989859580994,0.2348824441432953,0.24578268826007843,0.4175255000591278,0.23462848365306854,0.248004749417305,0.4146954119205475,0.2345898151397705,0.22258293628692627,0.44378897547721863,0.13212600350379944,0.25062087178230286,0.417154461145401,0.0752720981836319,0.24409298598766327,0.44989877939224243,0.23372313380241394,0.25278571248054504,0.4410529136657715,0.2166343629360199,0.214124396443367,0.5526410937309265,0.07788220047950745,0.302053302526474,0.4401471018791199,0.011576003395020962,0.23928555846214294,0.6637439131736755,0.13025790452957153,0.39079177379608154,0.4297681748867035,0.06876702606678009,0.2307448834180832,0.6399202346801758,0.2415337860584259,0.4296939969062805,0.393522173166275,0.18122252821922302,0.2254907786846161,0.6389942765235901,0.25870832800865173,0.44258826971054077,0.3855404257774353,0.1843314915895462,0.23857681453227997,0.6228420734405518,0.2501353621482849,0.43239837884902954,0.3804597556591034,0.1828058660030365,0.24268774688243866,0.6217625141143799,0.2425006926059723,0.42724037170410156,0.38576939702033997,0.18242216110229492,0.34240278601646423,0.6958810687065125,0.018217306584119797,0.3894515931606293,0.6391047239303589,-0.01871401071548462,0.37883231043815613,0.6467452645301819,0.1741763949394226,0.46996015310287476,0.6192798614501953,-0.0016073870938271284,0.40554410219192505,0.7007625699043274,0.03946241736412048,0.4983742833137512,0.7675953507423401,-0.1602693796157837,0.4119487702846527,0.7074918746948242,0.026743700727820396,0.4898295998573303,0.7927371859550476,-0.1736258715391159,0.3971872925758362,0.7210294604301453,0.05901685357093811,0.5252674221992493,0.7934808731079102,-0.16853925585746765
frame_00462.jpg,0.24278774857521057,0.4316740334033966,0.32101649045944214,0.2330695390701294,0.4257441461086273,0.29792267084121704,0.2292066514492035,0.4286734163761139,0.29763680696487427,0.2252536118030548,0.4315195381641388,0.2975442707538605,0.24232348799705505,0.41720375418663025,0.28927353024482727,0.24487002193927765,0.4142151176929474,0.2889709770679474,0.24722489714622498,0.41125717759132385,0.28893476724624634,0.22118231654167175,0.4412514567375183,0.1896376609802246,0.2502949833869934,0.4147699475288391,0.14948177337646484,0.24180905520915985,0.4477201998233795,0.28830859065055847,0.25120314955711365,0.4378547668457031,0.27474039793014526,0.21383050084114075,0.5525420308113098,0.08658288419246674,0.30347901582717896,0.43889904022216797,0.058592211455106735,0.23919305205345154,0.6665499806404114,0.1434483677148819,0.3917643427848816,0.42939260601997375,0.07138432562351227,0.2297397404909134,0.6361467838287354,0.2644772529602051,0.4302097260951996,0.3925603926181793,0.16814233362674713,0.22426648437976837,0.6296584606170654,0.28477710485458374,0.4429754614830017,0.38326436281204224,0.17530329525470734,0.23251406848430634,0.6179901361465454,0.2797965407371521,0.4326193332672119,0.3780904710292816,0.17963603138923645,0.2375410497188568,0.6170569062232971,0.2668558955192566,0.42773666977882385,0.3834894895553589,0.17190556228160858,0.34297773241996765,0.6987636685371399,0.0067532844841480255,0.390590637922287,0.6302350163459778,-0.007362400647252798,0.4153865873813629,0.8225139379501343,0.02616482973098755,0.46202945709228516,0.6165749430656433,0.023413699120283127,0.4701751172542572,0.7910182476043701,-0.17073485255241394,0.49851393699645996,0.7678970694541931,-0.2391931712627411,0.4840903878211975,0.7109783887863159,-0.18884029984474182,0.4921392798423767,0.7914049625396729,-0.2654218375682831,0.4702228903770447,0.79009610414505,-0.14960069954395294,0.5232154130935669,0.8028259873390198,-0.2512587904930115
frame_00463.jpg,0.24059128761291504,0.42905235290527344,0.33641019463539124,0.23069408535957336,0.42364880442619324,0.31178849935531616,0.22691559791564941,0.4267977774143219,0.31151455640792847,0.2230982780456543,0.4298352003097534,0.31145164370536804,0.24024057388305664,0.41459038853645325,0.30745190382003784,0.2429097592830658,0.41154393553733826,0.3071514964103699,0.24536621570587158,0.4085187613964081,0.30709901452064514,0.2200659066438675,0.4394053518772125,0.19884656369686127,0.2487345039844513,0.41231289505958557,0.17963062226772308,0.2399836778640747,0.4457504153251648,0.30172571539878845,0.24962911009788513,0.4353988766670227,0.2940645217895508,0.2140170782804489,0.5514923334121704,0.09733197093009949,0.3039636015892029,0.4370020627975464,0.09268210083246231,0.2361893206834793,0.667188286781311,0.16036227345466614,0.3913648724555969,0.42912912368774414,0.13951615989208221,0.2258743792772293,0.6355211138725281,0.26810815930366516,0.424948126077652,0.3964727222919464,0.2598695158958435,0.2153775990009308,0.6257869601249695,0.28769075870513916,0.43740391731262207,0.38661664724349976,0.2721653878688812,0.2301592379808426,0.6141544580459595,0.2989346981048584,0.42948246002197266,0.3822862207889557,0.27248498797416687,0.23467211425304413,0.6130878925323486,0.2735016942024231,0.4239937663078308,0.38874492049217224,0.262275755405426,0.3413389325141907,0.692436158657074,0.002021591644734144,0.38965460658073425,0.6225842833518982,-0.002630180213600397,0.38807350397109985,0.757490336894989,0.05985148623585701,0.4592343270778656,0.6184619069099426,0.024995652958750725,0.4214593768119812,0.7743269801139832,-0.11228318512439728,0.4981854557991028,0.7704355120658875,-0.22419163584709167,0.43290287256240845,0.7531731128692627,-0.1280297189950943,0.491349995136261,0.7916021347045898,-0.24641796946525574,0.4208860993385315,0.7928898334503174,-0.09049136191606522,0.5229653120040894,0.8060187697410583,-0.23906295001506805
frame_00464.jpg,0.2405943125486374,0.4238758087158203,0.3250398337841034,0.2299269437789917,0.41893714666366577,0.30051177740097046,0.22625461220741272,0.4220695495605469,0.3002321720123291,0.22262510657310486,0.4251701533794403,0.300198495388031,0.23940977454185486,0.4101678133010864,0.2949294447898865,0.24195513129234314,0.4072597622871399,0.2946263551712036,0.2442966252565384,0.4043075144290924,0.2945551872253418,0.2196064293384552,0.4352591931819916,0.18988502025604248,0.2468913048505783,0.40804335474967957,0.164930522441864,0.2401774823665619,0.4402606785297394,0.29147598147392273,0.24967972934246063,0.4307059049606323,0.28214651346206665,0.21407544612884521,0.5468928217887878,0.09825124591588974,0.302016019821167,0.43386760354042053,0.07319439947605133,0.23451121151447296,0.6615064740180969,0.1621623933315277,0.3876565098762512,0.42894232273101807,0.12349575757980347,0.2254805564880371,0.6365512609481812,0.2923278212547302,0.42553868889808655,0.3949810564517975,0.2552897334098816,0.21762998402118683,0.631806492805481,0.31267890334129333,0.4389827847480774,0.38518115878105164,0.2637162208557129,0.22795303165912628,0.6142890453338623,0.3118838667869568,0.43242207169532776,0.3804803192615509,0.2637178301811218,0.23292139172554016,0.6124149560928345,0.29500365257263184,0.4257824420928955,0.38678136467933655,0.25768232345581055,0.33784347772598267,0.6876604557037354,0.008777974173426628,0.38902121782302856,0.6176558136940002,-0.00936876330524683,0.36950352787971497,0.7179533839225769,0.10439164936542511,0.45480984449386597,0.6192203164100647,0.019704200327396393,0.4008573889732361,0.786827802658081,-0.13108514249324799,0.49943089485168457,0.7683676481246948,-0.2510247528553009,0.422507107257843,0.7883198261260986,-0.15601399540901184,0.49301162362098694,0.7911049723625183,-0.27450090646743774,0.4142789840698242,0.8247299790382385,-0.1483231782913208,0.5264952778816223,0.8027480244636536,-0.2818274199962616
frame_00465.jpg,0.2379133701324463,0.4209993779659271,0.30472761392593384,0.22719299793243408,0.4162532687187195,0.27788883447647095,0.22358182072639465,0.4194365441799164,0.2776261270046234,0.22003646194934845,0.4226026237010956,0.27759531140327454,0.23691241443157196,0.40744203329086304,0.2755497992038727,0.2395300418138504,0.4046036899089813,0.2752526104450226,0.24195651710033417,0.40171512961387634,0.2751636207103729,0.21720269322395325,0.43289700150489807,0.16014494001865387,0.24498622119426727,0.405006468296051,0.14708341658115387,0.23733946681022644,0.43769413232803345,0.26784247159957886,0.24707286059856415,0.4278586804866791,0.2620750963687897,0.21405522525310516,0.5446008443832397,0.08523673564195633,0.3008517026901245,0.43271419405937195,0.05877162888646126,0.23061569035053253,0.6553576588630676,0.1376880705356598,0.3863184452056885,0.4288252294063568,0.10986194759607315,0.21815995872020721,0.6338822245597839,0.2705971598625183,0.42686572670936584,0.3943491578102112,0.23258647322654724,0.20361582934856415,0.6260576248168945,0.29151636362075806,0.4407413601875305,0.38500192761421204,0.23939117789268494,0.21864810585975647,0.6097536683082581,0.28347617387771606,0.43420061469078064,0.37930071353912354,0.23958313465118408,0.22416889667510986,0.6074718832969666,0.272170752286911,0.42735210061073303,0.3855542242527008,0.2347542941570282,0.33508041501045227,0.6837753653526306,0.011775461956858635,0.3884594440460205,0.6189641356468201,-0.012340279296040535,0.36471790075302124,0.6701205968856812,0.11189059913158417,0.45367541909217834,0.6193317770957947,-0.003586758393794298,0.3869083523750305,0.7878639698028564,-0.09557466208934784,0.501022458076477,0.7658886313438416,-0.2386460304260254,0.4059287905693054,0.7890039682388306,-0.11919872462749481,0.4954921305179596,0.7900302410125732,-0.25899386405944824,0.3979434072971344,0.827696681022644,-0.1102059856057167,0.5257611870765686,0.8010594844818115,-0.26173242926597595
frame_00466.jpg,0.23727059364318848,0.4210299849510193,0.2940322458744049,0.22626598179340363,0.4162270128726959,0.2646390497684479,0.22265133261680603,0.41943663358688354,0.26437342166900635,0.2190905511379242,0.4226059019565582,0.26431819796562195,0.23618212342262268,0.4072752892971039,0.26368337869644165,0.23889923095703125,0.4043407440185547,0.26338446140289307,0.24139514565467834,0.4013335108757019,0.26330146193504333,0.2165720909833908,0.43287762999534607,0.14217187464237213,0.24478936195373535,0.404460072517395,0.13386419415473938,0.23699066042900085,0.43771830201148987,0.25579747557640076,0.24672465026378632,0.42796337604522705,0.25159570574760437,0.21435579657554626,0.5446659922599792,0.06268481910228729,0.30130884051322937,0.43263253569602966,0.05631410330533981,0.23113982379436493,0.6591551303863525,0.10072250664234161,0.3865521550178528,0.4272921681404114,0.10845277458429337,0.2134583294391632,0.6222303509712219,0.24852719902992249,0.42818647623062134,0.39358147978782654,0.23530760407447815,0.1973942369222641,0.6171886920928955,0.2694772779941559,0.4413169324398041,0.3840835988521576,0.2449694126844406,0.211686372756958,0.5979761481285095,0.26420798897743225,0.4348324239253998,0.37864238023757935,0.24473266303539276,0.21802648901939392,0.5982427000999451,0.25147074460983276,0.42796069383621216,0.3850099742412567,0.23710325360298157,0.3340097963809967,0.6807307600975037,0.0026963893324136734,0.38774561882019043,0.6148540377616882,-0.00324213202111423,0.3435301184654236,0.6889582872390747,0.12059128284454346,0.4509657919406891,0.6176744699478149,0.014294454827904701,0.3882211148738861,0.7805309295654297,-0.07155384123325348,0.5012556314468384,0.7667904496192932,-0.2210194319486618,0.402107298374176,0.7814212441444397,-0.08947356045246124,0.49702733755111694,0.7909674048423767,-0.24384501576423645,0.39682477712631226,0.8246372938156128,-0.05324043706059456,0.5251303315162659,0.8024471998214722,-0.2476811408996582
frame_00467.jpg,0.23781020939350128,0.42085516452789307,0.29135221242904663,0.22677429020404816,0.41605091094970703,0.26335030794143677,0.22314412891864777,0.4192551374435425,0.2630898952484131,0.21957612037658691,0.42239639163017273,0.2630130350589752,0.2366965115070343,0.40710705518722534,0.26237139105796814,0.2394062727689743,0.4041755795478821,0.26207900047302246,0.24191546440124512,0.40112438797950745,0.262003093957901,0.21717004477977753,0.4326860308647156,0.14624957740306854,0.24535837769508362,0.4044632315635681,0.1357370764017105,0.2376631200313568,0.43759027123451233,0.2548654079437256,0.2473597228527069,0.4280604124069214,0.2506478428840637,0.2146274596452713,0.5435394644737244,0.05831126496195793,0.30163779854774475,0.43266400694847107,0.0700485110282898,0.2313675582408905,0.6623471975326538,0.0875258669257164,0.38836365938186646,0.42612698674201965,0.11339893192052841,0.2091188132762909,0.6162092089653015,0.21781077980995178,0.4304393231868744,0.39302343130111694,0.22385744750499725,0.1951407641172409,0.6125805974006653,0.23248568177223206,0.4442668855190277,0.38340476155281067,0.23177683353424072,0.20563681423664093,0.5951054692268372,0.2287953644990921,0.43585190176963806,0.37824690341949463,0.2304334193468094,0.2131688892841339,0.5940554141998291,0.22085174918174744,0.4290591776371002,0.3845522701740265,0.22473695874214172,0.3354169726371765,0.6759561896324158,-0.01133620087057352,0.38747406005859375,0.6092861294746399,0.010759870521724224,0.3456840217113495,0.7053558230400085,0.04645714908838272,0.4532702565193176,0.6306454539299011,0.020351333543658257,0.3756404221057892,0.6998134851455688,-0.08884843438863754,0.5010296106338501,0.7667418718338013,-0.18354390561580658,0.38729557394981384,0.6889551281929016,-0.10004758834838867,0.4987547993659973,0.7915871143341064,-0.20144668221473694,0.3727976679801941,0.7149884700775146,-0.05125284940004349,0.5247267484664917,0.8003109693527222,-0.19207170605659485
frame_00468.jpg,0.23845192790031433,0.4214108884334564,0.278893381357193,0.22732774913311005,0.4162842035293579,0.25217464566230774,0.22363848984241486,0.41942957043647766,0.2519218921661377,0.22001969814300537,0.4225219190120697,0.2518252432346344,0.23728163540363312,0.40751197934150696,0.2493685483932495,0.23999814689159393,0.4045988917350769,0.2490961253643036,0.24252410233020782,0.4015704095363617,0.2490452080965042,0.21759195625782013,0.43263402581214905,0.13901928067207336,0.24594196677207947,0.404884934425354,0.12451086193323135,0.23835423588752747,0.4379594624042511,0.24445362389087677,0.247938871383667,0.42865651845932007,0.2384444922208786,0.21478967368602753,0.5436737537384033,0.05360914021730423,0.30194735527038574,0.4326782822608948,0.061472952365875244,0.23207072913646698,0.6636025905609131,0.06429017335176468,0.3887495696544647,0.42611658573150635,0.08355589210987091,0.197721928358078,0.6154943108558655,0.15771082043647766,0.4348227381706238,0.3926647901535034,0.16992424428462982,0.18300789594650269,0.6118844151496887,0.16788244247436523,0.4465433955192566,0.38286125659942627,0.1732332408428192,0.1895017772912979,0.5954281687736511,0.16684116423130035,0.43826523423194885,0.37791675329208374,0.1756841242313385,0.1986488401889801,0.5944953560829163,0.1612677276134491,0.43307551741600037,0.38425213098526,0.17221523821353912,0.338924378156662,0.6764571070671082,-0.005770542658865452,0.3877883553504944,0.6095883250236511,0.005242041312158108,0.3576899468898773,0.7006218433380127,0.04943842813372612,0.4475940763950348,0.6385602951049805,-0.030378947034478188,0.3854902386665344,0.703188955783844,-0.12868763506412506,0.49620646238327026,0.7670537829399109,-0.30469056963920593,0.39678171277046204,0.695422351360321,-0.145110085606575,0.49976640939712524,0.7998018860816956,-0.33024391531944275,0.3821931481361389,0.7266858816146851,-0.10323105752468109,0.5176327228546143,0.80091392993927,-0.33268412947654724
frame_00469.jpg,0.23888280987739563,0.42171522974967957,0.2566850781440735,0.22769491374492645,0.4161941409111023,0.230067178606987,0.22394463419914246,0.41927140951156616,0.22980836033821106,0.22028836607933044,0.4222707450389862,0.22969600558280945,0.23765218257904053,0.4076347351074219,0.2238854169845581,0.24036261439323425,0.4047870934009552,0.22361508011817932,0.24288809299468994,0.40184465050697327,0.22357556223869324,0.21764631569385529,0.4321504533290863,0.11985030025243759,0.24617746472358704,0.40523338317871094,0.09130372107028961,0.23876066505908966,0.4381047189235687,0.22412824630737305,0.2483157217502594,0.42908626794815063,0.2140130251646042,0.2149336040019989,0.5438092350959778,0.04334763437509537,0.301246702671051,0.4331416189670563,0.019978176802396774,0.23432357609272003,0.6674906015396118,0.04564540833234787,0.3892476260662079,0.4263327419757843,0.0373711995780468,0.19678707420825958,0.6155943274497986,0.12297433614730835,0.43608179688453674,0.39293867349624634,0.1253434419631958,0.1816348433494568,0.6117379069328308,0.13074085116386414,0.4493255615234375,0.38245928287506104,0.12817654013633728,0.18735553324222565,0.5957692265510559,0.13091672956943512,0.4406535029411316,0.3782740533351898,0.13179068267345428,0.19631503522396088,0.5946673154830933,0.12625496089458466,0.4355490803718567,0.3846617043018341,0.12856455147266388,0.34163999557495117,0.6781077980995178,-0.0020410320721566677,0.3880884051322937,0.612795889377594,0.0014731003902852535,0.3600422739982605,0.7272903919219971,0.05436597391963005,0.4510726034641266,0.6361978054046631,-0.024286236613988876,0.3864724040031433,0.7279055118560791,-0.12594109773635864,0.4962615370750427,0.767431378364563,-0.2755283713340759,0.3955222964286804,0.7214058637619019,-0.14313282072544098,0.49870413541793823,0.7922819256782532,-0.29893386363983154,0.3808433413505554,0.7539769411087036,-0.11118534952402115,0.5189342498779297,0.8004856705665588,-0.3018314242362976
frame_00470.jpg,0.23909802734851837,0.4218844771385193,0.24332347512245178,0.22806020081043243,0.41641804575920105,0.2163272351026535,0.2243204414844513,0.4194909334182739,0.2160540521144867,0.22066763043403625,0.4225001633167267,0.21594378352165222,0.23795238137245178,0.40772590041160583,0.20706813037395477,0.24064958095550537,0.40504691004753113,0.2067987471818924,0.2431662380695343,0.4023149311542511,0.2067461758852005,0.21792201697826385,0.43235793709754944,0.10702992975711823,0.24632737040519714,0.4061570465564728,0.06467229872941971,0.2390211820602417,0.4382017254829407,0.21175892651081085,0.24849462509155273,0.42986419796943665,0.1976502239704132,0.21500501036643982,0.5470850467681885,0.04032137989997864,0.3006860911846161,0.43495652079582214,-0.014561439864337444,0.23598620295524597,0.6724323034286499,0.03143445402383804,0.3901923596858978,0.42709341645240784,0.0012984462082386017,0.1956811547279358,0.6158187389373779,0.08994759619235992,0.4360692501068115,0.3948996365070343,0.10048433393239975,0.179133340716362,0.6132223010063171,0.09543024003505707,0.4496157765388489,0.38324180245399475,0.10255030542612076,0.183841735124588,0.5985373854637146,0.09691280871629715,0.44048866629600525,0.38063541054725647,0.10601650178432465,0.19354288280010223,0.5974361300468445,0.09306402504444122,0.4354032576084137,0.3877067267894745,0.1037202849984169,0.3416701555252075,0.6792003512382507,0.008497437462210655,0.388239324092865,0.6146936416625977,-0.008967185392975807,0.35144466161727905,0.7293184399604797,0.10718810558319092,0.453066885471344,0.6332032084465027,-0.02301684208214283,0.38383886218070984,0.7566888928413391,-0.055819135159254074,0.4966401159763336,0.7674560546875,-0.22587254643440247,0.39290034770965576,0.7474991083145142,-0.07227630913257599,0.4983108639717102,0.7906216382980347,-0.24525249004364014,0.38533082604408264,0.7958613634109497,-0.04176335409283638,0.5206111669540405,0.7972963452339172,-0.24850821495056152
frame_00471.jpg,0.24164588749408722,0.42268237471580505,0.25486230850219727,0.22960463166236877,0.4170178771018982,0.22635118663311005,0.22557613253593445,0.42019927501678467,0.22610938549041748,0.2218828946352005,0.4232787489891052,0.22577330470085144,0.23952019214630127,0.4086747467517853,0.21818570792675018,0.2421407401561737,0.4061402976512909,0.2180635929107666,0.24458777904510498,0.40356600284576416,0.21807034313678741,0.21927228569984436,0.4335375130176544,0.11071398109197617,0.24670779705047607,0.408050537109375,0.07262580096721649,0.24165768921375275,0.43896567821502686,0.21823692321777344,0.2510410249233246,0.4315439760684967,0.2049555480480194,0.21508193016052246,0.5528827905654907,0.05032438784837723,0.30088740587234497,0.4363546371459961,0.003103302326053381,0.23670244216918945,0.6841589212417603,0.05930640175938606,0.3981207013130188,0.42708370089530945,0.03878917545080185,0.19677993655204773,0.6160017251968384,0.16302147507667542,0.43696489930152893,0.3949156105518341,0.13592687249183655,0.18192671239376068,0.6131898760795593,0.17538347840309143,0.44993773102760315,0.38329169154167175,0.1402432918548584,0.18806996941566467,0.5985430479049683,0.17390824854373932,0.44038528203964233,0.3826267123222351,0.1435430943965912,0.1966744214296341,0.5977874398231506,0.16610188782215118,0.43552646040916443,0.38965269923210144,0.13845741748809814,0.34311169385910034,0.6801668405532837,0.004440948832780123,0.39241498708724976,0.6154814958572388,-0.0049085295759141445,0.35715723037719727,0.7383690476417542,0.07232023775577545,0.4567948877811432,0.6527881622314453,-0.01992558129131794,0.38035643100738525,0.7409698963165283,-0.09250293672084808,0.49401775002479553,0.7700833082199097,-0.28267431259155273,0.38743066787719727,0.7259715795516968,-0.10751010477542877,0.4979671537876129,0.7972173094749451,-0.3079639971256256,0.382357656955719,0.7762336730957031,-0.053844500333070755,0.5183848142623901,0.8067986369132996,-0.306926429271698
frame_00472.jpg,0.24853822588920593,0.4253831207752228,0.2588610351085663,0.23660175502300262,0.41898906230926514,0.2408546656370163,0.23237133026123047,0.42206281423568726,0.240579754114151,0.22839844226837158,0.42524254322052,0.240288645029068,0.2448691576719284,0.4116860330104828,0.22875408828258514,0.24654480814933777,0.40948083996772766,0.22866316139698029,0.24819567799568176,0.4072333872318268,0.228783518075943,0.22357705235481262,0.4361081123352051,0.14623808860778809,0.24746187031269073,0.41262778639793396,0.09522196650505066,0.24739690124988556,0.4407333731651306,0.23160120844841003,0.25566381216049194,0.4348006546497345,0.21061603724956512,0.21512563526630402,0.5646635890007019,0.06770578771829605,0.3011004626750946,0.43964865803718567,0.023915626108646393,0.24164243042469025,0.6948233246803284,0.08430559933185577,0.39922818541526794,0.4292636215686798,0.04306400194764137,0.1983659267425537,0.617634654045105,0.21558861434459686,0.4376540184020996,0.39641278982162476,0.12278386205434799,0.18372377753257751,0.6131923794746399,0.23111024498939514,0.4528051018714905,0.3840685784816742,0.12524916231632233,0.19080451130867004,0.5987164378166199,0.2314770668745041,0.44320398569107056,0.3832443058490753,0.1302170604467392,0.199044868350029,0.5985380411148071,0.22005227208137512,0.43803897500038147,0.390639990568161,0.12558382749557495,0.3439706265926361,0.6905246376991272,0.005918310955166817,0.39257335662841797,0.6158511638641357,-0.006411585956811905,0.3902466297149658,0.7447655200958252,0.07162673771381378,0.45446473360061646,0.6459565758705139,-0.019523244351148605,0.4358655512332916,0.8011606931686401,-0.13384339213371277,0.4926741123199463,0.7704786062240601,-0.3332866132259369,0.4453907012939453,0.8015419244766235,-0.15491409599781036,0.4975593090057373,0.8029683232307434,-0.3647608160972595,0.44837817549705505,0.8329116106033325,-0.13140162825584412,0.5168344974517822,0.8062517046928406,-0.37883198261260986
frame_00473.jpg,0.2513110935688019,0.4293554723262787,0.34056252241134644,0.23940809071063995,0.42247045040130615,0.32210972905158997,0.23482827842235565,0.4254688620567322,0.32185181975364685,0.23038935661315918,0.4287153482437134,0.3217140734195709,0.24745945632457733,0.4157247543334961,0.3137478232383728,0.24885304272174835,0.413602739572525,0.3135237395763397,0.2502651810646057,0.41141220927238464,0.31356024742126465,0.2247915267944336,0.4399053752422333,0.22673256695270538,0.24828322231769562,0.4167868196964264,0.18733258545398712,0.24962536990642548,0.4439634382724762,0.3109513819217682,0.25782153010368347,0.4388832449913025,0.2971392869949341,0.2151334583759308,0.5685659646987915,0.1265198290348053,0.30125027894973755,0.4417431652545929,0.09455376863479614,0.2480124980211258,0.6942551732063293,0.1472395956516266,0.4007199704647064,0.42991912364959717,0.06788647174835205,0.21890631318092346,0.619519829750061,0.2914215922355652,0.4383179247379303,0.39706021547317505,0.14029428362846375,0.2038436233997345,0.6131008267402649,0.3137156069278717,0.45356735587120056,0.38543644547462463,0.14338338375091553,0.21973231434822083,0.5988175868988037,0.31279537081718445,0.44411221146583557,0.3841613829135895,0.14914722740650177,0.2264253795146942,0.5987063050270081,0.29582616686820984,0.43893271684646606,0.39145219326019287,0.1430974304676056,0.3450787663459778,0.6916284561157227,0.006132535636425018,0.39239823818206787,0.6164061427116394,-0.006626883987337351,0.3907460570335388,0.7436396479606628,0.05722934007644653,0.4495370388031006,0.6424840688705444,-0.045988522469997406,0.4330179691314697,0.7874698042869568,-0.18306799232959747,0.4915079176425934,0.7699545621871948,-0.4057772159576416,0.44174924492836,0.7866738438606262,-0.20692911744117737,0.497349351644516,0.8026391267776489,-0.4406384527683258,0.4445253312587738,0.821479082107544,-0.18414291739463806,0.5162274837493896,0.804858922958374,-0.4559553265571594
frame_00474.jpg,0.25181612372398376,0.43263134360313416,0.33116474747657776,0.23993051052093506,0.4256150424480438,0.3106863796710968,0.23528385162353516,0.42859917879104614,0.31042537093162537,0.2307337522506714,0.43187257647514343,0.3103020489215851,0.24804553389549255,0.41897186636924744,0.30277007818222046,0.24942414462566376,0.41684138774871826,0.3025268018245697,0.25080305337905884,0.41466158628463745,0.30252736806869507,0.2250370979309082,0.4429747462272644,0.21312007308006287,0.2484891712665558,0.41976067423820496,0.17572110891342163,0.25013190507888794,0.4469805955886841,0.30168595910072327,0.2584112286567688,0.4419811964035034,0.28883564472198486,0.215112566947937,0.5693703293800354,0.1168576255440712,0.301278680562973,0.4437701404094696,0.09156571328639984,0.24876467883586884,0.693901777267456,0.13827897608280182,0.4008916914463043,0.43062320351600647,0.0802360400557518,0.22042672336101532,0.6251683831214905,0.2778673470020294,0.4387093484401703,0.39714545011520386,0.145002543926239,0.2046225368976593,0.6158352494239807,0.2976464629173279,0.45341864228248596,0.38636478781700134,0.14931699633598328,0.2187146246433258,0.6016445755958557,0.2974230647087097,0.44394272565841675,0.3850444555282593,0.15886953473091125,0.22568829357624054,0.601324737071991,0.2822503447532654,0.4388585686683655,0.3922232687473297,0.14806155860424042,0.3462495505809784,0.6922435164451599,0.0046464730985462666,0.3924108147621155,0.6168341040611267,-0.005183040164411068,0.38770830631256104,0.7411773800849915,0.05645177885890007,0.4490308165550232,0.6413509845733643,-0.0262528695166111,0.4306787848472595,0.7927435040473938,-0.16458043456077576,0.4915706515312195,0.7694652676582336,-0.34239548444747925,0.4407687187194824,0.7915204763412476,-0.18612675368785858,0.4982086718082428,0.802700400352478,-0.3735423982143402,0.439627468585968,0.8283555507659912,-0.16456279158592224,0.5160239338874817,0.8016459345817566,-0.38859468698501587
frame_00475.jpg,0.2513189911842346,0.4345096945762634,0.3494308590888977,0.23967380821704865,0.42764946818351746,0.3268674612045288,0.23519258201122284,0.430684894323349,0.32660308480262756,0.2305980920791626,0.43393611907958984,0.32647114992141724,0.24799993634223938,0.4207478165626526,0.32026582956314087,0.24928228557109833,0.4184856414794922,0.3200432062149048,0.2505669593811035,0.4161447286605835,0.32004255056381226,0.22485294938087463,0.4446573257446289,0.21765752136707306,0.24849799275398254,0.42075660824775696,0.18611286580562592,0.24979516863822937,0.4487536549568176,0.31546592712402344,0.2581985890865326,0.443330317735672,0.3044382929801941,0.2151123583316803,0.5686219930648804,0.12251205742359161,0.30127620697021484,0.44555607438087463,0.08944441378116608,0.2491600215435028,0.6941691040992737,0.14138761162757874,0.401594877243042,0.4321438670158386,0.08346939831972122,0.21856844425201416,0.6252824664115906,0.27934664487838745,0.44059237837791443,0.39719516038894653,0.16586631536483765,0.20313063263893127,0.6157437562942505,0.2997820973396301,0.45510268211364746,0.3861590027809143,0.17151571810245514,0.2146247923374176,0.6019430160522461,0.3019874095916748,0.44411563873291016,0.385686457157135,0.18232238292694092,0.22228901088237762,0.6015396118164062,0.28490930795669556,0.43930768966674805,0.39321261644363403,0.17044982314109802,0.34610694646835327,0.6932394504547119,0.008682100102305412,0.392404168844223,0.6172389984130859,-0.009211314842104912,0.38726407289505005,0.7276633381843567,0.08761467039585114,0.45008984208106995,0.6404586434364319,-0.023290883749723434,0.4246672987937927,0.7905896902084351,-0.14594772458076477,0.49169477820396423,0.7651398181915283,-0.3323439657688141,0.4350135326385498,0.7923524379730225,-0.16405263543128967,0.4966007173061371,0.7865936160087585,-0.362865686416626,0.43283048272132874,0.827587366104126,-0.1391415297985077,0.5160678029060364,0.798104465007782,-0.3781420588493347
frame_00476.jpg,0.25100064277648926,0.4389847218990326,0.35032570362091064,0.23925384879112244,0.43237149715423584,0.3277180790901184,0.234827920794487,0.43548670411109924,0.327453076839447,0.2303301841020584,0.43871450424194336,0.32730552554130554,0.24769063293933868,0.424913227558136,0.3212185800075531,0.2490980178117752,0.4223540127277374,0.3210025131702423,0.2504715621471405,0.41972553730010986,0.3209971785545349,0.22480419278144836,0.4487205147743225,0.2191501408815384,0.24855737388134003,0.42354822158813477,0.1875784546136856,0.24961133301258087,0.4529544711112976,0.31641608476638794,0.2580524981021881,0.44695255160331726,0.305463045835495,0.2151312381029129,0.5688039064407349,0.13165688514709473,0.3013381063938141,0.44666045904159546,0.09146402776241302,0.2514280676841736,0.6967421770095825,0.1710408329963684,0.4036686420440674,0.4335832893848419,0.09166611731052399,0.2189321219921112,0.6275091767311096,0.3315204977989197,0.4421066641807556,0.39732545614242554,0.18036696314811707,0.2028704583644867,0.6170011758804321,0.35528436303138733,0.45633888244628906,0.38610440492630005,0.18514738976955414,0.21300819516181946,0.6041500568389893,0.35629716515541077,0.44440707564353943,0.38595694303512573,0.19498009979724884,0.22060270607471466,0.6036666631698608,0.3371337354183197,0.4398197531700134,0.393390029668808,0.18474242091178894,0.3464578688144684,0.6942227482795715,0.0141716618090868,0.3925660252571106,0.6206288933753967,-0.014682975597679615,0.38286274671554565,0.6935726404190063,0.11495472490787506,0.45163828134536743,0.6392195820808411,-0.022006211802363396,0.4224169850349426,0.7679846882820129,-0.09750346839427948,0.4917434751987457,0.765316367149353,-0.32057926058769226,0.42755794525146484,0.7737263441085815,-0.1182810515165329,0.49489864706993103,0.7878758907318115,-0.3490251302719116,0.430941641330719,0.8040854334831238,-0.095852330327034,0.5230610370635986,0.8186436891555786,-0.3600577116012573
frame_00477.jpg,0.25052937865257263,0.4408607482910156,0.3374309241771698,0.2383125126361847,0.43481001257896423,0.3174585700035095,0.23386137187480927,0.43795594573020935,0.31717342138290405,0.22950097918510437,0.4411081373691559,0.31712204217910767,0.2470473051071167,0.4270884096622467,0.30971619486808777,0.24860838055610657,0.4244729280471802,0.3094337582588196,0.2500810921192169,0.4218553304672241,0.30945685505867004,0.2246592491865158,0.4509982168674469,0.1998424381017685,0.24859324097633362,0.4254666566848755,0.17216169834136963,0.2493835985660553,0.45491838455200195,0.3105151355266571,0.2578656077384949,0.44837936758995056,0.29752668738365173,0.21563348174095154,0.5678871273994446,0.11614932864904404,0.30152109265327454,0.44746893644332886,0.07178118824958801,0.25127261877059937,0.6967169046401978,0.15912750363349915,0.4032436013221741,0.43544965982437134,0.07850920408964157,0.21725711226463318,0.6296329498291016,0.2934827208518982,0.4421328902244568,0.3992350399494171,0.17667733132839203,0.20033812522888184,0.6186224222183228,0.3143312633037567,0.4562138020992279,0.38799646496772766,0.18150945007801056,0.20761780440807343,0.6063416004180908,0.31473034620285034,0.4443696141242981,0.388183057308197,0.19421735405921936,0.2191919982433319,0.6051905155181885,0.2984533905982971,0.4398314952850342,0.39530259370803833,0.18216633796691895,0.35001710057258606,0.6940590143203735,0.014254918321967125,0.39304497838020325,0.6222694516181946,-0.014717352576553822,0.3829302191734314,0.6963186860084534,0.10812021791934967,0.45635849237442017,0.6491979956626892,-0.023053521290421486,0.42337116599082947,0.7568663358688354,-0.08192987740039825,0.49344760179519653,0.7685243487358093,-0.26601511240005493,0.4294658303260803,0.7574287056922913,-0.10035492479801178,0.49421054124832153,0.7883943319320679,-0.2872507870197296,0.4414718747138977,0.7964494228363037,-0.070695661008358,0.5232973098754883,0.8170099854469299,-0.2863539755344391
frame_00478.jpg,0.24944141507148743,0.4409560561180115,0.2502809762954712,0.2370593100786209,0.43497708439826965,0.22217515110969543,0.23274776339530945,0.4380202293395996,0.2218513786792755,0.22861988842487335,0.4410663843154907,0.22174736857414246,0.24563875794410706,0.427480012178421,0.2150699347257614,0.24732553958892822,0.4249361455440521,0.21480563282966614,0.24888774752616882,0.42240652441978455,0.21477070450782776,0.22401361167430878,0.4510068893432617,0.10596346855163574,0.24827294051647186,0.4261454641819,0.07279312610626221,0.24899503588676453,0.4550313353538513,0.21717508137226105,0.25727176666259766,0.44855546951293945,0.20547115802764893,0.21654406189918518,0.5672982931137085,0.045717574656009674,0.3015616834163666,0.4480031728744507,-0.003648268524557352,0.25164124369621277,0.6961075663566589,0.07530464231967926,0.40276604890823364,0.43797922134399414,-0.005554117262363434,0.21254193782806396,0.6313099265098572,0.19304661452770233,0.44205936789512634,0.4015604853630066,0.06484197080135345,0.1938236653804779,0.6215978264808655,0.20748262107372284,0.45609989762306213,0.3915363550186157,0.06332562863826752,0.1992470920085907,0.607818067073822,0.2116716355085373,0.44429534673690796,0.39006873965263367,0.06992419064044952,0.2102138251066208,0.6078352332115173,0.19924066960811615,0.4397219121456146,0.3963651955127716,0.06829116493463516,0.35328611731529236,0.6941862106323242,0.021086426451802254,0.3954259157180786,0.6250772476196289,-0.02148609235882759,0.3830938935279846,0.7359877824783325,0.2146831750869751,0.46014851331710815,0.6414399743080139,0.031446922570466995,0.432239830493927,0.8095735907554626,0.06832289695739746,0.4946281909942627,0.7685424089431763,-0.17177096009254456,0.44230133295059204,0.8171461820602417,0.05218891426920891,0.49441224336624146,0.7890434265136719,-0.19181497395038605,0.4483758509159088,0.8340254426002502,0.0711354985833168,0.522370457649231,0.8063395023345947,-0.20016317069530487
frame_00479.jpg,0.24930565059185028,0.4404512345790863,0.2363666296005249,0.23691551387310028,0.4343830347061157,0.2090451717376709,0.23260338604450226,0.4374113082885742,0.2087228000164032,0.22840078175067902,0.44046270847320557,0.20861902832984924,0.24516884982585907,0.4270089268684387,0.20062458515167236,0.24676597118377686,0.4245419502258301,0.2003515213727951,0.2482818365097046,0.42205607891082764,0.2002979964017868,0.22357039153575897,0.45065823197364807,0.09778515249490738,0.2480374574661255,0.4258643686771393,0.057896457612514496,0.2488967627286911,0.4546892046928406,0.2046634405851364,0.2571296989917755,0.44826793670654297,0.1912524402141571,0.21795888245105743,0.566888153553009,0.03802478313446045,0.3015814423561096,0.4478677809238434,-0.013406780548393726,0.2521272897720337,0.6957512497901917,0.05999642610549927,0.4025309085845947,0.4390878975391388,-0.01699872501194477,0.2074778825044632,0.631277322769165,0.16152551770210266,0.4419723153114319,0.40295153856277466,0.04720586910843849,0.18930797278881073,0.6222165822982788,0.17235419154167175,0.455728143453598,0.3940615952014923,0.04299483075737953,0.19341330230236053,0.6087276935577393,0.17641876637935638,0.4440935254096985,0.39160245656967163,0.04878022149205208,0.2033742219209671,0.6084744930267334,0.1671699583530426,0.4396097660064697,0.39696845412254333,0.05031980946660042,0.3544251322746277,0.6942427158355713,0.022268328815698624,0.3975997567176819,0.6263512372970581,-0.02264736220240593,0.38697829842567444,0.7787343859672546,0.23654666543006897,0.4589664340019226,0.6180260181427002,0.05572102591395378,0.44763439893722534,0.8407109975814819,0.13690897822380066,0.49489450454711914,0.7680399417877197,-0.1066422313451767,0.4624428153038025,0.8457599878311157,0.12581866979599,0.4945306181907654,0.7894123792648315,-0.1227056011557579,0.45572853088378906,0.8605342507362366,0.14722482860088348,0.5164920091629028,0.7983657717704773,-0.12607115507125854
frame_00480.jpg,0.2492416799068451,0.44013234972953796,0.2351236790418625,0.23692309856414795,0.43415623903274536,0.2099837064743042,0.23265555500984192,0.43722277879714966,0.20970146358013153,0.22841544449329376,0.44023916125297546,0.20956578850746155,0.24514277279376984,0.4265858829021454,0.20207679271697998,0.24663355946540833,0.42411118745803833,0.20181794464588165,0.24805060029029846,0.4216223657131195,0.20177853107452393,0.22355349361896515,0.4502839744091034,0.10703358799219131,0.2479129284620285,0.42551693320274353,0.07014767080545425,0.24889473617076874,0.4544050097465515,0.2055436372756958,0.2570369839668274,0.4479125738143921,0.19309967756271362,0.218458890914917,0.5663276314735413,0.041398778557777405,0.3017449676990509,0.4476480782032013,0.008772293105721474,0.2524786591529846,0.6951429843902588,0.06804363429546356,0.40215641260147095,0.4410775601863861,0.007625757250934839,0.2048347294330597,0.6312816739082336,0.18835432827472687,0.4412990212440491,0.40478605031967163,0.07386916875839233,0.1873748004436493,0.6225650906562805,0.2021026909351349,0.4542178511619568,0.3974156081676483,0.07422999292612076,0.19273953139781952,0.6086880564689636,0.20583662390708923,0.4432341456413269,0.3928890526294708,0.08097441494464874,0.20130391418933868,0.6085673570632935,0.19419296085834503,0.4389874041080475,0.39740079641342163,0.07762352377176285,0.3564852178096771,0.6928547620773315,0.0141445966437459,0.39843958616256714,0.6266122460365295,-0.014522800222039223,0.3882220387458801,0.7718996405601501,0.07698625326156616,0.45988568663597107,0.6188327670097351,0.030613040551543236,0.4309409558773041,0.7436113357543945,-0.06430188566446304,0.4931277334690094,0.7677872776985168,-0.15080265700817108,0.4381004273891449,0.7361347079277039,-0.07711939513683319,0.49212461709976196,0.7860746383666992,-0.16625267267227173,0.4329047203063965,0.7574370503425598,-0.03038887307047844,0.5123670697212219,0.7990581393241882,-0.15187622606754303
frame_00481.jpg,0.24832892417907715,0.4375140368938446,0.232537180185318,0.2361198365688324,0.4315880537033081,0.2062738835811615,0.2319153994321823,0.43459123373031616,0.20599353313446045,0.22765760123729706,0.43770483136177063,0.2058333158493042,0.24380318820476532,0.4241233170032501,0.1993868052959442,0.24515509605407715,0.4215105473995209,0.19915835559368134,0.2464541643857956,0.4187370836734772,0.19913560152053833,0.22245466709136963,0.4487352967262268,0.09800894558429718,0.24700117111206055,0.42153894901275635,0.06604795157909393,0.24820372462272644,0.4517286717891693,0.20069396495819092,0.25608551502227783,0.44513049721717834,0.1897406280040741,0.21899323165416718,0.5621373653411865,0.04406275227665901,0.30297961831092834,0.44523027539253235,-0.013158425688743591,0.2521175742149353,0.6918815970420837,0.07035443186759949,0.401980459690094,0.44064828753471375,-0.009929722175002098,0.20490315556526184,0.6313918828964233,0.19179533421993256,0.44118732213974,0.40488454699516296,0.06637446582317352,0.18750259280204773,0.6239272356033325,0.20709013938903809,0.45410698652267456,0.397959440946579,0.06587325036525726,0.1919550597667694,0.6099144220352173,0.2097613364458084,0.44321733713150024,0.3927382528781891,0.07278993725776672,0.20120573043823242,0.6091365218162537,0.19724391400814056,0.43894797563552856,0.3972506821155548,0.0700993537902832,0.35677486658096313,0.6896188855171204,0.028791826218366623,0.39997488260269165,0.6258705258369446,-0.02913486957550049,0.39267459511756897,0.7052710652351379,0.14199289679527283,0.46909433603286743,0.6205273270606995,-0.014668946154415607,0.42204999923706055,0.7800310254096985,-0.06204669550061226,0.49498042464256287,0.767790675163269,-0.2389937937259674,0.42435431480407715,0.7839113473892212,-0.07590684294700623,0.4921723008155823,0.7839483022689819,-0.2606012225151062,0.4325981140136719,0.8251371383666992,-0.06060800701379776,0.5168768167495728,0.8114863038063049,-0.27099481225013733
frame_00482.jpg,0.24833416938781738,0.43522512912750244,0.24570028483867645,0.23626752197742462,0.4286845028400421,0.22092416882514954,0.2321685552597046,0.43144479393959045,0.2207014113664627,0.2280062437057495,0.4344063997268677,0.22057223320007324,0.24374660849571228,0.42175185680389404,0.21156764030456543,0.24495744705200195,0.4191804826259613,0.21133601665496826,0.24611112475395203,0.4163607656955719,0.2113170623779297,0.2224527895450592,0.4455525279045105,0.12084414064884186,0.24601082503795624,0.41863590478897095,0.08032529801130295,0.24819743633270264,0.4491773247718811,0.21820580959320068,0.25606319308280945,0.44300660490989685,0.204863041639328,0.21919973194599152,0.556184709072113,0.07636658847332001,0.3029178977012634,0.4406862258911133,-0.0004517211636994034,0.251966267824173,0.6842841506004333,0.12545108795166016,0.3976503014564514,0.4403350055217743,0.008537299931049347,0.20588991045951843,0.6312557458877563,0.27556541562080383,0.44109612703323364,0.4046417772769928,0.08248213678598404,0.19034554064273834,0.6238175630569458,0.2973361313343048,0.45406585931777954,0.3975349962711334,0.08175718039274216,0.19339527189731598,0.6097524166107178,0.299838125705719,0.44393402338027954,0.39244407415390015,0.08945376425981522,0.20202481746673584,0.6095227599143982,0.2819444537162781,0.4397500455379486,0.39721325039863586,0.08655385673046112,0.3560566306114197,0.6831012964248657,0.0313839316368103,0.399565190076828,0.6232565641403198,-0.03176477178931236,0.3920789659023285,0.6937175989151001,0.1697138547897339,0.470005601644516,0.6059492826461792,-0.009944338351488113,0.4187057614326477,0.8002709746360779,-0.042317476123571396,0.5012560486793518,0.7576761841773987,-0.21702666580677032,0.42451515793800354,0.8155001401901245,-0.06388609111309052,0.4948330819606781,0.7737120389938354,-0.237131267786026,0.4331161081790924,0.8508474826812744,-0.056961219757795334,0.524875283241272,0.8062049746513367,-0.2378595620393753
frame_00483.jpg,0.24967312812805176,0.4293476641178131,0.2702532708644867,0.237369105219841,0.42243626713752747,0.2474224865436554,0.23350553214550018,0.4246484339237213,0.2471785545349121,0.22952906787395477,0.42711010575294495,0.24706539511680603,0.24387037754058838,0.4168434739112854,0.23706352710723877,0.24495820701122284,0.4147126078605652,0.2368202656507492,0.24601440131664276,0.41231676936149597,0.23676231503486633,0.22311952710151672,0.4381203353404999,0.14968672394752502,0.24463185667991638,0.41558894515037537,0.10361087322235107,0.2497512847185135,0.44310685992240906,0.2433253824710846,0.25651612877845764,0.43774306774139404,0.2279631346464157,0.21923121809959412,0.5510491132736206,0.09618783742189407,0.3026946485042572,0.43678760528564453,0.01704324595630169,0.24628691375255585,0.6694964170455933,0.14029176533222198,0.3963187336921692,0.4401293992996216,0.015158325433731079,0.20567679405212402,0.6301425695419312,0.29303011298179626,0.4410720765590668,0.4053952097892761,0.08797987550497055,0.19020378589630127,0.6240907311439514,0.3166760504245758,0.4546995162963867,0.39863285422325134,0.08746921271085739,0.1927126795053482,0.6097453832626343,0.32130107283592224,0.44500046968460083,0.392311692237854,0.10042905807495117,0.20167744159698486,0.6092424988746643,0.3005200922489166,0.4403139054775238,0.39706188440322876,0.08937050402164459,0.34990331530570984,0.6769192814826965,0.029957344755530357,0.39855411648750305,0.6201186776161194,-0.030381500720977783,0.3456261456012726,0.7122247815132141,0.18688246607780457,0.47351962327957153,0.5984434485435486,0.009397948160767555,0.41156524419784546,0.8018044233322144,-0.01927499659359455,0.5080550312995911,0.7479859590530396,-0.18598295748233795,0.41477805376052856,0.8233022689819336,-0.04133354872465134,0.49935978651046753,0.7692407369613647,-0.20469829440116882,0.4241272509098053,0.8601545095443726,-0.015728479251265526,0.5381951332092285,0.797918438911438,-0.19510215520858765
frame_00484.jpg,0.2506345510482788,0.4239148199558258,0.22028081119060516,0.23823249340057373,0.41655436158180237,0.1975025236606598,0.23448267579078674,0.418430358171463,0.19723573327064514,0.230645090341568,0.4205734431743622,0.19713880121707916,0.24407139420509338,0.41190481185913086,0.1864263117313385,0.2449783831834793,0.41017085313796997,0.18615208566188812,0.245989128947258,0.4082072675228119,0.18606075644493103,0.22368529438972473,0.4313427209854126,0.1091565266251564,0.2436933070421219,0.41237562894821167,0.05707662180066109,0.25075608491897583,0.437497079372406,0.19656464457511902,0.2568255066871643,0.4327767789363861,0.1796516478061676,0.21925750374794006,0.5448299646377563,0.07379914820194244,0.3019806444644928,0.4331977963447571,-0.012515639886260033,0.24372413754463196,0.6653978228569031,0.12012605369091034,0.39472001791000366,0.43994998931884766,-0.019320689141750336,0.2042960673570633,0.6244496703147888,0.2574865221977234,0.4404260218143463,0.4060414731502533,0.057539455592632294,0.18985000252723694,0.6201990842819214,0.2838718891143799,0.45427560806274414,0.3994743227958679,0.055596351623535156,0.19227710366249084,0.6046631336212158,0.2847716212272644,0.44470006227493286,0.3923695385456085,0.0672616958618164,0.20100660622119904,0.6069377660751343,0.26378294825553894,0.43982523679733276,0.39697137475013733,0.06303492933511734,0.34859639406204224,0.6697889566421509,0.03089233860373497,0.39844822883605957,0.6184114813804626,-0.031323038041591644,0.31786927580833435,0.7129579186439514,0.2311796247959137,0.4819357991218567,0.5949448943138123,0.022237503901124,0.40015751123428345,0.799477219581604,0.07590518891811371,0.5202658176422119,0.736016035079956,-0.12108210474252701,0.40556079149246216,0.8146345615386963,0.058947641402482986,0.5095747709274292,0.7637308835983276,-0.13402089476585388,0.4074160158634186,0.855479896068573,0.09561573714017868,0.5532315969467163,0.7738156914710999,-0.11662548780441284
frame_00485.jpg,0.2520466446876526,0.4161958694458008,0.3132137954235077,0.238949254155159,0.4083341658115387,0.29076236486434937,0.235305517911911,0.41019555926322937,0.29048946499824524,0.23168793320655823,0.4123257100582123,0.2904028296470642,0.24430517852306366,0.4038843512535095,0.28045687079429626,0.24503755569458008,0.40229272842407227,0.28021082282066345,0.2459946870803833,0.4005122184753418,0.2801611125469208,0.22450271248817444,0.42426520586013794,0.19054988026618958,0.2436029464006424,0.405546635389328,0.1424238681793213,0.2528650164604187,0.42969855666160583,0.28475913405418396,0.25780197978019714,0.4246232211589813,0.2688906788825989,0.21924921870231628,0.5373627543449402,0.1289253979921341,0.30183833837509155,0.42853957414627075,0.05390969663858414,0.24042101204395294,0.6563102006912231,0.18538600206375122,0.39490264654159546,0.43910184502601624,0.08704780042171478,0.2044893503189087,0.6246299743652344,0.3565219044685364,0.44051891565322876,0.4058689773082733,0.2337137907743454,0.1904033124446869,0.6171990036964417,0.3841788172721863,0.4571884274482727,0.3991187810897827,0.24343645572662354,0.19248194992542267,0.5991067886352539,0.3871092200279236,0.4481464922428131,0.39232200384140015,0.2544552683830261,0.2013246715068817,0.6044310331344604,0.36377424001693726,0.4421897530555725,0.39628735184669495,0.24093203246593475,0.3453962206840515,0.6690514087677002,0.03180169314146042,0.3956865668296814,0.6148554682731628,-0.03221431374549866,0.33416733145713806,0.7091653943061829,0.24663421511650085,0.4994756579399109,0.6001767516136169,0.04135076329112053,0.40363678336143494,0.7974571585655212,0.09171313047409058,0.5465087294578552,0.7345930337905884,-0.09843374788761139,0.4092783033847809,0.8111741542816162,0.07539794594049454,0.5382283329963684,0.7601532340049744,-0.11054322868585587,0.4114176630973816,0.8570355176925659,0.10593845695257187,0.5851187705993652,0.7504717707633972,-0.09728258848190308
frame_00486.jpg,0.2550463080406189,0.4112381935119629,0.29632845520973206,0.24225246906280518,0.40220198035240173,0.2734534740447998,0.2390706092119217,0.40356531739234924,0.2731786072254181,0.23593389987945557,0.4052661061286926,0.27308958768844604,0.24638673663139343,0.3986925780773163,0.2637135684490204,0.24664120376110077,0.3972897231578827,0.2634637951850891,0.2472294569015503,0.39564746618270874,0.2634187936782837,0.2267836034297943,0.41714146733283997,0.177035391330719,0.2436995506286621,0.40064379572868347,0.1291261464357376,0.25595319271087646,0.4245786964893341,0.2686140239238739,0.2598007321357727,0.4204849898815155,0.2532356381416321,0.2192426174879074,0.5337063074111938,0.11277654021978378,0.3020144999027252,0.4253031015396118,0.049871113151311874,0.2394241839647293,0.6552979350090027,0.16734358668327332,0.3950025737285614,0.43702152371406555,0.08779881149530411,0.22169239819049835,0.63812655210495,0.33403724431991577,0.44194722175598145,0.4054146111011505,0.23736488819122314,0.2158643752336502,0.6400562524795532,0.35945069789886475,0.46138477325439453,0.3990389108657837,0.24595896899700165,0.21627745032310486,0.6186800599098206,0.36043328046798706,0.4530252516269684,0.3914368748664856,0.2534950375556946,0.2225581407546997,0.6162081360816956,0.340291291475296,0.44573622941970825,0.3948932886123657,0.24290409684181213,0.34460678696632385,0.6687155961990356,0.030710231512784958,0.39336341619491577,0.6145650148391724,-0.031119462102651596,0.33961397409439087,0.7024973630905151,0.27935588359832764,0.5042845010757446,0.6019490957260132,0.048514749854803085,0.40236377716064453,0.7969111800193787,0.17536307871341705,0.5621693730354309,0.7341781258583069,-0.07002925127744675,0.40851154923439026,0.8258350491523743,0.16486521065235138,0.5578046441078186,0.7592278718948364,-0.0798502117395401,0.4066093862056732,0.8562228083610535,0.20136098563671112,0.5998779535293579,0.7470378279685974,-0.07193411886692047
frame_00487.jpg,0.2555901110172272,0.40810999274253845,0.26278215646743774,0.24309515953063965,0.39871808886528015,0.2405920922756195,0.24001464247703552,0.40001049637794495,0.24031007289886475,0.2370007336139679,0.4016142785549164,0.24023540318012238,0.2470494955778122,0.39523476362228394,0.22937807440757751,0.24721446633338928,0.3937698304653168,0.22911441326141357,0.24772241711616516,0.3920707106590271,0.2290622740983963,0.22800223529338837,0.41293564438819885,0.1532277911901474,0.24371643364429474,0.3966570794582367,0.0991358608007431,0.2565884590148926,0.4213937222957611,0.23931348323822021,0.2603148818016052,0.4173966944217682,0.22206738591194153,0.21919259428977966,0.5285894274711609,0.10147243738174438,0.30242693424224854,0.42382481694221497,0.02846851572394371,0.2357233464717865,0.6466498970985413,0.15555782616138458,0.3954005837440491,0.4363507628440857,0.06486034393310547,0.20953933894634247,0.6257703900337219,0.28683826327323914,0.44186633825302124,0.405635803937912,0.19456423819065094,0.19922952353954315,0.6300799250602722,0.30636146664619446,0.46116209030151367,0.3987744450569153,0.20090720057487488,0.2013632357120514,0.6124401688575745,0.3098209500312805,0.4521237015724182,0.39204269647598267,0.21777066588401794,0.20790430903434753,0.6071196794509888,0.29378435015678406,0.44508153200149536,0.395497590303421,0.2018522322177887,0.3444848358631134,0.6679171323776245,0.0327422097325325,0.392780065536499,0.6133762001991272,-0.0331413671374321,0.3455621004104614,0.7014354467391968,0.2742850184440613,0.503096878528595,0.6038913726806641,0.04029598832130432,0.40386834740638733,0.7982760667800903,0.15404479205608368,0.5672637820243835,0.7302259206771851,-0.08222250640392303,0.4101898670196533,0.8198630809783936,0.14142204821109772,0.5653113722801208,0.7549483180046082,-0.09214778244495392,0.4100252091884613,0.8620011210441589,0.17045465111732483,0.605483889579773,0.7414972186088562,-0.08465658128261566
frame_00488.jpg,0.2554747462272644,0.4050806760787964,0.25428515672683716,0.24274583160877228,0.39527997374534607,0.22962310910224915,0.23975999653339386,0.3968246579170227,0.2293434590101242,0.2369442731142044,0.3986869752407074,0.22927351295948029,0.24673835933208466,0.3913092017173767,0.22019824385643005,0.24695734679698944,0.3897028863430023,0.21992382407188416,0.2475244253873825,0.38798391819000244,0.21987318992614746,0.2278052121400833,0.40925678610801697,0.13342894613742828,0.24376901984214783,0.3916481137275696,0.0888875275850296,0.2564537525177002,0.41824015974998474,0.22828559577465057,0.2600470781326294,0.4138704240322113,0.21346458792686462,0.21881958842277527,0.5244232416152954,0.08480685204267502,0.30286142230033875,0.42177531123161316,0.020840346813201904,0.23363259434700012,0.6404979228973389,0.1381935477256775,0.3958785831928253,0.4354555010795593,0.05829458311200142,0.20240047574043274,0.6174708008766174,0.2650829553604126,0.4417358934879303,0.40592190623283386,0.18443594872951508,0.19098149240016937,0.6214809417724609,0.28345781564712524,0.4607643485069275,0.39968621730804443,0.18968568742275238,0.19357970356941223,0.6058833003044128,0.28558486700057983,0.4515361189842224,0.3924643397331238,0.19654855132102966,0.20002397894859314,0.6004902720451355,0.2712953984737396,0.44344401359558105,0.39591971039772034,0.18916355073451996,0.34370774030685425,0.6691283583641052,0.03228778764605522,0.3928174674510956,0.6136106848716736,-0.032675888389348984,0.3461824059486389,0.6896047592163086,0.2685326933860779,0.5016030073165894,0.6045808792114258,0.03946644812822342,0.40312403440475464,0.7977097630500793,0.14552338421344757,0.566569447517395,0.7315047383308411,-0.07489965856075287,0.4104739725589752,0.817025363445282,0.13259722292423248,0.5648399591445923,0.7557555437088013,-0.08380569517612457,0.410693883895874,0.860552191734314,0.1603337675333023,0.6047473549842834,0.7418129444122314,-0.07571286708116531
frame_00489.jpg,0.2548907399177551,0.3969050347805023,0.29071342945098877,0.24241042137145996,0.3879859149456024,0.26859965920448303,0.23955564200878143,0.3899192214012146,0.26835352182388306,0.23681041598320007,0.3921751081943512,0.26829221844673157,0.2465720921754837,0.38290467858314514,0.2601391673088074,0.24690501391887665,0.38088229298591614,0.25987040996551514,0.24751481413841248,0.37879639863967896,0.25983762741088867,0.22776055335998535,0.40245944261550903,0.17281417548656464,0.2447705715894699,0.3818007707595825,0.13398000597953796,0.2558613717556,0.4104335606098175,0.26377832889556885,0.2595365643501282,0.4049582779407501,0.25061801075935364,0.2185346633195877,0.5154948830604553,0.11565913259983063,0.30408570170402527,0.41676995158195496,0.04538615420460701,0.2320668250322342,0.6344683766365051,0.14861711859703064,0.3971288204193115,0.43548473715782166,0.07891236990690231,0.2026350051164627,0.616359531879425,0.2649451196193695,0.44124284386634827,0.4073135256767273,0.2055172473192215,0.19351112842559814,0.6272686719894409,0.2822231650352478,0.4601987302303314,0.4010777473449707,0.2101338654756546,0.19366243481636047,0.6035827994346619,0.284801721572876,0.4512299597263336,0.39347800612449646,0.21570248901844025,0.20017175376415253,0.601227343082428,0.2709371745586395,0.4428249001502991,0.39664849638938904,0.20984402298927307,0.3403937816619873,0.6677714586257935,0.03730159252882004,0.3887506127357483,0.61399906873703,-0.037677716463804245,0.3628363311290741,0.6577041149139404,0.2470751702785492,0.5001524686813354,0.6138045787811279,0.014511242508888245,0.403771311044693,0.7944258451461792,0.1081581860780716,0.5670298337936401,0.7395870089530945,-0.09739067405462265,0.41097426414489746,0.8152386546134949,0.09356047213077545,0.5672275424003601,0.7709795236587524,-0.115928053855896,0.41402801871299744,0.858393669128418,0.12278477102518082,0.6088751554489136,0.7477642893791199,-0.11166670173406601
frame_00490.jpg,0.25153079628944397,0.39318808913230896,0.28679487109184265,0.23910824954509735,0.38500723242759705,0.26517191529273987,0.2360193282365799,0.38733401894569397,0.26487767696380615,0.23310935497283936,0.3899773061275482,0.2647474706172943,0.24517476558685303,0.378731906414032,0.2545315623283386,0.2461499273777008,0.37647825479507446,0.25427672266960144,0.24720871448516846,0.3741903603076935,0.25424501299858093,0.22740232944488525,0.3998953700065613,0.17055359482765198,0.245871901512146,0.37690484523773193,0.12550662457942963,0.2524285912513733,0.40693753957748413,0.26009583473205566,0.2579372227191925,0.4006815254688263,0.2447056770324707,0.21805205941200256,0.5105286836624146,0.1073867455124855,0.30693739652633667,0.4139876067638397,0.04243908450007439,0.23125985264778137,0.6310554146766663,0.14576593041419983,0.4008122980594635,0.4354920983314514,0.08436836302280426,0.20685115456581116,0.616094708442688,0.253691166639328,0.43973666429519653,0.409750372171402,0.2167440950870514,0.20594649016857147,0.6344471573829651,0.2692551910877228,0.4596804976463318,0.4035862684249878,0.22022588551044464,0.20598359405994415,0.6119850873947144,0.26956379413604736,0.44836363196372986,0.3961881399154663,0.22441382706165314,0.2120872288942337,0.6065950393676758,0.25837212800979614,0.4396989345550537,0.39951714873313904,0.22044523060321808,0.33683377504348755,0.6675306558609009,0.03608931228518486,0.3869776129722595,0.6154987812042236,-0.036497827619314194,0.35090628266334534,0.6654291749000549,0.24800662696361542,0.49803176522254944,0.6214748620986938,0.011514070443809032,0.404123455286026,0.7941504120826721,0.1475583016872406,0.5649304389953613,0.7486886382102966,-0.0977940559387207,0.4115256667137146,0.8143673539161682,0.1374683529138565,0.5650984048843384,0.7822827696800232,-0.10702059417963028,0.41390714049339294,0.8478645086288452,0.17368999123573303,0.6036339998245239,0.7522148489952087,-0.0978483259677887
frame_00491.jpg,0.25107938051223755,0.3832862973213196,0.3214397430419922,0.23841214179992676,0.375585675239563,0.29700055718421936,0.23519113659858704,0.3777545094490051,0.29674479365348816,0.2322097271680832,0.3802661895751953,0.2966788113117218,0.24504204094409943,0.36991310119628906,0.2884429693222046,0.24614112079143524,0.36787426471710205,0.2881653904914856,0.2472364604473114,0.3657696843147278,0.28811514377593994,0.22733822464942932,0.3908480107784271,0.18959827721118927,0.24672937393188477,0.369869589805603,0.1509375423192978,0.2519713044166565,0.3964797258377075,0.29016366600990295,0.257857084274292,0.3911225497722626,0.27701181173324585,0.21466489136219025,0.504311740398407,0.12430737912654877,0.30888667702674866,0.41192319989204407,0.05646560341119766,0.22601325809955597,0.624393105506897,0.15389616787433624,0.40297502279281616,0.43640783429145813,0.10542400926351547,0.2114897072315216,0.6115120053291321,0.26490867137908936,0.4396798610687256,0.40957704186439514,0.26213735342025757,0.20932574570178986,0.618222177028656,0.28161877393722534,0.45960932970046997,0.4037730097770691,0.2715131938457489,0.21094954013824463,0.596581757068634,0.28041598200798035,0.4476959705352783,0.3965761959552765,0.27679163217544556,0.21632547676563263,0.592532217502594,0.2685268521308899,0.43899673223495483,0.40014657378196716,0.2670028805732727,0.33216413855552673,0.6680490970611572,0.03571193292737007,0.38441675901412964,0.6162546277046204,-0.03611002489924431,0.3478422462940216,0.665274441242218,0.23388127982616425,0.4967416822910309,0.6262617707252502,0.004135554656386375,0.4045485556125641,0.8003227710723877,0.09940506517887115,0.5652771592140198,0.75469571352005,-0.14154905080795288,0.4082362651824951,0.8146227598190308,0.08638934791088104,0.5648640394210815,0.7880907654762268,-0.15320153534412384,0.41417449712753296,0.8497415781021118,0.11589822918176651,0.6075544357299805,0.7537797093391418,-0.15141794085502625
frame_00492.jpg,0.24969151616096497,0.376196026802063,0.32818642258644104,0.23718497157096863,0.36952582001686096,0.304823100566864,0.2338896095752716,0.3717957139015198,0.3045559227466583,0.23080401122570038,0.37437504529953003,0.3044835329055786,0.24441862106323242,0.3636178970336914,0.2955489456653595,0.24584850668907166,0.36160022020339966,0.2952725887298584,0.2471703290939331,0.35949116945266724,0.295246958732605,0.22711677849292755,0.38526520133018494,0.19841358065605164,0.24745213985443115,0.3645288348197937,0.15735529363155365,0.2507886588573456,0.389503538608551,0.2965758740901947,0.25729042291641235,0.3840077817440033,0.28278565406799316,0.21253176033496857,0.49982401728630066,0.1344699263572693,0.3089144229888916,0.4085608720779419,0.052832525223493576,0.22162620723247528,0.6198570728302002,0.1700623482465744,0.4041216969490051,0.43710294365882874,0.09048634022474289,0.2198256552219391,0.6054988503456116,0.2815461754798889,0.44352203607559204,0.4065496027469635,0.2309143990278244,0.2190559208393097,0.6062564253807068,0.3000423312187195,0.4620180130004883,0.40219590067863464,0.23950603604316711,0.22307376563549042,0.586125373840332,0.29539674520492554,0.4514153003692627,0.39415594935417175,0.2436639368534088,0.22673384845256805,0.5827856659889221,0.28367114067077637,0.4418281018733978,0.39878684282302856,0.23509247601032257,0.33019953966140747,0.6683201193809509,0.04075473174452782,0.37749141454696655,0.6162979006767273,-0.04116538166999817,0.3959713578224182,0.6485043168067932,0.15556232631206512,0.494119256734848,0.6275469660758972,-0.019342992454767227,0.41786113381385803,0.7996199131011963,-0.05665941163897514,0.5628919005393982,0.7595530152320862,-0.22476215660572052,0.40883150696754456,0.8140503168106079,-0.0786389410495758,0.5614968538284302,0.7909916639328003,-0.24276581406593323,0.4469068646430969,0.8522716760635376,-0.07401255518198013,0.6054224967956543,0.7564688920974731,-0.2516106963157654
frame_00493.jpg,0.24967491626739502,0.3633340299129486,0.3159961402416229,0.23750212788581848,0.35656648874282837,0.2905065715312958,0.2342027872800827,0.35854288935661316,0.29024964570999146,0.23108431696891785,0.36069706082344055,0.29014888405799866,0.2450597584247589,0.3511148691177368,0.2930658459663391,0.24695412814617157,0.34917956590652466,0.2928343415260315,0.24887044727802277,0.3470916450023651,0.2928498685359955,0.2274419069290161,0.3714819550514221,0.18493826687335968,0.25120672583580017,0.3516411781311035,0.12633481621742249,0.25077396631240845,0.37658438086509705,0.28342095017433167,0.25738418102264404,0.3719663918018341,0.2788541913032532,0.20810146629810333,0.4896618127822876,0.12514778971672058,0.30873751640319824,0.40533652901649475,0.03176458925008774,0.20529556274414062,0.609911322593689,0.21018043160438538,0.4048618674278259,0.4385380148887634,0.08684198558330536,0.20152628421783447,0.6138018369674683,0.38420456647872925,0.44331949949264526,0.4065689146518707,0.2602047622203827,0.19295473396778107,0.613711953163147,0.4136119484901428,0.46177226305007935,0.40221261978149414,0.2729506194591522,0.2024954855442047,0.6091161370277405,0.41143307089805603,0.449240118265152,0.3953428268432617,0.2783069908618927,0.20816366374492645,0.6003661751747131,0.3897448480129242,0.4407438337802887,0.3996984660625458,0.26632869243621826,0.32812803983688354,0.6685686111450195,0.0467912033200264,0.3723735213279724,0.6163589358329773,-0.04710659757256508,0.3976331651210785,0.6671168804168701,0.18434181809425354,0.4914208948612213,0.6342764496803284,-0.007815844379365444,0.43321698904037476,0.838453471660614,0.018718518316745758,0.5615098476409912,0.7625718712806702,-0.13501550257205963,0.4384066164493561,0.8634434938430786,0.009798957034945488,0.5630835294723511,0.7958667278289795,-0.1434938609600067,0.4511537551879883,0.8763517737388611,-0.04392117261886597,0.6038633584976196,0.757655143737793,-0.1545451581478119
frame_00494.jpg,0.24892279505729675,0.35388076305389404,0.3217359483242035,0.23733863234519958,0.3474368751049042,0.29710477590560913,0.23404176533222198,0.3495182693004608,0.2968240976333618,0.2309313267469406,0.351762980222702,0.2967657744884491,0.2450604885816574,0.3421216309070587,0.2895905077457428,0.2470819503068924,0.3404443562030792,0.2893376052379608,0.24926213920116425,0.33864080905914307,0.2893088757991791,0.22743622958660126,0.3630758225917816,0.18785381317138672,0.2530619204044342,0.34429216384887695,0.14135408401489258,0.24998776614665985,0.3679342269897461,0.2906530201435089,0.25724083185195923,0.36355963349342346,0.27809712290763855,0.20671650767326355,0.4769338369369507,0.12808337807655334,0.3100559115409851,0.40462297201156616,0.059488337486982346,0.17978061735630035,0.5768693685531616,0.22549088299274445,0.40600332617759705,0.4418637454509735,0.13407959043979645,0.17511190474033356,0.6085359454154968,0.40282076597213745,0.4445299208164215,0.40649065375328064,0.3091683089733124,0.17222239077091217,0.6178484559059143,0.4280332922935486,0.4614206850528717,0.4023590087890625,0.3218117356300354,0.1748487651348114,0.614345908164978,0.42773348093032837,0.4490613043308258,0.3953990340232849,0.32638445496559143,0.18058696389198303,0.6047685742378235,0.4094391465187073,0.4410015642642975,0.39963021874427795,0.3150644898414612,0.32586950063705444,0.6683513522148132,0.046163901686668396,0.3698402941226959,0.616385281085968,-0.04639197140932083,0.3948599398136139,0.7308778166770935,0.1330133080482483,0.48944059014320374,0.6387989521026611,0.015793096274137497,0.44752413034439087,0.8981777429580688,0.008339817635715008,0.561781108379364,0.7692641615867615,-0.016748251393437386,0.45605334639549255,0.9273093938827515,-0.0036081145517528057,0.5626076459884644,0.8023942708969116,-0.017560694366693497,0.4584183096885681,0.9289198517799377,-0.015560452826321125,0.602558970451355,0.758233904838562,-0.018120896071195602
frame_00495.jpg,0.25499922037124634,0.3441581428050995,0.3131464123725891,0.24316087365150452,0.33647918701171875,0.2941801846027374,0.23942267894744873,0.33847618103027344,0.29392653703689575,0.2358677089214325,0.3405666649341583,0.29397231340408325,0.2520718276500702,0.3310950994491577,0.27183839678764343,0.25453633069992065,0.3292994499206543,0.27152302861213684,0.25690707564353943,0.3274470865726471,0.27146250009536743,0.23153941333293915,0.35263893008232117,0.18252074718475342,0.2597680687904358,0.33502835035324097,0.11252719163894653,0.25455862283706665,0.35931694507598877,0.2868425250053406,0.2631673812866211,0.3547075688838959,0.2613849937915802,0.2046068161725998,0.4737575948238373,0.12869897484779358,0.310108482837677,0.4031418561935425,0.03255704790353775,0.1785387098789215,0.5914977192878723,0.2611452341079712,0.4057299494743347,0.4430159330368042,0.11098454147577286,0.18022426962852478,0.570727527141571,0.4746549725532532,0.4449218213558197,0.4065938889980316,0.2783295512199402,0.18825337290763855,0.5671987533569336,0.50679612159729,0.46254366636276245,0.40400275588035583,0.2894698679447174,0.19673821330070496,0.553142786026001,0.496401309967041,0.4502115249633789,0.3957529067993164,0.2934008240699768,0.2000441551208496,0.5504991412162781,0.4766709804534912,0.44212979078292847,0.39965227246284485,0.28361427783966064,0.32428187131881714,0.6684824824333191,0.04458148032426834,0.36750155687332153,0.6164051294326782,-0.04481838643550873,0.4003056585788727,0.7586603164672852,0.16133207082748413,0.48767930269241333,0.64679354429245,0.03253468498587608,0.4492620825767517,0.9172658324241638,0.12090083211660385,0.5639317035675049,0.775572657585144,0.057901531457901,0.4561834931373596,0.9466413855552673,0.11797702312469482,0.5633119344711304,0.8101387619972229,0.06313236057758331,0.45713359117507935,0.943986177444458,0.12411458790302277,0.6062509417533875,0.7594279050827026,0.07289005815982819
frame_00496.jpg,0.2574898302555084,0.3370307683944702,0.2830365002155304,0.24628834426403046,0.3290264308452606,0.2598443627357483,0.24245516955852509,0.33060044050216675,0.2595732808113098,0.23883111774921417,0.3323005735874176,0.2595638632774353,0.2557261288166046,0.3250340521335602,0.24332170188426971,0.2583536207675934,0.3237651288509369,0.24301116168498993,0.2608163058757782,0.32239529490470886,0.24293282628059387,0.2342241108417511,0.343598335981369,0.15417888760566711,0.2625172734260559,0.3304532766342163,0.08963517099618912,0.256338894367218,0.3518242835998535,0.25597161054611206,0.26506444811820984,0.3486712574958801,0.23376116156578064,0.2028237283229828,0.454152375459671,0.10982777178287506,0.3105056881904602,0.40251490473747253,0.009513997472822666,0.16222813725471497,0.5628114938735962,0.24114826321601868,0.40400514006614685,0.4429686367511749,0.09196028858423233,0.16972973942756653,0.5354508757591248,0.44744905829429626,0.4423038959503174,0.408893883228302,0.2575041651725769,0.17301617562770844,0.5482533574104309,0.47922664880752563,0.45786887407302856,0.4083124101161957,0.26735925674438477,0.18224593997001648,0.5336021780967712,0.468209445476532,0.4489770829677582,0.3971543312072754,0.27115729451179504,0.18682804703712463,0.530971348285675,0.44976767897605896,0.4415123462677002,0.40054503083229065,0.262431263923645,0.3198622465133667,0.6685040593147278,0.04722731187939644,0.3614829182624817,0.6161816120147705,-0.04738790541887283,0.4265451431274414,0.7477129697799683,0.16382713615894318,0.48284512758255005,0.6578587293624878,-0.007342725992202759,0.4517013132572174,0.9033581018447876,0.13084293901920319,0.5631911754608154,0.7777366638183594,0.00021482301235664636,0.45703381299972534,0.9307568073272705,0.12692883610725403,0.5618743896484375,0.8154165148735046,0.0035943039692938328,0.4573497772216797,0.9297917485237122,0.12372583150863647,0.6052066087722778,0.7708901762962341,0.0010426703374832869
frame_00497.jpg,0.26944500207901,0.32935631275177,0.27740341424942017,0.25893494486808777,0.3207261860370636,0.25339776277542114,0.2551090121269226,0.3220883309841156,0.2531054615974426,0.25151437520980835,0.32357004284858704,0.25308820605278015,0.26702630519866943,0.3180772364139557,0.24019679427146912,0.26878705620765686,0.31757158041000366,0.23991306126117706,0.27044716477394104,0.31699901819229126,0.23985454440116882,0.24366037547588348,0.33525678515434265,0.14510218799114227,0.2678813934326172,0.3263029158115387,0.09056026488542557,0.26592594385147095,0.345151424407959,0.24792596697807312,0.2737328112125397,0.34261900186538696,0.229310542345047,0.20318277180194855,0.43395480513572693,0.08031417429447174,0.31236153841018677,0.39822548627853394,0.012803045101463795,0.1376282125711441,0.526034951210022,0.18007202446460724,0.4032963812351227,0.44613751769065857,0.09239654988050461,0.1309414505958557,0.5063534379005432,0.33592280745506287,0.4398813247680664,0.4120013415813446,0.25889986753463745,0.12369193881750107,0.5069212317466736,0.35486462712287903,0.4525713324546814,0.41173097491264343,0.268085777759552,0.133551687002182,0.4921569526195526,0.34826475381851196,0.4450150430202484,0.40064737200737,0.26884907484054565,0.1406359076499939,0.4907061755657196,0.33899030089378357,0.43914294242858887,0.4032573401927948,0.2627097964286804,0.3118431866168976,0.6647967100143433,0.04583726450800896,0.3571203351020813,0.6148527264595032,-0.046050891280174255,0.41478586196899414,0.7371808886528015,0.23458628356456757,0.4783160090446472,0.666062593460083,0.03592992573976517,0.44906121492385864,0.8789275884628296,0.24292051792144775,0.5622615218162537,0.776709258556366,0.05121288448572159,0.45489034056663513,0.9030886888504028,0.2424285113811493,0.5624769926071167,0.8135953545570374,0.05507631227374077,0.43767255544662476,0.9168498516082764,0.24554860591888428,0.6034463047981262,0.773341178894043,0.04926378279924393
frame_00498.jpg,0.2716471552848816,0.33031174540519714,0.35048213601112366,0.2624259293079376,0.3205077052116394,0.3281528353691101,0.2584838271141052,0.3214659094810486,0.3278641104698181,0.25477325916290283,0.3225990831851959,0.3278632164001465,0.2714589238166809,0.31815001368522644,0.318040668964386,0.2736564874649048,0.31745463609695435,0.31778016686439514,0.27578049898147583,0.316632479429245,0.31777089834213257,0.24722571671009064,0.33199480175971985,0.2195429503917694,0.274325430393219,0.3234141170978546,0.1767454892396927,0.26688727736473083,0.3447382152080536,0.3196249306201935,0.2757335603237152,0.3427332043647766,0.3048998713493347,0.20218150317668915,0.42383161187171936,0.13113851845264435,0.31276994943618774,0.3949801027774811,0.08102800697088242,0.1369267702102661,0.49212008714675903,0.21728217601776123,0.40324053168296814,0.44881191849708557,0.1421637237071991,0.11566367000341415,0.4821861684322357,0.36104902625083923,0.4389522969722748,0.4146757423877716,0.29526984691619873,0.1088656410574913,0.4875176250934601,0.3797146677970886,0.45072227716445923,0.4139796197414398,0.3050215542316437,0.11231646686792374,0.4792030155658722,0.37871411442756653,0.4434346556663513,0.40304678678512573,0.30797380208969116,0.11632978916168213,0.47678133845329285,0.3667859137058258,0.43814438581466675,0.4053286612033844,0.2999882400035858,0.3071208596229553,0.6609562039375305,0.037761785089969635,0.3540477454662323,0.6122027039527893,-0.038092754781246185,0.4198266863822937,0.7309867739677429,0.1366232931613922,0.474316269159317,0.6671221852302551,0.0395645909011364,0.43350833654403687,0.8427115082740784,0.05231171101331711,0.5617791414260864,0.7777790427207947,0.0010998643701896071,0.44216570258140564,0.8653900623321533,0.04339443892240524,0.5654845833778381,0.8128621578216553,-0.00017935031792148948,0.41230908036231995,0.8586215376853943,0.02217112109065056,0.6026209592819214,0.7723974585533142,-0.01255045086145401
frame_00499.jpg,0.2733342945575714,0.3320808708667755,0.33469098806381226,0.2643403708934784,0.32130616903305054,0.3175017237663269,0.26024776697158813,0.3220251798629761,0.3172616958618164,0.25635090470314026,0.3229764401912689,0.3170408606529236,0.2734448313713074,0.3192150890827179,0.30217528343200684,0.27570950984954834,0.3184159994125366,0.30192381143569946,0.2779175937175751,0.3175494372844696,0.30191248655319214,0.2485472410917282,0.3314676284790039,0.19212055206298828,0.2771693766117096,0.323207288980484,0.17151901125907898,0.26817408204078674,0.34649115800857544,0.3126700520515442,0.27737340331077576,0.3447750508785248,0.2901975214481354,0.20229534804821014,0.4216771423816681,0.09663752466440201,0.31279876828193665,0.3938016891479492,0.07765676081180573,0.13385525345802307,0.49015384912490845,0.17743077874183655,0.4032753109931946,0.4508889317512512,0.12556438148021698,0.11477520316839218,0.47934776544570923,0.30906546115875244,0.43974894285202026,0.4147436022758484,0.23424358665943146,0.10726621001958847,0.4987042248249054,0.3240568935871124,0.4512033462524414,0.41324689984321594,0.2350841462612152,0.111056387424469,0.47347292304039,0.3220517337322235,0.4435330927371979,0.40264230966567993,0.2380533516407013,0.11627016216516495,0.4741007089614868,0.3138062655925751,0.43819570541381836,0.4050861895084381,0.23799757659435272,0.3039257824420929,0.6591112613677979,0.03351562097668648,0.350363552570343,0.6108752489089966,-0.03379882127046585,0.41128140687942505,0.7416480183601379,0.19501104950904846,0.4735443592071533,0.6669294238090515,0.07563258707523346,0.4112941324710846,0.7888225317001343,0.25555890798568726,0.5615488886833191,0.781307578086853,0.11293448507785797,0.4295436441898346,0.8354445695877075,0.26099830865859985,0.5674697160720825,0.8148474097251892,0.12017478793859482,0.39841538667678833,0.8279772400856018,0.26370424032211304,0.6027449369430542,0.7721428275108337,0.1093568205833435
frame_00500.jpg,0.27449706196784973,0.3348124623298645,0.35390686988830566,0.26641005277633667,0.3244047462940216,0.32943370938301086,0.26230350136756897,0.3250195384025574,0.3291621506214142,0.2583674490451813,0.3257967531681061,0.3291403353214264,0.27585533261299133,0.3226682245731354,0.3219495415687561,0.27855151891708374,0.32194265723228455,0.3217005431652069,0.28122127056121826,0.32112741470336914,0.3216746151447296,0.25064149498939514,0.3334386944770813,0.20778946578502655,0.28152668476104736,0.32637423276901245,0.18169447779655457,0.2694946527481079,0.34863921999931335,0.32035282254219055,0.27922821044921875,0.3473855257034302,0.30871254205703735,0.20289380848407745,0.4197544753551483,0.10839401185512543,0.31315115094184875,0.39384955167770386,0.08842138946056366,0.12638507783412933,0.47093623876571655,0.1794043481349945,0.4011049270629883,0.4502297639846802,0.14165392518043518,0.12165852636098862,0.46090489625930786,0.3079792857170105,0.43978017568588257,0.41522952914237976,0.2646152079105377,0.11479364335536957,0.4816359579563141,0.32339876890182495,0.451482355594635,0.41338759660720825,0.26825982332229614,0.11672250181436539,0.460081547498703,0.3205706775188446,0.4437132477760315,0.40256884694099426,0.2694896459579468,0.1236947551369667,0.4562007188796997,0.3123411238193512,0.4385973811149597,0.40504834055900574,0.26774197816848755,0.2997919023036957,0.6549442410469055,0.023258348926901817,0.34726646542549133,0.6106384992599487,-0.0236105564981699,0.407613605260849,0.715510368347168,0.15417423844337463,0.4718819558620453,0.6693705320358276,0.07311023771762848,0.40840649604797363,0.7964706420898438,0.10691553354263306,0.5614904165267944,0.7861320972442627,0.07979393005371094,0.42866721749305725,0.8428782224655151,0.10021951049566269,0.5663904547691345,0.8177703022956848,0.08327040076255798,0.40137529373168945,0.8330503702163696,0.07007966935634613,0.6022741198539734,0.7935211658477783,0.06892354786396027
frame_00501.jpg,0.2808409333229065,0.3349279463291168,0.27561429142951965,0.2732914090156555,0.3236871063709259,0.2500057816505432,0.2695136070251465,0.32391610741615295,0.24973519146442413,0.2658397853374481,0.3242320418357849,0.24974565207958221,0.28192275762557983,0.32252705097198486,0.23975452780723572,0.28420478105545044,0.3219650685787201,0.23947684466838837,0.28645259141921997,0.32131972908973694,0.23939605057239532,0.25687187910079956,0.33110058307647705,0.13650104403495789,0.2855148911476135,0.3265334367752075,0.09258298575878143,0.27604803442955017,0.34833890199661255,0.24419958889484406,0.2848607301712036,0.347717821598053,0.2289600819349289,0.20240676403045654,0.4147454798221588,0.06124722957611084,0.3130553066730499,0.3919709622859955,0.011720896698534489,0.11163532733917236,0.4531225562095642,0.15170273184776306,0.40008240938186646,0.45044267177581787,0.07819561660289764,0.13398776948451996,0.4406205713748932,0.300263375043869,0.4408096373081207,0.41572317481040955,0.22050628066062927,0.1285516321659088,0.43859389424324036,0.3208146095275879,0.45217204093933105,0.4143994450569153,0.22596967220306396,0.12811815738677979,0.42827364802360535,0.3107846677303314,0.44484907388687134,0.40333881974220276,0.22542805969715118,0.135438472032547,0.4285343587398529,0.3017940819263458,0.43987956643104553,0.4055687487125397,0.22361567616462708,0.29839563369750977,0.6530078649520874,0.024948930367827415,0.34749922156333923,0.6103680729866028,-0.025282125920057297,0.4007381796836853,0.7045019865036011,0.2053239345550537,0.4721021056175232,0.6700908541679382,0.1065477579832077,0.397661954164505,0.7894492745399475,0.19098106026649475,0.5613099336624146,0.7865146994590759,0.14973683655261993,0.4087338447570801,0.8425620198249817,0.18787029385566711,0.5685162544250488,0.8186668753623962,0.15757042169570923,0.37769967317581177,0.8306891322135925,0.1772068440914154,0.6005958318710327,0.7943164110183716,0.15883463621139526
frame_00502.jpg,0.28952959179878235,0.33428528904914856,0.2846289873123169,0.2823182940483093,0.32171985507011414,0.26073920726776123,0.27903681993484497,0.32157161831855774,0.260471910238266,0.2758508324623108,0.3213513493537903,0.26046258211135864,0.2894858419895172,0.32133397459983826,0.25062987208366394,0.291209876537323,0.32096120715141296,0.2503458857536316,0.2929022014141083,0.32050058245658875,0.2502780556678772,0.2667612135410309,0.32677873969078064,0.1460818350315094,0.29063883423805237,0.325577050447464,0.09437897056341171,0.2848701477050781,0.3479836881160736,0.25467705726623535,0.2919641137123108,0.3479016125202179,0.2396887093782425,0.20506742596626282,0.3946467638015747,0.06992720067501068,0.313271164894104,0.38996580243110657,0.018378455191850662,0.12037637084722519,0.3849602937698364,0.1718631237745285,0.3995642066001892,0.45173361897468567,0.08367510139942169,0.16715344786643982,0.3378041684627533,0.31176409125328064,0.44158244132995605,0.41623738408088684,0.21199651062488556,0.1702331155538559,0.3316247761249542,0.332575261592865,0.4527619779109955,0.4149247705936432,0.2174174040555954,0.1831780970096588,0.3249880373477936,0.3240264058113098,0.4454880356788635,0.40356290340423584,0.21362459659576416,0.18170233070850372,0.331269234418869,0.31479594111442566,0.440862238407135,0.4056921601295471,0.2132328748703003,0.29501888155937195,0.6526483297348022,0.025217901915311813,0.34351080656051636,0.6091375350952148,-0.025563379749655724,0.3908481001853943,0.7578080296516418,0.12509572505950928,0.46867531538009644,0.668265163898468,0.027552131563425064,0.4121282994747162,0.8394802212715149,0.11829644441604614,0.5559393167495728,0.7851682305335999,0.07682495564222336,0.41819724440574646,0.8551000952720642,0.11782722175121307,0.564853847026825,0.8183062076568604,0.09797695279121399,0.3834821581840515,0.8552701473236084,0.10050009191036224,0.600739598274231,0.7898997068405151,0.09544403105974197
frame_00503.jpg,0.29413902759552,0.33438095450401306,0.27118998765945435,0.2859868109226227,0.3206866681575775,0.2511805593967438,0.2828289270401001,0.32017266750335693,0.25092801451683044,0.27975136041641235,0.31958940625190735,0.25091803073883057,0.2926376461982727,0.3210093677043915,0.23954761028289795,0.29411616921424866,0.3207879662513733,0.2392447292804718,0.29558053612709045,0.32053741812705994,0.23918218910694122,0.27000391483306885,0.32420817017555237,0.15319764614105225,0.29275351762771606,0.325534850358963,0.10284741967916489,0.2895238697528839,0.3477981984615326,0.24517826735973358,0.2952612042427063,0.34823548793792725,0.22827529907226562,0.2058653086423874,0.38868218660354614,0.07492469251155853,0.3141322731971741,0.38811245560646057,0.01903311163187027,0.12772154808044434,0.3524385392665863,0.17289653420448303,0.3995899558067322,0.4530189633369446,0.07326492667198181,0.19275590777397156,0.2975318133831024,0.2880837023258209,0.44397568702697754,0.41606637835502625,0.19849571585655212,0.20698001980781555,0.28494417667388916,0.30676838755607605,0.45454829931259155,0.4146062731742859,0.2047334909439087,0.2153504341840744,0.29394766688346863,0.2890467047691345,0.44685930013656616,0.4034578204154968,0.19899500906467438,0.21008774638175964,0.3033665716648102,0.28466159105300903,0.4428026080131531,0.405536949634552,0.1989697515964508,0.29420989751815796,0.6503772735595703,0.027477603405714035,0.3420519530773163,0.6084096431732178,-0.027859771624207497,0.4085788130760193,0.7471867799758911,0.10413973033428192,0.46821102499961853,0.668125331401825,-0.0187890212982893,0.40520548820495605,0.8093593120574951,0.05397660657763481,0.5560160279273987,0.7863284945487976,-0.040898893028497696,0.41273921728134155,0.8409282565116882,0.04791969805955887,0.5637050867080688,0.817602813243866,-0.03878878802061081,0.39155563712120056,0.8407813906669617,0.032074179500341415,0.6009024381637573,0.7874841690063477,-0.048068031668663025
frame_00504.jpg,0.29785314202308655,0.33598592877388,0.21586278080940247,0.28959545493125916,0.32236945629119873,0.19866926968097687,0.2869311273097992,0.3219528794288635,0.19840875267982483,0.2842736840248108,0.32147490978240967,0.19842945039272308,0.2947741150856018,0.3224167823791504,0.18382170796394348,0.2958463728427887,0.3220888078212738,0.1835280954837799,0.2970309257507324,0.3217066824436188,0.18348021805286407,0.27358323335647583,0.3252306282520294,0.12392006069421768,0.2930682301521301,0.3265899419784546,0.05924006551504135,0.2939949333667755,0.34931817650794983,0.19757243990898132,0.2980796992778778,0.3493611514568329,0.1763787716627121,0.20743636786937714,0.383810818195343,0.08081994950771332,0.3150866627693176,0.3875484764575958,-0.024381551891565323,0.13314510881900787,0.33601441979408264,0.19009917974472046,0.3994852602481842,0.4535045921802521,0.03653528541326523,0.21045652031898499,0.28407394886016846,0.3012623190879822,0.44625863432884216,0.41630902886390686,0.1798238456249237,0.2276630401611328,0.27109718322753906,0.32144230604171753,0.46154865622520447,0.4164162278175354,0.1841210275888443,0.23683245480060577,0.2786943018436432,0.3047636151313782,0.4527016580104828,0.40391606092453003,0.17960688471794128,0.23152156174182892,0.288380891084671,0.29861658811569214,0.4479457437992096,0.40555641055107117,0.18130119144916534,0.2878803312778473,0.6490997076034546,0.04588998481631279,0.3368741273880005,0.608381450176239,-0.04625266417860985,0.40615272521972656,0.6996631622314453,0.198354572057724,0.46700605750083923,0.6676040887832642,-0.006371313240379095,0.38749629259109497,0.7632114887237549,0.1978720873594284,0.5588442087173462,0.792505145072937,-0.027426347136497498,0.387692928314209,0.7839208841323853,0.195949524641037,0.5647091269493103,0.8230812549591064,-0.035570450127124786,0.3775063753128052,0.7909858822822571,0.1909090131521225,0.601655900478363,0.7870757579803467,-0.03745651990175247
frame_00505.jpg,0.2991718053817749,0.336418479681015,0.1791134774684906,0.2911267876625061,0.32229864597320557,0.1642381101846695,0.28829747438430786,0.32177305221557617,0.1639648973941803,0.28544971346855164,0.32116004824638367,0.16398146748542786,0.29590797424316406,0.3227100670337677,0.1482573002576828,0.2966817617416382,0.3224776089191437,0.14795860648155212,0.2976383566856384,0.3221496343612671,0.14789769053459167,0.27374738454818726,0.3247300088405609,0.09980036318302155,0.29265937209129333,0.32738780975341797,0.0303511880338192,0.29498130083084106,0.34979790449142456,0.16450729966163635,0.2989160120487213,0.34988099336624146,0.14192543923854828,0.20981676876544952,0.38672173023223877,0.07924192398786545,0.3165278732776642,0.3881896734237671,-0.041104357689619064,0.1372096836566925,0.3307362198829651,0.18953213095664978,0.39900895953178406,0.4560275077819824,0.032066136598587036,0.21616169810295105,0.27473515272140503,0.296495258808136,0.44475358724594116,0.41960519552230835,0.18442684412002563,0.23144325613975525,0.2580246925354004,0.3171077072620392,0.4576506018638611,0.4183107018470764,0.19012358784675598,0.23946933448314667,0.26877275109291077,0.29624396562576294,0.4507571756839752,0.4060271978378296,0.18518950045108795,0.23532283306121826,0.27647683024406433,0.2918139696121216,0.4468137323856354,0.407151997089386,0.18615059554576874,0.2882165312767029,0.6495872735977173,0.04598986357450485,0.3369975686073303,0.6084817051887512,-0.04635137319564819,0.406475692987442,0.7055545449256897,0.20832125842571259,0.4671099781990051,0.6704714298248291,0.02896924316883087,0.3946508765220642,0.7823999524116516,0.22857609391212463,0.5629399418830872,0.7983302474021912,0.06450232863426208,0.39761409163475037,0.7987337112426758,0.2288288176059723,0.5665762424468994,0.8270122408866882,0.06965155899524689,0.38516882061958313,0.8129870891571045,0.21693992614746094,0.60409015417099,0.7976935505867004,0.05968446284532547
frame_00506.jpg,0.29535597562789917,0.3294142186641693,0.1654336303472519,0.2873634994029999,0.3123929798603058,0.15116360783576965,0.28426533937454224,0.3112681210041046,0.15089869499206543,0.28114035725593567,0.3100869357585907,0.15095524489879608,0.2934783697128296,0.31460848450660706,0.13189341127872467,0.2948562502861023,0.3149130046367645,0.13153919577598572,0.2963992953300476,0.3148571252822876,0.13142751157283783,0.2705311179161072,0.31531015038490295,0.09218048304319382,0.29232484102249146,0.3217240869998932,0.007229378912597895,0.29128801822662354,0.34322360157966614,0.15368354320526123,0.2965424656867981,0.3445238173007965,0.12658073008060455,0.2122204601764679,0.39050033688545227,0.08281134068965912,0.31762194633483887,0.388799250125885,-0.07281117141246796,0.22835135459899902,0.43858271837234497,0.18907925486564636,0.39879316091537476,0.45726966857910156,-0.04095827788114548,0.2763834595680237,0.4595237076282501,0.28080517053604126,0.4438653588294983,0.42171362042427063,0.08871760964393616,0.2841704487800598,0.4641096293926239,0.3050514757633209,0.4561213552951813,0.42014676332473755,0.08513058722019196,0.2932661175727844,0.46317169070243835,0.28441813588142395,0.448667049407959,0.40774473547935486,0.08919243514537811,0.29404109716415405,0.45888790488243103,0.2761642634868622,0.44528159499168396,0.40849989652633667,0.09292300045490265,0.2904536724090576,0.6501814126968384,0.04739128053188324,0.33768439292907715,0.6086270213127136,-0.04773838073015213,0.4110322892665863,0.7464861273765564,0.1991937756538391,0.4672674536705017,0.6719683408737183,0.07275060564279556,0.4154677987098694,0.8288758993148804,0.24719250202178955,0.5634775161743164,0.8018245697021484,0.14735180139541626,0.4190801978111267,0.8363519310951233,0.25188130140304565,0.5670455098152161,0.8278375864028931,0.1575806885957718,0.40393152832984924,0.8364151120185852,0.2472531795501709,0.605083703994751,0.7966622114181519,0.15658274292945862
frame_00507.jpg,0.29684948921203613,0.331084281206131,0.1855987012386322,0.29001086950302124,0.315059095621109,0.17178234457969666,0.2870993912220001,0.3142261803150177,0.1715177595615387,0.28402000665664673,0.3132913410663605,0.1715657114982605,0.2963593006134033,0.3166463077068329,0.1526494175195694,0.29795587062835693,0.3167135417461395,0.15231546759605408,0.2997553050518036,0.31645652651786804,0.15219469368457794,0.27310648560523987,0.3187180757522583,0.10851458460092545,0.2954399585723877,0.3227989375591278,0.025312557816505432,0.2922576665878296,0.3446250557899475,0.17195037007331848,0.29809561371803284,0.34561869502067566,0.14506149291992188,0.21449550986289978,0.39057236909866333,0.08366416394710541,0.31880244612693787,0.3892110586166382,-0.06258676201105118,0.23276165127754211,0.4731501042842865,0.13853660225868225,0.3984930217266083,0.4579501152038574,-0.037166934460401535,0.27748289704322815,0.5121548175811768,0.14060288667678833,0.44230765104293823,0.42473098635673523,0.0912427082657814,0.284126877784729,0.5225111246109009,0.1522403061389923,0.4544247090816498,0.4213552474975586,0.08665098249912262,0.29452234506607056,0.5194019079208374,0.1337766945362091,0.44651150703430176,0.4100326597690582,0.09139156341552734,0.2951463758945465,0.5142067074775696,0.13484981656074524,0.4420107305049896,0.41169941425323486,0.09566797316074371,0.29071250557899475,0.6502296328544617,0.048647597432136536,0.3380252718925476,0.6087368726730347,-0.04900553449988365,0.41056761145591736,0.7460223436355591,0.19759953022003174,0.4674850106239319,0.6733593344688416,0.059110768139362335,0.41883689165115356,0.8245310187339783,0.23770785331726074,0.5633242726325989,0.8035678267478943,0.11305572837591171,0.4226491451263428,0.8281619548797607,0.24256713688373566,0.5667487978935242,0.8290145993232727,0.12155117094516754,0.4073306620121002,0.8279818296432495,0.24047133326530457,0.60457444190979,0.7944281697273254,0.11899974197149277
frame_00508.jpg,0.29563334584236145,0.3307963013648987,0.13834163546562195,0.28911739587783813,0.3157234489917755,0.12655246257781982,0.28635427355766296,0.31504759192466736,0.1263144314289093,0.28281503915786743,0.3142267167568207,0.12631218135356903,0.2963154911994934,0.31776008009910583,0.10677933692932129,0.2977709472179413,0.31785163283348083,0.10646627098321915,0.2993597388267517,0.31751659512519836,0.1063799038529396,0.27125105261802673,0.31998804211616516,0.07278947532176971,0.2935656011104584,0.3231581449508667,-0.013838949613273144,0.2912197411060333,0.3439531624317169,0.12755455076694489,0.29683250188827515,0.3450864553451538,0.09988512098789215,0.22071918845176697,0.3892976939678192,0.07439829409122467,0.31862035393714905,0.39007630944252014,-0.0817701667547226,0.22309954464435577,0.3106379806995392,0.11319297552108765,0.39821475744247437,0.45768439769744873,-0.024739427492022514,0.26944947242736816,0.23140433430671692,0.0962427631020546,0.4398415982723236,0.42714202404022217,0.10975828021764755,0.27915167808532715,0.21274405717849731,0.09690523892641068,0.45026102662086487,0.42123526334762573,0.10781016200780869,0.28579407930374146,0.21250666677951813,0.08223382383584976,0.44251999258995056,0.4115174114704132,0.10446956008672714,0.2837265431880951,0.22070884704589844,0.08973070234060287,0.4379435181617737,0.41482022404670715,0.1114329919219017,0.2918285131454468,0.64964759349823,0.05067048221826553,0.3365578353404999,0.612501323223114,-0.05096087604761124,0.4120432436466217,0.7442820072174072,0.19984690845012665,0.46620529890060425,0.675305962562561,0.004014445934444666,0.4381326735019684,0.8241299390792847,0.2831200659275055,0.5617654919624329,0.8060972094535828,0.03574863821268082,0.4443379044532776,0.8294643759727478,0.28964629769325256,0.5632851719856262,0.832936704158783,0.04121507331728935,0.4376976490020752,0.8295341730117798,0.2812935709953308,0.5934524536132812,0.820309042930603,0.024171167984604836
frame_00509.jpg,0.2992425858974457,0.3315487504005432,0.17548559606075287,0.2935944199562073,0.3168250322341919,0.1637384593486786,0.2906354069709778,0.3162962794303894,0.16349680721759796,0.2875370383262634,0.31562960147857666,0.1634978950023651,0.30096328258514404,0.31850099563598633,0.1444496214389801,0.3028183579444885,0.31843650341033936,0.1441272646188736,0.30470576882362366,0.3179141581058502,0.14403411746025085,0.27520862221717834,0.32149145007133484,0.08153723180294037,0.29838114976882935,0.32491669058799744,0.020930912345647812,0.29379597306251526,0.3444005250930786,0.16282415390014648,0.3003121316432953,0.3455301821231842,0.13578356802463531,0.2234472930431366,0.38789689540863037,0.10522860288619995,0.3202701807022095,0.3902542293071747,-0.055650144815444946,0.22644560039043427,0.29366937279701233,0.13299445807933807,0.39823010563850403,0.4582952558994293,-0.006996329873800278,0.2810567021369934,0.21542437374591827,0.10525603592395782,0.439746230840683,0.42740195989608765,0.12344744056463242,0.29257333278656006,0.1974310576915741,0.10608215630054474,0.4502999186515808,0.4211987853050232,0.12290046364068985,0.2988584339618683,0.19695241749286652,0.0920979306101799,0.44255948066711426,0.41153767704963684,0.12120024859905243,0.29519447684288025,0.20420591533184052,0.09843124449253082,0.43802013993263245,0.4148486852645874,0.12588998675346375,0.2929738163948059,0.6497443914413452,0.05072779580950737,0.33689260482788086,0.6122697591781616,-0.050999898463487625,0.4306546747684479,0.7584883570671082,0.14217105507850647,0.46653279662132263,0.6755465865135193,-0.01843738928437233,0.4730193018913269,0.8191700577735901,0.24757301807403564,0.5609356164932251,0.8064254522323608,0.01321240235120058,0.4821373522281647,0.8223215937614441,0.2399979829788208,0.561748743057251,0.8334566950798035,0.018780170008540154,0.47665339708328247,0.8213653564453125,0.27834686636924744,0.5917503237724304,0.8252208828926086,0.0028098677285015583
frame_00510.jpg,0.2988494634628296,0.3303771913051605,0.21135127544403076,0.2932136356830597,0.3152230381965637,0.2004062682390213,0.28913503885269165,0.3140396773815155,0.2001757174730301,0.2852296829223633,0.31269174814224243,0.20016562938690186,0.3026987910270691,0.3175996243953705,0.1816919445991516,0.30505725741386414,0.3178701400756836,0.18137487769126892,0.3072590231895447,0.31778934597969055,0.1813409924507141,0.27346301078796387,0.31929895281791687,0.12656736373901367,0.3033347725868225,0.3255305290222168,0.053903382271528244,0.2926991879940033,0.34276527166366577,0.19490723311901093,0.3000846207141876,0.3450377285480499,0.16890467703342438,0.22976037859916687,0.3851853013038635,0.12111914157867432,0.32212650775909424,0.39060649275779724,-0.032241664826869965,0.24101373553276062,0.27689477801322937,0.14299079775810242,0.39849650859832764,0.4604460597038269,0.032509587705135345,0.3008221685886383,0.20460204780101776,0.13885243237018585,0.43727898597717285,0.42847487330436707,0.18419745564460754,0.31480035185813904,0.18275807797908783,0.14452305436134338,0.4461063742637634,0.4227563440799713,0.1914738565683365,0.322182297706604,0.185437873005867,0.13066452741622925,0.4388698637485504,0.4142175316810608,0.18720045685768127,0.3184970021247864,0.19604700803756714,0.13290640711784363,0.43467721343040466,0.41703540086746216,0.18640391528606415,0.296176940202713,0.6501681208610535,0.04970667138695717,0.33717823028564453,0.6118853092193604,-0.04998991638422012,0.4130798280239105,0.7789400815963745,0.10657165944576263,0.46751707792282104,0.6762294769287109,-0.025000352412462234,0.45631924271583557,0.8074374794960022,0.1367105394601822,0.561987578868866,0.8095463514328003,-0.006838638335466385,0.4642423093318939,0.8104749321937561,0.13689221441745758,0.5621823072433472,0.8362429141998291,-0.0023781757336109877,0.45521873235702515,0.7962357401847839,0.13475602865219116,0.59270179271698,0.8278258442878723,-0.005325614474713802
frame_00511.jpg,0.30393320322036743,0.3302398920059204,0.1906968206167221,0.29842686653137207,0.31507566571235657,0.18115445971488953,0.29391562938690186,0.313627153635025,0.18091946840286255,0.289249986410141,0.3119216859340668,0.18096458911895752,0.30790624022483826,0.3179420232772827,0.16198882460594177,0.310301274061203,0.31832754611968994,0.16165825724601746,0.312527596950531,0.3181781768798828,0.16161511838436127,0.2765513062477112,0.3175050914287567,0.12289204448461533,0.30894097685813904,0.3265882134437561,0.04292542487382889,0.295013964176178,0.34183844923973083,0.17860358953475952,0.30411598086357117,0.34489578008651733,0.15191981196403503,0.2334837168455124,0.3789471983909607,0.11551371961832047,0.3240491449832916,0.39104896783828735,-0.031206738203763962,0.25879353284835815,0.2785867750644684,0.14228489995002747,0.39964109659194946,0.46405935287475586,0.03921885043382645,0.3148531913757324,0.2042059302330017,0.1188042163848877,0.4361315369606018,0.43039849400520325,0.18600735068321228,0.3265742361545563,0.18047399818897247,0.1208888441324234,0.4444330334663391,0.42425426840782166,0.1903262436389923,0.3339221179485321,0.18197980523109436,0.10441236197948456,0.43706265091896057,0.41618818044662476,0.18611624836921692,0.3308524489402771,0.19292467832565308,0.111386239528656,0.43287378549575806,0.4189351201057434,0.18801456689834595,0.29627448320388794,0.650134265422821,0.04768017679452896,0.33759117126464844,0.6104323863983154,-0.047914084047079086,0.4044627547264099,0.794436514377594,0.1075359359383583,0.46833014488220215,0.6773372888565063,-0.009159577079117298,0.4827633500099182,0.8662298917770386,0.15451456606388092,0.5619155764579773,0.8105155229568481,0.03298287093639374,0.49577420949935913,0.8789052367210388,0.15621283650398254,0.5627630949020386,0.8367078304290771,0.03992186859250069,0.4898262917995453,0.8690229058265686,0.13915754854679108,0.5984197854995728,0.8079960346221924,0.03406298905611038
frame_00512.jpg,0.30745357275009155,0.3302058279514313,0.1932738721370697,0.3022776246070862,0.31552964448928833,0.18318985402584076,0.2979767918586731,0.31411996483802795,0.18294581770896912,0.29336538910865784,0.31246402859687805,0.18300582468509674,0.310571551322937,0.31827065348625183,0.1637357473373413,0.3126729130744934,0.31855183839797974,0.16340675950050354,0.3146522045135498,0.31845414638519287,0.16336557269096375,0.28068894147872925,0.3175674378871918,0.12370320409536362,0.3117281198501587,0.328530490398407,0.042006250470876694,0.298723042011261,0.3414992094039917,0.18067575991153717,0.3073956370353699,0.34467047452926636,0.15351508557796478,0.23885910212993622,0.37240874767303467,0.12407265603542328,0.32565823197364807,0.3923274874687195,-0.03191595524549484,0.2711823880672455,0.28514590859413147,0.15095700323581696,0.4002928137779236,0.4662652313709259,0.04722973331809044,0.3220117390155792,0.20535320043563843,0.1339699625968933,0.43517643213272095,0.4314809739589691,0.21286840736865997,0.33275192975997925,0.18004903197288513,0.13757960498332977,0.4430670738220215,0.42481452226638794,0.2184138000011444,0.34000474214553833,0.18137313425540924,0.11980710178613663,0.4357227683067322,0.4167250394821167,0.21483154594898224,0.3371520936489105,0.19260743260383606,0.1262510120868683,0.43172016739845276,0.41953936219215393,0.21565476059913635,0.2960547208786011,0.648436427116394,0.04887879267334938,0.33799248933792114,0.6090831160545349,-0.04910951852798462,0.3984326720237732,0.7954147458076477,0.12062644958496094,0.46890687942504883,0.6769112944602966,-0.0023940945975482464,0.4709399342536926,0.9077850580215454,0.15546205639839172,0.5617422461509705,0.8112871646881104,0.04599643871188164,0.4818686544895172,0.9285383224487305,0.156330868601799,0.5627616047859192,0.837857186794281,0.05300967022776604,0.47741883993148804,0.9209188222885132,0.130289226770401,0.6015050411224365,0.7971621751785278,0.050306010991334915
frame_00513.jpg,0.31123900413513184,0.33041301369667053,0.18640348315238953,0.30586034059524536,0.31624624133110046,0.17744868993759155,0.3018853962421417,0.31471672654151917,0.17720898985862732,0.2975880801677704,0.31281551718711853,0.1772734671831131,0.3132152557373047,0.31922686100006104,0.15696808695793152,0.3150235414505005,0.3198584020137787,0.15662892162799835,0.3168123662471771,0.3203418552875519,0.156584233045578,0.2857716679573059,0.3181789517402649,0.1236606016755104,0.3134769797325134,0.33052146434783936,0.03696731850504875,0.3036120533943176,0.3418780565261841,0.1757534146308899,0.31148046255111694,0.34484174847602844,0.1473008096218109,0.24382641911506653,0.37239891290664673,0.12643960118293762,0.3286524713039398,0.3940325081348419,-0.03676130622625351,0.27851882576942444,0.28933820128440857,0.1519393026828766,0.4014306962490082,0.4701010286808014,0.0441073477268219,0.3260689377784729,0.20454055070877075,0.11452959477901459,0.434274822473526,0.4329521954059601,0.1991700530052185,0.33600807189941406,0.1787078082561493,0.11577481031417847,0.44157329201698303,0.42558643221855164,0.2037677764892578,0.3430068790912628,0.17940102517604828,0.0990477204322815,0.43421635031700134,0.41838619112968445,0.20046035945415497,0.3405150771141052,0.19096416234970093,0.10663582384586334,0.4304260313510895,0.42156657576560974,0.2018044888973236,0.2961813807487488,0.6484259963035583,0.05146486684679985,0.3383147716522217,0.608896791934967,-0.05171336978673935,0.3927389979362488,0.7940340042114258,0.11842483282089233,0.46944600343704224,0.6783049702644348,-0.010433538816869259,0.46311306953430176,0.9036881923675537,0.1452237218618393,0.5617237091064453,0.8112262487411499,0.01977340318262577,0.47316527366638184,0.9224045872688293,0.14566943049430847,0.5628930926322937,0.8376498818397522,0.025057140737771988,0.46595901250839233,0.9169896245002747,0.1236812025308609,0.6055042743682861,0.7963117361068726,0.024025071412324905
frame_00514.jpg,0.3165578544139862,0.3343126177787781,0.17724153399467468,0.31179577112197876,0.32110995054244995,0.1697535663843155,0.3080468475818634,0.3198401629924774,0.16951587796211243,0.30394095182418823,0.3184385299682617,0.1695740967988968,0.31950119137763977,0.32422202825546265,0.1469004601240158,0.32125499844551086,0.3251808285713196,0.14655853807926178,0.3229978084564209,0.32616403698921204,0.1465175896883011,0.29153257608413696,0.32290735840797424,0.12317279726266861,0.31711113452911377,0.33580273389816284,0.025187402963638306,0.30757245421409607,0.34533944725990295,0.16899710893630981,0.316112220287323,0.34821850061416626,0.1374838650226593,0.2507586181163788,0.3737167418003082,0.13146933913230896,0.3300897181034088,0.3972196877002716,-0.0549071729183197,0.295960932970047,0.29226240515708923,0.1473030149936676,0.40224456787109375,0.47228845953941345,0.008699053898453712,0.34014126658439636,0.20510020852088928,0.07960979640483856,0.4344640374183655,0.4340463876724243,0.16205433011054993,0.3497101068496704,0.18068872392177582,0.07809901982545853,0.4422647953033447,0.4263204336166382,0.16611382365226746,0.3549574613571167,0.17941159009933472,0.06364387273788452,0.4348439574241638,0.4198704659938812,0.1637745052576065,0.3523111343383789,0.18908223509788513,0.07158850133419037,0.4309167265892029,0.4233531951904297,0.1656523048877716,0.2970695197582245,0.6500760316848755,0.060251761227846146,0.33939769864082336,0.6100913882255554,-0.06051384657621384,0.38966190814971924,0.8040595650672913,0.12451692670583725,0.4694979786872864,0.6805362701416016,-0.02373828925192356,0.4410322308540344,0.8861006498336792,0.15252992510795593,0.5608562231063843,0.8123056292533875,-0.023658452555537224,0.44634032249450684,0.9062517881393433,0.15826918184757233,0.5618362426757812,0.8374097347259521,-0.02094295248389244,0.448555052280426,0.8999720811843872,0.1577756702899933,0.6051262617111206,0.8008432984352112,-0.021809246391057968
frame_00515.jpg,0.3170318603515625,0.3343232572078705,0.1701652705669403,0.31207945942878723,0.321632981300354,0.1624743491411209,0.3083181083202362,0.32050496339797974,0.16223600506782532,0.3043939173221588,0.3193301856517792,0.16229882836341858,0.31993427872657776,0.32467135787010193,0.14001049101352692,0.3217757046222687,0.325758159160614,0.13965553045272827,0.3236386775970459,0.3268945813179016,0.13959936797618866,0.29261237382888794,0.32416611909866333,0.11913719028234482,0.318128377199173,0.336947500705719,0.02044401504099369,0.3086969256401062,0.34535330533981323,0.16255982220172882,0.3172867000102997,0.3482401967048645,0.1314019113779068,0.2545827329158783,0.37132614850997925,0.12879519164562225,0.33044353127479553,0.3990979790687561,-0.058314431458711624,0.301686555147171,0.2880641520023346,0.13768620789051056,0.402212917804718,0.47115516662597656,0.006268432829529047,0.3469787836074829,0.20073319971561432,0.06791793555021286,0.43458905816078186,0.4364410936832428,0.16137710213661194,0.35652655363082886,0.1804056018590927,0.06684710085391998,0.44202691316604614,0.4290884733200073,0.1655711829662323,0.36028116941452026,0.1772925704717636,0.05249180644750595,0.4352744221687317,0.42325204610824585,0.16320525109767914,0.357331782579422,0.18596546351909637,0.060025036334991455,0.4312703013420105,0.4268522560596466,0.1648547351360321,0.29721885919570923,0.6517349481582642,0.06126254051923752,0.34122443199157715,0.6111800670623779,-0.06152739375829697,0.3847659230232239,0.8002775311470032,0.14403051137924194,0.4691539406776428,0.6807234883308411,-0.019139636307954788,0.4402151107788086,0.8759406805038452,0.19303135573863983,0.5582606792449951,0.811496913433075,-0.012390604242682457,0.44642725586891174,0.8918141722679138,0.19755050539970398,0.5592126250267029,0.8372254967689514,-0.008912941440939903,0.4477972984313965,0.8865945935249329,0.19039344787597656,0.604525625705719,0.8049729466438293,-0.012541687116026878
frame_00516.jpg,0.31479328870773315,0.3343091905117035,0.14328539371490479,0.30976423621177673,0.3216702342033386,0.13914623856544495,0.30614593625068665,0.3207109570503235,0.13892380893230438,0.3042096495628357,0.31902557611465454,0.13898047804832458,0.318278431892395,0.3246555030345917,0.1137579083442688,0.3203935921192169,0.32580676674842834,0.11338420957326889,0.32247886061668396,0.3270726799964905,0.11328841745853424,0.29125887155532837,0.32496657967567444,0.11371661722660065,0.31746727228164673,0.3369675576686859,0.0026766411028802395,0.3067290186882019,0.34544169902801514,0.1428857147693634,0.3157111704349518,0.3483562469482422,0.10793347656726837,0.25667470693588257,0.37139880657196045,0.14243322610855103,0.32981064915657043,0.4002572298049927,-0.07779885083436966,0.3094848096370697,0.28155797719955444,0.14992815256118774,0.40117859840393066,0.4699307084083557,-0.02227655053138733,0.3511883616447449,0.19887615740299225,0.08367447555065155,0.43452924489974976,0.44132381677627563,0.12779828906059265,0.36256539821624756,0.17880435287952423,0.08205966651439667,0.4420345723628998,0.43550947308540344,0.1271248459815979,0.36587828397750854,0.17501027882099152,0.06653433293104172,0.43557557463645935,0.4300163686275482,0.12695762515068054,0.36303162574768066,0.18321818113327026,0.0749293863773346,0.43152156472206116,0.43327516317367554,0.1318315714597702,0.2969721555709839,0.6552894711494446,0.07011537998914719,0.34117791056632996,0.6128249764442444,-0.0703858882188797,0.38593679666519165,0.799372136592865,0.17332115769386292,0.46918725967407227,0.6819572448730469,-0.018358999863266945,0.4437759816646576,0.8962575197219849,0.22998812794685364,0.5579572319984436,0.814114511013031,-0.00580305140465498,0.4509018063545227,0.9134524464607239,0.23360159993171692,0.5583592057228088,0.8385941386222839,0.0025673690252006054,0.4539835453033447,0.9014132022857666,0.215706467628479,0.6044505834579468,0.8042733073234558,-0.004788056947290897
frame_00517.jpg,0.3178302049636841,0.33403462171554565,0.15657691657543182,0.31336522102355957,0.3216787874698639,0.15094292163848877,0.3095495104789734,0.32075759768486023,0.15070532262325287,0.30632099509239197,0.3193601369857788,0.15076807141304016,0.3215223550796509,0.32464277744293213,0.1261303871870041,0.3233943283557892,0.32578420639038086,0.12576168775558472,0.32527440786361694,0.32704198360443115,0.12568388879299164,0.294420063495636,0.32511797547340393,0.1165255755186081,0.3200942277908325,0.33686649799346924,0.008774427697062492,0.30940404534339905,0.34531036019325256,0.15298199653625488,0.31835517287254333,0.34824714064598083,0.11886081844568253,0.25891417264938354,0.37206408381462097,0.15099704265594482,0.33121058344841003,0.4022155702114105,-0.0748790055513382,0.31280186772346497,0.2826622426509857,0.16494253277778625,0.40141239762306213,0.4695418179035187,-0.013754974119365215,0.35466039180755615,0.20114058256149292,0.10098135471343994,0.4348638951778412,0.44239723682403564,0.14210832118988037,0.3648010790348053,0.18084248900413513,0.101112961769104,0.4424642026424408,0.43635115027427673,0.14346012473106384,0.36687055230140686,0.1767483651638031,0.08557464927434921,0.4368431568145752,0.4304247498512268,0.1420845240354538,0.36396509408950806,0.1855964958667755,0.09266086667776108,0.4322385787963867,0.43361493945121765,0.14546500146389008,0.2968716323375702,0.657143771648407,0.06998224556446075,0.3411194086074829,0.6141921877861023,-0.07023177295923233,0.3877077102661133,0.8061562776565552,0.1686267852783203,0.4692167341709137,0.6828299760818481,-0.020158711820840836,0.4558078348636627,0.9365413188934326,0.17631502449512482,0.5569994449615479,0.8170164227485657,0.0012546209618449211,0.4655683636665344,0.9598599076271057,0.175082728266716,0.5577120780944824,0.8410573601722717,0.007796554360538721,0.47024545073509216,0.9469999074935913,0.15073363482952118,0.6038719415664673,0.8041013479232788,0.0017740273615345359
frame_00518.jpg,0.3252338171005249,0.3405132591724396,0.14848670363426208,0.32056373357772827,0.3275505304336548,0.1454891860485077,0.3172631859779358,0.3264954686164856,0.1452576220035553,0.3139021098613739,0.32535845041275024,0.14534083008766174,0.32706159353256226,0.3302634656429291,0.11785956472158432,0.3283746540546417,0.33124980330467224,0.11749152094125748,0.32978126406669617,0.33231744170188904,0.11741375923156738,0.30069640278816223,0.32796546816825867,0.11851052194833755,0.32257625460624695,0.3396832048892975,0.002813409548252821,0.316902220249176,0.3516582250595093,0.14966684579849243,0.32425656914711,0.3539600670337677,0.11177174001932144,0.25941258668899536,0.372395396232605,0.15645653009414673,0.33078649640083313,0.40207815170288086,-0.07708181440830231,0.3198672831058502,0.28308284282684326,0.17266111075878143,0.40187716484069824,0.470068097114563,-0.020556043833494186,0.3582342267036438,0.197280615568161,0.10184512287378311,0.4348357617855072,0.4423058331012726,0.13527725636959076,0.3692849278450012,0.17782165110111237,0.10042992979288101,0.44247502088546753,0.4363880455493927,0.13480187952518463,0.37075236439704895,0.1726868599653244,0.08460193872451782,0.4368014931678772,0.4318443238735199,0.1352892816066742,0.36692506074905396,0.18110114336013794,0.09300871938467026,0.4321877062320709,0.43506431579589844,0.13955548405647278,0.29669398069381714,0.6570520997047424,0.07374856621026993,0.3411378562450409,0.6141860485076904,-0.07400006055831909,0.3872755169868469,0.8040295839309692,0.17062638700008392,0.4693675637245178,0.6834409236907959,-0.03145348280668259,0.45586419105529785,0.9270562529563904,0.21732373535633087,0.557045578956604,0.8197778463363647,-0.0011721967021003366,0.46513015031814575,0.9488838911056519,0.21996577084064484,0.5578072667121887,0.8448574542999268,0.005105416756123304,0.46913591027259827,0.936290979385376,0.19486546516418457,0.603570818901062,0.8049175143241882,-0.001741577871143818
frame_00519.jpg,0.3271504342556,0.3414648175239563,0.13829341530799866,0.32254907488822937,0.32865533232688904,0.13543522357940674,0.31945252418518066,0.32764238119125366,0.1352083534002304,0.3161648213863373,0.32659438252449036,0.13530848920345306,0.3286197781562805,0.3312948942184448,0.10689316689968109,0.32983168959617615,0.33234089612960815,0.10651618242263794,0.3311586081981659,0.33340394496917725,0.10643675178289413,0.3029116690158844,0.32861825823783875,0.11562895774841309,0.3237062990665436,0.3402553200721741,-0.009309391491115093,0.31926286220550537,0.3527368903160095,0.14058324694633484,0.3261956572532654,0.35506147146224976,0.1013299822807312,0.25994133949279785,0.3728030025959015,0.15114980936050415,0.3309270441532135,0.4020248353481293,-0.0887756496667862,0.3233490586280823,0.28715917468070984,0.17212888598442078,0.40288251638412476,0.47120121121406555,-0.04557054489850998,0.36053064465522766,0.20188787579536438,0.08023406565189362,0.4346033036708832,0.4427257478237152,0.09193538874387741,0.3723083734512329,0.18210247159004211,0.07665999233722687,0.44254717230796814,0.436215877532959,0.08722379058599472,0.37365657091140747,0.17617906630039215,0.060395319014787674,0.43682828545570374,0.43148672580718994,0.08868904411792755,0.3689679503440857,0.1844487488269806,0.07068458199501038,0.4320836663246155,0.43512192368507385,0.09612749516963959,0.2962288558483124,0.6563480496406555,0.07415831834077835,0.34092992544174194,0.6141162514686584,-0.07439860701560974,0.3869226574897766,0.8033557534217834,0.1658865064382553,0.46912211179733276,0.6840708255767822,-0.04211467504501343,0.4576374590396881,0.9248247146606445,0.21221932768821716,0.556260883808136,0.8202356696128845,-0.00660049170255661,0.46669355034828186,0.9453373551368713,0.21509428322315216,0.556759238243103,0.845504879951477,-0.0002615738776512444,0.47176748514175415,0.9397398233413696,0.1921340823173523,0.6014299392700195,0.8089017868041992,-0.007897760719060898
frame_00520.jpg,0.33105313777923584,0.3420928418636322,0.12123693525791168,0.32652825117111206,0.3295480012893677,0.11934240162372589,0.32368797063827515,0.32858604192733765,0.11913309246301651,0.32066401839256287,0.32756397128105164,0.11921365559101105,0.3317001461982727,0.3321046233177185,0.09020231664180756,0.332594633102417,0.333194762468338,0.0898304432630539,0.33361300826072693,0.33430272340774536,0.08974389731884003,0.3074316084384918,0.32949337363243103,0.10654287040233612,0.32552817463874817,0.3412422835826874,-0.022579139098525047,0.323701411485672,0.3537094295024872,0.1256738007068634,0.32947832345962524,0.35585740208625793,0.0855817049741745,0.2636681795120239,0.3726365268230438,0.14726006984710693,0.33091631531715393,0.40191808342933655,-0.09541584551334381,0.3281562030315399,0.28386783599853516,0.16937826573848724,0.4030707776546478,0.47134169936180115,-0.040429651737213135,0.3631834387779236,0.19568896293640137,0.084197036921978,0.4333857595920563,0.44403204321861267,0.11023340374231339,0.373584121465683,0.1742904931306839,0.081124447286129,0.44227877259254456,0.4363861382007599,0.10812161862850189,0.37474581599235535,0.16928020119667053,0.0644485354423523,0.4364061951637268,0.4316089451313019,0.1081552654504776,0.37083137035369873,0.17774640023708344,0.07466171681880951,0.4311433434486389,0.4360426068305969,0.11415088176727295,0.2962445616722107,0.6560095548629761,0.07564996927976608,0.3408869504928589,0.6140912771224976,-0.07589490711688995,0.3872449994087219,0.8049872517585754,0.15904361009597778,0.46901336312294006,0.6843841075897217,-0.05619914084672928,0.4601402282714844,0.9331667423248291,0.20630545914173126,0.5559468269348145,0.820560097694397,-0.014841379597783089,0.46946007013320923,0.9539930820465088,0.20876917243003845,0.5565260052680969,0.8459605574607849,-0.00821355078369379,0.47386693954467773,0.9460834264755249,0.18698111176490784,0.6000350117683411,0.8099433779716492,-0.01818053051829338
frame_00521.jpg,0.33307597041130066,0.3421911597251892,0.11355344951152802,0.3283897340297699,0.3298611044883728,0.1134238988161087,0.32560065388679504,0.3289802372455597,0.11321922391653061,0.3226526379585266,0.3280552923679352,0.11330089718103409,0.33306074142456055,0.3322395980358124,0.08327816426753998,0.3337305188179016,0.33330169320106506,0.0828920379281044,0.3345305621623993,0.3343815207481384,0.08279576897621155,0.3095952272415161,0.3303930461406708,0.10811765491962433,0.3262617588043213,0.34127387404441833,-0.023318933323025703,0.3259255886077881,0.354097455739975,0.12159273773431778,0.33118748664855957,0.35601189732551575,0.0802510604262352,0.2631740868091583,0.37325578927993774,0.1550634205341339,0.33149170875549316,0.4017053544521332,-0.09301836043596268,0.32745516300201416,0.2871919572353363,0.18102304637432098,0.40473777055740356,0.4749990403652191,-0.03908751904964447,0.36297115683555603,0.2017827332019806,0.08919993042945862,0.4327448904514313,0.44591230154037476,0.10962911695241928,0.3730772137641907,0.180832177400589,0.09064839780330658,0.4416958689689636,0.4372764229774475,0.10709862411022186,0.37440070509910583,0.1750069260597229,0.07510168105363846,0.4351319372653961,0.4327664375305176,0.10646952688694,0.3706161081790924,0.18316097557544708,0.08221518248319626,0.4301174581050873,0.4376140236854553,0.11327548325061798,0.2963753342628479,0.6559591293334961,0.07662352919578552,0.340954065322876,0.6150185465812683,-0.07690180093050003,0.40127602219581604,0.812359631061554,0.15186189115047455,0.4688113331794739,0.6845976114273071,-0.0570564866065979,0.4589357376098633,0.941984236240387,0.20527085661888123,0.5560337901115417,0.8247193694114685,-0.012055310420691967,0.467998206615448,0.963212788105011,0.20699873566627502,0.5566214323043823,0.8500385880470276,-0.005071977153420448,0.4713822901248932,0.9566928148269653,0.18199597299098969,0.6005479097366333,0.8151264786720276,-0.012966143898665905
frame_00522.jpg,0.3331476151943207,0.3420051038265228,0.1278967559337616,0.32836782932281494,0.32977771759033203,0.12548357248306274,0.3254948556423187,0.3289451003074646,0.12526872754096985,0.3225790858268738,0.32806989550590515,0.12534977495670319,0.3332864046096802,0.33206233382225037,0.09752247482538223,0.33401569724082947,0.33310940861701965,0.09714300185441971,0.3348556458950043,0.33416450023651123,0.09705805033445358,0.31000059843063354,0.3308347463607788,0.11100058257579803,0.32702410221099854,0.34114283323287964,-0.013581989333033562,0.3262566924095154,0.35398295521736145,0.1312497854232788,0.33159711956977844,0.3558579981327057,0.09278152137994766,0.2624897360801697,0.3756038546562195,0.15542419254779816,0.33273845911026,0.4017272889614105,-0.0865756943821907,0.3259895145893097,0.2904249131679535,0.17679381370544434,0.4056622087955475,0.4799320101737976,-0.03151150420308113,0.3627724349498749,0.20544669032096863,0.08881440758705139,0.43259280920028687,0.44936373829841614,0.11255580186843872,0.3717164397239685,0.18498902022838593,0.08676493167877197,0.44132137298583984,0.440310537815094,0.11073442548513412,0.37313586473464966,0.17871561646461487,0.07142810523509979,0.434028297662735,0.43609899282455444,0.1112857311964035,0.3696446716785431,0.1869644671678543,0.08026133477687836,0.4292594790458679,0.4410523772239685,0.11728088557720184,0.29639142751693726,0.6555851101875305,0.07496673613786697,0.3409658372402191,0.6149807572364807,-0.07524165511131287,0.39435523748397827,0.8105790615081787,0.133385568857193,0.46865934133529663,0.6846347451210022,-0.05509504675865173,0.4576072692871094,0.9540882706642151,0.16648969054222107,0.5560176372528076,0.82476407289505,-0.019115334376692772,0.46644386649131775,0.975939929485321,0.1675201952457428,0.5571523904800415,0.8516154885292053,-0.01269026380032301,0.4691532552242279,0.9764286875724792,0.13877376914024353,0.6005204916000366,0.8146870732307434,-0.019643599167466164
frame_00523.jpg,0.33647841215133667,0.342350572347641,0.13136026263237,0.3314742147922516,0.3305402100086212,0.1294756978750229,0.3286261558532715,0.32983461022377014,0.12925320863723755,0.3257516026496887,0.32914936542510986,0.12932012975215912,0.3363276720046997,0.3327288031578064,0.10202927887439728,0.33701637387275696,0.33380547165870667,0.10165435075759888,0.3378109335899353,0.33488065004348755,0.1015717163681984,0.31343740224838257,0.3331133723258972,0.11285356432199478,0.33002379536628723,0.3423595130443573,-0.009575147181749344,0.3299618363380432,0.3547608554363251,0.13432057201862335,0.33510252833366394,0.35664352774620056,0.09659542888402939,0.26466768980026245,0.3788260221481323,0.1545257568359375,0.3343178629875183,0.4059326946735382,-0.08152468502521515,0.32929491996765137,0.2911413609981537,0.1748902052640915,0.4064219892024994,0.48274630308151245,-0.007914670743048191,0.36502236127853394,0.20671916007995605,0.09214074909687042,0.43248629570007324,0.45158708095550537,0.16133329272270203,0.37340280413627625,0.18585440516471863,0.08960472047328949,0.4409666955471039,0.4430360794067383,0.16499063372612,0.37414640188217163,0.178653746843338,0.07453876733779907,0.4332966208457947,0.43980470299720764,0.16207584738731384,0.3707748055458069,0.18770472705364227,0.08349378407001495,0.4288717806339264,0.44441184401512146,0.16472049057483673,0.29639527201652527,0.6569579839706421,0.07402459532022476,0.33975037932395935,0.6199514269828796,-0.07429239898920059,0.40259870886802673,0.8141009211540222,0.12179287523031235,0.4688578248023987,0.6847169995307922,-0.05955294519662857,0.4457761347293854,0.940181314945221,0.15314796566963196,0.5539817214012146,0.8240858316421509,-0.02367991767823696,0.4503481984138489,0.9602813720703125,0.15479815006256104,0.5538976788520813,0.8507569432258606,-0.016703587025403976,0.4580461084842682,0.9600842595100403,0.1379145383834839,0.5988885164260864,0.815357506275177,-0.015778467059135437
frame_00524.jpg,0.33651989698410034,0.3430798351764679,0.13057753443717957,0.33137744665145874,0.3311709761619568,0.1291848123073578,0.32840362191200256,0.3305131196975708,0.1289767026901245,0.32545706629753113,0.32989153265953064,0.1290440410375595,0.33646470308303833,0.33319947123527527,0.10107008367776871,0.33720359206199646,0.3342095911502838,0.10069401562213898,0.33803847432136536,0.33520957827568054,0.10060463100671768,0.3131868541240692,0.3339681923389435,0.11319130659103394,0.3306204378604889,0.3426045775413513,-0.009386579506099224,0.3303254246711731,0.3559918701648712,0.13422289490699768,0.3355495035648346,0.3576962649822235,0.0956265926361084,0.26443496346473694,0.38129493594169617,0.15260779857635498,0.3348925709724426,0.40659481287002563,-0.08039836585521698,0.3269198536872864,0.29329973459243774,0.1678929626941681,0.4063972532749176,0.4825287461280823,-0.008407853543758392,0.36378777027130127,0.20706354081630707,0.07691612839698792,0.43252333998680115,0.4537270665168762,0.15715599060058594,0.3716387450695038,0.1856399029493332,0.07166455686092377,0.4409927725791931,0.4467325508594513,0.15962794423103333,0.3727205991744995,0.17875704169273376,0.05749629810452461,0.4333980083465576,0.44378021359443665,0.1576465368270874,0.3695319592952728,0.18771301209926605,0.06799077242612839,0.428926944732666,0.4474462866783142,0.160757377743721,0.2964959740638733,0.656932532787323,0.07348300516605377,0.3397444486618042,0.6208027601242065,-0.07374658435583115,0.40460261702537537,0.8186761140823364,0.1281813085079193,0.469168484210968,0.6860374808311462,-0.05330744385719299,0.4438296854496002,0.950495183467865,0.15830816328525543,0.5539594888687134,0.8259963989257812,-0.011371568776667118,0.44919148087501526,0.9700194597244263,0.15822000801563263,0.5541526079177856,0.853935182094574,-0.002502859104424715,0.4521915912628174,0.9748464822769165,0.14584369957447052,0.5989277958869934,0.8169971108436584,-0.0017537163803353906
frame_00525.jpg,0.3386807441711426,0.34465062618255615,0.13296043872833252,0.3333851397037506,0.3325261175632477,0.1312323361635208,0.3304561972618103,0.33195531368255615,0.13101930916309357,0.32754603028297424,0.33142033219337463,0.1310868263244629,0.3381372094154358,0.33430978655815125,0.10325950384140015,0.33874836564064026,0.33525025844573975,0.10288331657648087,0.3394562602043152,0.3361877501010895,0.10279729217290878,0.3147290050983429,0.3353442847728729,0.12102580070495605,0.33145713806152344,0.34323850274086,-0.007911629043519497,0.332768976688385,0.3579462170600891,0.1358378529548645,0.33765143156051636,0.359445184469223,0.09753689169883728,0.2645493447780609,0.3832506835460663,0.16183646023273468,0.3351540267467499,0.40752506256103516,-0.07963792979717255,0.3288288712501526,0.2947646677494049,0.18665732443332672,0.4063456952571869,0.48298749327659607,-0.006849358789622784,0.3646029829978943,0.20789380371570587,0.10637000948190689,0.4326860308647156,0.45411667227745056,0.16921374201774597,0.3719697594642639,0.1866505891084671,0.10339440405368805,0.44164904952049255,0.4475749433040619,0.17232905328273773,0.3730730712413788,0.17941460013389587,0.0880238264799118,0.4337453842163086,0.4441019296646118,0.1710229068994522,0.369741827249527,0.18865613639354706,0.09710128605365753,0.4293592870235443,0.4476681649684906,0.1734040081501007,0.2968257963657379,0.6569411158561707,0.07379727065563202,0.3398744463920593,0.62172931432724,-0.07406733185052872,0.40562424063682556,0.8219186663627625,0.12283901125192642,0.470173180103302,0.6890288591384888,-0.06836819648742676,0.43936172127723694,0.9577412009239197,0.15332546830177307,0.553557276725769,0.830568253993988,-0.017593849450349808,0.444268137216568,0.9768339395523071,0.15457454323768616,0.5538764595985413,0.8595958352088928,-0.008515794761478901,0.4459492564201355,0.986777126789093,0.13252878189086914,0.5992961525917053,0.8216062784194946,-0.006976845674216747
frame_00526.jpg,0.3375980854034424,0.3443906605243683,0.13453389704227448,0.33230340480804443,0.3323945105075836,0.13233700394630432,0.32933592796325684,0.3318019509315491,0.1321234405040741,0.3263990879058838,0.3312956392765045,0.13218684494495392,0.3375535011291504,0.3341690003871918,0.10472729057073593,0.3384097218513489,0.33510351181030273,0.10435384511947632,0.3393624424934387,0.3360078036785126,0.10426931083202362,0.3135642111301422,0.3354463577270508,0.12252794206142426,0.3319101333618164,0.3428700268268585,-0.00781922321766615,0.331542044878006,0.35781317949295044,0.1365334540605545,0.3371294140815735,0.35939136147499084,0.0988994687795639,0.26482945680618286,0.3880634903907776,0.1629922091960907,0.33561617136001587,0.4080294072628021,-0.07936324179172516,0.3293580710887909,0.3082323968410492,0.18993353843688965,0.40644630789756775,0.4840618669986725,-0.007324733771383762,0.3664571940898895,0.2097335308790207,0.12377001345157623,0.43318310379981995,0.45399025082588196,0.16376370191574097,0.37349802255630493,0.18821509182453156,0.12317563593387604,0.44310101866722107,0.44704559445381165,0.16625168919563293,0.37433716654777527,0.1802239865064621,0.10877098143100739,0.4347195625305176,0.4431053400039673,0.16571682691574097,0.37089645862579346,0.18901212513446808,0.11533738672733307,0.4301920533180237,0.44694676995277405,0.16807244718074799,0.29759037494659424,0.6570785045623779,0.07351674139499664,0.34028360247612,0.622173011302948,-0.07378987967967987,0.40513738989830017,0.8203306198120117,0.12636162340641022,0.4706723093986511,0.6893059611320496,-0.07257694005966187,0.4361717700958252,0.9552412033081055,0.15737004578113556,0.5530747175216675,0.8327264785766602,-0.032402969896793365,0.44070181250572205,0.9747283458709717,0.15902093052864075,0.5535265803337097,0.8619916439056396,-0.024297406896948814,0.44307976961135864,0.9835178256034851,0.14026612043380737,0.5993034839630127,0.8239883780479431,-0.018013428896665573
frame_00527.jpg,0.3376196026802063,0.343802273273468,0.13206790387630463,0.3325323462486267,0.33231884241104126,0.1310088336467743,0.329561710357666,0.3317532539367676,0.130794495344162,0.3266544044017792,0.33117803931236267,0.13086318969726562,0.33800262212753296,0.33398163318634033,0.10237546265125275,0.3389308750629425,0.3349188268184662,0.10198791325092316,0.33994293212890625,0.335799902677536,0.10189925134181976,0.313788503408432,0.3353510797023773,0.12198901176452637,0.33261701464653015,0.34263697266578674,-0.009044337086379528,0.331279993057251,0.3574877083301544,0.13555863499641418,0.3371305763721466,0.3591598868370056,0.09647456556558609,0.26643750071525574,0.3887866735458374,0.1609705239534378,0.33666449785232544,0.40912336111068726,-0.08130362629890442,0.32901161909103394,0.31237050890922546,0.18885940313339233,0.4076770842075348,0.4858821928501129,-0.007478681858628988,0.3672712445259094,0.21098235249519348,0.12473497539758682,0.4339776635169983,0.4537803828716278,0.17234714329242706,0.3742348253726959,0.1882942020893097,0.12479593604803085,0.44397884607315063,0.44649532437324524,0.17720793187618256,0.3747643828392029,0.18082277476787567,0.11025922000408173,0.43527117371559143,0.4424004852771759,0.17649921774864197,0.3712918162345886,0.18930289149284363,0.1163010448217392,0.4307332932949066,0.4465363323688507,0.1770172268152237,0.2988250255584717,0.6578699946403503,0.07347308099269867,0.34103915095329285,0.6233739852905273,-0.07375374436378479,0.4056394100189209,0.8192651867866516,0.12307397276163101,0.4706668257713318,0.6894247531890869,-0.07055838406085968,0.43415898084640503,0.9508858323097229,0.14222761988639832,0.5526561737060547,0.8335662484169006,-0.03747420758008957,0.43880781531333923,0.970127284526825,0.14294539391994476,0.5519171953201294,0.8626951575279236,-0.030328545719385147,0.43967944383621216,0.9761195778846741,0.1271645724773407,0.59931480884552,0.8237553834915161,-0.023695722222328186
frame_00528.jpg,0.33922624588012695,0.34369900822639465,0.17745843529701233,0.33426016569137573,0.3322227895259857,0.17648783326148987,0.33117231726646423,0.3316802978515625,0.17625269293785095,0.32814541459083557,0.3311205506324768,0.17632927000522614,0.33998817205429077,0.3338661789894104,0.14699043333530426,0.34092822670936584,0.33480846881866455,0.14658750593662262,0.3419364094734192,0.33570626378059387,0.14651183784008026,0.3151399791240692,0.33529481291770935,0.15968069434165955,0.33435457944869995,0.34252306818962097,0.02898290380835533,0.3324742317199707,0.35731300711631775,0.1793402135372162,0.33843547105789185,0.35899147391319275,0.1390535533428192,0.2671663463115692,0.3918657600879669,0.1915932595729828,0.33903247117996216,0.4102734923362732,-0.05720939114689827,0.32717373967170715,0.3405572474002838,0.2403484582901001,0.40863722562789917,0.48837795853614807,0.020708395168185234,0.36600643396377563,0.23563046753406525,0.21607601642608643,0.43459588289260864,0.45436015725135803,0.2122935950756073,0.372896671295166,0.20299309492111206,0.2238784283399582,0.4443047046661377,0.4468660354614258,0.2208257019519806,0.3736247420310974,0.1904948204755783,0.20925572514533997,0.435411274433136,0.4427950978279114,0.21987232565879822,0.3721162676811218,0.21360349655151367,0.20878148078918457,0.43084511160850525,0.44707831740379333,0.21730804443359375,0.29915881156921387,0.6604427695274353,0.07422353327274323,0.34172287583351135,0.6251624226570129,-0.07451903820037842,0.4063590168952942,0.8184604048728943,0.11533202975988388,0.4718474745750427,0.689894437789917,-0.07473257929086685,0.42378538846969604,0.948098361492157,0.09640638530254364,0.552710771560669,0.837744414806366,-0.06317033618688583,0.425926148891449,0.967395007610321,0.09401531517505646,0.5521803498268127,0.870638906955719,-0.0577499084174633,0.42969274520874023,0.9716101884841919,0.08563011884689331,0.5999504327774048,0.8256554007530212,-0.04577375203371048
