image_name,x_0,y_0,z_0,x_1,y_1,z_1,x_2,y_2,z_2,x_3,y_3,z_3,x_4,y_4,z_4,x_5,y_5,z_5,x_6,y_6,z_6,x_7,y_7,z_7,x_8,y_8,z_8,x_9,y_9,z_9,x_10,y_10,z_10,x_11,y_11,z_11,x_12,y_12,z_12,x_13,y_13,z_13,x_14,y_14,z_14,x_15,y_15,z_15,x_16,y_16,z_16,x_17,y_17,z_17,x_18,y_18,z_18,x_19,y_19,z_19,x_20,y_20,z_20,x_21,y_21,z_21,x_22,y_22,z_22,x_23,y_23,z_23,x_24,y_24,z_24,x_25,y_25,z_25,x_26,y_26,z_26,x_27,y_27,z_27,x_28,y_28,z_28,x_29,y_29,z_29,x_30,y_30,z_30,x_31,y_31,z_31,x_32,y_32,z_32
frame_00000.jpg,0.5113140940666199,0.2834835946559906,-0.12711820006370544,0.5093614459037781,0.2722149193286896,-0.10607811063528061,0.5099678635597229,0.27201569080352783,-0.10617673397064209,0.5108277797698975,0.2718563973903656,-0.1061263307929039,0.5059952735900879,0.27182260155677795,-0.1271885484457016,0.5038357973098755,0.2715589106082916,-0.12742547690868378,0.5011662840843201,0.2714320123195648,-0.1274983286857605,0.5050938725471497,0.2758454978466034,0.0180429108440876,0.48792821168899536,0.2762076258659363,-0.10432865470647812,0.5095757246017456,0.29541587829589844,-0.08701655268669128,0.5068753361701965,0.2955365478992462,-0.11669546365737915,0.5162908434867859,0.35269302129745483,0.09139043092727661,0.5235612392425537,0.3416818082332611,-0.1489696204662323,0.5500496625900269,0.420687198638916,0.13864874839782715,0.5658486485481262,0.40737447142601013,-0.2343522608280182,0.5749590396881104,0.43566805124282837,0.09965101629495621,0.598244309425354,0.43753740191459656,-0.2820311486721039,0.5857395529747009,0.43845006823539734,0.10052226483821869,0.609859049320221,0.44520989060401917,-0.3178336024284363,0.5866829752922058,0.43883711099624634,0.07644003629684448,0.6115251779556274,0.4414255917072296,-0.30696481466293335,0.5855280160903931,0.43787309527397156,0.08952691406011581,0.6083315014839172,0.43974635004997253,-0.27867430448532104,0.5374761819839478,0.5017827749252319,0.07078613340854645,0.541584849357605,0.49626556038856506,-0.07100716233253479,0.5318413376808167,0.6020387411117554,0.08930959552526474,0.5297290086746216,0.5953982472419739,-0.16195796430110931,0.5153424739837646,0.7234907150268555,0.13766831159591675,0.5079699158668518,0.7188082337379456,-0.16445694863796234,0.5118926763534546,0.7448003888130188,0.13751713931560516,0.5052734613418579,0.7478042840957642,-0.16780026257038116,0.5191617608070374,0.7469695806503296,0.07275287806987762,0.5161622762680054,0.7396336197853088,-0.24729511141777039
frame_00001.jpg,0.5033482909202576,0.28306645154953003,-0.19079598784446716,0.5025601983070374,0.27093076705932617,-0.1677117645740509,0.5034916400909424,0.2710765600204468,-0.16786538064479828,0.5046727657318115,0.27132999897003174,-0.16784849762916565,0.498566210269928,0.27003398537635803,-0.19846762716770172,0.49627918004989624,0.2696191370487213,-0.19867953658103943,0.4936869740486145,0.26920607686042786,-0.19874264299869537,0.4977639317512512,0.27511098980903625,-0.044926367700099945,0.48135313391685486,0.27389442920684814,-0.19271264970302582,0.50208580493927,0.2951977550983429,-0.14318794012069702,0.4982946515083313,0.2942185699939728,-0.18561847507953644,0.48186928033828735,0.3536324203014374,0.09361777454614639,0.48013395071029663,0.3362377882003784,-0.24514934420585632,0.5214849710464478,0.4233613610267639,0.1501699835062027,0.5530897974967957,0.40202632546424866,-0.3158572316169739,0.5745653510093689,0.4441543221473694,0.07244078814983368,0.5975891351699829,0.4353884756565094,-0.31247082352638245,0.5887041091918945,0.4490668475627899,0.06898542493581772,0.6107276678085327,0.4433837831020355,-0.3495468497276306,0.5929572582244873,0.4477459192276001,0.039223335683345795,0.6124401092529297,0.44044697284698486,-0.3392127752304077,0.5871497988700867,0.4456852674484253,0.05829722806811333,0.6082043647766113,0.4383785128593445,-0.3083379864692688,0.5000946521759033,0.5077446103096008,0.10375715792179108,0.48879867792129517,0.5003567934036255,-0.10403728485107422,0.501958966255188,0.637082040309906,0.1907733678817749,0.4369879364967346,0.637509286403656,-0.1277208775281906,0.5027249455451965,0.778018057346344,0.30929675698280334,0.3783082365989685,0.7634796500205994,-0.0733247846364975,0.4977182447910309,0.7912260293960571,0.31622838973999023,0.3767871856689453,0.7725066542625427,-0.07078121602535248,0.5187162160873413,0.7929143309593201,0.261160671710968,0.3853498697280884,0.8026838302612305,-0.1484629213809967
frame_00002.jpg,0.5019472241401672,0.2819465696811676,-0.17046447098255157,0.5007280111312866,0.2712198495864868,-0.1484602838754654,0.5009773969650269,0.2713621258735657,-0.14861077070236206,0.501369297504425,0.27160337567329407,-0.14857909083366394,0.49756455421447754,0.27016228437423706,-0.18128874897956848,0.4949154257774353,0.2696931064128876,-0.1815032660961151,0.49177512526512146,0.2691429555416107,-0.1815677434206009,0.49323853850364685,0.27432695031166077,-0.0384955033659935,0.47915616631507874,0.27197757363319397,-0.18941423296928406,0.49951472878456116,0.2945527732372284,-0.12509723007678986,0.4961879253387451,0.29485005140304565,-0.16993865370750427,0.46257489919662476,0.35450971126556396,0.10726401954889297,0.47412651777267456,0.3341989815235138,-0.24961981177330017,0.5121289491653442,0.423982173204422,0.16661646962165833,0.5477538108825684,0.39823850989341736,-0.31640005111694336,0.5695531964302063,0.4429980218410492,0.09913188964128494,0.5992878675460815,0.43147391080856323,-0.28265053033828735,0.5867394208908081,0.4462670385837555,0.10098601877689362,0.6109315156936646,0.4390263557434082,-0.31686386466026306,0.5901018381118774,0.4445996880531311,0.06917012482881546,0.613342821598053,0.4365595579147339,-0.3047173321247101,0.5856949090957642,0.4434643089771271,0.08419282734394073,0.608796238899231,0.43438461422920227,-0.2776562571525574,0.46512570977211,0.5194258093833923,0.1087334007024765,0.4674004912376404,0.511817216873169,-0.10895155370235443,0.48510971665382385,0.6530609726905823,0.21219393610954285,0.43118852376937866,0.6487329602241516,-0.12151430547237396,0.4996867775917053,0.7802091836929321,0.34637826681137085,0.40551480650901794,0.7957363128662109,-0.04080146178603172,0.49267539381980896,0.7919256687164307,0.355532705783844,0.39767903089523315,0.8120596408843994,-0.03701289743185043,0.5153583288192749,0.7970255017280579,0.31571415066719055,0.41540414094924927,0.8442012071609497,-0.10418602079153061
frame_00003.jpg,0.49847570061683655,0.28191077709198,-0.26975807547569275,0.4979362487792969,0.2714289426803589,-0.24359476566314697,0.49879828095436096,0.27160024642944336,-0.24374905228614807,0.49982041120529175,0.27174583077430725,-0.24370715022087097,0.4924381673336029,0.27045831084251404,-0.2748850882053375,0.48928532004356384,0.2701180577278137,-0.27512845396995544,0.48586902022361755,0.26986178755760193,-0.27526286244392395,0.49407291412353516,0.27542179822921753,-0.10488994419574738,0.47639212012290955,0.2738156020641327,-0.24945159256458282,0.4972383379936218,0.294104665517807,-0.21427087485790253,0.4918974041938782,0.2941712737083435,-0.25710999965667725,0.4693545401096344,0.35084226727485657,0.07292349636554718,0.4766068458557129,0.3392440974712372,-0.2966848909854889,0.5138039588928223,0.42477676272392273,0.12482085078954697,0.544674277305603,0.39785072207450867,-0.37141844630241394,0.5701300501823425,0.4411367177963257,0.07040674984455109,0.5997821092605591,0.42554107308387756,-0.37250757217407227,0.5855516195297241,0.4437456727027893,0.07171981781721115,0.6151527166366577,0.4350508749485016,-0.4177960455417633,0.5881267189979553,0.4416213035583496,0.009139886125922203,0.6157573461532593,0.43179166316986084,-0.4059689939022064,0.5845609307289124,0.44111669063568115,0.03610862419009209,0.610882043838501,0.4293745756149292,-0.3685579001903534,0.4693775177001953,0.5265070199966431,0.11102299392223358,0.4522138237953186,0.5217637419700623,-0.11120264232158661,0.4941474497318268,0.6506280303001404,0.21066316962242126,0.42854100465774536,0.6509518027305603,-0.1263647824525833,0.501715362071991,0.780759871006012,0.37284502387046814,0.37910300493240356,0.782216489315033,-0.04796819016337395,0.49516478180885315,0.7941970825195312,0.3841771185398102,0.36505386233329773,0.8092563152313232,-0.0436837375164032,0.517610490322113,0.802841305732727,0.3261079788208008,0.3773331046104431,0.8154780268669128,-0.12868063151836395
frame_00004.jpg,0.49107256531715393,0.28269872069358826,-0.27489370107650757,0.4930869936943054,0.27158263325691223,-0.24868111312389374,0.49546414613723755,0.2717757821083069,-0.24880623817443848,0.49760347604751587,0.27195772528648376,-0.24874791502952576,0.4856160581111908,0.2706798315048218,-0.27892595529556274,0.4819818437099457,0.27036386728286743,-0.27917635440826416,0.4781753122806549,0.270203173160553,-0.27931734919548035,0.4939422011375427,0.27588003873825073,-0.10706661641597748,0.4701436161994934,0.2743302583694458,-0.24614617228507996,0.4933091998100281,0.29462987184524536,-0.21763436496257782,0.48532599210739136,0.29449787735939026,-0.25910940766334534,0.46567636728286743,0.34779566526412964,0.07494448870420456,0.4748673439025879,0.3375847041606903,-0.2940806746482849,0.5125139951705933,0.42310667037963867,0.14092054963111877,0.5441194176673889,0.39771148562431335,-0.387888103723526,0.5652592778205872,0.43668270111083984,0.06432179361581802,0.6000852584838867,0.4260808825492859,-0.408379465341568,0.578903317451477,0.4389473497867584,0.06355603784322739,0.6140093207359314,0.4331875443458557,-0.4560145437717438,0.5814090967178345,0.43767067790031433,0.02495165728032589,0.6134696006774902,0.4306275546550751,-0.44299525022506714,0.5783270597457886,0.4373796284198761,0.04578687250614166,0.608971118927002,0.4292259216308594,-0.40429407358169556,0.45727619528770447,0.5266211628913879,0.11756660044193268,0.45699557662010193,0.5221474170684814,-0.11778914928436279,0.4689093232154846,0.6571508646011353,0.19921472668647766,0.47051867842674255,0.6498738527297974,-0.15099692344665527,0.4740918278694153,0.788037896156311,0.32072263956069946,0.43376684188842773,0.7979718446731567,-0.06585432589054108,0.48657530546188354,0.7998989224433899,0.32746997475624084,0.42202600836753845,0.818671464920044,-0.052187301218509674,0.493389368057251,0.8149071931838989,0.25809869170188904,0.4551258981227875,0.8437254428863525,-0.1578843891620636
frame_00005.jpg,0.4896964132785797,0.2816881835460663,-0.3039048910140991,0.4917539954185486,0.26991501450538635,-0.27563348412513733,0.49407655000686646,0.2699921429157257,-0.27579835057258606,0.49628520011901855,0.27010729908943176,-0.27574145793914795,0.4843718111515045,0.26946189999580383,-0.3066833019256592,0.480621874332428,0.26942726969718933,-0.30694788694381714,0.47679170966148376,0.26954299211502075,-0.3071042597293854,0.4933869242668152,0.27417877316474915,-0.12460090965032578,0.46891260147094727,0.2740232050418854,-0.2677275538444519,0.49202775955200195,0.2937909662723541,-0.2437620908021927,0.48430150747299194,0.2938925325870514,-0.2863340973854065,0.46820467710494995,0.3474313020706177,0.06661143153905869,0.4732343554496765,0.3366971015930176,-0.312899649143219,0.5115031599998474,0.42391538619995117,0.14296028017997742,0.5427205562591553,0.3968810737133026,-0.40660348534584045,0.5648788809776306,0.4355659782886505,0.06786418706178665,0.5975836515426636,0.42417818307876587,-0.43170100450515747,0.5793310403823853,0.43841448426246643,0.06629402935504913,0.6107275485992432,0.431171715259552,-0.48151692748069763,0.582297146320343,0.4373953938484192,0.02910730615258217,0.6115902066230774,0.4291594326496124,-0.4694046378135681,0.5788158774375916,0.4368725121021271,0.05073612183332443,0.6067588329315186,0.42774727940559387,-0.42822185158729553,0.4674299657344818,0.5260937809944153,0.11550377309322357,0.45052433013916016,0.5224863290786743,-0.11571244150400162,0.49063771963119507,0.6535539031028748,0.17885082960128784,0.43506374955177307,0.648713231086731,-0.1559695452451706,0.4953623414039612,0.7868600487709045,0.3129073977470398,0.37996339797973633,0.7862222790718079,-0.06632177531719208,0.4922921657562256,0.8053959012031555,0.32017782330513,0.37370404601097107,0.8007380366325378,-0.058643050491809845,0.5154542326927185,0.8132247924804688,0.23959045112133026,0.3931731581687927,0.8361876010894775,-0.15937834978103638
frame_00006.jpg,0.48997440934181213,0.28128182888031006,-0.24074026942253113,0.49025171995162964,0.26959407329559326,-0.19099830090999603,0.4918031692504883,0.269692987203598,-0.19104354083538055,0.49345794320106506,0.2698448598384857,-0.19088438153266907,0.4840299189090729,0.2688327729701996,-0.25642746686935425,0.4805082678794861,0.26868337392807007,-0.25724688172340393,0.47649645805358887,0.2685602307319641,-0.25738734006881714,0.48696470260620117,0.27485278248786926,-0.03413677588105202,0.4658665060997009,0.27341175079345703,-0.22224120795726776,0.4899723529815674,0.2942844033241272,-0.15251457691192627,0.4833199977874756,0.2940768897533417,-0.21920153498649597,0.4509131908416748,0.347297728061676,0.13547267019748688,0.4710337519645691,0.3349880576133728,-0.23733755946159363,0.4996170103549957,0.42408862709999084,0.21198204159736633,0.5372027158737183,0.39457279443740845,-0.31471484899520874,0.5536238551139832,0.43361517786979675,0.15052078664302826,0.5950976610183716,0.418367475271225,-0.3507797420024872,0.5660120248794556,0.4323280155658722,0.1549200564622879,0.6095041036605835,0.42627450823783875,-0.38919395208358765,0.5683703422546387,0.43032899498939514,0.12299468368291855,0.6101395487785339,0.4248376488685608,-0.4151322841644287,0.5661389231681824,0.43119722604751587,0.1360606849193573,0.6051053404808044,0.423274427652359,-0.362257719039917,0.43874725699424744,0.5250383019447327,0.10344098508358002,0.46766796708106995,0.522527813911438,-0.103729747235775,0.4274144768714905,0.6476919651031494,0.12849432229995728,0.43752193450927734,0.6548535227775574,-0.09926778823137283,0.38277679681777954,0.7793514132499695,0.11862822622060776,0.488633394241333,0.786658525466919,-0.043034471571445465,0.3766002953052521,0.7988321781158447,0.11506376415491104,0.4790324568748474,0.807913601398468,-0.04000438004732132,0.3702694773674011,0.8130965828895569,0.04045676067471504,0.5024712681770325,0.8214320540428162,-0.11547591537237167
frame_00007.jpg,0.48848360776901245,0.2848227918148041,-0.14256954193115234,0.487525075674057,0.2719864249229431,-0.11404605954885483,0.4884527325630188,0.2719714343547821,-0.11415401846170425,0.4895384907722473,0.2719469964504242,-0.11406570672988892,0.4824754297733307,0.27100372314453125,-0.1507490873336792,0.4794173240661621,0.2705710530281067,-0.15111975371837616,0.4760581851005554,0.2701585590839386,-0.15122923254966736,0.4822261929512024,0.2761646509170532,0.014762778766453266,0.4654046595096588,0.2746196985244751,-0.14032454788684845,0.4869372248649597,0.2963336408138275,-0.08687275648117065,0.48214325308799744,0.29607686400413513,-0.13427339494228363,0.4503494203090668,0.34808990359306335,0.17203502357006073,0.4676577150821686,0.33523398637771606,-0.20833337306976318,0.5017126798629761,0.4244871437549591,0.24474254250526428,0.5310035943984985,0.3938587009906769,-0.29653996229171753,0.5528936386108398,0.43073025345802307,0.1796737164258957,0.5941864848136902,0.4169841408729553,-0.328422874212265,0.5648733377456665,0.4284915328025818,0.18481984734535217,0.6071723103523254,0.425338476896286,-0.36431044340133667,0.5690972208976746,0.42638838291168213,0.15350601077079773,0.6084349155426025,0.4237155616283417,-0.3987990915775299,0.5649644732475281,0.4268619418144226,0.1652231365442276,0.6032797694206238,0.42199862003326416,-0.34889957308769226,0.4397052824497223,0.524972677230835,0.1045650988817215,0.4698983132839203,0.5230615735054016,-0.10485634952783585,0.4215426445007324,0.649985134601593,0.10250771045684814,0.4469425678253174,0.6567293405532837,-0.1073470264673233,0.38044288754463196,0.7782279253005981,0.07834945619106293,0.5029226541519165,0.7906051874160767,-0.0855780616402626,0.371719092130661,0.7954804301261902,0.07387153804302216,0.49367937445640564,0.8117592334747314,-0.08561821281909943,0.3671998679637909,0.815665602684021,0.0017213684041053057,0.5150763392448425,0.8190972805023193,-0.15996243059635162
frame_00008.jpg,0.48450976610183716,0.28317373991012573,-0.29907912015914917,0.4845364987850189,0.2702501714229584,-0.2714002728462219,0.4863271117210388,0.27043616771698,-0.27160996198654175,0.4881167411804199,0.2705874741077423,-0.27153852581977844,0.47792500257492065,0.26934370398521423,-0.30086377263069153,0.4745132029056549,0.26906564831733704,-0.30117353796958923,0.47054988145828247,0.2689155042171478,-0.30135589838027954,0.48275226354599,0.27579930424690247,-0.12037911266088486,0.46029800176620483,0.27436497807502747,-0.25538983941078186,0.48505324125289917,0.29577699303627014,-0.23852963745594025,0.4780563712120056,0.29488077759742737,-0.2787567973136902,0.47044363617897034,0.3504922091960907,0.06737253814935684,0.4557631015777588,0.3353080451488495,-0.2889750599861145,0.5071539878845215,0.42488008737564087,0.23232121765613556,0.5236303210258484,0.388964980840683,-0.3840407431125641,0.559059739112854,0.42932650446891785,0.11163333803415298,0.5930448770523071,0.41378363966941833,-0.4317359924316406,0.5730583071708679,0.42786794900894165,0.1015452891588211,0.6066164970397949,0.422137588262558,-0.4844064712524414,0.5763678550720215,0.42549753189086914,0.0524444505572319,0.608445942401886,0.42035678029060364,-0.4751967787742615,0.5719010233879089,0.42585569620132446,0.08532512187957764,0.6031440496444702,0.4190608859062195,-0.4302021563053131,0.4673793911933899,0.5255447626113892,0.0979340448975563,0.4441770613193512,0.5231146812438965,-0.09815503656864166,0.4580232501029968,0.6489703059196472,0.11249955743551254,0.424699604511261,0.6532455086708069,-0.0966002345085144,0.4648536741733551,0.7867242097854614,0.21633565425872803,0.38520359992980957,0.7846388220787048,0.02147151529788971,0.4389163851737976,0.8106038570404053,0.22026696801185608,0.38349443674087524,0.8042973279953003,0.028917420655488968,0.4879915714263916,0.820055365562439,0.11399589478969574,0.3733198046684265,0.8190089464187622,-0.07824656367301941
frame_00009.jpg,0.48022300004959106,0.2813715636730194,-0.3455393612384796,0.4812319278717041,0.26865455508232117,-0.31977105140686035,0.48377418518066406,0.2688853442668915,-0.32000064849853516,0.48593658208847046,0.2690119743347168,-0.3199286162853241,0.4731675684452057,0.26775863766670227,-0.34617969393730164,0.4694761633872986,0.2677249610424042,-0.34648847579956055,0.4659951627254486,0.26786836981773376,-0.3466794192790985,0.4813263416290283,0.27467527985572815,-0.169859379529953,0.45706644654273987,0.27398446202278137,-0.29030749201774597,0.4826762080192566,0.2940036654472351,-0.2849624454975128,0.47400134801864624,0.2933921217918396,-0.32107800245285034,0.47876840829849243,0.3504987955093384,0.016771860420703888,0.449194997549057,0.3379060924053192,-0.31055930256843567,0.5098505020141602,0.42384234070777893,0.0932643786072731,0.5161092281341553,0.3910166621208191,-0.40049320459365845,0.5495851635932922,0.4268280565738678,-0.02061350643634796,0.5916157960891724,0.41250163316726685,-0.4607076644897461,0.5676910877227783,0.4256672263145447,-0.036010872572660446,0.6057798862457275,0.4223729372024536,-0.5169374346733093,0.5684639811515808,0.42540442943573,-0.0738963633775711,0.6085296869277954,0.4190327823162079,-0.5086931586265564,0.5622928142547607,0.4223226010799408,-0.039295345544815063,0.6030210256576538,0.41731497645378113,-0.45942264795303345,0.474863201379776,0.5253575444221497,0.09474904835224152,0.4414285719394684,0.5228056311607361,-0.09499754011631012,0.4748096466064453,0.6473197340965271,0.11207473278045654,0.42150288820266724,0.6517427563667297,-0.07793440669775009,0.4867367744445801,0.7881272435188293,0.23301562666893005,0.38090625405311584,0.782341718673706,0.050894416868686676,0.4674186110496521,0.8134719133377075,0.23750977218151093,0.3800457715988159,0.802466630935669,0.05845721811056137,0.5099976658821106,0.8179903626441956,0.12628325819969177,0.36895841360092163,0.8186038136482239,-0.05586116760969162
frame_00010.jpg,0.4729367196559906,0.28175222873687744,-0.40036386251449585,0.4759592115879059,0.26962366700172424,-0.3789016008377075,0.4785611033439636,0.2699663043022156,-0.3791751563549042,0.48109593987464905,0.2703157365322113,-0.3791253864765167,0.46730470657348633,0.26826050877571106,-0.3972944915294647,0.4642508924007416,0.2681433856487274,-0.39760592579841614,0.46107834577560425,0.2680484652519226,-0.3978216052055359,0.47875458002090454,0.27516934275627136,-0.2375975400209427,0.45229896903038025,0.2734612226486206,-0.31991711258888245,0.475949764251709,0.29362961649894714,-0.3424115777015686,0.4670127034187317,0.2928098440170288,-0.3675534129142761,0.47981739044189453,0.34830591082572937,-0.0758279412984848,0.4395580291748047,0.3391414284706116,-0.30893975496292114,0.5134166479110718,0.42301395535469055,-0.04918825626373291,0.5101984739303589,0.39117974042892456,-0.4073510766029358,0.5367836952209473,0.4338069260120392,-0.1904633790254593,0.5854138135910034,0.413421630859375,-0.502007246017456,0.5422652959823608,0.4390762746334076,-0.21925413608551025,0.6054791808128357,0.42347607016563416,-0.5628734230995178,0.5416576862335205,0.4309089481830597,-0.2525521516799927,0.6077271103858948,0.4189824163913727,-0.5557365417480469,0.5391944050788879,0.42637401819229126,-0.20741991698741913,0.602496862411499,0.41702812910079956,-0.5020683407783508,0.4784485399723053,0.5255867838859558,0.055668435990810394,0.4344846308231354,0.522843062877655,-0.0558289960026741,0.48296523094177246,0.6498327255249023,0.023434102535247803,0.416461318731308,0.6515515446662903,-0.026618123054504395,0.4967339038848877,0.7913675904273987,0.16674521565437317,0.3840028643608093,0.7809998393058777,0.14358066022396088,0.4859679639339447,0.816245973110199,0.1716572791337967,0.3898079991340637,0.8016697764396667,0.15351954102516174,0.5131043195724487,0.8218420147895813,0.020950760692358017,0.36349520087242126,0.8208611607551575,0.024536864832043648
frame_00011.jpg,0.4596032500267029,0.2803676724433899,-0.30097487568855286,0.4625934958457947,0.26788032054901123,-0.2787208557128906,0.4657742381095886,0.2679050862789154,-0.27887606620788574,0.46878480911254883,0.26798173785209656,-0.27881354093551636,0.4540782570838928,0.26749664545059204,-0.3413706123828888,0.4508565366268158,0.2674681842327118,-0.3416207432746887,0.447619765996933,0.267611563205719,-0.3420102000236511,0.4722200036048889,0.2739133834838867,-0.1495077908039093,0.4429292678833008,0.27316421270370483,-0.18413090705871582,0.4647921621799469,0.29247739911079407,-0.24754014611244202,0.4545074999332428,0.2914477586746216,-0.35732799768447876,0.48858270049095154,0.3450489342212677,-0.03221333399415016,0.4232410490512848,0.3405352234840393,-0.1923915594816208,0.5162404775619507,0.41242387890815735,-0.14580266177654266,0.4779617190361023,0.3889830708503723,-0.3648917078971863,0.5463672280311584,0.4245283901691437,-0.4118174612522125,0.5433956384658813,0.4079400897026062,-0.5287551879882812,0.5569676160812378,0.43609878420829773,-0.46388205885887146,0.5597984194755554,0.41641315817832947,-0.5940465927124023,0.5560277104377747,0.4271540641784668,-0.48869967460632324,0.5627819895744324,0.41385555267333984,-0.5859709978103638,0.5506312847137451,0.42289769649505615,-0.4292043149471283,0.5580840706825256,0.41189339756965637,-0.5312700867652893,0.4777801036834717,0.5253666639328003,0.03396423161029816,0.42769041657447815,0.5220435857772827,-0.03421279415488243,0.4869667589664459,0.6478328108787537,-0.07497365772724152,0.4104011654853821,0.6511180996894836,-0.029197964817285538,0.49713605642318726,0.790022075176239,0.04116469621658325,0.3861332833766937,0.780215322971344,0.12389050424098969,0.48895639181137085,0.8128867745399475,0.042314544320106506,0.39391306042671204,0.8023822903633118,0.13082058727741241,0.5122085809707642,0.8215370178222656,-0.11016128957271576,0.361725389957428,0.8196921944618225,-0.0035397980827838182
frame_00012.jpg,0.4524517059326172,0.28269436955451965,-0.2791080176830292,0.45628294348716736,0.27061599493026733,-0.2578483819961548,0.45977434515953064,0.27057525515556335,-0.2579711675643921,0.4629909098148346,0.27056244015693665,-0.257923424243927,0.44686609506607056,0.27015599608421326,-0.2725563645362854,0.4437551498413086,0.2700692415237427,-0.27277448773384094,0.4398954510688782,0.2701174020767212,-0.2729285657405853,0.4676002562046051,0.27536141872406006,-0.13889358937740326,0.4369145333766937,0.27536240220069885,-0.1272001713514328,0.45903319120407104,0.29476654529571533,-0.22713029384613037,0.44679760932922363,0.2937079071998596,-0.25117379426956177,0.4947802424430847,0.34455496072769165,-0.0331827774643898,0.4167648255825043,0.34145984053611755,-0.11374872922897339,0.5191452503204346,0.413273423910141,-0.19435857236385345,0.4673805832862854,0.3893471360206604,-0.2548447251319885,0.4913838803768158,0.4010535776615143,-0.44694995880126953,0.5300044417381287,0.41113707423210144,-0.4621513783931732,0.4749174118041992,0.40073055028915405,-0.5037130117416382,0.5484867095947266,0.41972455382347107,-0.5367908477783203,0.47084492444992065,0.3899345397949219,-0.5031494498252869,0.5516785383224487,0.4159494936466217,-0.551386296749115,0.47387489676475525,0.38988399505615234,-0.4528687596321106,0.5462028980255127,0.4136248826980591,-0.47453075647354126,0.47768083214759827,0.522330641746521,0.019521202892065048,0.4259205758571625,0.5196969509124756,-0.019737733528017998,0.4888359606266022,0.6481831073760986,-0.07282093167304993,0.4071158766746521,0.647161602973938,-0.049375537782907486,0.4962492883205414,0.7881920337677002,0.06487196683883667,0.3879089951515198,0.7796010971069336,0.08288619667291641,0.48817333579063416,0.8087636232376099,0.06864854693412781,0.3966267704963684,0.8021491169929504,0.08824609220027924,0.5125366449356079,0.8234701156616211,-0.08654733002185822,0.3640846014022827,0.8188541531562805,-0.05071697384119034
frame_00013.jpg,0.4486064016819,0.28251829743385315,-0.21346592903137207,0.452400267124176,0.271034300327301,-0.1897893100976944,0.45560121536254883,0.27087175846099854,-0.19002291560173035,0.4589015543460846,0.2705880105495453,-0.18999189138412476,0.4437447488307953,0.2710173428058624,-0.19447225332260132,0.4405379295349121,0.2711053192615509,-0.19473797082901,0.4371095299720764,0.27129533886909485,-0.19484208524227142,0.4640214443206787,0.27493545413017273,-0.06856696307659149,0.433991014957428,0.27648505568504333,-0.08423396944999695,0.4550105035305023,0.2941168546676636,-0.16651880741119385,0.44395700097084045,0.2943226099014282,-0.17358824610710144,0.49634885787963867,0.34533149003982544,-0.004586880095303059,0.4115855097770691,0.3423839807510376,-0.09412113577127457,0.5216773748397827,0.41465267539024353,-0.15999484062194824,0.4377031922340393,0.3909792900085449,-0.2770964205265045,0.5218104124069214,0.408669650554657,-0.44877681136131287,0.5032318234443665,0.4117732048034668,-0.5651005506515503,0.5217395424842834,0.4092629849910736,-0.5090385675430298,0.5184635519981384,0.41987237334251404,-0.6385321617126465,0.5216952562332153,0.4018903374671936,-0.5230242609977722,0.523294985294342,0.4143717885017395,-0.6286246180534363,0.5202538967132568,0.40128692984580994,-0.462246835231781,0.5177648067474365,0.41250529885292053,-0.569134533405304,0.47745880484580994,0.521703839302063,0.021039266139268875,0.4252839684486389,0.5196613669395447,-0.021290957927703857,0.4899604916572571,0.6469513773918152,-0.10450003296136856,0.405906617641449,0.6467981338500977,-0.060117386281490326,0.4960673749446869,0.7846262454986572,0.020926890894770622,0.3896979093551636,0.7791896462440491,0.06570161879062653,0.48785799741744995,0.805198073387146,0.02282489463686943,0.3989134430885315,0.8029050230979919,0.0703991949558258,0.5120952129364014,0.8210394978523254,-0.13029929995536804,0.36286649107933044,0.8181890845298767,-0.06182144954800606
frame_00014.jpg,0.4402363896369934,0.2836326062679291,-0.13459542393684387,0.44388896226882935,0.2720429003238678,-0.10981740057468414,0.4483007788658142,0.2719254493713379,-0.11005669832229614,0.45164960622787476,0.27169933915138245,-0.11001192033290863,0.4348630905151367,0.27123504877090454,-0.11079788208007812,0.4326891005039215,0.2716711759567261,-0.11101217567920685,0.4298469126224518,0.27210232615470886,-0.11107027530670166,0.45774227380752563,0.2760678231716156,0.0060563767328858376,0.42734163999557495,0.27694758772850037,0.0033974244724959135,0.44669461250305176,0.29515308141708374,-0.09091661870479584,0.43684902787208557,0.29511168599128723,-0.09313911199569702,0.4961411952972412,0.34562167525291443,0.031117966398596764,0.4062928259372711,0.3451257646083832,-0.00395790534093976,0.5238933563232422,0.41352471709251404,-0.14510299265384674,0.42551445960998535,0.3913426697254181,-0.2462109625339508,0.5114239454269409,0.41218453645706177,-0.4101480543613434,0.4724694788455963,0.41210120916366577,-0.5240601897239685,0.501802921295166,0.41077396273612976,-0.4722404479980469,0.4869292378425598,0.4238611161708832,-0.5965884923934937,0.49595117568969727,0.4024815559387207,-0.4758647382259369,0.4918137490749359,0.4161820709705353,-0.5858433246612549,0.4964107573032379,0.4145018756389618,-0.41864925622940063,0.48801007866859436,0.41268041729927063,-0.5287054777145386,0.4777490496635437,0.5216036438941956,0.009139045141637325,0.4244445264339447,0.519754946231842,-0.009376343339681625,0.4906463027000427,0.6462078094482422,-0.12715354561805725,0.40255847573280334,0.6467271447181702,-0.08341877162456512,0.4959944784641266,0.7829030752182007,-0.015577013604342937,0.3919350504875183,0.7809160947799683,0.0424819216132164,0.48789387941360474,0.8032430410385132,-0.014745418913662434,0.40130138397216797,0.8063881397247314,0.04484603554010391,0.5119411945343018,0.819856584072113,-0.16707836091518402,0.3616413474082947,0.8185367584228516,-0.10412582010030746
frame_00015.jpg,0.43409833312034607,0.2880932092666626,-0.17238536477088928,0.4382234513759613,0.2758602201938629,-0.14996202290058136,0.44226303696632385,0.2755556106567383,-0.1502111256122589,0.4460202753543854,0.2748623192310333,-0.15017127990722656,0.42898645997047424,0.27630430459976196,-0.1497500091791153,0.42684856057167053,0.2767854630947113,-0.1499829888343811,0.42379021644592285,0.2770424783229828,-0.15005850791931152,0.45238369703292847,0.27768123149871826,-0.035723939538002014,0.4220501482486725,0.2795161306858063,-0.03166352957487106,0.4406866431236267,0.2980644404888153,-0.12846985459327698,0.4309658408164978,0.2999829649925232,-0.12919072806835175,0.4951213300228119,0.34578737616539,0.001610374660231173,0.4009230136871338,0.351599782705307,-0.016795586794614792,0.5269942283630371,0.4144294857978821,-0.1714438796043396,0.4105084538459778,0.41143593192100525,-0.2507939636707306,0.49848246574401855,0.4186115860939026,-0.4317007064819336,0.43705177307128906,0.4239921569824219,-0.5539582371711731,0.4884456992149353,0.4233883023262024,-0.4936513900756836,0.44837602972984314,0.43431615829467773,-0.6282474398612976,0.48265814781188965,0.413284033536911,-0.4971504807472229,0.45126184821128845,0.42134782671928406,-0.622239351272583,0.4839504659175873,0.41802871227264404,-0.4392099976539612,0.4489932060241699,0.41592100262641907,-0.5613519549369812,0.47794729471206665,0.5216060280799866,0.0035646383184939623,0.4239903390407562,0.5202919840812683,-0.0038090385496616364,0.49089187383651733,0.6461569666862488,-0.17402082681655884,0.4015885889530182,0.6466379761695862,-0.11323273181915283,0.49587854743003845,0.7817822694778442,-0.03871329501271248,0.3909516930580139,0.7812963128089905,0.01949129067361355,0.48787856101989746,0.8021003007888794,-0.03553353622555733,0.40114766359329224,0.8075312972068787,0.023328568786382675,0.511868953704834,0.8209956884384155,-0.193680077791214,0.36234503984451294,0.8194281458854675,-0.12985146045684814
frame_00016.jpg,0.4240624010562897,0.2958481013774872,-0.27337950468063354,0.4271323084831238,0.2819257378578186,-0.2569595277309418,0.4311180114746094,0.28125280141830444,-0.25723904371261597,0.43469157814979553,0.28066474199295044,-0.25720342993736267,0.4189826548099518,0.2840948700904846,-0.2495047152042389,0.4167637825012207,0.28484228253364563,-0.24976174533367157,0.4146687090396881,0.28547242283821106,-0.24980346858501434,0.4420410096645355,0.28426244854927063,-0.152858167886734,0.4137628674507141,0.2882635295391083,-0.09820078313350677,0.432319700717926,0.3046535849571228,-0.23207315802574158,0.42248019576072693,0.30817094445228577,-0.2231486588716507,0.48526787757873535,0.3459334373474121,-0.12041791528463364,0.3938716650009155,0.36065351963043213,-0.06472918391227722,0.5192156434059143,0.41458362340927124,-0.30275818705558777,0.36340391635894775,0.42428237199783325,-0.2696390450000763,0.4795021116733551,0.4247390329837799,-0.574339747428894,0.35794156789779663,0.4260697364807129,-0.5894378423690796,0.46743521094322205,0.44485098123550415,-0.6409679651260376,0.35817575454711914,0.43279772996902466,-0.6596371531486511,0.45818305015563965,0.433322548866272,-0.6436463594436646,0.36157530546188354,0.4209081828594208,-0.6634813547134399,0.46135011315345764,0.4294518828392029,-0.5811289548873901,0.363925039768219,0.4167903661727905,-0.6010044813156128,0.47774967551231384,0.5258766412734985,-0.01244362536817789,0.4233683943748474,0.5295022130012512,0.012123750522732735,0.4913180470466614,0.6459422707557678,-0.232561856508255,0.4000074863433838,0.6499814987182617,-0.16289022564888,0.4958534240722656,0.7819193005561829,-0.10766011476516724,0.3908076882362366,0.7871090173721313,-0.031202241778373718,0.48791933059692383,0.803646981716156,-0.1067928671836853,0.400564968585968,0.8111397624015808,-0.02791750803589821,0.5125091075897217,0.8216725587844849,-0.2783253490924835,0.3623705208301544,0.8211396336555481,-0.18846800923347473
frame_00017.jpg,0.4171716570854187,0.30130866169929504,-0.3424282968044281,0.41995614767074585,0.28797489404678345,-0.3251233994960785,0.4238924980163574,0.28737032413482666,-0.32539665699005127,0.4277013838291168,0.2869732081890106,-0.32536834478378296,0.4121783375740051,0.28964996337890625,-0.31840670108795166,0.4095674157142639,0.29050883650779724,-0.31869250535964966,0.4075072407722473,0.291258305311203,-0.31871849298477173,0.4357593059539795,0.29067566990852356,-0.21350598335266113,0.4070855975151062,0.29475635290145874,-0.17909765243530273,0.42519456148147583,0.31115278601646423,-0.2984701693058014,0.4156726002693176,0.3154948353767395,-0.29069218039512634,0.47723498940467834,0.34869423508644104,-0.1862008273601532,0.38727983832359314,0.37306639552116394,-0.07653793692588806,0.510421633720398,0.4139513671398163,-0.4197378158569336,0.34360775351524353,0.4318239092826843,-0.3547924757003784,0.46903759241104126,0.43070170283317566,-0.7209466695785522,0.32457754015922546,0.4335101842880249,-0.7054062485694885,0.455009788274765,0.45385584235191345,-0.7939254641532898,0.31998854875564575,0.43529775738716125,-0.7787133455276489,0.444219172000885,0.4443680942058563,-0.7901207208633423,0.3271665573120117,0.4228295385837555,-0.7799323797225952,0.4477151930332184,0.4393236041069031,-0.7264544367790222,0.3322839140892029,0.42161765694618225,-0.7168379426002502,0.47762805223464966,0.5314218401908875,-0.015170049853622913,0.42279306054115295,0.5383672714233398,0.014804201200604439,0.4913858473300934,0.6470711827278137,-0.23142454028129578,0.398311585187912,0.6523757576942444,-0.16835461556911469,0.497234582901001,0.7839021682739258,-0.07934577763080597,0.3912482261657715,0.7863222360610962,-0.011224371381103992,0.4905405640602112,0.806214451789856,-0.07663864642381668,0.40151920914649963,0.8111959099769592,-0.006093947216868401,0.5132564306259155,0.821267306804657,-0.24988389015197754,0.36215054988861084,0.8208546042442322,-0.16269239783287048
frame_00018.jpg,0.4019384980201721,0.3045731782913208,-0.30225276947021484,0.40621691942214966,0.29308515787124634,-0.2653050720691681,0.40991225838661194,0.2927066683769226,-0.2655414342880249,0.4134126305580139,0.2923404574394226,-0.2655050754547119,0.4004252851009369,0.2940554618835449,-0.2722333073616028,0.3993947207927704,0.2947186231613159,-0.2724677324295044,0.3984508812427521,0.2952939569950104,-0.27215030789375305,0.42561253905296326,0.295162558555603,-0.16399028897285461,0.4045223295688629,0.29877978563308716,-0.10828828811645508,0.41178861260414124,0.3158631920814514,-0.23856475949287415,0.40472373366355896,0.3199964165687561,-0.24454057216644287,0.4708537459373474,0.35034799575805664,-0.16617652773857117,0.38485047221183777,0.378397673368454,-0.03983916714787483,0.5016480684280396,0.4129151999950409,-0.40807947516441345,0.3454222083091736,0.4303007423877716,-0.2730370759963989,0.4551254212856293,0.436789870262146,-0.6881006956100464,0.30981338024139404,0.4421013593673706,-0.6018600463867188,0.43906769156455994,0.45996057987213135,-0.7598382830619812,0.2943758964538574,0.4429502487182617,-0.6683710813522339,0.4288864731788635,0.45098260045051575,-0.7539981007575989,0.29975175857543945,0.43283674120903015,-0.6760461330413818,0.43249326944351196,0.4468439817428589,-0.6923826932907104,0.30623966455459595,0.43278756737709045,-0.6163093447685242,0.47659769654273987,0.5352181792259216,-0.020741812884807587,0.4224734902381897,0.5421712398529053,0.020449403673410416,0.49212342500686646,0.6469348669052124,-0.23707041144371033,0.3956938087940216,0.653016984462738,-0.1989099234342575,0.49791401624679565,0.7832344174385071,-0.051494158804416656,0.3922172486782074,0.7860690951347351,-0.04040588438510895,0.49136465787887573,0.8054066300392151,-0.044474635273218155,0.40278130769729614,0.8122814893722534,-0.0335557758808136,0.5131894946098328,0.821450412273407,-0.2111181765794754,0.3613462448120117,0.8205569982528687,-0.19180606305599213
frame_00019.jpg,0.39136266708374023,0.31379634141921997,-0.2436552494764328,0.395912230014801,0.3015087842941284,-0.2383204996585846,0.39908188581466675,0.3008631467819214,-0.23858661949634552,0.40271395444869995,0.30024489760398865,-0.23847058415412903,0.39126598834991455,0.3031652569770813,-0.21441912651062012,0.39085668325424194,0.30377262830734253,-0.2146114856004715,0.39040452241897583,0.30431264638900757,-0.21453511714935303,0.4166807532310486,0.30185016989707947,-0.16100256145000458,0.39891859889030457,0.30582913756370544,-0.08016737550497055,0.40140336751937866,0.32360348105430603,-0.2281598150730133,0.3957827091217041,0.32834067940711975,-0.19129422307014465,0.46129146218299866,0.3512963652610779,-0.1765206754207611,0.38114026188850403,0.38357865810394287,0.006909272633492947,0.4867652356624603,0.4093867242336273,-0.3866516053676605,0.3313218653202057,0.4273432791233063,-0.12522615492343903,0.4384837746620178,0.44436952471733093,-0.629713237285614,0.2785680890083313,0.4470505714416504,-0.3815194070339203,0.4265000820159912,0.46620407700538635,-0.6978594660758972,0.2610251009464264,0.45963022112846375,-0.43067702651023865,0.41702374815940857,0.4594494700431824,-0.6951547265052795,0.2623156011104584,0.4560216963291168,-0.4557524621486664,0.4194541871547699,0.45620405673980713,-0.6338366270065308,0.27152740955352783,0.45046499371528625,-0.40167436003685,0.4755570888519287,0.5369923114776611,-0.03834550082683563,0.42289167642593384,0.5443812012672424,0.03808872029185295,0.4926474988460541,0.647433876991272,-0.2212418019771576,0.39354902505874634,0.652552604675293,-0.17756523191928864,0.498049795627594,0.7829324007034302,-0.09563758224248886,0.39303311705589294,0.7855976819992065,-0.07698516547679901,0.49129948019981384,0.8046942353248596,-0.09424309432506561,0.40385231375694275,0.8123200535774231,-0.0756940096616745,0.5134947299957275,0.8206532001495361,-0.256728857755661,0.361701101064682,0.8180251717567444,-0.2233418971300125
frame_00020.jpg,0.38388699293136597,0.32281747460365295,-0.23571434617042542,0.38737988471984863,0.3095566928386688,-0.23614485561847687,0.3903328776359558,0.30866020917892456,-0.2364031821489334,0.39353376626968384,0.3077966868877411,-0.23632808029651642,0.38388073444366455,0.3113000988960266,-0.20995409786701202,0.3837684094905853,0.3117377460002899,-0.21014706790447235,0.383569598197937,0.31207799911499023,-0.21013014018535614,0.40814223885536194,0.30852606892585754,-0.18583545088768005,0.39397162199020386,0.31268519163131714,-0.08542665094137192,0.39359861612319946,0.33196312189102173,-0.21934358775615692,0.3886193335056305,0.336127907037735,-0.18735870718955994,0.45457497239112854,0.3559167981147766,-0.2041824609041214,0.37958016991615295,0.3874378800392151,0.014557640068233013,0.4676872193813324,0.4096525311470032,-0.38309139013290405,0.32563328742980957,0.42744407057762146,-0.05686317756772041,0.4271661639213562,0.45256054401397705,-0.5892750024795532,0.26809874176979065,0.4473430812358856,-0.2557509243488312,0.4133724272251129,0.47417157888412476,-0.6527994871139526,0.2488800585269928,0.4620734751224518,-0.29340121150016785,0.4063792824745178,0.46629637479782104,-0.6518566012382507,0.24865630269050598,0.4601854085922241,-0.32247069478034973,0.4100464880466461,0.4624946415424347,-0.5932434797286987,0.2581474781036377,0.45423266291618347,-0.27612265944480896,0.4738515317440033,0.5362935662269592,-0.049291156232357025,0.42317748069763184,0.5429564714431763,0.049062326550483704,0.4928077757358551,0.6482425928115845,-0.1898074597120285,0.39245229959487915,0.6522585153579712,-0.08838465064764023,0.5015225410461426,0.7823393940925598,-0.06557004153728485,0.3928210139274597,0.7853258848190308,0.011611243709921837,0.49535202980041504,0.8013347387313843,-0.06296086311340332,0.40444403886795044,0.8119046092033386,0.014405417256057262,0.5136846303939819,0.8206835985183716,-0.21081197261810303,0.3599601686000824,0.8173322081565857,-0.1090601459145546
frame_00021.jpg,0.3740127682685852,0.33237603306770325,-0.11278192698955536,0.3761197030544281,0.31878411769866943,-0.11595505475997925,0.3782510757446289,0.3180008828639984,-0.1161615252494812,0.3807407319545746,0.31727510690689087,-0.11608271300792694,0.3735141158103943,0.31990545988082886,-0.08928940445184708,0.37341490387916565,0.3201262056827545,-0.08948875218629837,0.3731441795825958,0.32035163044929504,-0.08951468020677567,0.3949904143810272,0.3170105516910553,-0.10707410424947739,0.38302549719810486,0.3205409348011017,0.017943942919373512,0.38191986083984375,0.3419613838195801,-0.10593239217996597,0.3793475031852722,0.3452797830104828,-0.07208738476037979,0.44170457124710083,0.3654416799545288,-0.16106721758842468,0.3787437975406647,0.39478519558906555,0.12037582695484161,0.43817591667175293,0.4201825261116028,-0.3136709928512573,0.32835516333580017,0.4356001019477844,0.062097180634737015,0.3896254599094391,0.4726223051548004,-0.45134806632995605,0.273144394159317,0.4575297236442566,-0.13177543878555298,0.3771519064903259,0.4912615120410919,-0.5016419291496277,0.25517386198043823,0.467934250831604,-0.16070464253425598,0.37263157963752747,0.4861385226249695,-0.4979246258735657,0.2553362250328064,0.4658888280391693,-0.18919521570205688,0.3767857253551483,0.48143014311790466,-0.4510475993156433,0.26254427433013916,0.46333077549934387,-0.15130427479743958,0.47131404280662537,0.538254976272583,-0.07456374913454056,0.42461666464805603,0.5458813905715942,0.07436119019985199,0.48852211236953735,0.6570424437522888,-0.2356010377407074,0.3918622136116028,0.6516391634941101,-0.12734279036521912,0.5113018751144409,0.7827379703521729,-0.22512058913707733,0.39374056458473206,0.7845228910446167,-0.13771787285804749,0.5167046189308167,0.8037244081497192,-0.23383386433124542,0.4047695994377136,0.8118492960929871,-0.14456291496753693,0.5138436555862427,0.8151124119758606,-0.3784862160682678,0.36099427938461304,0.8159294128417969,-0.2588874399662018
frame_00022.jpg,0.364536851644516,0.3328724801540375,-0.11212299019098282,0.3665304481983185,0.3191549479961395,-0.11901326477527618,0.3682243525981903,0.31846490502357483,-0.11922849714756012,0.37006038427352905,0.317709356546402,-0.11918394267559052,0.3652171194553375,0.31945380568504333,-0.09036599099636078,0.36564570665359497,0.3192874789237976,-0.0905894786119461,0.3659631609916687,0.3190939724445343,-0.0906120166182518,0.38334307074546814,0.31727883219718933,-0.1167290210723877,0.376816064119339,0.3195513188838959,0.009534686803817749,0.371845006942749,0.342489093542099,-0.11042916774749756,0.3705558478832245,0.3442096412181854,-0.07409651577472687,0.43215426802635193,0.3677048683166504,-0.2055867612361908,0.3767741322517395,0.3938744366168976,0.08467496931552887,0.41922348737716675,0.42523160576820374,-0.40976452827453613,0.3372358977794647,0.437598317861557,-0.10644213855266571,0.36935001611709595,0.47319677472114563,-0.5569576025009155,0.29516106843948364,0.45842573046684265,-0.4498010277748108,0.3572066128253937,0.49011820554733276,-0.6139901876449585,0.27590686082839966,0.4682162404060364,-0.5051054954528809,0.3519565165042877,0.4861237704753876,-0.6062676906585693,0.2789943814277649,0.4674571752548218,-0.5193922519683838,0.3554552495479584,0.4820438325405121,-0.5559960007667542,0.2874968945980072,0.46398428082466125,-0.4690116345882416,0.46873602271080017,0.5376735329627991,-0.08376657217741013,0.4245230257511139,0.5461918115615845,0.08351538330316544,0.47997984290122986,0.6588344573974609,-0.28312456607818604,0.3890286087989807,0.6495481729507446,-0.10176412016153336,0.5165184736251831,0.7792140245437622,-0.25033217668533325,0.3941177725791931,0.7841677069664001,-0.07005464285612106,0.5271725654602051,0.801835834980011,-0.2575754225254059,0.40501657128334045,0.8116255402565002,-0.07235057651996613,0.5143464207649231,0.8145049810409546,-0.41558951139450073,0.35934004187583923,0.8147801160812378,-0.19880937039852142
frame_00023.jpg,0.35620054602622986,0.33729487657546997,-0.16528351604938507,0.3576836884021759,0.3230038583278656,-0.12444128096103668,0.35938042402267456,0.3223098814487457,-0.12428373098373413,0.36110079288482666,0.32150641083717346,-0.12395481020212173,0.35658442974090576,0.3227343261241913,-0.14520765841007233,0.3572761118412018,0.322160929441452,-0.1454370766878128,0.3578856289386749,0.32155999541282654,-0.14548930525779724,0.37441733479499817,0.3206111490726471,-0.2110079824924469,0.3704041838645935,0.3219906687736511,-0.039309460669755936,0.36330291628837585,0.347089558839798,-0.14959828555583954,0.36199265718460083,0.3477499186992645,-0.1253729909658432,0.424659788608551,0.370495468378067,-0.283935010433197,0.3753277361392975,0.39186984300613403,0.055390506982803345,0.3975682556629181,0.4344569444656372,-0.3901302218437195,0.3459720015525818,0.4413679838180542,-0.0753747969865799,0.34601858258247375,0.4840700030326843,-0.42532771825790405,0.3119768798351288,0.4594328701496124,-0.3818780183792114,0.3301853537559509,0.5035616159439087,-0.4682998061180115,0.305067241191864,0.4640405476093292,-0.42924267053604126,0.32679516077041626,0.49918118119239807,-0.463249146938324,0.3062405586242676,0.4620476961135864,-0.4459214210510254,0.3333495855331421,0.4924381375312805,-0.4217904210090637,0.3113851249217987,0.4604473412036896,-0.40032297372817993,0.4656679034233093,0.5371038913726807,-0.09885424375534058,0.4243863523006439,0.5457661747932434,0.09871651977300644,0.47287893295288086,0.6600893139839172,-0.2618444859981537,0.3862048089504242,0.6495323181152344,0.03910626098513603,0.5182939171791077,0.7715550065040588,-0.14139515161514282,0.3938509523868561,0.7810132503509521,0.11045272648334503,0.5337093472480774,0.788408637046814,-0.14335578680038452,0.4052809178829193,0.806865394115448,0.11105718463659286,0.5113462209701538,0.8152720332145691,-0.2955911159515381,0.35867834091186523,0.8138921856880188,0.00280098058283329
frame_00024.jpg,0.34914666414260864,0.33783435821533203,-0.12181031703948975,0.3509542942047119,0.32282987236976624,-0.14125624299049377,0.3521086573600769,0.32221972942352295,-0.141447514295578,0.35326912999153137,0.32159367203712463,-0.1413743942975998,0.35072070360183716,0.3224445581436157,-0.10646239668130875,0.3515806794166565,0.32181304693222046,-0.1067148894071579,0.35242754220962524,0.321145236492157,-0.106781505048275,0.36592575907707214,0.32151544094085693,-0.20414526760578156,0.3658542335033417,0.3217626214027405,-0.02540517970919609,0.35569068789482117,0.34750717878341675,-0.13664115965366364,0.35528406500816345,0.34765002131462097,-0.08743330836296082,0.40985697507858276,0.3719455897808075,-0.2848750352859497,0.37724360823631287,0.3897770941257477,0.1364552080631256,0.38105884194374084,0.4401172399520874,-0.3592093586921692,0.3576972186565399,0.4394068419933319,0.2950384318828583,0.3305057883262634,0.48836201429367065,-0.30501365661621094,0.31572672724723816,0.46158626675605774,0.34734854102134705,0.31696534156799316,0.5009678602218628,-0.32549068331718445,0.31308943033218384,0.4672699570655823,0.37130001187324524,0.317310631275177,0.49439823627471924,-0.3176344037055969,0.3169580101966858,0.4657153785228729,0.3468289375305176,0.32332736253738403,0.4912298619747162,-0.29748624563217163,0.3250112533569336,0.4642978608608246,0.3372529447078705,0.45901161432266235,0.5366690754890442,-0.12358443439006805,0.4252041280269623,0.5455025434494019,0.12354260683059692,0.4707244038581848,0.6594666838645935,-0.23510071635246277,0.3844327926635742,0.6474281549453735,0.014308365993201733,0.5208465456962585,0.7706368565559387,-0.2238074541091919,0.3928215205669403,0.777792751789093,0.08454941213130951,0.5372351408004761,0.7865333557128906,-0.229917973279953,0.40544724464416504,0.8043034076690674,0.038842469453811646,0.5107315182685852,0.815440833568573,-0.34475085139274597,0.3567371070384979,0.8125545382499695,-0.08800339698791504
frame_00025.jpg,0.3469107747077942,0.33919116854667664,-0.019104275852441788,0.3486555218696594,0.32355833053588867,-0.03935602679848671,0.34998786449432373,0.3227950930595398,-0.03950349614024162,0.3513053059577942,0.32207387685775757,-0.039432547986507416,0.34815019369125366,0.32343238592147827,-0.00364868831820786,0.34892719984054565,0.32285118103027344,-0.003860501106828451,0.34959354996681213,0.3222781717777252,-0.003882624674588442,0.3635692298412323,0.32239359617233276,-0.10389498621225357,0.3622131049633026,0.3228570520877838,0.062490858137607574,0.35369032621383667,0.3481530547142029,-0.0359884649515152,0.35289156436920166,0.3480702340602875,0.009505721740424633,0.3940037190914154,0.37459081411361694,-0.23538291454315186,0.4028659462928772,0.3811364471912384,0.20255322754383087,0.35170766711235046,0.44020065665245056,-0.2935556471347809,0.38150960206985474,0.4377606213092804,0.3748416304588318,0.3019978702068329,0.49035680294036865,-0.2711799740791321,0.3371146321296692,0.46779224276542664,0.46055808663368225,0.29054364562034607,0.50536048412323,-0.29662764072418213,0.33132535219192505,0.4751031994819641,0.4891623854637146,0.28693240880966187,0.49997296929359436,-0.280150830745697,0.32646599411964417,0.47598540782928467,0.45895329117774963,0.2923608422279358,0.49516457319259644,-0.26126283407211304,0.3286641538143158,0.47569599747657776,0.44932666420936584,0.43115535378456116,0.5378021597862244,-0.1158183217048645,0.4501507878303528,0.539202868938446,0.11563781648874283,0.38823023438453674,0.650756299495697,-0.12483133375644684,0.4604250490665436,0.6551015377044678,0.023136870935559273,0.39665377140045166,0.7713687419891357,-0.16510042548179626,0.5248300433158875,0.7667768001556396,0.044846098870038986,0.4119180142879486,0.7934487462043762,-0.17270171642303467,0.5446388125419617,0.7816674709320068,0.000873477547429502,0.3594323694705963,0.8107292056083679,-0.2688312530517578,0.5055207014083862,0.81109619140625,-0.07695861160755157
frame_00026.jpg,0.3417954742908478,0.33601176738739014,0.061809368431568146,0.34152987599372864,0.321247398853302,0.03894784301519394,0.3424822986125946,0.3204791843891144,0.038812149316072464,0.3433203399181366,0.31980276107788086,0.0388622060418129,0.3409731984138489,0.3214108645915985,0.0739322155714035,0.341467022895813,0.3209218382835388,0.07373559474945068,0.34182149171829224,0.32042598724365234,0.07372815907001495,0.3559896647930145,0.3200513422489166,-0.03736542537808418,0.35414817929267883,0.3205610513687134,0.12185361236333847,0.3484399914741516,0.34503281116485596,0.03983443230390549,0.34763872623443604,0.3452906608581543,0.08407793939113617,0.37265545129776,0.372386634349823,-0.15358954668045044,0.4059223532676697,0.36827215552330017,0.23590430617332458,0.32522153854370117,0.4376594126224518,-0.23658177256584167,0.383980929851532,0.43532171845436096,0.33526918292045593,0.27170729637145996,0.4920358657836914,-0.19229139387607574,0.323577880859375,0.4671564996242523,0.35477882623672485,0.25944602489471436,0.5076735019683838,-0.21215172111988068,0.3309691548347473,0.4719552993774414,0.3738590478897095,0.25691550970077515,0.5041611790657043,-0.1951570212841034,0.32634255290031433,0.46980684995651245,0.34913963079452515,0.2624000906944275,0.4993511736392975,-0.18145360052585602,0.32919391989707947,0.46865612268447876,0.3433688282966614,0.423642098903656,0.5374456644058228,-0.1086597815155983,0.44950979948043823,0.5331936478614807,0.10846783965826035,0.38212496042251587,0.6472274661064148,-0.10597313940525055,0.4547346234321594,0.6548720002174377,-0.012415995821356773,0.3897385001182556,0.769463300704956,-0.14844578504562378,0.5341804623603821,0.7596902847290039,-0.09621228277683258,0.40420371294021606,0.7936572432518005,-0.15590082108974457,0.5556650757789612,0.7709571123123169,-0.10927759110927582,0.35466527938842773,0.8070324063301086,-0.23014922440052032,0.5128804445266724,0.8090861439704895,-0.1643146574497223
frame_00027.jpg,0.338705837726593,0.3341241180896759,0.20261499285697937,0.3384622633457184,0.3197171092033386,0.18123038113117218,0.33922654390335083,0.31904739141464233,0.18112465739250183,0.3398817181587219,0.3184637427330017,0.1811307817697525,0.3392565846443176,0.31978148221969604,0.2120128571987152,0.3405168652534485,0.31932786107063293,0.21184894442558289,0.3417152762413025,0.3188855051994324,0.21185386180877686,0.3520931601524353,0.3186810314655304,0.0934053510427475,0.3550070822238922,0.3193163573741913,0.2330792397260666,0.344714879989624,0.34317439794540405,0.1752961277961731,0.34520748257637024,0.3436148762702942,0.21416005492210388,0.3631953299045563,0.37113144993782043,-0.040979091078042984,0.4131828248500824,0.3640735447406769,0.27428334951400757,0.31079891324043274,0.43233245611190796,-0.15646561980247498,0.4594767093658447,0.42616185545921326,0.3201812505722046,0.25850769877433777,0.48605456948280334,-0.13214251399040222,0.4573182165622711,0.46399345993995667,0.34871378540992737,0.24521493911743164,0.5018407106399536,-0.15072369575500488,0.4620261788368225,0.472258061170578,0.36298689246177673,0.24301476776599884,0.5001497864723206,-0.13139651715755463,0.4529155194759369,0.4740394055843353,0.3497118353843689,0.25057318806648254,0.4954076409339905,-0.12072684615850449,0.4495546221733093,0.47149839997291565,0.3423974812030792,0.4199562668800354,0.5335873961448669,-0.09533866494894028,0.44860920310020447,0.5280134677886963,0.09510546177625656,0.3810335397720337,0.6435604691505432,-0.16848322749137878,0.45042482018470764,0.6544932723045349,-0.02719300612807274,0.3891940712928772,0.7692446112632751,-0.3031083643436432,0.5333947539329529,0.7561354041099548,-0.20753738284111023,0.4040018618106842,0.7937840819358826,-0.31916266679763794,0.5559158325195312,0.7678834199905396,-0.22520379722118378,0.3530586063861847,0.8045170307159424,-0.40126022696495056,0.5138793587684631,0.8084042072296143,-0.29289478063583374
frame_00028.jpg,0.3373330533504486,0.33315005898475647,0.22075089812278748,0.337454229593277,0.31909075379371643,0.1991499662399292,0.3381756544113159,0.3183070123195648,0.1990576684474945,0.33878010511398315,0.31760260462760925,0.19903400540351868,0.3385259211063385,0.31966403126716614,0.22801056504249573,0.3399970531463623,0.31901440024375916,0.22788774967193604,0.341600626707077,0.31831231713294983,0.22792688012123108,0.35088977217674255,0.3178778290748596,0.10470541566610336,0.3558121919631958,0.3175584375858307,0.23628123104572296,0.34276312589645386,0.3427707850933075,0.19011667370796204,0.34381523728370667,0.34281155467033386,0.22675950825214386,0.3540498912334442,0.3705834448337555,-0.04087413474917412,0.4179539084434509,0.36183813214302063,0.2448417842388153,0.2984016537666321,0.4308399260044098,-0.17077487707138062,0.4660758376121521,0.41605597734451294,0.23774118721485138,0.24300897121429443,0.4848647117614746,-0.1599452942609787,0.5083643794059753,0.45135003328323364,0.20998218655586243,0.22943246364593506,0.4999237358570099,-0.18284323811531067,0.5212690234184265,0.46175387501716614,0.20793423056602478,0.22722260653972626,0.4978361427783966,-0.16366077959537506,0.5174909830093384,0.46893274784088135,0.19838443398475647,0.23364706337451935,0.4941945970058441,-0.14897778630256653,0.5113336443901062,0.46726369857788086,0.20360271632671356,0.41572317481040955,0.5332995057106018,-0.09024308621883392,0.4459567666053772,0.5271960496902466,0.08995701372623444,0.3790114223957062,0.6428024172782898,-0.1556805819272995,0.44819512963294983,0.6541537642478943,-0.036381036043167114,0.3892912268638611,0.7691418528556824,-0.27061161398887634,0.5312198400497437,0.7538639307022095,-0.17885465919971466,0.40365320444107056,0.7939447164535522,-0.2860305905342102,0.5550023913383484,0.7662867903709412,-0.19424591958522797,0.3532315790653229,0.8048118948936462,-0.3592936396598816,0.5121665596961975,0.8076160550117493,-0.250722736120224
frame_00029.jpg,0.3379836678504944,0.33208873867988586,0.22430936992168427,0.3377048075199127,0.3187890946865082,0.20264871418476105,0.3382135033607483,0.3180069029331207,0.20254142582416534,0.33856743574142456,0.3173757791519165,0.20252592861652374,0.33932024240493774,0.3188287317752838,0.23139381408691406,0.341143399477005,0.3176892101764679,0.2312573939561844,0.3430643081665039,0.3165537714958191,0.23128744959831238,0.3494105041027069,0.3167300820350647,0.10810238122940063,0.35583263635635376,0.3138450086116791,0.238826185464859,0.3428404629230499,0.3401139974594116,0.1936640590429306,0.3444088101387024,0.3392098844051361,0.23007364571094513,0.35185566544532776,0.36772069334983826,-0.03645692020654678,0.42076247930526733,0.35775384306907654,0.2455615997314453,0.29351869225502014,0.42429879307746887,-0.1738194227218628,0.4716726243495941,0.3995262384414673,0.24383874237537384,0.24111895263195038,0.4841233789920807,-0.1774892359972,0.5184694528579712,0.4323522448539734,0.21930572390556335,0.22710061073303223,0.49940225481987,-0.2031717598438263,0.5360661745071411,0.4429025650024414,0.21607241034507751,0.22512178122997284,0.49511563777923584,-0.18549774587154388,0.5326844453811646,0.45064032077789307,0.20657452940940857,0.23183424770832062,0.49113526940345764,-0.16754333674907684,0.5246744155883789,0.4486188292503357,0.21308639645576477,0.41464728116989136,0.5299033522605896,-0.09034807980060577,0.4442752003669739,0.5242879390716553,0.09005143493413925,0.3796999156475067,0.6389065980911255,-0.16044116020202637,0.44820427894592285,0.6538428664207458,-0.03682798892259598,0.3897727131843567,0.7679559588432312,-0.29014313220977783,0.5276484489440918,0.7538765668869019,-0.19837293028831482,0.40400272607803345,0.7940885424613953,-0.30679479241371155,0.5518536567687988,0.7675108313560486,-0.21659696102142334,0.355033278465271,0.8042301535606384,-0.3821772038936615,0.5084546208381653,0.8067626357078552,-0.27864518761634827
frame_00030.jpg,0.3376903533935547,0.3288150727748871,0.2589556574821472,0.33711695671081543,0.3161647915840149,0.23557665944099426,0.337323397397995,0.3153880834579468,0.23545892536640167,0.33735913038253784,0.31484726071357727,0.23546583950519562,0.33939656615257263,0.3155567944049835,0.261627197265625,0.341378390789032,0.31403836607933044,0.26150113344192505,0.3434131443500519,0.3126079738140106,0.2615353465080261,0.34657469391822815,0.31260332465171814,0.13317227363586426,0.354996919631958,0.30874428153038025,0.252432644367218,0.34203606843948364,0.33556753396987915,0.22570553421974182,0.3442557156085968,0.33435118198394775,0.25886350870132446,0.34686094522476196,0.3606620132923126,-0.015100553631782532,0.4213408827781677,0.3517357409000397,0.24537837505340576,0.28752440214157104,0.4156743288040161,-0.1490693986415863,0.47612690925598145,0.39341604709625244,0.22684895992279053,0.23370520770549774,0.4719596803188324,-0.1581556499004364,0.5303112268447876,0.42208412289619446,0.18749719858169556,0.21920816600322723,0.48934078216552734,-0.18530583381652832,0.5501168370246887,0.4354114234447479,0.1790945827960968,0.2175351083278656,0.48620814085006714,-0.1673261821269989,0.5487635135650635,0.44163915514945984,0.17264346778392792,0.22376790642738342,0.4837110936641693,-0.14849738776683807,0.5403088331222534,0.43873053789138794,0.1823458969593048,0.41044411063194275,0.5252169966697693,-0.08905927836894989,0.4433530867099762,0.5188167095184326,0.0887659341096878,0.3787069022655487,0.6381341814994812,-0.11863456666469574,0.4458214342594147,0.6513667702674866,-0.024439917877316475,0.3867284655570984,0.7659981846809387,-0.2538394033908844,0.5240194201469421,0.7531495690345764,-0.15341229736804962,0.4010905623435974,0.7937425374984741,-0.28378844261169434,0.5477899312973022,0.7665215730667114,-0.16702775657176971,0.3526133894920349,0.8037732243537903,-0.27331751585006714,0.5073429346084595,0.8069809675216675,-0.22555513679981232
frame_00031.jpg,0.3378174304962158,0.31763017177581787,0.23249471187591553,0.33725211024284363,0.30501317977905273,0.20875594019889832,0.3372608423233032,0.30440741777420044,0.20865635573863983,0.3370150625705719,0.3040376901626587,0.20864634215831757,0.3400577902793884,0.30428534746170044,0.23465809226036072,0.3421504497528076,0.3030009865760803,0.23452219367027283,0.3441755771636963,0.3018397092819214,0.23453006148338318,0.3453637361526489,0.3024877607822418,0.10675041377544403,0.35464420914649963,0.29890555143356323,0.22486627101898193,0.3415139615535736,0.3249083459377289,0.20019488036632538,0.3442525267601013,0.3234724700450897,0.23286762833595276,0.3415950536727905,0.3498501181602478,-0.027434106916189194,0.42109113931655884,0.3403691351413727,0.21883165836334229,0.28375717997550964,0.40572091937065125,-0.15013881027698517,0.4806085228919983,0.37736156582832336,0.2092735469341278,0.22752726078033447,0.4506085515022278,-0.1426432579755783,0.5467544198036194,0.4108511507511139,0.1752311885356903,0.2153042107820511,0.46320825815200806,-0.1663849651813507,0.5653390288352966,0.42193400859832764,0.1651231348514557,0.2129199057817459,0.4607897996902466,-0.14904728531837463,0.5640959739685059,0.4277728199958801,0.1604168862104416,0.21897299587726593,0.4597776234149933,-0.13256268203258514,0.5572910308837891,0.4266025125980377,0.17111855745315552,0.40609899163246155,0.5197508931159973,-0.08785374462604523,0.438071072101593,0.5132080912590027,0.08757667243480682,0.3773644268512726,0.6365088820457458,-0.10158035904169083,0.44147858023643494,0.6425779461860657,-0.030599962919950485,0.38517898321151733,0.7659184336662292,-0.17668431997299194,0.5164028406143188,0.7482129335403442,-0.15169234573841095,0.39647480845451355,0.7933298945426941,-0.18939697742462158,0.5407832264900208,0.7617237567901611,-0.16317451000213623,0.34769031405448914,0.8000072240829468,-0.23072953522205353,0.5013879537582397,0.8053606748580933,-0.21346542239189148
frame_00032.jpg,0.337284654378891,0.3089244067668915,0.15337514877319336,0.33657196164131165,0.29651200771331787,0.12961219251155853,0.33658355474472046,0.2961600720882416,0.1294984519481659,0.3363298773765564,0.2959478497505188,0.1295018494129181,0.33935266733169556,0.2957884669303894,0.15529432892799377,0.3413708508014679,0.2949046194553375,0.1551007330417633,0.3434332013130188,0.2940160036087036,0.15508173406124115,0.3447200059890747,0.2955431044101715,0.05279793217778206,0.35349398851394653,0.2921098470687866,0.17721819877624512,0.340893417596817,0.31730160117149353,0.12644284963607788,0.3435395658016205,0.3159084618091583,0.15884748101234436,0.3414749801158905,0.34460991621017456,-0.0500253327190876,0.42131882905960083,0.3330046534538269,0.18373160064220428,0.28382474184036255,0.39854294061660767,-0.17763447761535645,0.4808080792427063,0.3702150285243988,0.14888925850391388,0.22835342586040497,0.43818342685699463,-0.15147212147712708,0.5451131463050842,0.4036293029785156,0.06914545595645905,0.2167356312274933,0.45433181524276733,-0.17833681404590607,0.5639167428016663,0.4147260785102844,0.05334322527050972,0.21488413214683533,0.45185357332229614,-0.16209326684474945,0.5638339519500732,0.4192385971546173,0.05124979466199875,0.21960687637329102,0.4491423964500427,-0.14232443273067474,0.556904673576355,0.4193309247493744,0.06583044677972794,0.4079044461250305,0.5158826112747192,-0.1072278767824173,0.43113675713539124,0.5111780762672424,0.10704006999731064,0.42686954140663147,0.6373620629310608,-0.2539424002170563,0.3916124701499939,0.637059211730957,0.08772639185190201,0.5116616487503052,0.7525972127914429,-0.37555423378944397,0.387021005153656,0.7532915472984314,0.052876781672239304,0.5348889231681824,0.7683165669441223,-0.3927841782569885,0.3983495831489563,0.7823106646537781,0.04607617110013962,0.4892676770687103,0.8009795546531677,-0.5008181929588318,0.3541467487812042,0.798096776008606,-0.01805645041167736
frame_00033.jpg,0.3382510840892792,0.30168992280960083,0.22958023846149445,0.3375939726829529,0.2898258864879608,0.20508775115013123,0.33750468492507935,0.2896156907081604,0.20496967434883118,0.3372059464454651,0.2895679771900177,0.20497283339500427,0.34048992395401,0.2890712022781372,0.22752952575683594,0.3426532447338104,0.28831908106803894,0.2273530662059784,0.3447832763195038,0.28761574625968933,0.22732660174369812,0.34514063596725464,0.28984948992729187,0.10374097526073456,0.3543562591075897,0.28637227416038513,0.20636804401874542,0.34142249822616577,0.31039324402809143,0.1980413794517517,0.344182550907135,0.30914735794067383,0.22585150599479675,0.3385411500930786,0.3410310745239258,-0.031101087108254433,0.42047882080078125,0.3288988173007965,0.2079671174287796,0.28109005093574524,0.39346322417259216,-0.12108490616083145,0.4821092486381531,0.36441659927368164,0.16629371047019958,0.2325977087020874,0.4317830801010132,-0.08907709270715714,0.5450001955032349,0.3982377052307129,0.07443849742412567,0.22237694263458252,0.4459328055381775,-0.11460413038730621,0.5620402097702026,0.40960997343063354,0.06383531540632248,0.22252753376960754,0.4446173906326294,-0.098706915974617,0.5613828897476196,0.414535254240036,0.05511144548654556,0.22783327102661133,0.4420298635959625,-0.08038114756345749,0.5550011992454529,0.4147518575191498,0.06954023987054825,0.40478259325027466,0.5095617771148682,-0.11064614355564117,0.4278624951839447,0.5048779249191284,0.11053905636072159,0.43212565779685974,0.6368669271469116,-0.22316637635231018,0.3849942088127136,0.6322076916694641,0.09102066606283188,0.5147144198417664,0.7468085885047913,-0.31529268622398376,0.3797544240951538,0.7554210424423218,0.05718585103750229,0.5377293825149536,0.7604682445526123,-0.32924261689186096,0.3910144865512848,0.7894227504730225,0.050514161586761475,0.49290353059768677,0.8015974164009094,-0.4375672936439514,0.3439095616340637,0.7954672574996948,-0.02546088770031929
frame_00034.jpg,0.3379073441028595,0.2957993745803833,0.2808201014995575,0.3374861180782318,0.2839612364768982,0.2575396001338959,0.3373287320137024,0.28378361463546753,0.2573985159397125,0.33694279193878174,0.28376758098602295,0.2574029564857483,0.3406893312931061,0.28339770436286926,0.2777490019798279,0.3430636525154114,0.28260180354118347,0.27759408950805664,0.3453110456466675,0.2818330228328705,0.27755627036094666,0.3448575735092163,0.28509536385536194,0.15210306644439697,0.3546348214149475,0.28108295798301697,0.24343545734882355,0.3409634530544281,0.30488505959510803,0.24736301600933075,0.3441315293312073,0.30343690514564514,0.2721247971057892,0.3357694745063782,0.3376723825931549,0.007810244802385569,0.41927266120910645,0.32445308566093445,0.22490298748016357,0.27984997630119324,0.3886244595050812,-0.08482562750577927,0.4771026074886322,0.35706037282943726,0.16683676838874817,0.23680517077445984,0.42601558566093445,-0.061705149710178375,0.5421522855758667,0.3909495770931244,0.0729123055934906,0.2265232503414154,0.43951019644737244,-0.08759036660194397,0.558120608329773,0.4033132493495941,0.0546380952000618,0.22702553868293762,0.4373120367527008,-0.07147593796253204,0.5577820539474487,0.40735581517219543,0.05423573777079582,0.23172998428344727,0.4336848258972168,-0.05341004207730293,0.5515544414520264,0.4070543050765991,0.06926359981298447,0.4001920223236084,0.505014955997467,-0.10671885311603546,0.4242711663246155,0.499577134847641,0.10660724341869354,0.42993491888046265,0.6337467432022095,-0.21000222861766815,0.3867260813713074,0.6286658644676208,0.12683355808258057,0.5117819309234619,0.7461918592453003,-0.27262237668037415,0.37742531299591064,0.7562147974967957,0.10929454863071442,0.5331975221633911,0.759785532951355,-0.2854655385017395,0.3883494734764099,0.7885082364082336,0.1042182594537735,0.4904652237892151,0.8020016551017761,-0.396512895822525,0.3426018953323364,0.7939139604568481,0.022415002807974815
frame_00035.jpg,0.3374638557434082,0.2922505736351013,0.29646560549736023,0.3373481333255768,0.2800402343273163,0.2746645510196686,0.3372657895088196,0.28009238839149475,0.27452343702316284,0.3369465470314026,0.2802288830280304,0.274532675743103,0.3404350280761719,0.279148668050766,0.29424360394477844,0.3428706228733063,0.2784353196620941,0.29406747221946716,0.34516334533691406,0.2777174115180969,0.2940242290496826,0.34511882066726685,0.2825406491756439,0.17521454393863678,0.3550514578819275,0.2780860662460327,0.2632272243499756,0.34054630994796753,0.3015230894088745,0.2651015520095825,0.3438008427619934,0.30003803968429565,0.2889197766780853,0.3368604779243469,0.3352554738521576,0.03767897188663483,0.4186271131038666,0.3210718333721161,0.24053387343883514,0.28352436423301697,0.3819618821144104,-0.036920711398124695,0.47335225343704224,0.35305526852607727,0.17334367334842682,0.24273507297039032,0.4192265570163727,-0.0008122846484184265,0.5344263911247253,0.3846518397331238,0.07650823891162872,0.23329825699329376,0.43098941445350647,-0.020872030407190323,0.5510009527206421,0.3982487916946411,0.05835389345884323,0.23284108936786652,0.4299857020378113,-0.007959103211760521,0.5511922836303711,0.40310680866241455,0.05753282457590103,0.23751738667488098,0.42698702216148376,0.006806156598031521,0.544436514377594,0.40230292081832886,0.07231243699789047,0.39797765016555786,0.5019729733467102,-0.10311505943536758,0.42210644483566284,0.49730902910232544,0.10299116373062134,0.43005719780921936,0.6310276389122009,-0.19918982684612274,0.38720303773880005,0.6264736652374268,0.07551398873329163,0.5079367756843567,0.7468186616897583,-0.28201451897621155,0.37507519125938416,0.7566965222358704,0.03205213323235512,0.5308428406715393,0.7602014541625977,-0.2951863706111908,0.3858793377876282,0.7889042496681213,0.024569176137447357,0.48885974287986755,0.8022655248641968,-0.403280645608902,0.3402666747570038,0.7937366366386414,-0.05547807738184929
frame_00036.jpg,0.3378148078918457,0.29172515869140625,0.31468772888183594,0.3371727168560028,0.27954205870628357,0.2928423285484314,0.33660319447517395,0.27936795353889465,0.29269737005233765,0.33578482270240784,0.2793308198451996,0.29269036650657654,0.3407895863056183,0.2785390317440033,0.3092304766178131,0.3430270552635193,0.27763909101486206,0.30906766653060913,0.3451722264289856,0.2768014967441559,0.30903002619743347,0.34210196137428284,0.28100693225860596,0.19279895722866058,0.35420775413513184,0.27689477801322937,0.2670489251613617,0.34001532196998596,0.30009162425994873,0.28322896361351013,0.34377336502075195,0.29876628518104553,0.30296066403388977,0.33481383323669434,0.3310481905937195,0.0502728633582592,0.4176705479621887,0.31794610619544983,0.23473462462425232,0.28958842158317566,0.3722858726978302,-0.06008273363113403,0.4706425070762634,0.34544986486434937,0.15693463385105133,0.250590056180954,0.40493640303611755,-0.07141400873661041,0.5264814496040344,0.37406620383262634,0.05581647902727127,0.23993010818958282,0.4153936207294464,-0.09690991044044495,0.5430322885513306,0.38982251286506653,0.035447753965854645,0.23891691863536835,0.41361016035079956,-0.08478926122188568,0.5428475737571716,0.3933233916759491,0.0377248115837574,0.2436673641204834,0.4113824963569641,-0.06554318964481354,0.53384929895401,0.3914119601249695,0.05266910046339035,0.392599880695343,0.49834662675857544,-0.10108498483896255,0.41793885827064514,0.494346559047699,0.10094764083623886,0.4317767024040222,0.6374708414077759,-0.2006712406873703,0.39352455735206604,0.6234943866729736,0.05466673895716667,0.5010572671890259,0.7455111742019653,-0.30087941884994507,0.3693171441555023,0.7563341856002808,0.003057173453271389,0.525133490562439,0.7575653195381165,-0.3156150281429291,0.37925440073013306,0.7886649370193481,-0.005117639433592558,0.4837093949317932,0.8013976812362671,-0.41924524307250977,0.330488920211792,0.789685070514679,-0.08188290894031525
frame_00037.jpg,0.3372567296028137,0.28914275765419006,0.2990145981311798,0.33632177114486694,0.2770298719406128,0.27799633145332336,0.3354662358760834,0.27666932344436646,0.27785152196884155,0.33437255024909973,0.27651914954185486,0.2778548002243042,0.3403024971485138,0.27580690383911133,0.29528284072875977,0.34244486689567566,0.27462488412857056,0.29512545466423035,0.3444685637950897,0.2735554575920105,0.2951231002807617,0.33965250849723816,0.2780037820339203,0.1820950210094452,0.3527579605579376,0.2732362151145935,0.2605564296245575,0.3388358950614929,0.2974546253681183,0.2690262794494629,0.34281936287879944,0.29636695981025696,0.29002058506011963,0.3343725800514221,0.327084481716156,0.037443868815898895,0.41417521238327026,0.3144225478172302,0.23601827025413513,0.29414087533950806,0.3624099791049957,-0.09775952994823456,0.4678884446620941,0.34042415022850037,0.17270585894584656,0.2510312795639038,0.39065372943878174,-0.13257190585136414,0.5237711071968079,0.3667563498020172,0.08855722844600677,0.2421526163816452,0.40258461236953735,-0.17027795314788818,0.5403497219085693,0.38294556736946106,0.06934449821710587,0.24012812972068787,0.4018358290195465,-0.15708526968955994,0.5407658815383911,0.3864521384239197,0.07081234455108643,0.24505069851875305,0.39959973096847534,-0.12901808321475983,0.5319193601608276,0.38394948840141296,0.0855071023106575,0.3894475996494293,0.49409371614456177,-0.10188837349414825,0.4132552742958069,0.4909686744213104,0.10177896171808243,0.42190250754356384,0.6233540177345276,-0.2102806121110916,0.39124685525894165,0.6196470260620117,0.045719388872385025,0.49527496099472046,0.7413181662559509,-0.3059896230697632,0.3654712736606598,0.7546859979629517,-0.022612646222114563,0.5188102722167969,0.752587616443634,-0.3200698792934418,0.37545710802078247,0.7883703708648682,-0.0342327281832695,0.4779408872127533,0.8004511594772339,-0.4222935736179352,0.3287075161933899,0.7878671288490295,-0.11765158176422119
frame_00038.jpg,0.3336867690086365,0.2841919958591461,0.32499930262565613,0.3325378894805908,0.27231061458587646,0.3048941493034363,0.3319259285926819,0.27201786637306213,0.30475109815597534,0.33109232783317566,0.271908164024353,0.304722398519516,0.33624863624572754,0.27166399359703064,0.3200996518135071,0.3382517099380493,0.27078813314437866,0.3199275732040405,0.34013837575912476,0.26985034346580505,0.3198816478252411,0.33772528171539307,0.27358219027519226,0.20838339626789093,0.349303662776947,0.26952144503593445,0.2769690155982971,0.3359491229057312,0.2931826412677765,0.2945135831832886,0.3395480513572693,0.29237139225006104,0.3126614987850189,0.3298037648200989,0.3267040252685547,0.07146266102790833,0.41229701042175293,0.31123587489128113,0.23756256699562073,0.28687673807144165,0.3671817183494568,-0.010983751155436039,0.4665892720222473,0.33611154556274414,0.15760818123817444,0.2540901303291321,0.38872236013412476,0.007659080438315868,0.5225604772567749,0.362400084733963,0.05886932462453842,0.24378478527069092,0.40070101618766785,-0.011044100858271122,0.5386703610420227,0.378519207239151,0.0384642593562603,0.24238765239715576,0.39998671412467957,-0.001839497359469533,0.5398186445236206,0.38088157773017883,0.043249744921922684,0.24752190709114075,0.3974921405315399,0.012841758318245411,0.5312768816947937,0.37851831316947937,0.05677054077386856,0.38567471504211426,0.49351993203163147,-0.10104794800281525,0.4121626019477844,0.490336537361145,0.10092878341674805,0.40872374176979065,0.618395209312439,-0.21940767765045166,0.3920455574989319,0.6177639365196228,0.054138146340847015,0.4904205799102783,0.7394840717315674,-0.3339419960975647,0.3614506721496582,0.7533013820648193,-0.011900457553565502,0.5138242840766907,0.7500222325325012,-0.3494606614112854,0.37249693274497986,0.7878883481025696,-0.022004421800374985,0.4736824929714203,0.8002593517303467,-0.44498521089553833,0.32671570777893066,0.7848596572875977,-0.09443162381649017
frame_00039.jpg,0.3309808075428009,0.2830599546432495,0.30882152915000916,0.3298704922199249,0.27070531249046326,0.2875312864780426,0.32932668924331665,0.2703750729560852,0.28738659620285034,0.3285987675189972,0.27023640275001526,0.287369042634964,0.33368876576423645,0.2702944874763489,0.30516350269317627,0.33576661348342896,0.26951178908348083,0.30501309037208557,0.3377300500869751,0.26861271262168884,0.3049803078174591,0.336043119430542,0.2716910243034363,0.1890888810157776,0.34702587127685547,0.2680903971195221,0.26907190680503845,0.33350855112075806,0.2924295663833618,0.2777499854564667,0.33722347021102905,0.2920876443386078,0.2991732358932495,0.3294447362422943,0.3250729441642761,0.04499554634094238,0.4095171391963959,0.3088894486427307,0.23931002616882324,0.28708693385124207,0.3631831407546997,-0.07123655080795288,0.4661048352718353,0.33386722207069397,0.1584792137145996,0.2540459930896759,0.3875080347061157,-0.007161299232393503,0.526972234249115,0.3601274788379669,0.06364676356315613,0.2424517571926117,0.3993853032588959,-0.05979553982615471,0.5423363447189331,0.3745497465133667,0.04335636645555496,0.24146516621112823,0.3986586332321167,-0.047565288841724396,0.5432039499282837,0.3786151707172394,0.045368634164333344,0.246634840965271,0.3961198031902313,0.005793097894638777,0.5358659625053406,0.37715011835098267,0.06037897989153862,0.38467735052108765,0.49307960271835327,-0.10413310676813126,0.410921186208725,0.48978856205940247,0.10400593280792236,0.40499693155288696,0.6177491545677185,-0.21358664333820343,0.3935527503490448,0.6163202524185181,0.058238763362169266,0.4885728359222412,0.7397245764732361,-0.31652021408081055,0.3597908616065979,0.753456711769104,0.0029404584784060717,0.512151837348938,0.7514375448226929,-0.3312767446041107,0.3713178038597107,0.7876726388931274,-0.005797996185719967,0.4722491204738617,0.7991882562637329,-0.43198665976524353,0.32397162914276123,0.786123514175415,-0.07941931486129761
frame_00040.jpg,0.33073490858078003,0.2795940041542053,0.2756475806236267,0.32920026779174805,0.2679535150527954,0.2541886866092682,0.3283599019050598,0.2677043676376343,0.2540454566478729,0.3273339569568634,0.2676369547843933,0.2540355622768402,0.33343321084976196,0.2673470377922058,0.27404871582984924,0.3356255888938904,0.26644501090049744,0.27388912439346313,0.3377172648906708,0.26538270711898804,0.27386823296546936,0.3341365456581116,0.26939085125923157,0.1751093715429306,0.3469497263431549,0.26481613516807556,0.21965698897838593,0.3327706456184387,0.28909367322921753,0.24615547060966492,0.33695298433303833,0.28845280408859253,0.2716996669769287,0.3265315592288971,0.32565274834632874,0.029141297563910484,0.4085802435874939,0.30715319514274597,0.17095988988876343,0.2843242287635803,0.36547568440437317,-0.03388840705156326,0.46614664793014526,0.33159902691841125,0.10398340225219727,0.24794816970825195,0.39040082693099976,0.009166471660137177,0.5282333493232727,0.3569411635398865,0.03575242683291435,0.23638518154621124,0.4001726508140564,-0.002913554897531867,0.5450589656829834,0.37089255452156067,0.017227213829755783,0.23548972606658936,0.3970307409763336,0.0041556041687726974,0.5463106036186218,0.37411361932754517,0.019086988642811775,0.24042537808418274,0.39587312936782837,0.015623251907527447,0.5385223031044006,0.3720385730266571,0.03359721973538399,0.382875919342041,0.49256590008735657,-0.07544253766536713,0.4124975800514221,0.4875296652317047,0.07525941729545593,0.38764551281929016,0.6162487864494324,-0.1398826539516449,0.405478298664093,0.6141579747200012,-0.012431442737579346,0.3666608929634094,0.7404685616493225,-0.2501920461654663,0.4747340679168701,0.739578902721405,-0.09109752625226974,0.37520578503608704,0.7702856063842773,-0.2643992304801941,0.49556079506874084,0.7517775893211365,-0.09964557737112045,0.32853060960769653,0.7885595560073853,-0.3348306715488434,0.46320801973342896,0.7893162965774536,-0.14798220992088318
frame_00041.jpg,0.3242758810520172,0.27949202060699463,0.26572516560554504,0.3235461413860321,0.2675160765647888,0.24439814686775208,0.3229931890964508,0.2671058475971222,0.24425610899925232,0.32222825288772583,0.26688405871391296,0.24424979090690613,0.3272642195224762,0.26727262139320374,0.26388317346572876,0.32941752672195435,0.2664790749549866,0.2637166976928711,0.3314547836780548,0.2655479609966278,0.2636944353580475,0.32993632555007935,0.26763567328453064,0.14581738412380219,0.3418298363685608,0.2639991343021393,0.2166815549135208,0.3268096148967743,0.28832393884658813,0.23703095316886902,0.3308354318141937,0.28803491592407227,0.26154670119285583,0.3240708112716675,0.32332462072372437,0.016330527141690254,0.40613406896591187,0.3042744994163513,0.1767795830965042,0.2785777151584625,0.3657340705394745,-0.05891094729304314,0.46748656034469604,0.32907190918922424,0.11206333339214325,0.2316986620426178,0.39120593667030334,-0.02804507687687874,0.5307185649871826,0.35362541675567627,0.04043189808726311,0.22123408317565918,0.4003123641014099,-0.06405385583639145,0.549636721611023,0.3670482039451599,0.021575583145022392,0.2204335480928421,0.39553144574165344,-0.0571659691631794,0.5515764951705933,0.3698667585849762,0.02290915511548519,0.22466686367988586,0.3945367932319641,-0.029213007539510727,0.5436546802520752,0.36718887090682983,0.03797809034585953,0.3819810748100281,0.49021196365356445,-0.07695385813713074,0.4127156734466553,0.485564261674881,0.07673383504152298,0.3768743574619293,0.6134832501411438,-0.1477166712284088,0.4084363579750061,0.6127046346664429,-0.011636101640760899,0.35745030641555786,0.7419278621673584,-0.2511545419692993,0.4809061884880066,0.7344067692756653,-0.08830343931913376,0.3659747242927551,0.7726293206214905,-0.2740187346935272,0.5048657655715942,0.7439440488815308,-0.09653626382350922,0.3179464638233185,0.7826198935508728,-0.3605373501777649,0.46737852692604065,0.790349543094635,-0.14398840069770813
frame_00042.jpg,0.32087379693984985,0.28020012378692627,0.26161473989486694,0.3203829824924469,0.2675704061985016,0.2424231469631195,0.3200259208679199,0.26712125539779663,0.24227392673492432,0.31946659088134766,0.26691192388534546,0.24225664138793945,0.3236571252346039,0.26744306087493896,0.25954359769821167,0.32569819688796997,0.2667045593261719,0.25937530398368835,0.32761791348457336,0.2658751606941223,0.25935056805610657,0.3277554214000702,0.267636775970459,0.13171744346618652,0.3380707800388336,0.26420921087265015,0.21820779144763947,0.3237040638923645,0.288818895816803,0.2367117702960968,0.32720646262168884,0.2886008024215698,0.2568487524986267,0.32312774658203125,0.32258522510528564,-0.003091576974838972,0.40413698554039,0.3032231032848358,0.18716798722743988,0.2724366784095764,0.3676823675632477,-0.11479608714580536,0.467520534992218,0.32787084579467773,0.1265188753604889,0.21879391372203827,0.3913249671459198,-0.11694557964801788,0.5299875140190125,0.3525194227695465,0.04870149865746498,0.20849668979644775,0.40107521414756775,-0.14465904235839844,0.5505558848381042,0.36633071303367615,0.029725637286901474,0.20808792114257812,0.39640653133392334,-0.12990614771842957,0.551234781742096,0.36899811029434204,0.02998824417591095,0.21249887347221375,0.3945290148258209,-0.10937058925628662,0.5427961349487305,0.36596694588661194,0.0455588772892952,0.38325798511505127,0.4888495206832886,-0.07801569998264313,0.41291552782058716,0.4835939407348633,0.0779336467385292,0.37949880957603455,0.6144053339958191,-0.16431942582130432,0.4066520631313324,0.61258864402771,-0.004936412908136845,0.35534387826919556,0.7428121566772461,-0.31266990303993225,0.47778749465942383,0.7327277064323425,-0.07134400308132172,0.36595970392227173,0.773930549621582,-0.3315664529800415,0.4970845580101013,0.7435694336891174,-0.07902990281581879,0.31559211015701294,0.7820066213607788,-0.4246422350406647,0.4645955562591553,0.7906630039215088,-0.13323737680912018
frame_00043.jpg,0.32059770822525024,0.28113967180252075,0.26142817735671997,0.3195209205150604,0.26897865533828735,0.23913586139678955,0.31884559988975525,0.26851463317871094,0.2389909327030182,0.3179839253425598,0.2682816684246063,0.23898175358772278,0.3232209086418152,0.268663227558136,0.258065402507782,0.3252871334552765,0.2677742540836334,0.2579111158847809,0.3272722661495209,0.2668013274669647,0.25789231061935425,0.3249448537826538,0.26897114515304565,0.1289757341146469,0.3374387323856354,0.26469168066978455,0.21866337954998016,0.32315072417259216,0.2894955575466156,0.23240360617637634,0.326877236366272,0.28900280594825745,0.2549397051334381,0.32181745767593384,0.3233688473701477,-0.009329169057309628,0.4025894105434418,0.30234843492507935,0.19211933016777039,0.2668519616127014,0.3692515194416046,-0.1325291097164154,0.4674341082572937,0.33007797598838806,0.13028840720653534,0.21284885704517365,0.3923586905002594,-0.14996658265590668,0.5301401019096375,0.35430246591567993,0.06662178784608841,0.19967715442180634,0.40368202328681946,-0.17842158675193787,0.5493959188461304,0.368062287569046,0.04777113348245621,0.1994248777627945,0.3991154730319977,-0.16162756085395813,0.5491992235183716,0.3699907958507538,0.04690869152545929,0.2053598165512085,0.39618271589279175,-0.14120586216449738,0.5415419340133667,0.3675588369369507,0.06336862593889236,0.383533239364624,0.4888826012611389,-0.08146170526742935,0.4133780002593994,0.4836537539958954,0.08133625984191895,0.3727521300315857,0.6147199273109436,-0.14027515053749084,0.40646928548812866,0.6135637164115906,-0.006313002202659845,0.35418444871902466,0.743326723575592,-0.2507275938987732,0.47784367203712463,0.7335031628608704,-0.06876090168952942,0.3646019399166107,0.7740076184272766,-0.26557621359825134,0.4986650347709656,0.7442649602890015,-0.07590238749980927,0.3137075901031494,0.7817469835281372,-0.34878915548324585,0.4643016755580902,0.7908202409744263,-0.12992112338542938
frame_00044.jpg,0.3175511360168457,0.2822158932685852,0.22787082195281982,0.3169024586677551,0.27003762125968933,0.20309078693389893,0.31654757261276245,0.26959165930747986,0.20296184718608856,0.31599676609039307,0.2693547308444977,0.20299863815307617,0.31969597935676575,0.2696877419948578,0.22743356227874756,0.3214403986930847,0.26881006360054016,0.2272745817899704,0.3231949210166931,0.2678375542163849,0.22726330161094666,0.3241385221481323,0.2697802782058716,0.09791455417871475,0.3344663977622986,0.26545479893684387,0.20818939805030823,0.32116296887397766,0.2904510796070099,0.19595931470394135,0.3241398334503174,0.289978563785553,0.22631463408470154,0.3234974145889282,0.3238283395767212,-0.036661289632320404,0.4001105725765228,0.3031429648399353,0.19354653358459473,0.26628273725509644,0.36915233731269836,-0.16562530398368835,0.4647798538208008,0.33039236068725586,0.16475267708301544,0.20359261333942413,0.39428457617759705,-0.18777108192443848,0.5281199216842651,0.353821724653244,0.10373302549123764,0.18999376893043518,0.40554434061050415,-0.21998131275177002,0.5470641255378723,0.3673507273197174,0.08750619739294052,0.1872369945049286,0.40166422724723816,-0.2019774615764618,0.5481352806091309,0.3694586157798767,0.0832497775554657,0.1936708390712738,0.39907485246658325,-0.17856580018997192,0.5395050048828125,0.3673612177371979,0.09929456561803818,0.38499465584754944,0.4893159866333008,-0.09317450225353241,0.4136572480201721,0.4841621220111847,0.09297862648963928,0.3733629584312439,0.6155644059181213,-0.1527344286441803,0.4019030034542084,0.6129786968231201,0.019539643079042435,0.35132545232772827,0.7439327836036682,-0.2598552107810974,0.4766671061515808,0.732166051864624,-0.0015683434903621674,0.361810564994812,0.7753265500068665,-0.2749037742614746,0.493356853723526,0.743626058101654,-0.004901654552668333,0.3095495402812958,0.7805206179618835,-0.3639531135559082,0.4529489576816559,0.7907553315162659,-0.05491209775209427
frame_00045.jpg,0.31788453459739685,0.28233498334884644,0.214751198887825,0.31715789437294006,0.27011817693710327,0.18983225524425507,0.31702283024787903,0.26981937885284424,0.1897047907114029,0.31668373942375183,0.26974382996559143,0.18973039090633392,0.31923288106918335,0.26982831954956055,0.2173081934452057,0.3207671046257019,0.2689010500907898,0.2171138972043991,0.3223057687282562,0.2679910361766815,0.21707198023796082,0.32543668150901794,0.2704930603504181,0.09227664023637772,0.3340141177177429,0.26625555753707886,0.2112777978181839,0.32203367352485657,0.2911422550678253,0.18516306579113007,0.3244668245315552,0.29051294922828674,0.21933743357658386,0.32473433017730713,0.322665274143219,-0.047226518392562866,0.40052732825279236,0.30444177985191345,0.23524412512779236,0.2683594226837158,0.36891433596611023,-0.1736888289451599,0.4601554274559021,0.33088937401771545,0.22119379043579102,0.2029368132352829,0.3948320746421814,-0.1723526269197464,0.5217289328575134,0.3548969328403473,0.1437838226556778,0.18784072995185852,0.4062180817127228,-0.20550742745399475,0.5384185910224915,0.3686128258705139,0.1304839700460434,0.1855444312095642,0.40204617381095886,-0.1844993531703949,0.5381304025650024,0.37125667929649353,0.12506070733070374,0.19216594099998474,0.39966684579849243,-0.16210880875587463,0.5317386388778687,0.3694421350955963,0.13820728659629822,0.3893425166606903,0.48891621828079224,-0.11963409185409546,0.4139042794704437,0.48349934816360474,0.11954601109027863,0.4092586636543274,0.6305350065231323,-0.2107156217098236,0.3773362934589386,0.613328218460083,0.07979434728622437,0.47268837690353394,0.7368213534355164,-0.2924901843070984,0.3540111184120178,0.7364847660064697,0.04792221635580063,0.4953869879245758,0.7488027215003967,-0.30532413721084595,0.3627717196941376,0.766415536403656,0.041290897876024246,0.4536750912666321,0.781396210193634,-0.41123905777931213,0.3103719651699066,0.7835444211959839,-0.03297250717878342
frame_00046.jpg,0.31624144315719604,0.284380704164505,-0.031093571335077286,0.31592291593551636,0.27142447233200073,-0.05223899334669113,0.3166353106498718,0.27094927430152893,-0.05239474028348923,0.31704264879226685,0.2705821394920349,-0.0523153617978096,0.3158414959907532,0.27125900983810425,-0.013817529194056988,0.31652307510375977,0.2705587148666382,-0.014042528346180916,0.3170391917228699,0.2698579430580139,-0.014094740152359009,0.32677868008613586,0.27090170979499817,-0.1078692078590393,0.3301330506801605,0.26765376329421997,0.0675174742937088,0.32246941328048706,0.2930169701576233,-0.04576904699206352,0.3231886029243469,0.2929251790046692,0.003319448558613658,0.333620548248291,0.3273913264274597,-0.21311712265014648,0.39708709716796875,0.3046187460422516,0.1880541741847992,0.2784717381000519,0.3683926463127136,-0.3803286850452423,0.4543120861053467,0.33212125301361084,0.3207882344722748,0.21271288394927979,0.39138343930244446,-0.4240073561668396,0.494312047958374,0.35834643244743347,0.37273818254470825,0.19812844693660736,0.40211161971092224,-0.4652854800224304,0.5063323974609375,0.3708093464374542,0.3849466145038605,0.19644388556480408,0.39663782715797424,-0.44931212067604065,0.4996818006038666,0.37287673354148865,0.3686688542366028,0.2027154415845871,0.39483746886253357,-0.41597381234169006,0.4952198565006256,0.37208425998687744,0.367140531539917,0.40125617384910583,0.48878052830696106,-0.13118523359298706,0.40814265608787537,0.48379626870155334,0.13101641833782196,0.4102800488471985,0.6241824626922607,-0.214781254529953,0.36357468366622925,0.6115828156471252,0.0907866582274437,0.47586360573768616,0.7308989763259888,-0.2640596926212311,0.34474390745162964,0.7404753565788269,0.08434843271970749,0.494133323431015,0.7426082491874695,-0.2730635404586792,0.35502976179122925,0.7740989327430725,0.0793156772851944,0.4586208462715149,0.7845304012298584,-0.39459842443466187,0.3013840317726135,0.782035231590271,-0.0026224511675536633
frame_00047.jpg,0.31761860847473145,0.28859585523605347,-0.22586369514465332,0.317477285861969,0.2747788727283478,-0.23874804377555847,0.31730955839157104,0.27364346385002136,-0.23892001807689667,0.3189969062805176,0.2724546194076538,-0.23879018425941467,0.3168225884437561,0.27565085887908936,-0.20286671817302704,0.3170417547225952,0.2752343714237213,-0.20306429266929626,0.31701216101646423,0.27479344606399536,-0.2031150758266449,0.3341567814350128,0.27124178409576416,-0.23847348988056183,0.32891663908958435,0.2718874216079712,-0.07471715658903122,0.32327672839164734,0.2963424026966095,-0.2199867069721222,0.3241317868232727,0.2971658408641815,-0.17433060705661774,0.3525982201099396,0.3298775553703308,-0.30008983612060547,0.38614052534103394,0.30908089876174927,0.09605909138917923,0.3008877635002136,0.3668907582759857,-0.5017747282981873,0.42838531732559204,0.33250072598457336,0.32477304339408875,0.22894993424415588,0.39132916927337646,-0.6260640025138855,0.46191754937171936,0.3565276563167572,0.48607367277145386,0.21072669327259064,0.39990943670272827,-0.6734163761138916,0.4698970913887024,0.36953431367874146,0.5166927576065063,0.2053598165512085,0.3956710994243622,-0.6713405847549438,0.46622973680496216,0.3720164895057678,0.5015912055969238,0.2129710167646408,0.3949749171733856,-0.6261699199676514,0.4637945592403412,0.36974066495895386,0.4852449893951416,0.41513434052467346,0.4891570210456848,-0.12808415293693542,0.39552927017211914,0.48422232270240784,0.1279992312192917,0.4160296320915222,0.6241454482078552,-0.22622139751911163,0.357795774936676,0.6119686961174011,0.07496494054794312,0.4724070429801941,0.7329646348953247,-0.20260874927043915,0.3416967988014221,0.7452453970909119,0.07187271863222122,0.4896255433559418,0.7448865175247192,-0.2040238082408905,0.35161325335502625,0.7781780958175659,0.06934909522533417,0.4623107314109802,0.7868776917457581,-0.32397782802581787,0.2999674677848816,0.7830511331558228,-0.02786949649453163
frame_00048.jpg,0.3216779828071594,0.2915065884590149,-0.40622082352638245,0.3244820833206177,0.2783437967300415,-0.41710248589515686,0.3267395794391632,0.27701279520988464,-0.41743215918540955,0.3298669755458832,0.2756546437740326,-0.4173790514469147,0.3197970986366272,0.27967584133148193,-0.38432466983795166,0.3183287978172302,0.2794223129749298,-0.38455653190612793,0.31826668977737427,0.2791799306869507,-0.38469910621643066,0.3431329131126404,0.27474695444107056,-0.3933652341365814,0.3306847810745239,0.27947214245796204,-0.24296793341636658,0.33027511835098267,0.29903414845466614,-0.39065974950790405,0.326370507478714,0.30028659105300903,-0.3489987254142761,0.3774142861366272,0.33442923426628113,-0.4188269078731537,0.3607718348503113,0.3371233642101288,-0.057803332805633545,0.3461829423904419,0.36779817938804626,-0.5824504494667053,0.40338677167892456,0.3686099946498871,0.05551585555076599,0.26807504892349243,0.39174556732177734,-0.7146862149238586,0.44001826643943787,0.37973901629447937,0.04465045779943466,0.25061219930648804,0.40064603090286255,-0.7761309146881104,0.45466846227645874,0.3834223449230194,0.03667386993765831,0.24529564380645752,0.3969159424304962,-0.7710052728652954,0.44916868209838867,0.378690630197525,0.017180556431412697,0.2535025179386139,0.3956296145915985,-0.7138710021972656,0.44311627745628357,0.3752135634422302,0.036089565604925156,0.4251472055912018,0.49214932322502136,-0.12666627764701843,0.38772276043891907,0.4931793808937073,0.12613579630851746,0.4248740077018738,0.6256709694862366,-0.18137960135936737,0.35679683089256287,0.613084077835083,0.059141069650650024,0.468477725982666,0.7334350347518921,-0.044831372797489166,0.3420669138431549,0.7498196363449097,0.13101983070373535,0.4819992184638977,0.7475987076759338,-0.03996231406927109,0.35182851552963257,0.7811734080314636,0.1326487511396408,0.46255701780319214,0.788545548915863,-0.1969006359577179,0.2989307641983032,0.7848706841468811,-0.0042960261926054955
frame_00049.jpg,0.3381198048591614,0.29629209637641907,-0.2161918580532074,0.34134989976882935,0.2833889424800873,-0.21856355667114258,0.34448811411857605,0.28205493092536926,-0.2188388556241989,0.3475490212440491,0.2807241976261139,-0.21880507469177246,0.3341290056705475,0.28562912344932556,-0.19046519696712494,0.3319845497608185,0.2857638895511627,-0.19067293405532837,0.3302757441997528,0.2856353521347046,-0.1907455176115036,0.3568646013736725,0.28095972537994385,-0.1842058151960373,0.3363945186138153,0.2867739498615265,-0.05558789521455765,0.3470229506492615,0.3037041127681732,-0.19815808534622192,0.3395535349845886,0.30671584606170654,-0.16297699511051178,0.3909468352794647,0.33412691950798035,-0.23768556118011475,0.3520934283733368,0.3416934907436371,0.0807158425450325,0.3912155032157898,0.36815401911735535,-0.391567587852478,0.38921767473220825,0.4015738070011139,0.14092978835105896,0.3328484296798706,0.3901117146015167,-0.5244101881980896,0.40092214941978455,0.45456451177597046,0.06919090449810028,0.31996095180511475,0.3979136645793915,-0.5801423788070679,0.4083595275878906,0.47319361567497253,0.05619446188211441,0.3176066279411316,0.393546462059021,-0.5685325264930725,0.40150293707847595,0.47267916798591614,0.028720304369926453,0.32147690653800964,0.3931993246078491,-0.5207953453063965,0.39972037076950073,0.4653964936733246,0.054131459444761276,0.4278562068939209,0.49352389574050903,-0.11042811721563339,0.3860166668891907,0.4994923770427704,0.1101565808057785,0.4330713748931885,0.6247638463973999,-0.16487503051757812,0.35436874628067017,0.6146407723426819,0.007006288506090641,0.465553343296051,0.7346352934837341,-0.034948743879795074,0.34141644835472107,0.7499479651451111,0.08281834423542023,0.4764438271522522,0.7494755983352661,-0.029628310352563858,0.35052964091300964,0.7802031636238098,0.08362796902656555,0.4631149172782898,0.7919740676879883,-0.17056238651275635,0.3030295968055725,0.7851983904838562,-0.031486328691244125
frame_00050.jpg,0.35677939653396606,0.29731157422065735,-0.16665548086166382,0.3605297803878784,0.28515470027923584,-0.15754976868629456,0.36402347683906555,0.28398701548576355,-0.1577853113412857,0.3673064708709717,0.28294697403907776,-0.15774330496788025,0.35269245505332947,0.2876582443714142,-0.14153549075126648,0.3502575159072876,0.2879692316055298,-0.14171484112739563,0.3478652834892273,0.28813818097114563,-0.14172248542308807,0.37203794717788696,0.285922110080719,-0.16068241000175476,0.3446216583251953,0.29061710834503174,-0.013891259208321571,0.3646427094936371,0.3064628541469574,-0.13812488317489624,0.35544946789741516,0.3086335361003876,-0.11812227964401245,0.3986690640449524,0.33394917845726013,-0.12759150564670563,0.3516133427619934,0.3547228276729584,0.09956061840057373,0.42939281463623047,0.3684120178222656,-0.3462231159210205,0.3783879280090332,0.4124189615249634,0.08468590676784515,0.414938747882843,0.3827352523803711,-0.6029951572418213,0.39907509088516235,0.46917659044265747,-0.04281321167945862,0.42185139656066895,0.39456936717033386,-0.6742111444473267,0.40513545274734497,0.488078236579895,-0.06637647747993469,0.4062042832374573,0.3853890001773834,-0.6715797185897827,0.4013068675994873,0.48734530806541443,-0.09157376736402512,0.40663084387779236,0.38515883684158325,-0.6083687543869019,0.3991156220436096,0.479458212852478,-0.05775822326540947,0.42959946393966675,0.4903204143047333,-0.07756783068180084,0.3863806128501892,0.500280499458313,0.07734476029872894,0.4410983920097351,0.611578106880188,-0.22986142337322235,0.3550542891025543,0.6171591281890869,-0.04877570644021034,0.4619883894920349,0.737064003944397,-0.2252611368894577,0.3409110903739929,0.7496601939201355,-0.02482801303267479,0.4714529514312744,0.7554766535758972,-0.23546519875526428,0.34954699873924255,0.7787874341011047,-0.030845055356621742,0.4641498029232025,0.791131317615509,-0.4172692894935608,0.30533871054649353,0.7849684357643127,-0.17734023928642273
frame_00051.jpg,0.39761969447135925,0.30216971039772034,-0.5189047455787659,0.40040120482444763,0.28940656781196594,-0.5037940144538879,0.4034802317619324,0.2887731194496155,-0.5041121244430542,0.40649184584617615,0.28842321038246155,-0.5040662884712219,0.39211592078208923,0.2917180061340332,-0.506899356842041,0.3896227478981018,0.2924262583255768,-0.5071817636489868,0.38697972893714905,0.29303595423698425,-0.5072692632675171,0.4086765646934509,0.2918097674846649,-0.3760201930999756,0.3795740008354187,0.29677680134773254,-0.38977378606796265,0.4044853746891022,0.31115004420280457,-0.4658903181552887,0.3938153088092804,0.31326478719711304,-0.4715682566165924,0.4403060972690582,0.34336626529693604,-0.2593145966529846,0.35793977975845337,0.3480127155780792,-0.2810885012149811,0.5022145509719849,0.36194154620170593,-0.2740388512611389,0.3183395266532898,0.3902320861816406,-0.4028478264808655,0.5556082725524902,0.37488308548927307,-0.4042526185512543,0.29252177476882935,0.4326591491699219,-0.6354517936706543,0.5737788677215576,0.3771425187587738,-0.42953839898109436,0.28612202405929565,0.44881346821784973,-0.6890252828598022,0.5764737725257874,0.37529176473617554,-0.5161505937576294,0.2895045280456543,0.45265844464302063,-0.7120797634124756,0.5688906311988831,0.37781715393066406,-0.44038692116737366,0.29115477204322815,0.4452108144760132,-0.6524162292480469,0.4390365183353424,0.49891915917396545,-0.0006670017028227448,0.38724860548973083,0.5041206479072571,0.0004346724599599838,0.4618256986141205,0.6139585375785828,-0.1327669471502304,0.3545837104320526,0.6224984526634216,-0.12447886168956757,0.45921754837036133,0.749161422252655,0.027515828609466553,0.3369465470314026,0.7541528344154358,0.0011063760612159967,0.45809808373451233,0.7744082808494568,0.03299694135785103,0.3441801369190216,0.7810555696487427,-0.0009533334523439407,0.4729078412055969,0.7919638156890869,-0.12289319932460785,0.3068026900291443,0.785152018070221,-0.1463918834924698
frame_00052.jpg,0.416359007358551,0.30879878997802734,-0.5382215976715088,0.41984468698501587,0.29562243819236755,-0.5235963463783264,0.42295321822166443,0.2951526343822479,-0.5238845944404602,0.42607083916664124,0.29490095376968384,-0.523848295211792,0.4114052653312683,0.29748475551605225,-0.5250084400177002,0.4088052809238434,0.2982039749622345,-0.5252906084060669,0.4062139093875885,0.29882684350013733,-0.525355875492096,0.4282997250556946,0.2979130744934082,-0.3996484875679016,0.40018805861473083,0.3025374710559845,-0.40616708993911743,0.4225274622440338,0.31838926672935486,-0.48736444115638733,0.4122482240200043,0.32012712955474854,-0.49066972732543945,0.45768460631370544,0.3525872826576233,-0.2828633487224579,0.3639412522315979,0.35155439376831055,-0.2918759286403656,0.5276767611503601,0.36193928122520447,-0.2831120789051056,0.31407734751701355,0.3868054151535034,-0.34004995226860046,0.5917465090751648,0.37271592020988464,-0.4006924033164978,0.2730185091495514,0.4177528917789459,-0.48468488454818726,0.6136179566383362,0.3750000596046448,-0.4261596202850342,0.2568821310997009,0.43804803490638733,-0.5201531052589417,0.6166826486587524,0.3735380172729492,-0.4866820275783539,0.25745898485183716,0.4393281042575836,-0.5525013208389282,0.6084958910942078,0.3765954375267029,-0.43241748213768005,0.2645857632160187,0.4353889226913452,-0.5033142566680908,0.4418505132198334,0.5125777125358582,0.004817304201424122,0.38686901330947876,0.5130614042282104,-0.0050825439393520355,0.4721263349056244,0.622672975063324,-0.15830209851264954,0.3540268540382385,0.6231576800346375,-0.19263453781604767,0.45841145515441895,0.7535533308982849,-0.004634179640561342,0.3300239145755768,0.7535882592201233,-0.048290420323610306,0.44120416045188904,0.7766274809837341,0.0018035121029242873,0.3317010998725891,0.7803637385368347,-0.04262161999940872,0.4765697121620178,0.7942789196968079,-0.1493223011493683,0.3086477518081665,0.7845687866210938,-0.19789272546768188
frame_00053.jpg,0.4396493434906006,0.3181757926940918,-0.4742610454559326,0.44362694025039673,0.30457058548927307,-0.45660677552223206,0.44614800810813904,0.30400604009628296,-0.45683425664901733,0.4483204483985901,0.3036547005176544,-0.45678049325942993,0.43551531434059143,0.3054470121860504,-0.464682400226593,0.4321208596229553,0.30537116527557373,-0.4649680554866791,0.4287637770175934,0.30521297454833984,-0.46499523520469666,0.44675755500793457,0.30561310052871704,-0.3273908197879791,0.4207060933113098,0.3063519299030304,-0.36357754468917847,0.4427216649055481,0.3275405764579773,-0.4216179847717285,0.4336124062538147,0.32772892713546753,-0.4335680603981018,0.4713391363620758,0.3599911332130432,-0.26119208335876465,0.3765560984611511,0.3538317382335663,-0.27687984704971313,0.5380489826202393,0.36257681250572205,-0.1935180276632309,0.32164186239242554,0.38306811451911926,-0.3356219232082367,0.6015982031822205,0.3700977861881256,-0.30650871992111206,0.2696635127067566,0.40402501821517944,-0.4633849263191223,0.6219334602355957,0.3700398802757263,-0.3254474997520447,0.25046128034591675,0.41828662157058716,-0.4940566122531891,0.6238528490066528,0.37047865986824036,-0.36355841159820557,0.2511141896247864,0.4212300479412079,-0.5262430906295776,0.6172237396240234,0.37358468770980835,-0.3254532814025879,0.25738829374313354,0.4209892153739929,-0.4808645248413086,0.440929114818573,0.5240627527236938,0.027864539995789528,0.3864816427230835,0.5198610424995422,-0.02819385565817356,0.4763595163822174,0.6193256378173828,-0.2801618278026581,0.35738807916641235,0.6245047450065613,-0.30792731046676636,0.4551404118537903,0.7540274858474731,-0.20704308152198792,0.32065603137016296,0.7531396746635437,-0.22489221394062042,0.43307486176490784,0.7806651592254639,-0.20930084586143494,0.3160335123538971,0.7770547866821289,-0.2245393544435501,0.4804868698120117,0.7950127720832825,-0.3676280379295349,0.3104703724384308,0.7846707105636597,-0.38360828161239624
frame_00054.jpg,0.4575424790382385,0.33000364899635315,-0.4400891363620758,0.46102672815322876,0.3163484036922455,-0.423758327960968,0.4631311893463135,0.3155921995639801,-0.42397817969322205,0.46507468819618225,0.3150313198566437,-0.42393606901168823,0.4530777037143707,0.31645429134368896,-0.43537408113479614,0.4497964382171631,0.3158918023109436,-0.4356500208377838,0.4466819763183594,0.31546348333358765,-0.4357050359249115,0.46243786811828613,0.3144724667072296,-0.29937246441841125,0.4387194514274597,0.3141913414001465,-0.35209402441978455,0.4595003128051758,0.3382509648799896,-0.3890644311904907,0.4514152407646179,0.33805277943611145,-0.40568000078201294,0.48002323508262634,0.3662489354610443,-0.18250030279159546,0.3943534195423126,0.3556782007217407,-0.28417718410491943,0.5376424193382263,0.3641602098941803,-0.14798860251903534,0.3267478346824646,0.3794349133968353,-0.34826523065567017,0.5907965302467346,0.37313011288642883,-0.25320205092430115,0.26289480924606323,0.40241867303848267,-0.4660564064979553,0.6096228957176208,0.3745102286338806,-0.27021485567092896,0.2417626827955246,0.41419801115989685,-0.4936722218990326,0.6115743517875671,0.37419429421424866,-0.3043444752693176,0.24033720791339874,0.4176396131515503,-0.5269240736961365,0.6038340926170349,0.37618130445480347,-0.2702062726020813,0.24925997853279114,0.4170167148113251,-0.48345470428466797,0.43828362226486206,0.5313078165054321,0.04917997494339943,0.3878394663333893,0.5250802040100098,-0.04950008913874626,0.4789551794528961,0.6193071603775024,-0.23483145236968994,0.36513280868530273,0.6399991512298584,-0.3042733371257782,0.45192021131515503,0.7554389834403992,-0.15444013476371765,0.3093854784965515,0.7522440552711487,-0.22836598753929138,0.42775899171829224,0.78396075963974,-0.1537799835205078,0.28924763202667236,0.7618550658226013,-0.22631999850273132,0.48216238617897034,0.7955388426780701,-0.294787734746933,0.3036874532699585,0.7929213047027588,-0.36886414885520935
frame_00055.jpg,0.4671053886413574,0.343227744102478,-0.4310553967952728,0.4710392355918884,0.32966193556785583,-0.41343554854393005,0.4739556908607483,0.32885321974754333,-0.41368165612220764,0.4763810634613037,0.3282661437988281,-0.4136416018009186,0.46197909116744995,0.32975509762763977,-0.4302895963191986,0.4589408338069916,0.3291580379009247,-0.43058934807777405,0.45603495836257935,0.3285200297832489,-0.43069595098495483,0.47496217489242554,0.32718926668167114,-0.28151407837867737,0.4496549069881439,0.3251807987689972,-0.357976496219635,0.4693116247653961,0.35130518674850464,-0.37620097398757935,0.46128717064857483,0.35034850239753723,-0.3997653126716614,0.4842345714569092,0.36998316645622253,-0.12652258574962616,0.4070053696632385,0.3633771538734436,-0.3024498224258423,0.5334646105766296,0.36814016103744507,-0.03603202849626541,0.33118367195129395,0.3832741677761078,-0.3603138327598572,0.5887326002120972,0.37485232949256897,-0.07278040796518326,0.2621617913246155,0.40203964710235596,-0.44825559854507446,0.6071034669876099,0.3774951994419098,-0.0749184712767601,0.2423337996006012,0.4141555726528168,-0.4739170968532562,0.6076456308364868,0.376699298620224,-0.11100171506404877,0.24166806042194366,0.4170336425304413,-0.502893328666687,0.5993022918701172,0.3780969977378845,-0.08864419162273407,0.24921700358390808,0.41567856073379517,-0.4629313349723816,0.43703493475914,0.5364620089530945,0.06694392114877701,0.39193302392959595,0.5326335430145264,-0.06724794209003448,0.4799087941646576,0.6263930201530457,-0.06384329497814178,0.39285585284233093,0.6504425406455994,-0.2506396174430847,0.4502577781677246,0.7653825283050537,0.005486594513058662,0.3011598587036133,0.7237581014633179,-0.13123808801174164,0.42861804366111755,0.7940187454223633,0.004791830666363239,0.2818102240562439,0.7226714491844177,-0.12321925163269043,0.4881393313407898,0.7995983958244324,-0.10841231048107147,0.28684359788894653,0.7874239683151245,-0.2369072139263153
frame_00056.jpg,0.48282289505004883,0.3463037610054016,-0.20280151069164276,0.484313428401947,0.3354607820510864,-0.18181487917900085,0.4846404492855072,0.33510538935661316,-0.18201643228530884,0.4850277900695801,0.3349636197090149,-0.1819426715373993,0.482697069644928,0.3347204327583313,-0.20867499709129333,0.481935977935791,0.33402302861213684,-0.20894253253936768,0.481254518032074,0.3333548903465271,-0.20906150341033936,0.4806821942329407,0.33574286103248596,-0.07743917405605316,0.4750121235847473,0.3340265452861786,-0.2087915688753128,0.4803539216518402,0.3559531271457672,-0.1611110270023346,0.4782969057559967,0.3542943000793457,-0.19830235838890076,0.47763171792030334,0.38313111662864685,0.038808055222034454,0.4318178594112396,0.3817764222621918,-0.21244482696056366,0.5362937450408936,0.37917688488960266,0.12399154901504517,0.34663113951683044,0.40521106123924255,-0.29627275466918945,0.5871189832687378,0.3760099411010742,0.10647829622030258,0.30026954412460327,0.4278455674648285,-0.3793918788433075,0.6083852052688599,0.3786625862121582,0.11326073110103607,0.28089016675949097,0.4333641231060028,-0.4085194170475006,0.6121100783348083,0.37763965129852295,0.07988621294498444,0.28219205141067505,0.436628133058548,-0.4261649549007416,0.6036492586135864,0.37900152802467346,0.091279536485672,0.2886551022529602,0.43783625960350037,-0.38972005248069763,0.4339824616909027,0.5477948784828186,0.08514769375324249,0.41116634011268616,0.5481991171836853,-0.08537359535694122,0.4720708727836609,0.650997519493103,0.05241060256958008,0.4384196698665619,0.6460001468658447,-0.23414340615272522,0.450481653213501,0.7711592316627502,0.10224418342113495,0.3380017876625061,0.7146456837654114,-0.10620381683111191,0.43292394280433655,0.7965796589851379,0.10023999214172363,0.30009371042251587,0.7171104550361633,-0.09678290039300919,0.48405590653419495,0.7999192476272583,0.001721211476251483,0.3486461937427521,0.772293210029602,-0.17812274396419525
frame_00057.jpg,0.4849279820919037,0.34253183007240295,-0.03305662423372269,0.48475342988967896,0.33262309432029724,-0.020684387534856796,0.4835832715034485,0.33230891823768616,-0.02082688920199871,0.48224377632141113,0.33196863532066345,-0.0207940973341465,0.48679035902023315,0.3327556550502777,-0.04466170445084572,0.48715996742248535,0.3327341675758362,-0.04488698020577431,0.48761066794395447,0.3325802683830261,-0.04486380144953728,0.4778062403202057,0.33552756905555725,0.03361496701836586,0.4854539930820465,0.3380402624607086,-0.07629520446062088,0.48062461614608765,0.35228127241134644,-0.010247210040688515,0.4822000563144684,0.3528166115283966,-0.04307876154780388,0.4740854799747467,0.38586705923080444,0.09263484179973602,0.44674617052078247,0.38916170597076416,-0.13887229561805725,0.5476112961769104,0.384846031665802,0.0755651593208313,0.3714880645275116,0.39815422892570496,-0.23749616742134094,0.5952013731002808,0.37668827176094055,-0.03977292403578758,0.31474414467811584,0.4212006628513336,-0.3427339494228363,0.6149928569793701,0.3792673647403717,-0.049946799874305725,0.2989392876625061,0.4274143576622009,-0.3748149573802948,0.615777850151062,0.3783772587776184,-0.07865088433027267,0.302198588848114,0.4311560392379761,-0.39163392782211304,0.6086098551750183,0.37976008653640747,-0.05598360300064087,0.305562824010849,0.432928204536438,-0.35360056161880493,0.4236606955528259,0.5466419458389282,0.08520488440990448,0.41893529891967773,0.5418463945388794,-0.0853966623544693,0.4700253903865814,0.6643545031547546,0.006087596993893385,0.45478010177612305,0.6450402140617371,-0.2601255774497986,0.39245596528053284,0.7158164381980896,0.03963496908545494,0.44814544916152954,0.7648915648460388,-0.2673436105251312,0.36781030893325806,0.7082816362380981,0.03855462744832039,0.43490609526634216,0.7854883074760437,-0.2708497643470764,0.38692861795425415,0.7591091394424438,-0.010225215926766396,0.47898292541503906,0.7911030650138855,-0.34319114685058594
frame_00058.jpg,0.4880639910697937,0.34726208448410034,-0.3403235673904419,0.49033403396606445,0.3397541046142578,-0.3225710988044739,0.4912426471710205,0.33998343348503113,-0.3227926790714264,0.492379754781723,0.34042713046073914,-0.3227635324001312,0.48680081963539124,0.33838972449302673,-0.34206828474998474,0.4850021302700043,0.337441623210907,-0.3423050045967102,0.4829137921333313,0.33614251017570496,-0.34240835905075073,0.48971256613731384,0.34417346119880676,-0.20746314525604248,0.4763121008872986,0.3380163013935089,-0.29792144894599915,0.4863082468509674,0.35718220472335815,-0.29425153136253357,0.4826294779777527,0.35559096932411194,-0.32152214646339417,0.4873475432395935,0.3938021659851074,-0.05291260406374931,0.4327765107154846,0.3819197118282318,-0.27322256565093994,0.5513030290603638,0.3867565095424652,-0.05247575789690018,0.36578983068466187,0.3938888609409332,-0.3649521470069885,0.5978094339370728,0.37716689705848694,-0.13745452463626862,0.3021889328956604,0.40773308277130127,-0.4910432696342468,0.6170777082443237,0.3799395263195038,-0.15108491480350494,0.28630203008651733,0.4078245162963867,-0.5300003886222839,0.6198189854621887,0.37888243794441223,-0.18344207108020782,0.2856127619743347,0.4080609977245331,-0.5533705949783325,0.613456130027771,0.3802398145198822,-0.1537158340215683,0.2916926443576813,0.41009286046028137,-0.5054513216018677,0.4393811821937561,0.5435550212860107,0.07009632140398026,0.4139155447483063,0.5467619299888611,-0.07029145210981369,0.4759605824947357,0.652911365032196,0.06914030015468597,0.4542427062988281,0.6590883731842041,-0.1434342861175537,0.4485883116722107,0.7490110993385315,0.19161513447761536,0.45968300104141235,0.7727760076522827,-0.02025856077671051,0.4348948895931244,0.749173104763031,0.19682107865810394,0.45041054487228394,0.8011738061904907,-0.012393961660563946,0.45599573850631714,0.7771242260932922,0.11128737032413483,0.483649343252182,0.8043866753578186,-0.10662828385829926
frame_00059.jpg,0.4780212938785553,0.3527567982673645,0.27785322070121765,0.47717833518981934,0.34356313943862915,0.2679634690284729,0.475315660238266,0.3425080180168152,0.26777005195617676,0.47353559732437134,0.3414177894592285,0.2677765488624573,0.48213082551956177,0.3455926477909088,0.2564406394958496,0.483734130859375,0.3460613787174225,0.2563396990299225,0.48543810844421387,0.34648096561431885,0.256355345249176,0.4689639210700989,0.3427503705024719,0.20674192905426025,0.48437532782554626,0.3506585955619812,0.1537095010280609,0.47328534722328186,0.3603190779685974,0.2602902352809906,0.47710108757019043,0.3622282147407532,0.24373862147331238,0.41975003480911255,0.38761383295059204,0.127329021692276,0.4835192561149597,0.4012052118778229,0.054264217615127563,0.3507603108882904,0.3913162648677826,0.06142101436853409,0.4706180989742279,0.44284263253211975,-0.11623464524745941,0.28019487857818604,0.3969974219799042,0.003917289897799492,0.4606786370277405,0.4330684542655945,-0.21732158958911896,0.26483479142189026,0.40319040417671204,-0.01768878847360611,0.46130165457725525,0.43029510974884033,-0.24953553080558777,0.2636953294277191,0.40253883600234985,-0.01211527455598116,0.4577302932739258,0.4227936863899231,-0.2345896065235138,0.2693175673484802,0.4021047353744507,0.005166691727936268,0.4540223479270935,0.4231605529785156,-0.21593721210956573,0.4057113230228424,0.5499842166900635,0.049474604427814484,0.43995779752731323,0.5431085824966431,-0.04967494308948517,0.445867121219635,0.6567317843437195,0.07209955155849457,0.4898940920829773,0.6514101028442383,0.01693424955010414,0.4618855118751526,0.7712675333023071,0.07064614444971085,0.5151724219322205,0.7639533877372742,0.0495462492108345,0.44927263259887695,0.8017507791519165,0.06695549190044403,0.5072394013404846,0.7921043634414673,0.05219194293022156,0.47141391038894653,0.7940045595169067,-0.0070096938870847225,0.5439031720161438,0.7839698791503906,-0.0015657605836167932
frame_00060.jpg,0.4648478925228119,0.3517697751522064,0.259225994348526,0.4642222821712494,0.3426007330417633,0.24282121658325195,0.4634116590023041,0.34161752462387085,0.2426338493824005,0.4635232985019684,0.34054532647132874,0.2426489293575287,0.4693349301815033,0.344622403383255,0.2395675927400589,0.471684992313385,0.3451782464981079,0.23945514857769012,0.4741097092628479,0.34574663639068604,0.2394578456878662,0.4645628333091736,0.3424229323863983,0.16273070871829987,0.4747690260410309,0.3511005640029907,0.14814436435699463,0.46161141991615295,0.35893312096595764,0.2360299527645111,0.4660046100616455,0.3612334132194519,0.23035340011119843,0.4095797538757324,0.3861125111579895,0.07790697365999222,0.4858013689517975,0.4044528901576996,0.08502093702554703,0.3456917405128479,0.3958438038825989,0.009129377081990242,0.523349404335022,0.4413261413574219,0.07262114435434341,0.2783149182796478,0.40883171558380127,-0.03369937092065811,0.5141445994377136,0.4341984987258911,0.14477744698524475,0.26209744811058044,0.40954020619392395,-0.050337743014097214,0.5196030139923096,0.4395824372768402,0.14509329199790955,0.26036715507507324,0.40937671065330505,-0.04166559502482414,0.5080941319465637,0.4289591610431671,0.14794674515724182,0.26609712839126587,0.4116705060005188,-0.0299114678055048,0.5069725513458252,0.4306602478027344,0.14612218737602234,0.4031783938407898,0.559877336025238,0.02375125326216221,0.44748052954673767,0.5466153621673584,-0.02386142872273922,0.4401369094848633,0.6662294268608093,0.04681570455431938,0.501392126083374,0.6521065831184387,-0.021889153867959976,0.4641697406768799,0.7812371850013733,0.0438491515815258,0.5615630745887756,0.7632169723510742,-0.02806473709642887,0.46482062339782715,0.8033016324043274,0.04102402925491333,0.5616343021392822,0.787230908870697,-0.025433430448174477,0.4699505865573883,0.805633008480072,-0.024005480110645294,0.5979317426681519,0.7715319395065308,-0.09317464381456375
frame_00061.jpg,0.427104651927948,0.34838178753852844,0.22567793726921082,0.4257296919822693,0.33892306685447693,0.20628294348716736,0.42377740144729614,0.33808547258377075,0.2060871422290802,0.42191606760025024,0.3372234106063843,0.20606248080730438,0.4343745708465576,0.3403618037700653,0.21423713862895966,0.43838611245155334,0.3405718505382538,0.21408426761627197,0.44292372465133667,0.3407447934150696,0.2140377312898636,0.42167410254478455,0.3394703269004822,0.1178901195526123,0.4514290690422058,0.34444180130958557,0.15433795750141144,0.4240482449531555,0.3558402955532074,0.19871456921100616,0.4326992630958557,0.35730209946632385,0.20801010727882385,0.3997935652732849,0.3829909563064575,0.025137532502412796,0.4783777594566345,0.3976510167121887,0.0885009840130806,0.35162878036499023,0.4120635986328125,-0.025425339117646217,0.5335245728492737,0.42978355288505554,-0.03109479881823063,0.3015459477901459,0.43000853061676025,-0.05497608333826065,0.5903522968292236,0.4450029134750366,-0.1107926145195961,0.28854870796203613,0.43145301938056946,-0.07390082627534866,0.6025001406669617,0.4618798494338989,-0.13775798678398132,0.28743717074394226,0.4295925498008728,-0.06332481652498245,0.6066065430641174,0.45547690987586975,-0.12270902097225189,0.29299870133399963,0.4301883280277252,-0.04947882518172264,0.6012149453163147,0.45038047432899475,-0.10833917558193207,0.40741342306137085,0.5541723370552063,-0.02671477571129799,0.45339077711105347,0.5431606769561768,0.026491772383451462,0.4340466558933258,0.6663357615470886,-0.04762735590338707,0.5091353058815002,0.6319921016693115,0.11747871339321136,0.46649736166000366,0.7807933688163757,-0.11075103282928467,0.5537806153297424,0.7164822816848755,0.1430080085992813,0.4732646942138672,0.8001691102981567,-0.11775888502597809,0.555719256401062,0.7364575862884521,0.14637017250061035,0.46840333938598633,0.8116588592529297,-0.17777623236179352,0.5499176979064941,0.7562138438224792,0.12395153194665909
frame_00062.jpg,0.40896716713905334,0.3461674749851227,0.18313181400299072,0.40805262327194214,0.336248517036438,0.1590099334716797,0.4068370759487152,0.335417240858078,0.15880368649959564,0.4055197238922119,0.33466461300849915,0.1587846726179123,0.41355448961257935,0.3376237750053406,0.17239415645599365,0.4160483479499817,0.33770906925201416,0.17221970856189728,0.41854920983314514,0.3377004861831665,0.17213663458824158,0.4068360924720764,0.3369026482105255,0.0596335306763649,0.42693647742271423,0.34076768159866333,0.12044177204370499,0.40765804052352905,0.35395029187202454,0.15238574147224426,0.4132017493247986,0.35586386919021606,0.16899904608726501,0.3970455825328827,0.38183099031448364,-0.02041798084974289,0.47169917821884155,0.39336469769477844,0.07063780725002289,0.3618071675300598,0.4181785583496094,-0.10697416961193085,0.5239546895027161,0.423166960477829,-0.028283631429076195,0.32608431577682495,0.43459662795066833,-0.09239775687456131,0.5781970024108887,0.43791481852531433,-0.10279212892055511,0.3133533000946045,0.4394945502281189,-0.1103018969297409,0.5909316539764404,0.4497222900390625,-0.12800513207912445,0.3165608048439026,0.43368154764175415,-0.10563762485980988,0.5919803977012634,0.444176584482193,-0.11181368678808212,0.3221181035041809,0.43324175477027893,-0.09068614989519119,0.58697509765625,0.4412507116794586,-0.1001177430152893,0.41040363907814026,0.550774335861206,-0.049142658710479736,0.4550263285636902,0.5423533320426941,0.04887225851416588,0.43598002195358276,0.6708595752716064,-0.06353820860385895,0.503542959690094,0.6111723780632019,0.20472495257854462,0.4703270494937897,0.7832865118980408,-0.10567907243967056,0.5395851135253906,0.6942058205604553,0.3090727925300598,0.4805232584476471,0.8016005158424377,-0.11083780229091644,0.5391019582748413,0.7089450359344482,0.3208039104938507,0.46884480118751526,0.8172709941864014,-0.16793319582939148,0.5274493098258972,0.7281586527824402,0.32377809286117554
frame_00063.jpg,0.3936142027378082,0.3449161648750305,0.18468938767910004,0.3934881091117859,0.3347276747226715,0.16091397404670715,0.39318209886550903,0.33393821120262146,0.1607154756784439,0.3927333950996399,0.3332916796207428,0.16070421040058136,0.39683204889297485,0.33625954389572144,0.1764438897371292,0.39896151423454285,0.33644333481788635,0.1762695014476776,0.4012410640716553,0.33653688430786133,0.17620721459388733,0.39737242460250854,0.33584064245224,0.06319399178028107,0.4098955988883972,0.3395036458969116,0.13539715111255646,0.3951914310455322,0.35278069972991943,0.15454521775245667,0.39886343479156494,0.3556916415691376,0.17425979673862457,0.4015468657016754,0.3838483393192291,-0.02141972817480564,0.46337732672691345,0.3791882395744324,0.07197350263595581,0.376409113407135,0.4249652922153473,-0.12346476316452026,0.513848066329956,0.40095585584640503,-0.057941339910030365,0.3507363200187683,0.44591566920280457,-0.1433088183403015,0.5642560720443726,0.42991721630096436,-0.15258416533470154,0.34307435154914856,0.4557205140590668,-0.16404563188552856,0.5759989023208618,0.4462692439556122,-0.17258095741271973,0.34459179639816284,0.44891613721847534,-0.15449683368206024,0.5770004987716675,0.4394717514514923,-0.17297165095806122,0.35023215413093567,0.44726911187171936,-0.13901455700397491,0.5720506906509399,0.43683233857154846,-0.1551026552915573,0.4170657694339752,0.5462656617164612,-0.05440542846918106,0.4630134105682373,0.5293062329292297,0.054045308381319046,0.43862399458885193,0.6698077321052551,-0.1380762755870819,0.48895636200904846,0.6060113310813904,0.23408976197242737,0.474199116230011,0.7786634564399719,-0.22350899875164032,0.5181688070297241,0.6876713633537292,0.3375515341758728,0.4849853515625,0.7991107702255249,-0.2333727329969406,0.5200909376144409,0.7025083899497986,0.34799039363861084,0.470792680978775,0.817097544670105,-0.29458630084991455,0.5175087451934814,0.7181204557418823,0.3528873324394226
frame_00064.jpg,0.3834848701953888,0.3440578281879425,0.1712695062160492,0.384596586227417,0.33376652002334595,0.14447134733200073,0.38511139154434204,0.3330502212047577,0.1442924588918686,0.38540491461753845,0.33245688676834106,0.14431177079677582,0.38579633831977844,0.3350423276424408,0.17164073884487152,0.38716214895248413,0.3351522982120514,0.17150214314460754,0.38844847679138184,0.33518674969673157,0.17146049439907074,0.3937682807445526,0.33504173159599304,0.0377533845603466,0.3988669216632843,0.339410662651062,0.16214372217655182,0.3878072500228882,0.352501779794693,0.13669684529304504,0.38910311460494995,0.3548600971698761,0.17193660140037537,0.40622657537460327,0.3716529607772827,-0.07129894196987152,0.46160560846328735,0.36743032932281494,0.14390218257904053,0.3906542658805847,0.4167119860649109,-0.2340460568666458,0.5147775411605835,0.3904297947883606,0.10313993692398071,0.37426379323005676,0.4476272761821747,-0.3018253445625305,0.5538652539253235,0.43122169375419617,0.06686214357614517,0.36560237407684326,0.4589022397994995,-0.334480345249176,0.5634217858314514,0.446672648191452,0.05740136653184891,0.36430084705352783,0.45156875252723694,-0.3177427649497986,0.5615459680557251,0.4448832869529724,0.06075539067387581,0.36810293793678284,0.44896113872528076,-0.29514917731285095,0.555522620677948,0.4406704902648926,0.06523093581199646,0.4329169690608978,0.5303344130516052,-0.0890335887670517,0.4702858030796051,0.5203402042388916,0.0886354148387909,0.44061797857284546,0.6599080562591553,-0.13933028280735016,0.4776046872138977,0.6021093130111694,0.24792024493217468,0.48208755254745483,0.7764033079147339,-0.2362889051437378,0.4978233873844147,0.691490888595581,0.3131338953971863,0.4975479543209076,0.7932649850845337,-0.24798445403575897,0.5062103867530823,0.703733503818512,0.3196212649345398,0.46975311636924744,0.8179319500923157,-0.31451186537742615,0.5041319131851196,0.7337287664413452,0.32292062044143677
frame_00065.jpg,0.38395339250564575,0.3450397253036499,0.13581788539886475,0.3841845691204071,0.33347460627555847,0.046357013285160065,0.3850562870502472,0.33268678188323975,0.04622756317257881,0.38581711053848267,0.33202770352363586,0.04628370329737663,0.38456177711486816,0.33444955945014954,0.0976562574505806,0.3855869174003601,0.334404319524765,0.09728322923183441,0.38662251830101013,0.3343504071235657,0.0971880704164505,0.39618968963623047,0.3338409960269928,-0.0702277272939682,0.39700862765312195,0.33749762177467346,0.08611058443784714,0.38914754986763,0.35256433486938477,0.04066726192831993,0.38983044028282166,0.35416537523269653,0.09220150858163834,0.4161536693572998,0.3654206395149231,-0.18244673311710358,0.46325764060020447,0.36042165756225586,0.11576374620199203,0.4272193908691406,0.4138299226760864,-0.35235595703125,0.5101230144500732,0.3923444449901581,0.10430780798196793,0.39758729934692383,0.4449709951877594,-0.42987242341041565,0.5077058672904968,0.4272427260875702,0.061368294060230255,0.37441831827163696,0.4536519944667816,-0.46676740050315857,0.5179353952407837,0.44022703170776367,0.05857052654027939,0.3675483465194702,0.445537269115448,-0.4494438171386719,0.5214856863021851,0.43594828248023987,0.050697796046733856,0.37382882833480835,0.44382983446121216,-0.4228847920894623,0.5111294984817505,0.43132877349853516,0.05475664883852005,0.44992655515670776,0.5219224691390991,-0.11004485934972763,0.472337007522583,0.5146650075912476,0.10973135381937027,0.4503157138824463,0.635510265827179,-0.1361505538225174,0.4771786332130432,0.6073596477508545,0.27654021978378296,0.4965117573738098,0.7466076016426086,-0.1757110059261322,0.4895240366458893,0.7016834020614624,0.36689454317092896,0.5144206881523132,0.7612801194190979,-0.18226274847984314,0.49770742654800415,0.7187426090240479,0.3740432858467102,0.47570309042930603,0.8111283183097839,-0.2430642545223236,0.45701274275779724,0.730664849281311,0.3746984302997589
frame_00066.jpg,0.3974173367023468,0.3456694483757019,0.08455599844455719,0.3965400159358978,0.3338785171508789,0.0649702399969101,0.3942241370677948,0.3330501317977905,0.06479448825120926,0.3883581757545471,0.3324369788169861,0.06480220705270767,0.3983662724494934,0.3348010778427124,0.09672137349843979,0.39871156215667725,0.3346192240715027,0.0965362936258316,0.3987925350666046,0.33440595865249634,0.09648057818412781,0.4032107889652252,0.3339219391345978,0.046686701476573944,0.4057644009590149,0.33667853474617004,0.1840549111366272,0.3985441327095032,0.35245731472969055,0.06966042518615723,0.401064395904541,0.3543175756931305,0.10886329412460327,0.4421629011631012,0.3628448247909546,-0.04797441512346268,0.4425484240055084,0.36319848895072937,0.2703741192817688,0.4708179533481598,0.4114035964012146,-0.20338061451911926,0.4720236659049988,0.41186586022377014,0.2979404330253601,0.4344106614589691,0.4373183250427246,-0.24366013705730438,0.46401315927505493,0.4703032672405243,0.23470835387706757,0.4239482879638672,0.44493910670280457,-0.28021037578582764,0.46584969758987427,0.4927510917186737,0.23332206904888153,0.42238539457321167,0.4382692575454712,-0.24518080055713654,0.4588277339935303,0.49371206760406494,0.21715585887432098,0.4259564280509949,0.4374804198741913,-0.22658181190490723,0.4577694535255432,0.48639917373657227,0.2242031842470169,0.4642813801765442,0.5100784301757812,-0.10230442136526108,0.4697401523590088,0.5144772529602051,0.10211094468832016,0.4672006070613861,0.6207576990127563,-0.1857185661792755,0.43218716979026794,0.601757287979126,0.03366710990667343,0.5489963293075562,0.6798685193061829,-0.1682099550962448,0.45902925729751587,0.702136218547821,0.029833093285560608,0.5682141184806824,0.6725698113441467,-0.16999702155590057,0.47625383734703064,0.7234269976615906,0.026067186146974564,0.5506637096405029,0.7438063025474548,-0.24981030821800232,0.43340593576431274,0.7429097294807434,-0.04130532220005989
frame_00067.jpg,0.4053366780281067,0.3470369577407837,-0.23012492060661316,0.41206783056259155,0.33543485403060913,-0.22782106697559357,0.4143155515193939,0.33511677384376526,-0.2280813455581665,0.4155680537223816,0.33494123816490173,-0.2280701845884323,0.40394067764282227,0.33527204394340515,-0.208033487200737,0.39963462948799133,0.33486655354499817,-0.20821025967597961,0.4027913212776184,0.3344317674636841,-0.20828194916248322,0.42312830686569214,0.3367248773574829,-0.1723240315914154,0.41025668382644653,0.33694952726364136,-0.0808078944683075,0.40919503569602966,0.35421833395957947,-0.20476432144641876,0.40209299325942993,0.3553033173084259,-0.1803736537694931,0.45740994811058044,0.3624251186847687,-0.17375870048999786,0.42731818556785583,0.37191063165664673,0.08840270340442657,0.5083956718444824,0.41005977988243103,-0.2588377296924591,0.4524509906768799,0.4241132140159607,0.10384859144687653,0.46563300490379333,0.4280424118041992,-0.36139440536499023,0.4634161591529846,0.4705358147621155,0.03202718123793602,0.4554902911186218,0.4343874156475067,-0.3980832099914551,0.46745890378952026,0.48626768589019775,0.018597055226564407,0.44985729455947876,0.42811962962150574,-0.38780754804611206,0.46134090423583984,0.48261377215385437,0.015400610864162445,0.45506444573402405,0.4267999827861786,-0.3560705780982971,0.45970144867897034,0.4759199023246765,0.025263989344239235,0.46868181228637695,0.5047854781150818,-0.07909166067838669,0.4529188275337219,0.5126612186431885,0.07892920076847076,0.4755486845970154,0.6165298819541931,-0.135576993227005,0.41863980889320374,0.6059777736663818,-0.02786480262875557,0.5653858184814453,0.6522403955459595,0.0647682324051857,0.4503172039985657,0.7144988179206848,0.05283614248037338,0.5840071439743042,0.6472959518432617,0.07981666177511215,0.4666253924369812,0.7317692637443542,0.05673695355653763,0.5786814093589783,0.6989262700080872,0.0015708956634625793,0.43340200185775757,0.7644017934799194,-0.031520210206508636
frame_00068.jpg,0.43665575981140137,0.3563852906227112,-0.550773024559021,0.44060850143432617,0.3451313078403473,-0.5388045310974121,0.44256049394607544,0.3447633981704712,-0.5390654802322388,0.44442471861839294,0.3445028066635132,-0.539026141166687,0.43213996291160583,0.3444737195968628,-0.5409711003303528,0.4278867244720459,0.34385421872138977,-0.5412126183509827,0.4250929355621338,0.3432809114456177,-0.5412874221801758,0.44591742753982544,0.3439234793186188,-0.4118538796901703,0.4211074411869049,0.34188517928123474,-0.4220649302005768,0.43843287229537964,0.3631453216075897,-0.49680694937705994,0.4288453161716461,0.3634086549282074,-0.5013207197189331,0.47015613317489624,0.36876028776168823,-0.31961092352867126,0.4105750620365143,0.3714086711406708,-0.29738885164260864,0.521106481552124,0.4092913269996643,-0.4334386885166168,0.3752250671386719,0.3492867648601532,-0.4480118751525879,0.5179010629653931,0.42011699080467224,-0.655717670917511,0.3792992830276489,0.34710100293159485,-0.6828418374061584,0.5078686475753784,0.42012691497802734,-0.7104789614677429,0.37751150131225586,0.35020679235458374,-0.7446485757827759,0.5008077621459961,0.4170709252357483,-0.7215224504470825,0.38492149114608765,0.3517952561378479,-0.7479579448699951,0.5024231672286987,0.41810527443885803,-0.6648270487785339,0.3850918710231781,0.35259008407592773,-0.6924483180046082,0.4731799066066742,0.507712721824646,-0.023214422166347504,0.44037550687789917,0.5140175223350525,0.02301875129342079,0.48455533385276794,0.6133925914764404,-0.10953079164028168,0.4206598699092865,0.612152636051178,-0.08488486707210541,0.5630079507827759,0.6365363597869873,0.1473138928413391,0.4455146789550781,0.7185611724853516,0.08920586854219437,0.574167788028717,0.6318416595458984,0.16495098173618317,0.4552241861820221,0.7347151637077332,0.09825210273265839,0.5845960974693298,0.6685676574707031,0.0700531154870987,0.43823474645614624,0.7647777795791626,-0.011500750668346882
frame_00069.jpg,0.4514467716217041,0.3628101944923401,-0.5725255608558655,0.4557425081729889,0.35216644406318665,-0.5621311664581299,0.4580843448638916,0.35164329409599304,-0.5623992085456848,0.46009835600852966,0.35129278898239136,-0.5623568296432495,0.44772982597351074,0.3517259955406189,-0.5654085874557495,0.4439159035682678,0.35096824169158936,-0.5656433701515198,0.4401903748512268,0.3502155840396881,-0.5657026171684265,0.45977553725242615,0.35024234652519226,-0.438519150018692,0.4319637417793274,0.34840357303619385,-0.45560938119888306,0.4536513686180115,0.3703429102897644,-0.519463837146759,0.44385719299316406,0.3696809411048889,-0.525915265083313,0.48164576292037964,0.3790968358516693,-0.3346775472164154,0.40955716371536255,0.37188899517059326,-0.35569077730178833,0.5424176454544067,0.40295740962028503,-0.46522727608680725,0.36707356572151184,0.3486652374267578,-0.5085404515266418,0.5413304567337036,0.40850770473480225,-0.6999738812446594,0.35327422618865967,0.3418392837047577,-0.7257605791091919,0.5383391976356506,0.409539133310318,-0.7563605904579163,0.34411585330963135,0.34603339433670044,-0.7900618314743042,0.5317655801773071,0.4044811427593231,-0.7684990763664246,0.34987375140190125,0.3474942147731781,-0.7937589883804321,0.5301517248153687,0.40721896290779114,-0.710552453994751,0.35354918241500854,0.3480006754398346,-0.735857367515564,0.47440552711486816,0.5114781856536865,0.014568951912224293,0.43015384674072266,0.5167697072029114,-0.014663862995803356,0.49724888801574707,0.606501042842865,0.09183597564697266,0.4297427237033844,0.6176424622535706,-0.15539339184761047,0.5352773666381836,0.6126430034637451,0.4969967305660248,0.4422246813774109,0.7272300124168396,0.023776790127158165,0.5670378804206848,0.608452558517456,0.5311778783798218,0.44638681411743164,0.7419597506523132,0.03505914285778999,0.5440760254859924,0.6403605937957764,0.4635363519191742,0.4409620761871338,0.7645543813705444,-0.09389184415340424
frame_00070.jpg,0.46555036306381226,0.36234185099601746,-0.5956351161003113,0.46758460998535156,0.35230717062950134,-0.5870999097824097,0.46945714950561523,0.35213974118232727,-0.5873757600784302,0.47126826643943787,0.35210293531417847,-0.5873403549194336,0.4602212905883789,0.35254165530204773,-0.5933467745780945,0.45664817094802856,0.3525274097919464,-0.5935621857643127,0.45298680663108826,0.3525659739971161,-0.5936412215232849,0.46917104721069336,0.3537440896034241,-0.4741538465023041,0.4441409111022949,0.35271838307380676,-0.5041731595993042,0.46617045998573303,0.37182125449180603,-0.5464643836021423,0.4576631486415863,0.37186765670776367,-0.5565422177314758,0.49088773131370544,0.3864113390445709,-0.3585636019706726,0.41292133927345276,0.37831875681877136,-0.40681371092796326,0.5544062852859497,0.39331895112991333,-0.3800297677516937,0.3643885850906372,0.35629788041114807,-0.4732302129268646,0.6144859194755554,0.4021466076374054,-0.5043179988861084,0.3297688663005829,0.34398895502090454,-0.5869708061218262,0.6337505578994751,0.40550166368484497,-0.5339251756668091,0.31627073884010315,0.3478981554508209,-0.6306409239768982,0.6373649835586548,0.4043687880039215,-0.5627943277359009,0.3171936571598053,0.3487125635147095,-0.6487904787063599,0.6291505098342896,0.40676456689834595,-0.5194783806800842,0.32364150881767273,0.3489439785480499,-0.6006240248680115,0.4730580747127533,0.5144398212432861,0.025026297196745872,0.429837703704834,0.5266631841659546,-0.0251289214938879,0.5092400908470154,0.6004074215888977,0.1452762931585312,0.4369576871395111,0.6267551779747009,-0.08661617338657379,0.519020676612854,0.6040592789649963,0.5349122285842896,0.4435369372367859,0.7294917702674866,0.12641380727291107,0.5190564393997192,0.6085656881332397,0.5694335699081421,0.4442206919193268,0.7426109910011292,0.14789246022701263,0.5117023587226868,0.6378111243247986,0.5185035467147827,0.4439236521720886,0.7681946158409119,0.025149216875433922
frame_00071.jpg,0.47984805703163147,0.37755605578422546,-0.6311807632446289,0.48101210594177246,0.36651676893234253,-0.624498188495636,0.4824236333370209,0.36525049805641174,-0.6247867345809937,0.4839440882205963,0.3641411364078522,-0.6247457265853882,0.47437772154808044,0.36758092045783997,-0.6353081464767456,0.47083625197410583,0.3670676350593567,-0.6355543732643127,0.46731916069984436,0.3665167987346649,-0.6356321573257446,0.48057061433792114,0.36245986819267273,-0.5094203948974609,0.45919984579086304,0.3641355633735657,-0.5605040192604065,0.4795570373535156,0.38422027230262756,-0.580119788646698,0.47359830141067505,0.38501787185668945,-0.5960420370101929,0.49218520522117615,0.3921053111553192,-0.37258076667785645,0.4168943762779236,0.3910050094127655,-0.4648289084434509,0.5462053418159485,0.38394221663475037,-0.4040045738220215,0.3573991358280182,0.371726393699646,-0.5421491861343384,0.6049587726593018,0.3959764540195465,-0.5536715388298035,0.3040366768836975,0.3692604899406433,-0.6611570715904236,0.6225584149360657,0.39938291907310486,-0.5830484628677368,0.28791704773902893,0.37679606676101685,-0.7027671337127686,0.6239904761314392,0.4002048671245575,-0.6148880124092102,0.2856162488460541,0.37645795941352844,-0.7235730886459351,0.6159013509750366,0.4012834131717682,-0.5706426501274109,0.29166901111602783,0.3752903342247009,-0.6748987436294556,0.4716411232948303,0.5198628902435303,0.04529580846428871,0.43253248929977417,0.52908855676651,-0.04542296379804611,0.5083528161048889,0.6006231904029846,0.13005833327770233,0.467705100774765,0.6257585287094116,-0.2059943974018097,0.49163419008255005,0.6418132185935974,0.45708125829696655,0.4434036314487457,0.7297971844673157,-0.05828118324279785,0.4807371497154236,0.649479329586029,0.48280805349349976,0.4360024929046631,0.7438291907310486,-0.04859662801027298,0.48673015832901,0.6822696328163147,0.4037765562534332,0.44559043645858765,0.7694035172462463,-0.17691563069820404
frame_00072.jpg,0.48666176199913025,0.3743785619735718,-0.442058801651001,0.486175537109375,0.36275148391723633,-0.4315630793571472,0.4867558479309082,0.36159220337867737,-0.4318031370639801,0.4874631464481354,0.3606272339820862,-0.4316954016685486,0.4819318354129791,0.36425164341926575,-0.4486919045448303,0.47963982820510864,0.3640642762184143,-0.44890695810317993,0.4774140417575836,0.3638768792152405,-0.4489315152168274,0.48314350843429565,0.36050304770469666,-0.33354488015174866,0.4692109525203705,0.3637559711933136,-0.4050205647945404,0.4854796528816223,0.3804027736186981,-0.39627471566200256,0.48143982887268066,0.38177162408828735,-0.41998177766799927,0.4886821210384369,0.3915649652481079,-0.22714772820472717,0.4230976998806,0.39348670840263367,-0.35138124227523804,0.5462453961372375,0.36152383685112,-0.3271739184856415,0.3648596405982971,0.4001655578613281,-0.4116809368133545,0.5366078615188599,0.37112560868263245,-0.4853617548942566,0.30969372391700745,0.4036947190761566,-0.4764423966407776,0.5166615843772888,0.370716392993927,-0.5228641033172607,0.2988598346710205,0.39825543761253357,-0.5096172094345093,0.5107981562614441,0.37440142035484314,-0.5305429697036743,0.2918401062488556,0.40751874446868896,-0.5245680809020996,0.5140960216522217,0.37621408700942993,-0.49352508783340454,0.29824182391166687,0.4069541096687317,-0.4857761859893799,0.4679986536502838,0.5259289145469666,0.0701981633901596,0.4393295645713806,0.531604528427124,-0.07029695808887482,0.4976732134819031,0.6057825088500977,0.17304594814777374,0.47951874136924744,0.6283231973648071,-0.1569492518901825,0.46666884422302246,0.690175473690033,0.37325769662857056,0.43717607855796814,0.7343460321426392,-0.1027163714170456,0.45487070083618164,0.7077026963233948,0.38637012243270874,0.422717422246933,0.7480452060699463,-0.10257943719625473,0.48586446046829224,0.6895784735679626,0.31433212757110596,0.4470314085483551,0.7730093598365784,-0.2227291613817215
frame_00073.jpg,0.4872342646121979,0.37055084109306335,-0.3355679512023926,0.48636525869369507,0.35885336995124817,-0.3196210265159607,0.48670801520347595,0.3579820692539215,-0.3198428750038147,0.48720866441726685,0.3572339415550232,-0.3197535276412964,0.48284730315208435,0.35991165041923523,-0.3526763617992401,0.48069167137145996,0.3597284257411957,-0.35297995805740356,0.4785033166408539,0.35952678322792053,-0.3531650900840759,0.48231515288352966,0.35752156376838684,-0.21593987941741943,0.4698118269443512,0.3597014546394348,-0.3280833959579468,0.4849930703639984,0.3767034709453583,-0.2888418734073639,0.48133906722068787,0.3779897093772888,-0.3370341360569,0.48253798484802246,0.39672258496284485,-0.08511657267808914,0.43257850408554077,0.3992706835269928,-0.28908485174179077,0.46226733922958374,0.41048452258110046,0.04587969183921814,0.3776422142982483,0.42645275592803955,-0.3277929425239563,0.4325593113899231,0.4271644949913025,0.0853358581662178,0.3259511888027191,0.4442843496799469,-0.3683397173881531,0.4231315553188324,0.4331252872943878,0.09065791964530945,0.3094676733016968,0.45160964131355286,-0.3954325318336487,0.4250570237636566,0.4297003746032715,0.06725388020277023,0.3092120289802551,0.45239630341529846,-0.41096997261047363,0.4283824563026428,0.4266852140426636,0.07734085619449615,0.31702038645744324,0.44984400272369385,-0.37506037950515747,0.46686720848083496,0.5285751223564148,0.08112097531557083,0.44497567415237427,0.5333461165428162,-0.08120522648096085,0.4938027858734131,0.6081097722053528,0.15276436507701874,0.48024314641952515,0.627439558506012,-0.17461802065372467,0.4573425352573395,0.7020263671875,0.3132050633430481,0.436250776052475,0.7341242432594299,-0.1529274582862854,0.445313036441803,0.7163743376731873,0.3240521550178528,0.42079830169677734,0.7474395632743835,-0.15394894778728485,0.4817703664302826,0.7104361057281494,0.26100853085517883,0.45071515440940857,0.7718981504440308,-0.26303020119667053
frame_00074.jpg,0.49033617973327637,0.35959216952323914,-0.19439956545829773,0.4879424571990967,0.3505367338657379,-0.18310582637786865,0.48737087845802307,0.34995993971824646,-0.18330469727516174,0.4869707524776459,0.34932073950767517,-0.18333274126052856,0.487060010433197,0.35196569561958313,-0.21051593124866486,0.48590248823165894,0.35238566994667053,-0.21074385941028595,0.48489275574684143,0.3527183532714844,-0.21084646880626678,0.4800755977630615,0.35191720724105835,-0.1143646240234375,0.47654157876968384,0.35779687762260437,-0.24008062481880188,0.4863806366920471,0.36786168813705444,-0.16426604986190796,0.48533129692077637,0.36915525794029236,-0.2017975151538849,0.45387768745422363,0.38274136185646057,-0.00033631446422077715,0.4651491641998291,0.40437066555023193,-0.2682074308395386,0.4141271710395813,0.38732513785362244,0.17741692066192627,0.5118756890296936,0.4468611478805542,-0.37532946467399597,0.4254205822944641,0.38574376702308655,0.3127451539039612,0.5807926654815674,0.4271913766860962,-0.438516229391098,0.41868042945861816,0.3839678466320038,0.33930760622024536,0.6012601256370544,0.43505504727363586,-0.47666797041893005,0.4232611060142517,0.3885948061943054,0.31807735562324524,0.6073449850082397,0.426085501909256,-0.45893239974975586,0.4242827892303467,0.3889658749103546,0.30975228548049927,0.5979666113853455,0.42584097385406494,-0.43206048011779785,0.4512295126914978,0.530212938785553,0.08536287397146225,0.4496994614601135,0.5328115820884705,-0.08551888167858124,0.47769245505332947,0.6156202554702759,0.0790104866027832,0.48670297861099243,0.6200419068336487,-0.22673967480659485,0.44428277015686035,0.7254350781440735,0.03825191408395767,0.4395686984062195,0.7302781343460083,-0.2669413387775421,0.43034857511520386,0.7434714436531067,0.03280378878116608,0.4244796335697174,0.7416992783546448,-0.2720872461795807,0.4639623761177063,0.7505332827568054,-0.009775680489838123,0.44998711347579956,0.7657502889633179,-0.3272119164466858
frame_00075.jpg,0.4793573021888733,0.33903253078460693,0.07011870294809341,0.4775512218475342,0.3331272006034851,0.06363638490438461,0.4773024618625641,0.3333030343055725,0.06350643932819366,0.4773651957511902,0.33348172903060913,0.0634881854057312,0.47796112298965454,0.3333680033683777,0.04637650400400162,0.47797322273254395,0.33373528718948364,0.04618782922625542,0.47834619879722595,0.33400386571884155,0.046158768236637115,0.4732893407344818,0.3397271931171417,0.044268131256103516,0.4758342206478119,0.34144994616508484,-0.036250777542591095,0.47743019461631775,0.34847238659858704,0.06849899888038635,0.47758039832115173,0.3490203619003296,0.044263795018196106,0.43500882387161255,0.3794028162956238,0.06814556568861008,0.4730103015899658,0.3991354703903198,-0.09714873135089874,0.3831107020378113,0.3881193697452545,0.15685907006263733,0.46464627981185913,0.45057418942451477,-0.12720289826393127,0.4024989604949951,0.364398330450058,0.2712492346763611,0.4799370765686035,0.453992635011673,-0.08898641169071198,0.40344661474227905,0.35957205295562744,0.29136067628860474,0.48499059677124023,0.4580225944519043,-0.09602054208517075,0.40727439522743225,0.3564023971557617,0.27968043088912964,0.48733073472976685,0.4491190016269684,-0.08921874314546585,0.40779393911361694,0.3628840446472168,0.2695066034793854,0.4833131432533264,0.44741687178611755,-0.08565624058246613,0.44461750984191895,0.5294520854949951,0.07638397812843323,0.45961713790893555,0.5321740508079529,-0.07641743868589401,0.4816524088382721,0.6062641739845276,0.1257551610469818,0.48372703790664673,0.6200199723243713,-0.16148751974105835,0.4548455774784088,0.7130266427993774,0.12781275808811188,0.44149884581565857,0.7301075458526611,-0.22539857029914856,0.44529932737350464,0.7260957360267639,0.12572313845157623,0.42738476395606995,0.7421379089355469,-0.23262429237365723,0.4747837483882904,0.7399123311042786,0.09335482865571976,0.4613316059112549,0.7663628458976746,-0.2899434566497803
frame_00076.jpg,0.44797229766845703,0.3330192267894745,0.17543482780456543,0.44391894340515137,0.32768264412879944,0.15823127329349518,0.4412686824798584,0.3282977342605591,0.1581210047006607,0.4386468529701233,0.32891127467155457,0.15808145701885223,0.45150771737098694,0.32628488540649414,0.15550562739372253,0.4545258581638336,0.3259809613227844,0.15534678101539612,0.4580778181552887,0.3255663216114044,0.1553189754486084,0.43655577301979065,0.33500024676322937,0.08307985216379166,0.47128742933273315,0.3312518894672394,0.0689963772892952,0.4454355239868164,0.3420182764530182,0.15288563072681427,0.4527103304862976,0.3406435549259186,0.14796505868434906,0.41307610273361206,0.3877943456172943,0.05049658566713333,0.48435264825820923,0.38405942916870117,-0.02026231400668621,0.363068163394928,0.4355975091457367,0.020003143697977066,0.5334952473640442,0.4465393126010895,-0.09313648194074631,0.36162132024765015,0.368426114320755,0.03197392076253891,0.5759186744689941,0.4361228346824646,-0.11046148836612701,0.3570672571659088,0.3554501533508301,0.027857040986418724,0.5860697627067566,0.4414515197277069,-0.1295461356639862,0.3618338406085968,0.35134759545326233,0.03214859589934349,0.5870877504348755,0.4367503523826599,-0.11361651122570038,0.36469846963882446,0.35672539472579956,0.03439875692129135,0.5831118822097778,0.43412578105926514,-0.10515616089105606,0.4452148973941803,0.5290310978889465,0.042484886944293976,0.4756017327308655,0.5261203646659851,-0.04261951521039009,0.45985108613967896,0.6350950002670288,0.09120023250579834,0.48104795813560486,0.617078423500061,-0.04902961105108261,0.46052899956703186,0.7217279672622681,0.061035700142383575,0.4547957479953766,0.7078643441200256,-0.14260908961296082,0.4589557647705078,0.7447667717933655,0.059487633407115936,0.4454122483730316,0.7134460806846619,-0.18666960299015045,0.46347886323928833,0.7546747326850891,0.059256412088871,0.4592738747596741,0.7511422634124756,-0.07149102538824081
frame_00077.jpg,0.43952125310897827,0.3345629572868347,-0.07711903750896454,0.43810153007507324,0.3282679617404938,-0.08592475950717926,0.43726176023483276,0.32844680547714233,-0.086114302277565,0.4363364577293396,0.328684538602829,-0.08610997349023819,0.4410104751586914,0.32723575830459595,-0.07737092673778534,0.44236046075820923,0.3266393840312958,-0.0775258019566536,0.44402265548706055,0.325878769159317,-0.07756069302558899,0.4365104138851166,0.3338732123374939,-0.09241943806409836,0.45170021057128906,0.32955610752105713,-0.05661030486226082,0.439690500497818,0.3424224257469177,-0.0764077827334404,0.4420458674430847,0.34110400080680847,-0.06648849695920944,0.4212503433227539,0.37927091121673584,-0.098422110080719,0.4692405164241791,0.38501399755477905,-0.017715973779559135,0.37649133801460266,0.42060089111328125,-0.18201397359371185,0.46095237135887146,0.43043801188468933,-0.09953270852565765,0.4154666066169739,0.37430062890052795,-0.2534370422363281,0.4402236342430115,0.3909377455711365,-0.2506285309791565,0.4130738377571106,0.36944064497947693,-0.28339332342147827,0.43391942977905273,0.37790676951408386,-0.281349241733551,0.41599932312965393,0.3683295249938965,-0.28404831886291504,0.43827110528945923,0.3705732524394989,-0.28195685148239136,0.4159318506717682,0.3716825246810913,-0.254957377910614,0.4404680132865906,0.37551844120025635,-0.25611358880996704,0.45688605308532715,0.5235788226127625,-0.02265242300927639,0.4651041030883789,0.5232991576194763,0.022483928129076958,0.4621814787387848,0.6309559345245361,-0.01633715070784092,0.4676482677459717,0.6169528961181641,0.022752471268177032,0.46233779191970825,0.7142689228057861,0.06844362616539001,0.4565853476524353,0.7118799090385437,0.10792777687311172,0.4629209637641907,0.7354011535644531,0.07257901877164841,0.45740342140197754,0.722262442111969,0.11263413727283478,0.4675283432006836,0.7547053694725037,0.012062516063451767,0.45261305570602417,0.7463904023170471,0.06250592321157455
frame_00078.jpg,0.442239910364151,0.32860368490219116,0.11582745611667633,0.44004231691360474,0.3223874866962433,0.09493520110845566,0.43845897912979126,0.3225049376487732,0.09480135142803192,0.4367290437221527,0.32258281111717224,0.09476357698440552,0.44427594542503357,0.32102057337760925,0.09879802167415619,0.44570285081863403,0.3201497793197632,0.09858298301696777,0.4470217227935791,0.3191228210926056,0.09853017330169678,0.4354044497013092,0.32861432433128357,0.01743888482451439,0.45318880677223206,0.32228586077690125,0.03422102332115173,0.44126853346824646,0.33627793192863464,0.09366918355226517,0.44484734535217285,0.3349283039569855,0.0973345935344696,0.4213123321533203,0.3808985650539398,-0.017479296773672104,0.4854116439819336,0.3613838851451874,0.025928020477294922,0.39098060131073,0.4361589550971985,0.046031348407268524,0.500326931476593,0.3990052342414856,0.08634603768587112,0.3921724855899811,0.3782205581665039,0.19895009696483612,0.48326319456100464,0.372365802526474,0.1979828178882599,0.388198584318161,0.37668493390083313,0.22073324024677277,0.48190101981163025,0.3637913167476654,0.21851447224617004,0.39275723695755005,0.37420567870140076,0.21756954491138458,0.47473129630088806,0.3632635772228241,0.2172984778881073,0.3950445353984833,0.37708958983421326,0.2024170607328415,0.4733152389526367,0.36739465594291687,0.19950345158576965,0.450883686542511,0.5172770619392395,-0.0141659677028656,0.4775868058204651,0.5149757266044617,0.01404225267469883,0.4436541199684143,0.6165779829025269,-0.033189959824085236,0.4710245728492737,0.6112473607063293,-0.01159016415476799,0.45409172773361206,0.704288125038147,-0.09842653572559357,0.4660953879356384,0.6955984234809875,-0.07090063393115997,0.4596584737300873,0.710999608039856,-0.10575133562088013,0.4677371382713318,0.7024065256118774,-0.07882359623908997,0.447255939245224,0.7435141205787659,-0.11210210621356964,0.45541757345199585,0.7307436466217041,0.025278937071561813
frame_00079.jpg,0.4417979121208191,0.3150922358036041,0.11044047027826309,0.4407743513584137,0.3085137903690338,0.08931592106819153,0.43961843848228455,0.30892980098724365,0.08920039981603622,0.43840688467025757,0.30920830368995667,0.08918499946594238,0.4448522627353668,0.3071388602256775,0.10232845693826675,0.4464600086212158,0.30655691027641296,0.10211070626974106,0.44795554876327515,0.30579474568367004,0.10208090394735336,0.4385874271392822,0.31410035490989685,0.009111751802265644,0.45320582389831543,0.3096531629562378,0.06757519394159317,0.4410942494869232,0.32347220182418823,0.08631189167499542,0.4450989365577698,0.32252463698387146,0.10204646736383438,0.42749109864234924,0.3746238648891449,-0.04754405468702316,0.4869760572910309,0.34907066822052,0.10011899471282959,0.40675073862075806,0.4331210255622864,0.0004863038193434477,0.4767463207244873,0.3917999267578125,0.17845669388771057,0.4093135893344879,0.38713520765304565,0.1754554808139801,0.4492761194705963,0.3777478337287903,0.2707371115684509,0.406003475189209,0.3799751102924347,0.19595582783222198,0.43980321288108826,0.37254637479782104,0.2964842617511749,0.40897616744041443,0.37573206424713135,0.1978292167186737,0.43361300230026245,0.3734433352947235,0.2889701724052429,0.4127890467643738,0.38183164596557617,0.18163546919822693,0.43451565504074097,0.3764454126358032,0.26857906579971313,0.4505617022514343,0.5034799575805664,-0.04890827462077141,0.48283690214157104,0.5018870830535889,0.04877076297998428,0.435577929019928,0.6019333004951477,-0.07714571058750153,0.4719753861427307,0.6000928282737732,0.028889939188957214,0.4507482647895813,0.7036031484603882,-0.1469120979309082,0.4725800156593323,0.69246506690979,-0.07045862823724747,0.46033620834350586,0.7103363871574402,-0.1546212136745453,0.4758177697658539,0.7019199132919312,-0.059413034468889236,0.44386330246925354,0.7403620481491089,-0.1726810336112976,0.4605792164802551,0.7289305925369263,-0.05246429890394211
frame_00080.jpg,0.4405749440193176,0.2978784143924713,0.11519385874271393,0.4425796568393707,0.2897408902645111,0.09507566690444946,0.44223934412002563,0.29005494713783264,0.09500762075185776,0.4416969418525696,0.29036468267440796,0.09504003077745438,0.4449290335178375,0.28912976384162903,0.11575371026992798,0.4463573098182678,0.2890872657299042,0.11554203927516937,0.4477481245994568,0.28893738985061646,0.11549820005893707,0.44350337982177734,0.2960435450077057,0.02159614861011505,0.45373398065567017,0.29490435123443604,0.11488868296146393,0.44161367416381836,0.30683931708335876,0.09302407503128052,0.443875789642334,0.3071726858615875,0.11864984035491943,0.433832585811615,0.3523547947406769,-0.05414557456970215,0.4830579161643982,0.34130027890205383,0.16093048453330994,0.40991368889808655,0.4261293113231659,-0.03912924602627754,0.48491325974464417,0.40812480449676514,0.22299709916114807,0.4188934862613678,0.404661625623703,0.10055889934301376,0.4566801190376282,0.42846933007240295,0.276195228099823,0.4159931242465973,0.4006892740726471,0.11573027074337006,0.4477730691432953,0.43522581458091736,0.298970490694046,0.41845840215682983,0.3907238245010376,0.1232566237449646,0.4466666579246521,0.43154096603393555,0.29295092821121216,0.42133456468582153,0.3930583894252777,0.10939949750900269,0.44870758056640625,0.42890700697898865,0.27397578954696655,0.4543698728084564,0.48412421345710754,-0.07270395010709763,0.4862968325614929,0.4816535711288452,0.07255852967500687,0.4361020028591156,0.5886610746383667,-0.10971071571111679,0.4718884825706482,0.5832129716873169,0.03139614686369896,0.4489826261997223,0.7014166116714478,-0.18014365434646606,0.48029375076293945,0.6881973743438721,-0.04059132933616638,0.45932111144065857,0.7099599242210388,-0.1881503462791443,0.4854552745819092,0.7007468342781067,-0.046469442546367645,0.4404609203338623,0.7276284098625183,-0.21754221618175507,0.462531715631485,0.7197442650794983,-0.05343983694911003
frame_00081.jpg,0.4429655969142914,0.27851662039756775,0.06103236600756645,0.44818052649497986,0.271928995847702,0.023803556337952614,0.4496367871761322,0.27221688628196716,0.024029947817325592,0.4507916569709778,0.2724493443965912,0.024396585300564766,0.44877463579177856,0.2719196677207947,0.0020223604515194893,0.45057186484336853,0.2721604108810425,0.0017939824610948563,0.45214948058128357,0.272213339805603,0.001718699699267745,0.4611720144748688,0.27925729751586914,-0.051712602376937866,0.4618682265281677,0.27889570593833923,0.029552292078733444,0.4418424963951111,0.2886787950992584,0.005989527329802513,0.4451601505279541,0.2887546718120575,0.007188785821199417,0.4717438817024231,0.33154335618019104,-0.1450520008802414,0.4682777523994446,0.32851511240005493,0.11734118312597275,0.462086021900177,0.38636767864227295,-0.28386247158050537,0.419079065322876,0.35350465774536133,0.13857805728912354,0.43314114212989807,0.3758202791213989,-0.38189050555229187,0.3606807291507721,0.3538321852684021,0.06567394733428955,0.42128127813339233,0.37658289074897766,-0.4180893003940582,0.3469323515892029,0.3569405674934387,0.06063910573720932,0.4260558485984802,0.36300989985466003,-0.4111071228981018,0.34460434317588806,0.3548595607280731,0.039609506726264954,0.4290180802345276,0.3668772280216217,-0.3804205060005188,0.3497267961502075,0.3546037971973419,0.052867989987134933,0.4752639830112457,0.4684484302997589,-0.08470515161752701,0.4785250127315521,0.4675642251968384,0.08456921577453613,0.4429050385951996,0.5678502321243286,-0.14518512785434723,0.461496502161026,0.566846489906311,0.009622880257666111,0.45233744382858276,0.6958168745040894,-0.17971263825893402,0.4747507572174072,0.687522292137146,0.020031210035085678,0.4650440216064453,0.7113528847694397,-0.18939806520938873,0.49070945382118225,0.697476327419281,0.01759997010231018,0.4254778325557709,0.7040542364120483,-0.28395241498947144,0.4434698224067688,0.7144514322280884,-0.039609357714653015
frame_00082.jpg,0.4436580538749695,0.2755596339702606,0.015948759391903877,0.4515908658504486,0.2691941559314728,0.010421314276754856,0.45362725853919983,0.2700348198413849,0.010315687395632267,0.4554949700832367,0.2708931863307953,0.010354728437960148,0.4504285454750061,0.2686327397823334,0.026362966746091843,0.45168715715408325,0.26894819736480713,0.026206573471426964,0.45278435945510864,0.26910319924354553,0.02618890441954136,0.4652344584465027,0.27844080328941345,0.004488818347454071,0.46146678924560547,0.27578893303871155,0.08934305608272552,0.44406190514564514,0.28635266423225403,0.01210639625787735,0.4460050165653229,0.28547123074531555,0.03381037339568138,0.4856463372707367,0.3237254023551941,-0.07027065753936768,0.44384241104125977,0.3280302584171295,0.15255001187324524,0.48389822244644165,0.37351927161216736,-0.19072189927101135,0.4156879782676697,0.3661326467990875,0.11401797831058502,0.4418017268180847,0.3621825873851776,-0.2950766384601593,0.3778988718986511,0.3724650740623474,0.046475667506456375,0.4283842444419861,0.35982194542884827,-0.3310290575027466,0.36440974473953247,0.3748577833175659,-0.018566995859146118,0.4294043481349945,0.352946937084198,-0.32563313841819763,0.3668162226676941,0.37298959493637085,-0.04583216831088066,0.4335421919822693,0.35515841841697693,-0.2944069802761078,0.3722093999385834,0.3727288842201233,-0.004176936112344265,0.49049243330955505,0.45786038041114807,-0.06539865583181381,0.4763077199459076,0.45708131790161133,0.06527932733297348,0.45952683687210083,0.5614001154899597,-0.14282222092151642,0.4552522599697113,0.5606571435928345,-0.016423065215349197,0.4825161099433899,0.6774908900260925,-0.181409552693367,0.4489075541496277,0.6805652379989624,-0.047949112951755524,0.4959120750427246,0.6958770155906677,-0.19152182340621948,0.46103161573410034,0.699614942073822,-0.05565183237195015,0.4334927499294281,0.7042340636253357,-0.29264673590660095,0.41214364767074585,0.6973896622657776,-0.1341928392648697
frame_00083.jpg,0.45000386238098145,0.2766939699649811,-0.04042227938771248,0.45603156089782715,0.2710117697715759,-0.005301580298691988,0.4585786759853363,0.2714483439922333,-0.0054197125136852264,0.4611396789550781,0.27190008759498596,-0.005340037867426872,0.45186740159988403,0.27095016837120056,0.015753841027617455,0.4519715905189514,0.27122819423675537,0.016062816604971886,0.45264244079589844,0.2713702619075775,0.01593015529215336,0.46802812814712524,0.27851614356040955,0.005355142056941986,0.4554435610771179,0.27667921781539917,0.05184175819158554,0.4535194933414459,0.2865622937679291,0.0025333480443805456,0.4493085741996765,0.2862013280391693,0.030538097023963928,0.49353155493736267,0.31993788480758667,-0.033592864871025085,0.43704691529273987,0.3315572738647461,0.1056155115365982,0.5097001194953918,0.36838266253471375,-0.15913096070289612,0.4067155718803406,0.37072640657424927,0.0672018826007843,0.4682789444923401,0.35574376583099365,-0.2908862233161926,0.39578455686569214,0.37933018803596497,-0.1789165735244751,0.4545609951019287,0.3571532070636749,-0.3307766616344452,0.38795724511146545,0.3819160759449005,-0.2165883332490921,0.4518597722053528,0.352512925863266,-0.32770782709121704,0.39174219965934753,0.37924906611442566,-0.2250228226184845,0.4568987488746643,0.3538653254508972,-0.29237133264541626,0.39541059732437134,0.37882593274116516,-0.19038590788841248,0.4960845410823822,0.45264530181884766,-0.05225304514169693,0.4743545651435852,0.45523276925086975,0.052102457731962204,0.4649791717529297,0.5539801716804504,-0.14424559473991394,0.45600515604019165,0.5564531683921814,-0.03501510247588158,0.48081254959106445,0.6752051711082458,-0.15752127766609192,0.4588399827480316,0.6689797043800354,-0.012922726571559906,0.4911130368709564,0.6911503076553345,-0.165069118142128,0.47423306107521057,0.6853845715522766,-0.014535130932927132,0.4481392800807953,0.7032456994056702,-0.2824130654335022,0.4296906590461731,0.6883426904678345,-0.10660547018051147
frame_00084.jpg,0.45448416471481323,0.27972355484962463,-0.20645543932914734,0.4580664038658142,0.2730306386947632,-0.1870678961277008,0.46067285537719727,0.27314749360084534,-0.18718354403972626,0.4632651209831238,0.27333909273147583,-0.18716813623905182,0.4523424208164215,0.27295732498168945,-0.18772804737091064,0.4518747925758362,0.2731340527534485,-0.18792781233787537,0.4509771466255188,0.2734246551990509,-0.18795105814933777,0.46731996536254883,0.2791253924369812,-0.09193974733352661,0.4477325975894928,0.280354768037796,-0.09615076333284378,0.4588201940059662,0.2884468734264374,-0.16985616087913513,0.4515903890132904,0.2889240086078644,-0.17156052589416504,0.496856153011322,0.32289549708366394,-0.05350528284907341,0.43448406457901,0.33762338757514954,-0.06309863924980164,0.5366412997245789,0.3646830916404724,-0.23346729576587677,0.4198107123374939,0.3769055902957916,-0.2530623972415924,0.4936160445213318,0.34802672266960144,-0.41118568181991577,0.43072280287742615,0.3761822581291199,-0.45308366417884827,0.47725430130958557,0.34717071056365967,-0.4514516294002533,0.4333735406398773,0.37471067905426025,-0.49510636925697327,0.474782794713974,0.34322604537010193,-0.44080862402915955,0.43923360109329224,0.3714490830898285,-0.4823838174343109,0.4811304211616516,0.3448854982852936,-0.4109385013580322,0.4389997124671936,0.3720281422138214,-0.4537695050239563,0.4998842775821686,0.4527493119239807,-0.020847178995609283,0.47258034348487854,0.4577479064464569,0.02046566642820835,0.4788452982902527,0.5375430583953857,-0.3384241461753845,0.4596558213233948,0.5625550150871277,-0.12921805679798126,0.4809785783290863,0.6499655842781067,-0.31205305457115173,0.48106059432029724,0.6762096881866455,-0.09709690511226654,0.48619136214256287,0.6640747785568237,-0.3173850178718567,0.4892386496067047,0.6905874609947205,-0.10216721147298813,0.46323975920677185,0.683992326259613,-0.4727979302406311,0.47375765442848206,0.7036763429641724,-0.25366804003715515
frame_00085.jpg,0.4580996036529541,0.28696930408477783,-0.23830366134643555,0.46026596426963806,0.280007928609848,-0.21900638937950134,0.46305614709854126,0.2802095115184784,-0.21914255619049072,0.4655582308769226,0.2804288864135742,-0.2191365659236908,0.45369952917099,0.27998968958854675,-0.22213228046894073,0.45218777656555176,0.28032320737838745,-0.2222992181777954,0.45094114542007446,0.280744343996048,-0.2223326861858368,0.4678066670894623,0.28571975231170654,-0.12188263237476349,0.44651755690574646,0.2874327600002289,-0.13548949360847473,0.4623987078666687,0.29644840955734253,-0.201341912150383,0.4544103741645813,0.2968224883079529,-0.20658472180366516,0.4967844486236572,0.33130866289138794,-0.06717585772275925,0.430658757686615,0.34046319127082825,-0.09244182705879211,0.5503115653991699,0.35257312655448914,-0.19037066400051117,0.417511522769928,0.3948473036289215,-0.18627947568893433,0.5196423530578613,0.347836971282959,-0.3558526039123535,0.4430336356163025,0.4273335635662079,-0.31994640827178955,0.5097928643226624,0.34878137707710266,-0.3965660631656647,0.45460420846939087,0.44055503606796265,-0.35602855682373047,0.504410445690155,0.34586915373802185,-0.3928754925727844,0.45877352356910706,0.43563950061798096,-0.3538186848163605,0.5070613026618958,0.34747710824012756,-0.35817626118659973,0.4559996724128723,0.4316253662109375,-0.3224601149559021,0.5003911852836609,0.45812657475471497,-0.00047178444219753146,0.4695325791835785,0.46629709005355835,0.00022078232723288238,0.4888114929199219,0.5455673336982727,-0.232631117105484,0.46360182762145996,0.5686378479003906,-0.10042043030261993,0.4887014925479889,0.641320526599884,-0.1397562474012375,0.48495420813560486,0.6785428524017334,-0.029603222385048866,0.48973721265792847,0.650384247303009,-0.11502454429864883,0.4882739186286926,0.6929272413253784,-0.026672732084989548,0.4883045256137848,0.672622561454773,-0.31333962082862854,0.4879734516143799,0.7079479098320007,-0.15999113023281097
frame_00086.jpg,0.4732927680015564,0.2902918756008148,-0.1963515728712082,0.4718382954597473,0.2839001417160034,-0.10242994874715805,0.4730773866176605,0.28412070870399475,-0.10253070294857025,0.474330335855484,0.28434401750564575,-0.10249656438827515,0.4667694568634033,0.28381040692329407,-0.16790543496608734,0.4642220437526703,0.28353747725486755,-0.16764123737812042,0.4616306722164154,0.2825567424297333,-0.16751563549041748,0.47227564454078674,0.28886663913726807,0.008299538865685463,0.45438212156295776,0.2908247709274292,-0.07856102287769318,0.4760971665382385,0.3003331422805786,-0.08694884181022644,0.4693642258644104,0.30004116892814636,-0.19706669449806213,0.5008876323699951,0.33369114995002747,0.06275159120559692,0.4360686242580414,0.34806546568870544,-0.06509914994239807,0.5364259481430054,0.36121538281440735,-0.03986089676618576,0.43658360838890076,0.4077877998352051,-0.18058177828788757,0.5492643117904663,0.3515966236591339,-0.2802199423313141,0.4856508672237396,0.42964300513267517,-0.30650845170021057,0.554793119430542,0.3513968288898468,-0.3232276439666748,0.5035783052444458,0.43860048055648804,-0.3491066098213196,0.5514832139015198,0.3470577597618103,-0.3362322151660919,0.5096689462661743,0.4328480660915375,-0.34699806571006775,0.5491666793823242,0.3488049805164337,-0.29103559255599976,0.5038330554962158,0.42963820695877075,-0.30853039026260376,0.5009912252426147,0.4609355032444,0.025782857090234756,0.4679560661315918,0.47064489126205444,-0.026031995192170143,0.5281951427459717,0.4753103256225586,-0.32010704278945923,0.47233885526657104,0.5679455995559692,-0.10576474666595459,0.523650586605072,0.5873587727546692,-0.3056444823741913,0.489987313747406,0.6781304478645325,-0.03082067146897316,0.5149545669555664,0.6074972152709961,-0.30948737263679504,0.4934648871421814,0.6923622488975525,-0.031097065657377243,0.5340200662612915,0.6171779632568359,-0.43151193857192993,0.49100786447525024,0.7061542272567749,-0.15173017978668213
frame_00087.jpg,0.4851043224334717,0.2922998368740082,-0.2732737362384796,0.48004764318466187,0.2858394682407379,-0.25523871183395386,0.4800410270690918,0.28602302074432373,-0.25544092059135437,0.4801843762397766,0.2861318290233612,-0.2554599642753601,0.47761863470077515,0.28444114327430725,-0.27981191873550415,0.4757015109062195,0.28504326939582825,-0.28003352880477905,0.47373563051223755,0.2863021492958069,-0.2801494300365448,0.47471123933792114,0.2911580502986908,-0.1609671264886856,0.4656338691711426,0.2957878112792969,-0.26839137077331543,0.48493295907974243,0.30169400572776794,-0.23269852995872498,0.4814028739929199,0.30391421914100647,-0.2664833962917328,0.49122971296310425,0.33621180057525635,-0.013631852343678474,0.4379805028438568,0.35712629556655884,-0.25700926780700684,0.515900194644928,0.3562384247779846,0.117232546210289,0.46000155806541443,0.41916999220848083,-0.34111371636390686,0.5410577654838562,0.3539136052131653,0.19994597136974335,0.5103269815444946,0.4303446114063263,-0.40554991364479065,0.5487562417984009,0.35050979256629944,0.21801809966564178,0.5231400728225708,0.4340478777885437,-0.43906497955322266,0.5502756237983704,0.3485182523727417,0.18392957746982574,0.5269559621810913,0.4247745871543884,-0.4303891658782959,0.5467808842658997,0.35141173005104065,0.18898575007915497,0.5231195688247681,0.4227867126464844,-0.403092622756958,0.49535974860191345,0.4607335925102234,0.05128348991274834,0.46678727865219116,0.47188153862953186,-0.05141149088740349,0.5428401231765747,0.48126354813575745,-0.23464557528495789,0.47935813665390015,0.5705560445785522,-0.1440059095621109,0.5406335592269897,0.5848443508148193,-0.2503994107246399,0.49020370841026306,0.6770284175872803,-0.055423349142074585,0.5307630300521851,0.6086918711662292,-0.18772810697555542,0.49252867698669434,0.6918436288833618,-0.05126073956489563,0.5663412809371948,0.6049472093582153,-0.23808570206165314,0.4926580786705017,0.7059313654899597,-0.14732623100280762
frame_00088.jpg,0.4876556992530823,0.29173141717910767,-0.24890050292015076,0.48266682028770447,0.2853637933731079,-0.23345263302326202,0.48220133781433105,0.2850685715675354,-0.23365657031536102,0.4819101393222809,0.28465303778648376,-0.23365561664104462,0.4813457131385803,0.28590476512908936,-0.2591190040111542,0.4798820912837982,0.2866358458995819,-0.2593463957309723,0.4785221219062805,0.2876698672771454,-0.25946781039237976,0.4750017523765564,0.2900089919567108,-0.14594009518623352,0.47004371881484985,0.29603999853134155,-0.26154547929763794,0.48686090111732483,0.3015299439430237,-0.21148061752319336,0.48533082008361816,0.3037956655025482,-0.24605508148670197,0.48496508598327637,0.3364563286304474,-0.017507022246718407,0.4489031732082367,0.35830146074295044,-0.25985488295555115,0.49507206678390503,0.3608782887458801,0.15108518302440643,0.4725574851036072,0.41773590445518494,-0.32183733582496643,0.5284892320632935,0.3547002971172333,0.2359333336353302,0.5145300030708313,0.42260921001434326,-0.3459056615829468,0.5383499264717102,0.3508618175983429,0.25649720430374146,0.5272501707077026,0.4256218373775482,-0.3745410740375519,0.539404034614563,0.3495321273803711,0.2211976945400238,0.528671383857727,0.41919413208961487,-0.36400115489959717,0.5359530448913574,0.3520640730857849,0.2242240011692047,0.5245915651321411,0.4171642065048218,-0.3418317437171936,0.49254339933395386,0.46124178171157837,0.06060507148504257,0.4667874276638031,0.4742347300052643,-0.06068109720945358,0.550044596195221,0.47840994596481323,-0.21381831169128418,0.4814679026603699,0.5717514157295227,-0.11456441879272461,0.5519310832023621,0.5813537836074829,-0.09410752356052399,0.4905945658683777,0.6773864030838013,-0.023762227967381477,0.5410429239273071,0.605170488357544,-0.08393846452236176,0.4913555979728699,0.6925246119499207,-0.017906207591295242,0.5816071629524231,0.6064280867576599,-0.1525489240884781,0.4926404356956482,0.703495442867279,-0.10202854871749878
frame_00089.jpg,0.4875492453575134,0.2916651964187622,-0.10899170488119125,0.482482373714447,0.28490132093429565,-0.09839504957199097,0.4812185764312744,0.2847667336463928,-0.0986020639538765,0.4801855981349945,0.28455260396003723,-0.09858429431915283,0.48370853066444397,0.285166472196579,-0.13312159478664398,0.4833327829837799,0.28548967838287354,-0.13331125676631927,0.48311910033226013,0.2858189344406128,-0.13342709839344025,0.47409453988075256,0.289054811000824,-0.04391229525208473,0.4778435230255127,0.29117870330810547,-0.17553387582302094,0.4857403635978699,0.30150189995765686,-0.08399525284767151,0.4863924980163574,0.30225980281829834,-0.1325937956571579,0.47101202607154846,0.33724960684776306,0.059755515307188034,0.4602087140083313,0.35517793893814087,-0.2126837968826294,0.48084717988967896,0.3649408221244812,0.21499130129814148,0.4761435389518738,0.4174709618091583,-0.27230384945869446,0.519457221031189,0.3543359339237213,0.3036559522151947,0.5212598443031311,0.41892209649086,-0.2836073637008667,0.5265873670578003,0.35040488839149475,0.32897475361824036,0.5344023108482361,0.42416098713874817,-0.31085920333862305,0.5288585424423218,0.3490060567855835,0.29784440994262695,0.5362963080406189,0.41566896438598633,-0.30588269233703613,0.5244062542915344,0.35233211517333984,0.2937110662460327,0.5317150354385376,0.4170265197753906,-0.2820451259613037,0.4906841814517975,0.46210604906082153,0.08128461986780167,0.46786022186279297,0.47526174783706665,-0.08129576593637466,0.5512283444404602,0.4747599959373474,0.08068916946649551,0.48488935828208923,0.5726153254508972,-0.10508628189563751,0.5540492534637451,0.5732491612434387,0.15477819740772247,0.4904683530330658,0.6786545515060425,-0.06331934034824371,0.5461312532424927,0.5969322323799133,0.158395916223526,0.4899561405181885,0.6935983300209045,-0.061373479664325714,0.5843743681907654,0.5942108631134033,0.11900649964809418,0.4937216639518738,0.7030409574508667,-0.1201181411743164
frame_00090.jpg,0.4855259358882904,0.2895364463329315,-0.036438681185245514,0.4816175401210785,0.28219082951545715,-0.023436184972524643,0.48062863945961,0.2819965183734894,-0.02358120307326317,0.4798502027988434,0.2818234860897064,-0.023485848680138588,0.48245173692703247,0.28246885538101196,-0.05241281911730766,0.48209160566329956,0.2825213372707367,-0.052604250609874725,0.4819253087043762,0.28249508142471313,-0.052681900560855865,0.4738699495792389,0.2853895127773285,0.03400633484125137,0.4775059223175049,0.2861550748348236,-0.10037297010421753,0.4834677278995514,0.2980293333530426,-0.01135948859155178,0.48387518525123596,0.2982829809188843,-0.05081680417060852,0.4669060707092285,0.33580300211906433,0.1203785315155983,0.46672773361206055,0.34541311860084534,-0.16361314058303833,0.4628167152404785,0.403420627117157,0.1809350848197937,0.4913100600242615,0.41261059045791626,-0.2302791178226471,0.4785037934780121,0.45796698331832886,0.14534667134284973,0.5311726331710815,0.4185033142566681,-0.23077967762947083,0.4808123707771301,0.4741957485675812,0.1513039767742157,0.5416185855865479,0.421915739774704,-0.2604285478591919,0.48435497283935547,0.4712664484977722,0.12702909111976624,0.5418322086334229,0.41373735666275024,-0.2444162666797638,0.4843526780605316,0.46456438302993774,0.1353197693824768,0.5370973348617554,0.41431567072868347,-0.22383849322795868,0.4844974875450134,0.46036821603775024,0.08531259745359421,0.4711693823337555,0.4718155860900879,-0.08540568500757217,0.5500969886779785,0.47574442625045776,0.08506595343351364,0.4865356385707855,0.5698078274726868,-0.1155833974480629,0.5521195530891418,0.5715340971946716,0.12113000452518463,0.49292612075805664,0.6767129898071289,-0.12009312957525253,0.5446573495864868,0.5942742228507996,0.12114933878183365,0.4913269877433777,0.6919302344322205,-0.12220591306686401,0.5750738382339478,0.5986213684082031,0.08301504701375961,0.4976615011692047,0.6988170742988586,-0.18317139148712158
frame_00091.jpg,0.48172950744628906,0.2815173268318176,0.15106680989265442,0.4783744812011719,0.2755048871040344,0.13883307576179504,0.4780009388923645,0.27572888135910034,0.13869979977607727,0.47943323850631714,0.2761498987674713,0.138695627450943,0.4808219075202942,0.2747325897216797,0.12569843232631683,0.48161762952804565,0.27444833517074585,0.12549901008605957,0.48260563611984253,0.2741733193397522,0.12542633712291718,0.4711495339870453,0.28015023469924927,0.0875834971666336,0.4829598069190979,0.277819961309433,0.026316817849874496,0.480197012424469,0.28915104269981384,0.1378307044506073,0.4821835160255432,0.28848469257354736,0.11933394521474838,0.4477948248386383,0.3316085934638977,0.09664424508810043,0.4947189688682556,0.3273325264453888,-0.05486270785331726,0.41991281509399414,0.398438960313797,0.19206634163856506,0.5288532972335815,0.37189143896102905,-0.07203466445207596,0.4405861794948578,0.39697009325027466,0.31170836091041565,0.5436385869979858,0.38381427526474,-0.009917864575982094,0.43970388174057007,0.432211309671402,0.33556655049324036,0.550478994846344,0.38823458552360535,-0.013125131838023663,0.44599437713623047,0.4138493239879608,0.32349321246147156,0.546229362487793,0.3867902159690857,-0.007591227535158396,0.4478239417076111,0.40365633368492126,0.30997514724731445,0.5422492027282715,0.38609760999679565,-0.0065858447924256325,0.46937522292137146,0.46121945977211,0.0572594478726387,0.48667603731155396,0.45961424708366394,-0.05736880749464035,0.5012422204017639,0.539469301700592,0.05932223051786423,0.5343930125236511,0.48860102891921997,-0.03253355249762535,0.5115135908126831,0.6525391340255737,0.02305506356060505,0.5341536998748779,0.580010712146759,-0.0017936232034116983,0.5049844980239868,0.6748319268226624,0.018393797799944878,0.5238264799118042,0.6013616323471069,0.0018866853788495064,0.5497125387191772,0.6580322980880737,-0.011072058230638504,0.5465590953826904,0.6130412817001343,-0.007726216223090887
frame_00092.jpg,0.47982901334762573,0.2787407636642456,0.05238683894276619,0.4767991900444031,0.2733311951160431,0.02142299897968769,0.47703036665916443,0.27340060472488403,0.021412473171949387,0.4784708023071289,0.2734808623790741,0.02124236896634102,0.4776225686073303,0.27315017580986023,0.001573870307765901,0.4761318266391754,0.2732143998146057,0.0013760708970949054,0.47453227639198303,0.27331000566482544,0.0014071798650547862,0.4770352840423584,0.27772966027259827,0.010737563483417034,0.474343478679657,0.27825653553009033,-0.04820122569799423,0.47862133383750916,0.28646722435951233,0.022208169102668762,0.4798390865325928,0.2863982319831848,-0.0019186275312677026,0.4566233158111572,0.32653337717056274,0.056279174983501434,0.4853024482727051,0.3230076730251312,-0.08750303089618683,0.42712706327438354,0.3610306978225708,0.019903916865587234,0.49450987577438354,0.3676999807357788,-0.2001464068889618,0.43090397119522095,0.37774595618247986,-0.0677107498049736,0.548883318901062,0.36655378341674805,-0.27730149030685425,0.428170770406723,0.41941723227500916,-0.0867244303226471,0.5579103827476501,0.3737812936306,-0.3141849637031555,0.4263409972190857,0.3887937664985657,-0.0862841010093689,0.5537087321281433,0.36823779344558716,-0.3014566898345947,0.4312532842159271,0.3783175051212311,-0.06904406100511551,0.5509899258613586,0.36654338240623474,-0.27368444204330444,0.472231924533844,0.4564014673233032,0.0573868565261364,0.48131346702575684,0.4539557099342346,-0.057530127465724945,0.49422869086265564,0.5554369688034058,0.030558934435248375,0.5248925685882568,0.4978625476360321,-0.1774284541606903,0.5037009119987488,0.662373423576355,0.001717394799925387,0.525132417678833,0.5781340003013611,-0.15820224583148956,0.4970279633998871,0.6830034852027893,-0.005129448603838682,0.517833948135376,0.5978801846504211,-0.15740111470222473,0.536928653717041,0.6650353074073792,-0.06184159591794014,0.5462852716445923,0.5939010977745056,-0.21446815133094788
frame_00093.jpg,0.47853654623031616,0.2814379036426544,0.18032601475715637,0.4760529398918152,0.27575162053108215,0.16419856250286102,0.4763917028903961,0.2758634388446808,0.16405603289604187,0.4754765033721924,0.2760050594806671,0.164064422249794,0.4773343503475189,0.2751985490322113,0.15307611227035522,0.47758936882019043,0.27489957213401794,0.15290267765522003,0.4781831204891205,0.27451780438423157,0.15283754467964172,0.4709997773170471,0.28037935495376587,0.09798447042703629,0.4791923463344574,0.27820247411727905,0.04641268402338028,0.4777388572692871,0.2892199754714966,0.16215144097805023,0.4793378710746765,0.2886975407600403,0.1460341364145279,0.44327443838119507,0.32913172245025635,0.09452098608016968,0.5030356049537659,0.3163425028324127,-0.03872990235686302,0.40297549962997437,0.36216771602630615,0.1894436776638031,0.5459215044975281,0.3388766348361969,0.014100419357419014,0.42082953453063965,0.3785566985607147,0.34280750155448914,0.5666828155517578,0.3524141013622284,0.17187657952308655,0.42192238569259644,0.4049212336540222,0.3738732635974884,0.5726736187934875,0.35623976588249207,0.1797434389591217,0.42851367592811584,0.38496658205986023,0.36159342527389526,0.5700390338897705,0.35665714740753174,0.18808749318122864,0.4303014874458313,0.3779640197753906,0.3424287438392639,0.5676260590553284,0.3568750023841858,0.17824313044548035,0.4655352532863617,0.4553791880607605,0.055336713790893555,0.4843178391456604,0.4544876515865326,-0.05537473037838936,0.4996767044067383,0.5086930394172668,0.21914133429527283,0.5086820721626282,0.5332056283950806,-0.011735685169696808,0.5054243206977844,0.5892513990402222,0.3118446469306946,0.5120195150375366,0.6377321481704712,-0.0003153606376145035,0.49994173645973206,0.6029472947120667,0.3208223879337311,0.5135200023651123,0.6576182246208191,0.0018453566590324044,0.5275830030441284,0.6072776317596436,0.34113743901252747,0.5342438220977783,0.6331623196601868,-0.015255575068295002
