image_name,x_0,y_0,z_0,x_1,y_1,z_1,x_2,y_2,z_2,x_3,y_3,z_3,x_4,y_4,z_4,x_5,y_5,z_5,x_6,y_6,z_6,x_7,y_7,z_7,x_8,y_8,z_8,x_9,y_9,z_9,x_10,y_10,z_10,x_11,y_11,z_11,x_12,y_12,z_12,x_13,y_13,z_13,x_14,y_14,z_14,x_15,y_15,z_15,x_16,y_16,z_16,x_17,y_17,z_17,x_18,y_18,z_18,x_19,y_19,z_19,x_20,y_20,z_20,x_21,y_21,z_21,x_22,y_22,z_22,x_23,y_23,z_23,x_24,y_24,z_24,x_25,y_25,z_25,x_26,y_26,z_26,x_27,y_27,z_27,x_28,y_28,z_28,x_29,y_29,z_29,x_30,y_30,z_30,x_31,y_31,z_31,x_32,y_32,z_32
frame_00000.jpg,0.6297810673713684,0.3644052743911743,0.21985971927642822,0.6283232569694519,0.35293927788734436,0.19281286001205444,0.6265782117843628,0.3527752757072449,0.19257676601409912,0.6246849894523621,0.3530098497867584,0.19261206686496735,0.6354357004165649,0.3510529100894928,0.19715192914009094,0.638588547706604,0.3498460054397583,0.19690509140491486,0.6416469812393188,0.3489631712436676,0.19683276116847992,0.6241851449012756,0.3568122982978821,0.08937586843967438,0.6476653218269348,0.3529205918312073,0.10808774083852768,0.6280757784843445,0.3753409683704376,0.19029870629310608,0.6355369091033936,0.37329041957855225,0.1939639151096344,0.6071453094482422,0.40906161069869995,0.01383567601442337,0.684518039226532,0.4070461690425873,0.07079818844795227,0.5580003261566162,0.43539169430732727,-0.025689899921417236,0.6831505298614502,0.4965807795524597,-0.06866978853940964,0.5267713665962219,0.4586416482925415,-0.020995473489165306,0.6744669079780579,0.5202688574790955,-0.21238812804222107,0.5166707634925842,0.4662485718727112,-0.030565911903977394,0.6792346835136414,0.5414056777954102,-0.240125373005867,0.5180549025535583,0.4626353979110718,-0.02491886354982853,0.6693164110183716,0.5380347371101379,-0.23943059146404266,0.5232328772544861,0.4615626037120819,-0.015944406390190125,0.6651768088340759,0.5355924367904663,-0.21727068722248077,0.6169416308403015,0.601631224155426,-0.008352799341082573,0.6581765413284302,0.6093741655349731,0.008074896410107613,0.6197599172592163,0.7370957136154175,0.027175789698958397,0.6585034132003784,0.7434170842170715,0.02295343391597271,0.5947808027267456,0.8792386651039124,-0.0006401684368029237,0.6724306344985962,0.8830847144126892,0.02174089476466179,0.5902036428451538,0.8974838256835938,-0.010792804881930351,0.6682806015014648,0.9012450575828552,0.019169095903635025,0.6204456090927124,0.9028541445732117,-0.08536482602357864,0.67250657081604,0.9011173844337463,-0.045113615691661835
frame_00001.jpg,0.6321644186973572,0.36754363775253296,0.2443537414073944,0.6293534636497498,0.35868293046951294,0.21538503468036652,0.6273406744003296,0.3589090406894684,0.21519596874713898,0.6253516674041748,0.3592962324619293,0.215232253074646,0.6364080309867859,0.356141060590744,0.22222790122032166,0.6389855146408081,0.3549162447452545,0.22195923328399658,0.6413357257843018,0.35397660732269287,0.22192057967185974,0.6265007853507996,0.36353766918182373,0.10526297986507416,0.6464372277259827,0.35728323459625244,0.1360369324684143,0.6303640007972717,0.3784952163696289,0.2132491171360016,0.637566328048706,0.3758317232131958,0.22050222754478455,0.6077733635902405,0.4108276069164276,0.049704913049936295,0.68948894739151,0.41519656777381897,0.10271916538476944,0.5583407878875732,0.44498586654663086,0.0918007344007492,0.6818616390228271,0.4977125823497772,0.15917347371578217,0.5263543725013733,0.45309096574783325,0.21078066527843475,0.6478844881057739,0.48314711451530457,0.2721506953239441,0.5116652250289917,0.4546400010585785,0.22344951331615448,0.6462522149085999,0.47843849658966064,0.2899617552757263,0.5128932595252991,0.45015281438827515,0.22542381286621094,0.6358090043067932,0.4755460321903229,0.285245418548584,0.5198339223861694,0.45175784826278687,0.21673257648944855,0.6333895921707153,0.477597177028656,0.2715994715690613,0.6189364194869995,0.6037524938583374,0.0021159450989216566,0.662225604057312,0.6104293465614319,-0.002304530469700694,0.6223472952842712,0.7404489517211914,0.014292587526142597,0.6632837057113647,0.7474853992462158,-0.0023968324530869722,0.6008334755897522,0.883834183216095,-0.023590659722685814,0.6739335656166077,0.8863700032234192,-0.048496395349502563,0.5940525531768799,0.9030873775482178,-0.030834078788757324,0.6697081327438354,0.9049760699272156,-0.054439328610897064,0.6208351850509644,0.9075558185577393,-0.08323678374290466,0.6743279099464417,0.9053334593772888,-0.10780595242977142
frame_00002.jpg,0.6321002840995789,0.37092188000679016,0.3038480281829834,0.63072669506073,0.36207813024520874,0.27797967195510864,0.629019558429718,0.362003356218338,0.2778204083442688,0.6272185444831848,0.36209139227867126,0.2778472602367401,0.6372479200363159,0.3603995740413666,0.28133508563041687,0.640018880367279,0.35934120416641235,0.2811070382595062,0.6425906419754028,0.3585517108440399,0.2810854911804199,0.628058910369873,0.3648429214954376,0.17188706994056702,0.648776650428772,0.3614262044429779,0.1869964748620987,0.6305188536643982,0.38015687465667725,0.27402475476264954,0.6370099186897278,0.37910202145576477,0.2767491042613983,0.6097537279129028,0.4104127287864685,0.1264696717262268,0.6910399198532104,0.42314815521240234,0.13452473282814026,0.5585559010505676,0.4485655128955841,0.21044297516345978,0.6951958537101746,0.5153344869613647,0.22484859824180603,0.5248053669929504,0.43969690799713135,0.3808494806289673,0.6624609231948853,0.494667112827301,0.394248366355896,0.5116764903068542,0.4416795074939728,0.40486469864845276,0.6600314378738403,0.48940664529800415,0.4184630811214447,0.5108741521835327,0.4360833168029785,0.4059465527534485,0.6484752893447876,0.4863615930080414,0.41838231682777405,0.5188126564025879,0.43872329592704773,0.3875030279159546,0.6462229490280151,0.4880039095878601,0.39700812101364136,0.6218745708465576,0.6029125452041626,0.019112469628453255,0.6653939485549927,0.6073970198631287,-0.019221000373363495,0.6237428784370422,0.7402017712593079,0.04898511990904808,0.6648422479629517,0.7490214109420776,-0.015431547537446022,0.6079404950141907,0.8847881555557251,0.029477406293153763,0.6763584613800049,0.8953920602798462,-0.05434544011950493,0.6015700101852417,0.9042383432388306,0.025857020169496536,0.6735790967941284,0.9131874442100525,-0.058613039553165436,0.6210008859634399,0.9058465361595154,-0.011436731554567814,0.6813697814941406,0.9047122597694397,-0.10971833765506744
frame_00003.jpg,0.6328839659690857,0.37089136242866516,0.2546147108078003,0.631614089012146,0.3610539436340332,0.2243289202451706,0.6298235654830933,0.3608376383781433,0.22415971755981445,0.6279258131980896,0.3607698082923889,0.22416114807128906,0.6379215717315674,0.35983189940452576,0.23816296458244324,0.6406937837600708,0.35885143280029297,0.2379617691040039,0.6434395909309387,0.3580714762210846,0.23794536292552948,0.6284802556037903,0.36333563923835754,0.10846740007400513,0.6507135629653931,0.3603580594062805,0.1709638237953186,0.631106972694397,0.3793775737285614,0.22141650319099426,0.6375786066055298,0.3791911005973816,0.2378273904323578,0.6136117577552795,0.40871748328208923,0.02734752930700779,0.6909447312355042,0.4235011637210846,0.168446883559227,0.5639758706092834,0.44719231128692627,0.08519382029771805,0.69780033826828,0.5021985173225403,0.2693784236907959,0.5269390344619751,0.429243266582489,0.2659362256526947,0.6632392406463623,0.481143057346344,0.40590032935142517,0.5108809471130371,0.4266814887523651,0.28346824645996094,0.6576603055000305,0.47957003116607666,0.4305493235588074,0.5099972486495972,0.4203261733055115,0.2906278669834137,0.6487759351730347,0.47407838702201843,0.42569929361343384,0.519428551197052,0.42426636815071106,0.2758234143257141,0.6480109095573425,0.47471868991851807,0.4053367078304291,0.6232004761695862,0.6019143462181091,-0.024711566045880318,0.6694602966308594,0.6051542162895203,0.02461935020983219,0.6271142363548279,0.7405620217323303,0.016467437148094177,0.666122317314148,0.7457942366600037,0.028182173147797585,0.6202117800712585,0.8912245631217957,0.022979719564318657,0.6781333088874817,0.8939769268035889,0.020482245832681656,0.623305082321167,0.9094407558441162,0.01997610554099083,0.676833987236023,0.9115555286407471,0.01854533888399601,0.6220810413360596,0.9078036546707153,-0.025378257036209106,0.6788489818572998,0.9040552377700806,-0.026631837710738182
frame_00004.jpg,0.6349154114723206,0.37309136986732483,0.27224332094192505,0.6336387395858765,0.362548828125,0.24256904423236847,0.6322277784347534,0.3620080053806305,0.2424018830060959,0.6306519508361816,0.36167415976524353,0.24240143597126007,0.6393085718154907,0.3609776794910431,0.2591114640235901,0.6420430541038513,0.35945042967796326,0.25889137387275696,0.6448332071304321,0.3581404685974121,0.25884926319122314,0.631913959980011,0.3627627193927765,0.12326103448867798,0.6534337997436523,0.3587789237499237,0.1986551582813263,0.6346129775047302,0.3805376887321472,0.2374623566865921,0.6406363248825073,0.3797753155231476,0.25749945640563965,0.6190282106399536,0.40771156549453735,0.035207707434892654,0.6983617544174194,0.42098698019981384,0.20502670109272003,0.5699885487556458,0.45047613978385925,0.10780038684606552,0.7005478739738464,0.49162566661834717,0.36280328035354614,0.5271637439727783,0.42561694979667664,0.342214435338974,0.6659505367279053,0.46656662225723267,0.5861108899116516,0.5090405344963074,0.4258847236633301,0.37152907252311707,0.6632084846496582,0.4666883647441864,0.6290127038955688,0.5081227421760559,0.41792869567871094,0.3816106617450714,0.6556585431098938,0.46120747923851013,0.6278102993965149,0.5177699327468872,0.42060503363609314,0.3551248013973236,0.6554204225540161,0.4630783200263977,0.5896610021591187,0.6278506517410278,0.6012105345726013,-0.03953857719898224,0.6750093698501587,0.6043711304664612,0.039431214332580566,0.6293468475341797,0.7409098744392395,-0.03507327660918236,0.6680958867073059,0.7446967959403992,0.036513324826955795,0.6305407285690308,0.8957347273826599,-0.08071140944957733,0.6814824342727661,0.8932288885116577,-0.002811713609844446,0.6388785243034363,0.9143094420433044,-0.08565761893987656,0.6810789108276367,0.9120444059371948,-0.007347221486270428,0.6225342154502869,0.9174655079841614,-0.11836924403905869,0.6758328676223755,0.9056628942489624,-0.040259283035993576
frame_00005.jpg,0.6331891417503357,0.372539222240448,0.2567172348499298,0.6323540210723877,0.3619208037853241,0.22694380581378937,0.6311851739883423,0.361549973487854,0.2267797887325287,0.6298936605453491,0.36128148436546326,0.22677066922187805,0.6377810835838318,0.36052563786506653,0.2422643005847931,0.6404216289520264,0.3593403100967407,0.2420981228351593,0.6430174112319946,0.3583222031593323,0.24205681681632996,0.6321640610694885,0.3628455698490143,0.11419472843408585,0.6520271301269531,0.3591192066669464,0.18278978765010834,0.6333104372024536,0.380715936422348,0.223657488822937,0.6388201713562012,0.3803068995475769,0.24194061756134033,0.6220528483390808,0.40703994035720825,0.015504060313105583,0.6958600282669067,0.4196181893348694,0.16155436635017395,0.5784978270530701,0.451144814491272,-0.00041533130570314825,0.7074450254440308,0.5014259815216064,0.05463758856058121,0.5334475636482239,0.4280785322189331,0.07118673622608185,0.6682817339897156,0.4888779819011688,-0.06576348841190338,0.5109688639640808,0.42745596170425415,0.06911864876747131,0.6616240739822388,0.4928072988986969,-0.08478882163763046,0.5124219655990601,0.41975870728492737,0.07796536386013031,0.6547409892082214,0.4824928343296051,-0.08252322673797607,0.5186284780502319,0.4223088324069977,0.07906465232372284,0.657581627368927,0.4854329228401184,-0.0703519731760025,0.6266013979911804,0.6029952764511108,-0.035787906497716904,0.6711546182632446,0.604498028755188,0.03565752133727074,0.6262050271034241,0.7457483410835266,0.008540097624063492,0.6668485403060913,0.7448493242263794,0.048935119062662125,0.6311280727386475,0.8954174518585205,-0.008659151382744312,0.6789512038230896,0.8891032338142395,0.06216435879468918,0.6389285326004028,0.9135150909423828,-0.014137926511466503,0.6774010062217712,0.9080244302749634,0.061471126973629,0.62212735414505,0.9154243469238281,-0.06116131693124771,0.6727644205093384,0.9026328921318054,0.014115458354353905
frame_00006.jpg,0.6276448965072632,0.369689404964447,0.24625718593597412,0.6278399229049683,0.35949236154556274,0.21509572863578796,0.6267800331115723,0.3592640459537506,0.21495983004570007,0.6256238222122192,0.3591349422931671,0.21498587727546692,0.6333043575286865,0.3579225540161133,0.23447386920452118,0.635924220085144,0.35678479075431824,0.23428495228290558,0.6384010910987854,0.3558511435985565,0.23427775502204895,0.6293432116508484,0.36141684651374817,0.09123390167951584,0.6470833420753479,0.35780322551727295,0.17951500415802002,0.627921998500824,0.3783068358898163,0.20914606750011444,0.6332381963729858,0.37774208188056946,0.23296836018562317,0.6240642070770264,0.40757325291633606,-0.005172025412321091,0.6921921968460083,0.41806042194366455,0.1805901825428009,0.5905941724777222,0.4608137309551239,-0.023333262652158737,0.7050001621246338,0.4941032826900482,0.3106900453567505,0.5459816455841064,0.43423765897750854,0.08286803960800171,0.6673181056976318,0.4712070822715759,0.5024750232696533,0.5267671942710876,0.4316295385360718,0.09156276285648346,0.6606506109237671,0.46337705850601196,0.538422167301178,0.5279361009597778,0.42497313022613525,0.10569411516189575,0.6557742357254028,0.46183082461357117,0.5363303422927856,0.5364902019500732,0.4279533326625824,0.09422773122787476,0.65812087059021,0.46452534198760986,0.5047552585601807,0.6244430541992188,0.6010128855705261,-0.03741074353456497,0.6687188148498535,0.604416012763977,0.03732948750257492,0.6229290962219238,0.7459192276000977,-0.04164576902985573,0.6627548933029175,0.7436224222183228,0.05900455266237259,0.6303487420082092,0.8952325582504272,-0.07125216722488403,0.6758262515068054,0.8866730332374573,0.045676954090595245,0.6406784653663635,0.9122263789176941,-0.07565530389547348,0.6761364340782166,0.9057464003562927,0.042527828365564346,0.6189776659011841,0.9178549647331238,-0.11562111228704453,0.663209080696106,0.901413083076477,0.008680599741637707
frame_00007.jpg,0.6247535943984985,0.3716420829296112,0.24555058777332306,0.6253610849380493,0.3608155846595764,0.21450607478618622,0.6244715452194214,0.3603801429271698,0.2143733948469162,0.6234745979309082,0.36001917719841003,0.21440374851226807,0.6304506063461304,0.35935500264167786,0.23489253222942352,0.6330043077468872,0.3579549491405487,0.2347070276737213,0.6354373693466187,0.35675352811813354,0.23470032215118408,0.6281684637069702,0.36154526472091675,0.08946720510721207,0.6442769765853882,0.3577476143836975,0.1826852411031723,0.625163733959198,0.37933236360549927,0.20795071125030518,0.6300641298294067,0.37869933247566223,0.23311308026313782,0.6255236268043518,0.4082742929458618,-0.008805250748991966,0.6911092400550842,0.41714054346084595,0.1820019781589508,0.5957359671592712,0.4688512682914734,-0.027180060744285583,0.7067520618438721,0.48745402693748474,0.3015705943107605,0.552524745464325,0.438395619392395,0.08096015453338623,0.6683945655822754,0.4639737010002136,0.46963709592819214,0.535085141658783,0.4334939122200012,0.09047064930200577,0.6624925136566162,0.455069363117218,0.5009883642196655,0.5380475521087646,0.4268077611923218,0.10371352732181549,0.6589082479476929,0.45206937193870544,0.4987121522426605,0.5453185439109802,0.4295402467250824,0.09211515635251999,0.6607191562652588,0.4567274749279022,0.47092312574386597,0.6233078241348267,0.6000632643699646,-0.04440785199403763,0.6662865877151489,0.6040016412734985,0.044330064207315445,0.623246967792511,0.7481544613838196,-0.04833628237247467,0.6605912446975708,0.7447489500045776,0.06048434227705002,0.6287745237350464,0.8981752991676331,-0.08145199716091156,0.6752765774726868,0.886642575263977,0.044485799968242645,0.6400102972984314,0.914958119392395,-0.08652674406766891,0.6763162612915039,0.9056130647659302,0.04139900207519531,0.615512490272522,0.9185618758201599,-0.12974733114242554,0.6580715775489807,0.9015583395957947,0.010277424938976765
frame_00008.jpg,0.6233048439025879,0.37324094772338867,0.24177491664886475,0.6240711808204651,0.3620092570781708,0.211183100938797,0.6233571767807007,0.3614468276500702,0.21105769276618958,0.6225525736808777,0.3609621226787567,0.2111007273197174,0.6289934515953064,0.3606787919998169,0.2317313402891159,0.631536602973938,0.35918644070625305,0.231528639793396,0.6339523196220398,0.35784050822257996,0.23151664435863495,0.6280113458633423,0.3624482750892639,0.0890190452337265,0.6426783800125122,0.3586033880710602,0.182654470205307,0.6238443851470947,0.38053804636001587,0.20521728694438934,0.6284285187721252,0.3799581527709961,0.23045840859413147,0.6267845034599304,0.4105363190174103,-0.0035471892915666103,0.6916950345039368,0.41636115312576294,0.18496011197566986,0.5980436205863953,0.4724304974079132,0.00874354224652052,0.7081208229064941,0.48401352763175964,0.30779972672462463,0.5568212270736694,0.4403582513332367,0.1631927341222763,0.6686052083969116,0.46286118030548096,0.4818107485771179,0.5401130318641663,0.4345707595348358,0.1810551881790161,0.6625645160675049,0.45567113161087036,0.5153223276138306,0.5438991785049438,0.42766761779785156,0.19271647930145264,0.658697247505188,0.4542147219181061,0.5132787227630615,0.5510966181755066,0.43065568804740906,0.17500528693199158,0.6606248021125793,0.45708316564559937,0.4833451211452484,0.6231809854507446,0.5999711155891418,-0.04692260921001434,0.6667560338973999,0.6034327149391174,0.04685099795460701,0.6230229735374451,0.7497143149375916,-0.041507869958877563,0.6610209345817566,0.7452408671379089,0.0602760910987854,0.6273143887519836,0.9000343084335327,-0.07387450337409973,0.6753746271133423,0.888233482837677,0.03493097424507141,0.6373419165611267,0.9174512028694153,-0.0787687823176384,0.6763235926628113,0.9069854021072388,0.03112548030912876,0.6138761043548584,0.9194454550743103,-0.11778239160776138,0.6567554473876953,0.9014481902122498,0.004818509332835674
frame_00009.jpg,0.6223987340927124,0.3725128471851349,0.2568511664867401,0.6236695051193237,0.36143702268600464,0.22644487023353577,0.6231648325920105,0.3609142005443573,0.2263222485780716,0.6225529909133911,0.3605025112628937,0.22635746002197266,0.6281391978263855,0.36024343967437744,0.24578794836997986,0.6306461691856384,0.3588397204875946,0.24559321999549866,0.6330641508102417,0.35755446553230286,0.2455778419971466,0.6284272074699402,0.3622411787509918,0.10266654193401337,0.6420860290527344,0.35837322473526,0.19121721386909485,0.6236228346824646,0.3802052438259125,0.21952906250953674,0.6278759241104126,0.3795105516910553,0.243279367685318,0.6277104616165161,0.41309115290641785,0.007790394127368927,0.6919326782226562,0.4161330461502075,0.1829974353313446,0.6034087538719177,0.4746178686618805,-0.004853465128690004,0.7104845643043518,0.4798528850078583,0.2909620702266693,0.5625385046005249,0.44149377942085266,0.10471141338348389,0.6716594696044922,0.45746517181396484,0.4524717330932617,0.5476592779159546,0.43566828966140747,0.11544245481491089,0.6656707525253296,0.4493640065193176,0.4824620187282562,0.5509111285209656,0.42809998989105225,0.1271885633468628,0.6616822481155396,0.44810551404953003,0.48100385069847107,0.5572313070297241,0.43095317482948303,0.11519056558609009,0.663667619228363,0.4515952467918396,0.4538205564022064,0.6242173910140991,0.59986412525177,-0.04843463376164436,0.6693177223205566,0.6030539870262146,0.04835046827793121,0.6242982149124146,0.7513328790664673,-0.042314764112234116,0.662192702293396,0.746060311794281,0.05739797279238701,0.6263870000839233,0.9024801850318909,-0.07217094302177429,0.6751300096511841,0.8884294033050537,0.03534822538495064,0.6355048418045044,0.9209914803504944,-0.07680289447307587,0.6761489510536194,0.9070773720741272,0.03205163776874542,0.6137228012084961,0.9212718605995178,-0.11771681159734726,0.6574243903160095,0.9015790820121765,0.004244586918503046
frame_00010.jpg,0.6251851916313171,0.3687227964401245,0.24456186592578888,0.6262398362159729,0.35780853033065796,0.21550026535987854,0.6252026557922363,0.35785529017448425,0.21536007523536682,0.624123215675354,0.3580324053764343,0.21537744998931885,0.6318873167037964,0.3555857837200165,0.23141741752624512,0.6345254778862,0.35439974069595337,0.23123309016227722,0.6370077729225159,0.35347068309783936,0.2312108725309372,0.6285497546195984,0.3604435324668884,0.09763014316558838,0.6448119878768921,0.3563729524612427,0.17272105813026428,0.625594973564148,0.37806436419487,0.20929768681526184,0.6311728358268738,0.3767109811306,0.22858300805091858,0.6272438764572144,0.41516435146331787,0.009140480309724808,0.6919804811477661,0.4158758223056793,0.15840637683868408,0.6049288511276245,0.4747925102710724,0.012284675613045692,0.711308479309082,0.47806206345558167,0.20948466658592224,0.5680610537528992,0.4435631334781647,0.11683312803506851,0.6758103966712952,0.4517406225204468,0.31349509954452515,0.5542195439338684,0.43886324763298035,0.1270739585161209,0.669914722442627,0.4445745348930359,0.33196425437927246,0.5571589469909668,0.43032175302505493,0.1349107027053833,0.6671555042266846,0.4422985315322876,0.33749082684516907,0.5627762675285339,0.43232762813568115,0.12537607550621033,0.6689411997795105,0.44586822390556335,0.3163122534751892,0.6258963942527771,0.6020441651344299,-0.04501119256019592,0.6702526807785034,0.6037318706512451,0.04490629956126213,0.6253488659858704,0.7545243501663208,-0.026595884934067726,0.662091851234436,0.7481111884117126,0.06039585918188095,0.6252472400665283,0.9033742547035217,-0.04030723124742508,0.6739214658737183,0.8881444334983826,0.05137664079666138,0.6338825225830078,0.9205979704856873,-0.04273601621389389,0.6756303310394287,0.9064311385154724,0.04903004318475723,0.613595724105835,0.9256963729858398,-0.07443223893642426,0.6563303470611572,0.9037765264511108,0.023280886933207512
frame_00011.jpg,0.6263896226882935,0.36620453000068665,0.24092265963554382,0.6270171999931335,0.35572898387908936,0.21087653934955597,0.6257749199867249,0.3558841645717621,0.21072110533714294,0.6244785189628601,0.35619762539863586,0.21073026955127716,0.6328844428062439,0.35331180691719055,0.22536590695381165,0.6355364918708801,0.35213401913642883,0.2251686155796051,0.6380031108856201,0.35121339559555054,0.2251637876033783,0.6284268498420715,0.35879749059677124,0.08988138288259506,0.6454606652259827,0.3545556366443634,0.17124085128307343,0.6265784502029419,0.3757617771625519,0.2048250436782837,0.6325962543487549,0.3741980195045471,0.22239716351032257,0.6261135339736938,0.41454145312309265,0.01168087963014841,0.6928353905677795,0.41553011536598206,0.14688965678215027,0.602197527885437,0.47799381613731384,0.03334593400359154,0.7103288173675537,0.4802305996417999,0.21547618508338928,0.5684096813201904,0.4433067739009857,0.1588437408208847,0.6768038272857666,0.45017823576927185,0.32952362298965454,0.5558687448501587,0.43779537081718445,0.17110542953014374,0.6732287406921387,0.4419134855270386,0.3493322730064392,0.5588185787200928,0.4287623465061188,0.1771489679813385,0.6701949238777161,0.4391844868659973,0.35143232345581055,0.5640745759010315,0.43068307638168335,0.16682854294776917,0.6710989475250244,0.44345077872276306,0.331687331199646,0.6279981136322021,0.6034154295921326,-0.03995770215988159,0.6716981530189514,0.6045533418655396,0.03985188156366348,0.6266293525695801,0.7573426961898804,-0.0267778392881155,0.6623973250389099,0.7496132254600525,0.06177646666765213,0.624739944934845,0.9065605401992798,-0.045309506356716156,0.6714783906936646,0.8887336850166321,0.0574655644595623,0.6327356100082397,0.9245302081108093,-0.049330975860357285,0.6734771132469177,0.907392680644989,0.05564021319150925,0.6126251220703125,0.9260684251785278,-0.07688595354557037,0.6549352407455444,0.903998613357544,0.029166966676712036
frame_00012.jpg,0.6301490068435669,0.3661251664161682,0.2580915689468384,0.6287935972213745,0.35590317845344543,0.2279704064130783,0.627070426940918,0.3560101389884949,0.22780904173851013,0.6254143118858337,0.3562762141227722,0.22781476378440857,0.6356550455093384,0.3535855710506439,0.24007673561573029,0.6384509205818176,0.35240423679351807,0.2398715764284134,0.6411035060882568,0.35147178173065186,0.23986653983592987,0.6285367012023926,0.3590244650840759,0.1042882651090622,0.6481202840805054,0.3548419773578644,0.16549678146839142,0.6295293569564819,0.37568140029907227,0.22160100936889648,0.6365184783935547,0.37421613931655884,0.23594951629638672,0.6254514455795288,0.4146837592124939,0.033181753009557724,0.6936582326889038,0.4162035286426544,0.14835937321186066,0.6000291705131531,0.4760293662548065,0.1010400652885437,0.7095195651054382,0.4800790846347809,0.25946059823036194,0.5687249302864075,0.4412882626056671,0.29928869009017944,0.6822956800460815,0.44827190041542053,0.4375452995300293,0.5574206709861755,0.4357351064682007,0.3252350389957428,0.680892288684845,0.43736985325813293,0.4673437178134918,0.5603326559066772,0.4273902475833893,0.3300076127052307,0.6762524843215942,0.4346964955329895,0.47090858221054077,0.5654655694961548,0.4295195937156677,0.30864518880844116,0.6738837957382202,0.4422958195209503,0.44176238775253296,0.6303624510765076,0.6034882068634033,-0.03553750738501549,0.6737789511680603,0.6048727035522461,0.03545188158750534,0.6281928420066833,0.7556912302970886,-0.022184547036886215,0.661080002784729,0.7488769292831421,0.061751265078783035,0.6261011362075806,0.9045831561088562,-0.048824507743120193,0.6677325963973999,0.8885027170181274,0.05306767299771309,0.6332034468650818,0.9228996634483337,-0.053626783192157745,0.6700040102005005,0.9077489972114563,0.051540542393922806,0.6136404275894165,0.9243502020835876,-0.08331643790006638,0.6531984806060791,0.9038000106811523,0.029451478272676468
frame_00013.jpg,0.6320475339889526,0.3660356402397156,0.25924772024154663,0.6306271553039551,0.3558310270309448,0.22781947255134583,0.628665566444397,0.3559335172176361,0.2276575267314911,0.6268293857574463,0.35619056224823,0.22766247391700745,0.6377269625663757,0.35355475544929504,0.24198345839977264,0.6405366659164429,0.3523809015750885,0.24178138375282288,0.6432063579559326,0.3514523208141327,0.2417905330657959,0.6293021440505981,0.35906216502189636,0.100594162940979,0.6500765085220337,0.35491734743118286,0.16589713096618652,0.6307555437088013,0.3756232261657715,0.2214251458644867,0.6379584074020386,0.3741568326950073,0.238374263048172,0.6249141097068787,0.4145441949367523,0.019705910235643387,0.6929961442947388,0.416632741689682,0.1620536744594574,0.6010361909866333,0.4725732207298279,0.07543780654668808,0.7103253602981567,0.4824768006801605,0.2954426407814026,0.5721396207809448,0.44193166494369507,0.26808348298072815,0.681867241859436,0.4487265944480896,0.4804483950138092,0.5612887144088745,0.43606001138687134,0.2911074161529541,0.6810067296028137,0.43664681911468506,0.512788712978363,0.5643861293792725,0.4282056987285614,0.297356516122818,0.6769593358039856,0.43397676944732666,0.512604832649231,0.5696245431900024,0.4301441013813019,0.27789968252182007,0.6752724647521973,0.44106319546699524,0.48312926292419434,0.6323888301849365,0.6037553548812866,-0.03846552222967148,0.6754698753356934,0.605137825012207,0.038351431488990784,0.629425585269928,0.7550656199455261,-0.022264011204242706,0.6598498225212097,0.7484353184700012,0.05802174657583237,0.6271787881851196,0.9034632444381714,-0.047743115574121475,0.6603410243988037,0.889496922492981,0.048757173120975494,0.6338738203048706,0.9225026965141296,-0.05217374488711357,0.6631850004196167,0.9105202555656433,0.04743759706616402,0.6129320859909058,0.9233993291854858,-0.08296682685613632,0.6480422616004944,0.9049119353294373,0.028688859194517136
frame_00014.jpg,0.635608434677124,0.36572033166885376,0.2490067034959793,0.6340789794921875,0.35561951994895935,0.21768490970134735,0.6318837404251099,0.3558206558227539,0.2175256907939911,0.6297785043716431,0.356160044670105,0.21753935515880585,0.6417246460914612,0.35301095247268677,0.23162062466144562,0.6445645689964294,0.3518073260784149,0.23141130805015564,0.6470973491668701,0.35090893507003784,0.23140820860862732,0.6319042444229126,0.3590221405029297,0.09349249303340912,0.6534956693649292,0.3548837900161743,0.15286019444465637,0.6340805292129517,0.37531140446662903,0.21231305599212646,0.6417694091796875,0.3739752173423767,0.22897028923034668,0.6254269480705261,0.41418659687042236,0.01714489795267582,0.6951435208320618,0.4170342683792114,0.1514681577682495,0.5994428396224976,0.4714583158493042,0.09106825292110443,0.7118380665779114,0.4849361479282379,0.2819978594779968,0.5724090337753296,0.44040679931640625,0.3008900582790375,0.6818278431892395,0.45284464955329895,0.47262924909591675,0.5624352097511292,0.43496644496917725,0.3282943665981293,0.6788597106933594,0.4411264657974243,0.5059623122215271,0.5663338303565979,0.4271790385246277,0.3314755856990814,0.674922525882721,0.438357412815094,0.5053365230560303,0.5717129111289978,0.42887571454048157,0.3098023533821106,0.6741822361946106,0.4457918107509613,0.4755222201347351,0.6340159177780151,0.6041519641876221,-0.03770191967487335,0.6762265563011169,0.6057900786399841,0.03763580322265625,0.6306362748146057,0.7548032999038696,-0.02238127402961254,0.6597082018852234,0.7459113001823425,0.04660341143608093,0.6284639835357666,0.9022766351699829,-0.047769296914339066,0.6593108773231506,0.8884647488594055,0.04262019693851471,0.6346646547317505,0.9216496348381042,-0.052037227898836136,0.6623615026473999,0.90999835729599,0.04197113960981369,0.61271733045578,0.9221824407577515,-0.08463849127292633,0.6459054946899414,0.9024659991264343,0.024556711316108704
frame_00015.jpg,0.6410409808158875,0.36123329401016235,0.21403968334197998,0.6385316252708435,0.3524741530418396,0.18372498452663422,0.6361299753189087,0.35317036509513855,0.18356981873512268,0.6338631510734558,0.35401126742362976,0.18357764184474945,0.646460771560669,0.3493601679801941,0.19387683272361755,0.649092435836792,0.3483448624610901,0.19366008043289185,0.6515350341796875,0.34758278727531433,0.19363881647586823,0.6351815462112427,0.3583078980445862,0.06861306726932526,0.657490611076355,0.353403776884079,0.114925816655159,0.6385301947593689,0.37227192521095276,0.18111297488212585,0.6472553014755249,0.3706522285938263,0.19259627163410187,0.6256698369979858,0.4139833450317383,0.0030895150266587734,0.6961811780929565,0.4170544445514679,0.1084756851196289,0.5958734750747681,0.4705055356025696,0.06901990622282028,0.7157960534095764,0.4836392402648926,0.18826667964458466,0.5743441581726074,0.4385830760002136,0.2536727786064148,0.6873767971992493,0.4517042338848114,0.3101638853549957,0.5658126473426819,0.4331139028072357,0.27582335472106934,0.6840550303459167,0.4401992857456207,0.33012881875038147,0.5709670782089233,0.4262561798095703,0.2753186523914337,0.679294228553772,0.43781059980392456,0.3287634551525116,0.5766812562942505,0.42811793088912964,0.2601533532142639,0.6791270971298218,0.44437652826309204,0.3108668923377991,0.6327860355377197,0.6041656136512756,-0.034667495638132095,0.6750284433364868,0.6057720184326172,0.03462115302681923,0.6304861307144165,0.753704309463501,-0.021950339898467064,0.6592527031898499,0.7451028823852539,0.030453931540250778,0.6281248927116394,0.8999508619308472,-0.0388544425368309,0.6574074029922485,0.8877655267715454,0.029186531901359558,0.6341519951820374,0.9183053374290466,-0.042200274765491486,0.6600228548049927,0.9091249108314514,0.02819981798529625,0.6137571930885315,0.9208363890647888,-0.07483638823032379,0.6454411149024963,0.9018644094467163,0.0036445031873881817
frame_00016.jpg,0.6483122706413269,0.35990428924560547,0.20578829944133759,0.6458307504653931,0.35070154070854187,0.17557574808597565,0.6435565948486328,0.3515675663948059,0.17542621493339539,0.6411629915237427,0.35261204838752747,0.1754278838634491,0.653283953666687,0.3474528193473816,0.1858109086751938,0.6559387445449829,0.3464917838573456,0.18558815121650696,0.6585521697998047,0.3458048403263092,0.18552401661872864,0.6403700113296509,0.35770851373672485,0.06548729538917542,0.664848804473877,0.352559894323349,0.1111181378364563,0.646178126335144,0.3716466724872589,0.17439016699790955,0.6541589498519897,0.37007734179496765,0.18580783903598785,0.6269155740737915,0.41382840275764465,-0.006774205714464188,0.699554979801178,0.4188986122608185,0.08814974874258041,0.5880929231643677,0.46892741322517395,0.05956513434648514,0.7251223921775818,0.48505961894989014,0.04307734966278076,0.582567036151886,0.4371563792228699,0.2282063215970993,0.6942138075828552,0.45157763361930847,0.01270134188234806,0.5755937695503235,0.43244487047195435,0.24924787878990173,0.6877933740615845,0.44091054797172546,0.008707268163561821,0.5834542512893677,0.424736350774765,0.24533382058143616,0.6835207343101501,0.43783506751060486,0.011679551564157009,0.5883721709251404,0.4270987808704376,0.23304018378257751,0.6841379404067993,0.4440409243106842,0.01108139380812645,0.6319195032119751,0.6041094064712524,-0.03359965980052948,0.6740084886550903,0.6056885123252869,0.03353055939078331,0.6307017803192139,0.7496070861816406,-0.013710848987102509,0.6589723229408264,0.7432096600532532,0.0246109776198864,0.6286653280258179,0.8962982892990112,-0.02562764845788479,0.6567226648330688,0.886060357093811,0.02204051800072193,0.63455730676651,0.9155963659286499,-0.028665170073509216,0.6593915224075317,0.9068136215209961,0.020776746794581413,0.6138914823532104,0.9165008664131165,-0.05518267676234245,0.6437531113624573,0.90162593126297,0.0005004518898203969
frame_00017.jpg,0.6485122442245483,0.3597300350666046,0.20988695323467255,0.6462651491165161,0.3502378761768341,0.1796213835477829,0.6439077258110046,0.351118266582489,0.1794699728488922,0.6415344476699829,0.352181613445282,0.17947342991828918,0.6536508798599243,0.3470619320869446,0.1911109983921051,0.6563262939453125,0.34612172842025757,0.19088713824748993,0.6588401198387146,0.3454415500164032,0.1908239722251892,0.6416096091270447,0.3575489819049835,0.06796395033597946,0.6654001474380493,0.3522307574748993,0.11931838095188141,0.6462870836257935,0.3715798556804657,0.17783690989017487,0.6542192101478577,0.369987428188324,0.19098582863807678,0.6283717155456543,0.41427895426750183,-0.0065560536459088326,0.7010737657546997,0.4201415777206421,0.09758776426315308,0.584978461265564,0.46870115399360657,0.07262326776981354,0.7301212549209595,0.48488649725914,0.07704159617424011,0.584991455078125,0.4363742470741272,0.26234784722328186,0.7005519270896912,0.4514075517654419,0.08109719306230545,0.5809152126312256,0.4312761723995209,0.288207471370697,0.6958884000778198,0.4477553963661194,0.08339477330446243,0.5870137810707092,0.42430439591407776,0.28183692693710327,0.6908584833145142,0.43819043040275574,0.08609054982662201,0.5915542840957642,0.4273052215576172,0.26679176092147827,0.6913026571273804,0.44424334168434143,0.0803271159529686,0.6314026117324829,0.6030431389808655,-0.03490697592496872,0.6738253831863403,0.6044411063194275,0.03483361750841141,0.6311331987380981,0.7467707395553589,-0.014203397557139397,0.6588868498802185,0.7405768632888794,0.02624834142625332,0.6289690732955933,0.8944959044456482,-0.0384022556245327,0.6564399600028992,0.8851518034934998,0.014909597113728523,0.6346954703330994,0.9146562814712524,-0.04238298162817955,0.6589354276657104,0.9057976603507996,0.012749781832098961,0.6139239072799683,0.9126145839691162,-0.06532419472932816,0.6436789035797119,0.8995285034179688,-0.004756493028253317
frame_00018.jpg,0.6493473649024963,0.3597087264060974,0.2122737616300583,0.6472195386886597,0.35022205114364624,0.1820172220468521,0.6448796391487122,0.3510545492172241,0.18186601996421814,0.6425628066062927,0.35208749771118164,0.1818784773349762,0.6545128226280212,0.3471587896347046,0.1947236806154251,0.6571958661079407,0.3462047278881073,0.19449260830879211,0.6596590280532837,0.3454968333244324,0.19443848729133606,0.6428300738334656,0.3574821650981903,0.06877580285072327,0.6663060784339905,0.3520555794239044,0.12546639144420624,0.6470328569412231,0.3713539242744446,0.17961721122264862,0.6546955108642578,0.36982452869415283,0.19430610537528992,0.6298271417617798,0.41485562920570374,-0.006309079937636852,0.7018903493881226,0.4207223057746887,0.10413897037506104,0.5837711691856384,0.469967246055603,0.08848223835229874,0.7327908277511597,0.4841879904270172,0.22288255393505096,0.5877763032913208,0.43663856387138367,0.32480642199516296,0.7032108306884766,0.45109236240386963,0.38549932837486267,0.5844556093215942,0.43049007654190063,0.3579811453819275,0.7002950310707092,0.4434182941913605,0.4154360890388489,0.5922414064407349,0.4248187243938446,0.35476914048194885,0.6949282884597778,0.4376744031906128,0.41598859429359436,0.5943246483802795,0.4281843900680542,0.33163803815841675,0.6942896246910095,0.4437868893146515,0.3881356120109558,0.631219744682312,0.599868893623352,-0.03856987506151199,0.6734305620193481,0.6028533577919006,0.03854626417160034,0.6313013434410095,0.7448304891586304,-0.03477241471409798,0.6587406992912292,0.7389973402023315,0.031922951340675354,0.6287039518356323,0.892203152179718,-0.07032327353954315,0.6561776995658875,0.8840001821517944,0.006228662561625242,0.6346069574356079,0.9127803444862366,-0.07432468235492706,0.6585046052932739,0.9044949412345886,0.00289432005956769,0.613747239112854,0.9117608666419983,-0.09070230275392532,0.6437236070632935,0.8983622193336487,-0.011580437421798706
frame_00019.jpg,0.6481088399887085,0.35941335558891296,0.193167582154274,0.6461896300315857,0.3497037887573242,0.16237518191337585,0.6438968777656555,0.35052770376205444,0.16222137212753296,0.6416969299316406,0.3515531122684479,0.16223111748695374,0.6537525057792664,0.3463699519634247,0.17752543091773987,0.6564034223556519,0.34523341059684753,0.17727813124656677,0.6588533520698547,0.34433820843696594,0.1771947294473648,0.6429361701011658,0.35702764987945557,0.04798400029540062,0.6653097867965698,0.3496342897415161,0.1157369613647461,0.6456509828567505,0.3712318539619446,0.1599670946598053,0.6533294916152954,0.36942222714424133,0.17790523171424866,0.6309342384338379,0.4149908125400543,-0.029259134083986282,0.7044786214828491,0.42063432931900024,0.11054366827011108,0.5827913880348206,0.47646334767341614,0.07964608818292618,0.738018810749054,0.4836702048778534,0.2108561098575592,0.5921048521995544,0.43766868114471436,0.2850935757160187,0.7072910070419312,0.44750529527664185,0.32630160450935364,0.5903362035751343,0.43024805188179016,0.3148045241832733,0.702295184135437,0.4349912405014038,0.3469037413597107,0.5975630283355713,0.4257793128490448,0.31104418635368347,0.697023868560791,0.4331168532371521,0.3470448851585388,0.6003578305244446,0.4298044443130493,0.2912250757217407,0.6973883509635925,0.4391832649707794,0.3273039758205414,0.6309441328048706,0.5991304516792297,-0.04519214481115341,0.67301344871521,0.601943850517273,0.0451640747487545,0.6318914890289307,0.7444365620613098,-0.03271188959479332,0.6587191224098206,0.7374858260154724,0.04191077500581741,0.6293545961380005,0.8908787369728088,-0.05703119561076164,0.6557907462120056,0.8835329413414001,0.01531307864934206,0.6351010799407959,0.9127386808395386,-0.05674346163868904,0.6582471132278442,0.9043495655059814,0.012761796824634075,0.6139646768569946,0.9119860529899597,-0.0639854297041893,0.6437853574752808,0.8986985087394714,0.014689798466861248
frame_00020.jpg,0.6504303216934204,0.35694772005081177,0.22279684245586395,0.648060142993927,0.34735122323036194,0.19300705194473267,0.6455233097076416,0.34805312752723694,0.19286313652992249,0.6431708931922913,0.34890666604042053,0.19287337362766266,0.6559587717056274,0.3444385230541229,0.2043718546628952,0.6585923433303833,0.34347572922706604,0.20409946143627167,0.6609817743301392,0.34270861744880676,0.20398780703544617,0.6441382169723511,0.35468778014183044,0.07489891350269318,0.6668984889984131,0.3478292226791382,0.1249789148569107,0.6472306251525879,0.36896631121635437,0.18824148178100586,0.6550456285476685,0.3670429587364197,0.20128698647022247,0.631753146648407,0.41490256786346436,0.004794525448232889,0.7073107957839966,0.4205191433429718,0.11496774852275848,0.5834700465202332,0.47470980882644653,0.11364450305700302,0.7449848055839539,0.48334556818008423,0.22053270041942596,0.5901706218719482,0.4374884068965912,0.36074596643447876,0.7179630994796753,0.4441338777542114,0.3969731330871582,0.5868397355079651,0.42991718649864197,0.39863666892051697,0.7130813598632812,0.4301164746284485,0.427168071269989,0.5954861044883728,0.42533060908317566,0.39382708072662354,0.7075290083885193,0.42975765466690063,0.4306689202785492,0.5976358652114868,0.42919132113456726,0.367098331451416,0.7085559368133545,0.4354996979236603,0.40116745233535767,0.6322410106658936,0.5966247320175171,-0.04267697036266327,0.6758197546005249,0.6014300584793091,0.04264501482248306,0.6331272721290588,0.7432321310043335,-0.03978994861245155,0.6596410274505615,0.735646665096283,0.042235974222421646,0.6301242709159851,0.8913170099258423,-0.08550848066806793,0.6558214426040649,0.8830776214599609,0.022018995136022568,0.636702835559845,0.9147079586982727,-0.09010914713144302,0.6583443880081177,0.9041448831558228,0.01997547037899494,0.6139568090438843,0.911028265953064,-0.10375794023275375,0.6438044309616089,0.8966557383537292,0.017404519021511078
frame_00021.jpg,0.6498296856880188,0.35533666610717773,0.2289808988571167,0.6473509073257446,0.3461604416370392,0.19958272576332092,0.6449032425880432,0.3468032777309418,0.199436753988266,0.6426268815994263,0.34756597876548767,0.1994590163230896,0.6554524302482605,0.3433452844619751,0.21041901409626007,0.6581254005432129,0.34235280752182007,0.2101525068283081,0.6605987548828125,0.3415146470069885,0.21005626022815704,0.643987774848938,0.35348665714263916,0.08310071378946304,0.6666278839111328,0.34554576873779297,0.12955418229103088,0.6469983458518982,0.36726123094558716,0.19514131546020508,0.6550391912460327,0.36538878083229065,0.20748189091682434,0.6313484907150269,0.41474783420562744,0.017702041193842888,0.7106107473373413,0.4200073480606079,0.11720390617847443,0.5829560160636902,0.47213470935821533,0.13014492392539978,0.747611403465271,0.4832330346107483,0.23693959414958954,0.588113009929657,0.43785491585731506,0.37890851497650146,0.7164434194564819,0.44353026151657104,0.4317815899848938,0.5843028426170349,0.42987576127052307,0.41671472787857056,0.7119659781455994,0.43208006024360657,0.46443548798561096,0.5923528075218201,0.42520570755004883,0.4110952317714691,0.7054954767227173,0.4296874701976776,0.4651179909706116,0.5941471457481384,0.42892563343048096,0.38496533036231995,0.7071284055709839,0.4351769685745239,0.4353014826774597,0.6349688768386841,0.596549391746521,-0.03825398162007332,0.6782301664352417,0.6014226675033569,0.03821853548288345,0.6330634355545044,0.7410944700241089,-0.035334713757038116,0.66044682264328,0.7352489233016968,0.04140085726976395,0.6298924088478088,0.8888306021690369,-0.07492563873529434,0.6555682420730591,0.8810642957687378,0.025096574798226357,0.6364315748214722,0.9123764038085938,-0.07979486882686615,0.6579704880714417,0.9020718336105347,0.023322395980358124,0.612978994846344,0.9049917459487915,-0.0866331160068512,0.6431391835212708,0.8953434228897095,0.017965644598007202
frame_00022.jpg,0.6508468985557556,0.3508845865726471,0.21224598586559296,0.6477693915367126,0.34257692098617554,0.18398742377758026,0.6451228857040405,0.34300824999809265,0.18384616076946259,0.6427054405212402,0.343533992767334,0.18386714160442352,0.6563972234725952,0.3403083086013794,0.19085636734962463,0.6591314077377319,0.33941295742988586,0.1905963122844696,0.6617355346679688,0.3385809361934662,0.1905154138803482,0.6437048316001892,0.34972813725471497,0.07403156906366348,0.6675753593444824,0.3423241674900055,0.1054370179772377,0.6475472450256348,0.3624057471752167,0.18080614507198334,0.6561597585678101,0.3610507845878601,0.18800488114356995,0.6292394399642944,0.4142007827758789,0.011763184331357479,0.7086744904518127,0.4185570478439331,0.08460358530282974,0.5784559845924377,0.47111624479293823,0.10778398811817169,0.7473725080490112,0.4821029305458069,0.18735012412071228,0.586703896522522,0.43867766857147217,0.3205142617225647,0.7178078293800354,0.440837562084198,0.3717065751552582,0.582983136177063,0.43031325936317444,0.35163119435310364,0.7145621180534363,0.43233969807624817,0.3952755331993103,0.5900346636772156,0.42578640580177307,0.34670016169548035,0.7078646421432495,0.4274057149887085,0.3956855535507202,0.591903805732727,0.42928546667099,0.3259052038192749,0.7092331647872925,0.4329339563846588,0.3728730082511902,0.6346352100372314,0.5962182283401489,-0.028947671875357628,0.6783738732337952,0.6012325286865234,0.02890644036233425,0.6317897439002991,0.738710343837738,-0.025057826191186905,0.6617934107780457,0.7348200678825378,0.010965235531330109,0.6295417547225952,0.8864024877548218,-0.04280444607138634,0.6547799706459045,0.8806414008140564,-0.008010635152459145,0.6356431245803833,0.9085618257522583,-0.0450582355260849,0.6567820906639099,0.9014063477516174,-0.01024775393307209,0.6129712462425232,0.9023041129112244,-0.058258943259716034,0.6416856050491333,0.8955276608467102,-0.02369757555425167
frame_00023.jpg,0.654666543006897,0.3498375713825226,0.23678824305534363,0.6510199308395386,0.341813862323761,0.21036747097969055,0.6477926969528198,0.3421848714351654,0.21021488308906555,0.6448426246643066,0.3426843285560608,0.21022817492485046,0.659932017326355,0.34009626507759094,0.2144472301006317,0.6627407073974609,0.33942800760269165,0.21419759094715118,0.6653071045875549,0.3387793302536011,0.214115172624588,0.6445270776748657,0.34879857301712036,0.10332886874675751,0.6710566878318787,0.3430020213127136,0.11431851238012314,0.6502299904823303,0.3613494336605072,0.20619633793830872,0.6598413586616516,0.3604932427406311,0.20953938364982605,0.6268302202224731,0.41353264451026917,0.0419016070663929,0.7074417471885681,0.4185156524181366,0.09684127569198608,0.5735474824905396,0.46645501255989075,0.15086793899536133,0.7462687492370605,0.48182955384254456,0.19220632314682007,0.5860351920127869,0.43430614471435547,0.376800000667572,0.7202988862991333,0.43546628952026367,0.3836619555950165,0.5816442370414734,0.42490527033805847,0.4120679497718811,0.7173610925674438,0.423117995262146,0.41133183240890503,0.5887995362281799,0.42093613743782043,0.40533652901649475,0.7105037569999695,0.42168721556663513,0.41458192467689514,0.5906557440757751,0.4246157705783844,0.3815147876739502,0.7117353677749634,0.4267258048057556,0.387786328792572,0.6355516910552979,0.5952268838882446,-0.021949127316474915,0.6800846457481384,0.6005859971046448,0.0219251811504364,0.630860447883606,0.7353098392486572,-0.005098371300846338,0.6622940301895142,0.734018087387085,0.0007115518092177808,0.6288665533065796,0.8787923455238342,-0.013478958979249,0.6545983552932739,0.8772458434104919,-0.01857171207666397,0.6339089274406433,0.8990895748138428,-0.014683118090033531,0.656394362449646,0.8961458802223206,-0.02046990767121315,0.6128929257392883,0.8948249220848083,-0.025949275121092796,0.6383899450302124,0.8946576714515686,-0.032107867300510406
frame_00024.jpg,0.6556459069252014,0.34763994812965393,0.23782236874103546,0.6520472764968872,0.3396534323692322,0.21205241978168488,0.6487281322479248,0.3399607539176941,0.21190722286701202,0.6456648111343384,0.3404442369937897,0.21191143989562988,0.6608644723892212,0.3385182321071625,0.21610715985298157,0.6636496782302856,0.3381032943725586,0.2158602476119995,0.666183352470398,0.3376612961292267,0.21577778458595276,0.6448754668235779,0.3473304212093353,0.10774843394756317,0.6717175245285034,0.34288108348846436,0.11559959501028061,0.6509960889816284,0.3591407537460327,0.20777055621147156,0.6605623960494995,0.3588739335536957,0.2111915647983551,0.624587893486023,0.41286149621009827,0.04231533780694008,0.7067591547966003,0.41870835423469543,0.09552238881587982,0.5681596994400024,0.462433785200119,0.13979579508304596,0.7473618388175964,0.4807998239994049,0.18203449249267578,0.5831078290939331,0.43104487657546997,0.34631961584091187,0.719636082649231,0.4355376362800598,0.3734108805656433,0.5808899998664856,0.4205857217311859,0.3777916729450226,0.7145676016807556,0.4292011559009552,0.3946393132209778,0.5878139734268188,0.4180172383785248,0.3703065812587738,0.7080290913581848,0.42240074276924133,0.3975089490413666,0.5905131101608276,0.4214107096195221,0.3500102162361145,0.7095364332199097,0.4272534251213074,0.37506479024887085,0.6370362639427185,0.5946380496025085,-0.02017572708427906,0.6826095581054688,0.5988213419914246,0.020118147134780884,0.63078773021698,0.7293357253074646,-0.010782099328935146,0.665122389793396,0.7298230528831482,-0.0029722636099904776,0.6291176676750183,0.8719131350517273,-0.014701394364237785,0.6553670167922974,0.8733516335487366,-0.03676645830273628,0.6340447664260864,0.8929136991500854,-0.015212930738925934,0.6567391157150269,0.8919795751571655,-0.04061518982052803,0.6131485104560852,0.8893746137619019,-0.04333929717540741,0.6388803720474243,0.8937870860099792,-0.057840216904878616
frame_00025.jpg,0.6554195880889893,0.3459111452102661,0.21304158866405487,0.6519709825515747,0.33789125084877014,0.18715840578079224,0.648674726486206,0.33814844489097595,0.1870068907737732,0.6455855965614319,0.33858996629714966,0.1870008111000061,0.6606068015098572,0.337082177400589,0.1901014745235443,0.6633245944976807,0.33680906891822815,0.18986272811889648,0.6658521890640259,0.33648642897605896,0.1897827684879303,0.6446352005004883,0.3459000885486603,0.08666522055864334,0.6712491512298584,0.3424873352050781,0.09766750037670135,0.6507861614227295,0.35717692971229553,0.183781236410141,0.6600354909896851,0.3572939932346344,0.1859835386276245,0.6221033334732056,0.4098246395587921,0.021046612411737442,0.7057293653488159,0.4188968241214752,0.06575427204370499,0.5612444281578064,0.457019180059433,0.1383720189332962,0.7460160851478577,0.47918814420700073,0.12146072089672089,0.5813416242599487,0.42288193106651306,0.3049115240573883,0.7163195610046387,0.44136175513267517,0.24460287392139435,0.5803924798965454,0.4118046164512634,0.3313772678375244,0.7138873934745789,0.4330826699733734,0.2622724175453186,0.5872116088867188,0.41043415665626526,0.31700342893600464,0.7072361707687378,0.4296380877494812,0.25937405228614807,0.5899779200553894,0.4139925241470337,0.30430740118026733,0.7072761058807373,0.43522822856903076,0.24445757269859314,0.636926531791687,0.5947396159172058,-0.01996702142059803,0.6827536225318909,0.5988433957099915,0.01989852823317051,0.6299349069595337,0.7266217470169067,0.0012602040078490973,0.6656703352928162,0.7266176342964172,0.0038914463948458433,0.6278289556503296,0.8642637729644775,-0.008040981367230415,0.6561094522476196,0.8663040399551392,-0.014898751862347126,0.633927047252655,0.8853715658187866,-0.01039675809442997,0.6571537256240845,0.886027991771698,-0.017574183642864227,0.6103826761245728,0.8819325566291809,-0.03408871218562126,0.6391167640686035,0.885857343673706,-0.034483637660741806
frame_00026.jpg,0.6587154269218445,0.344290554523468,0.21370187401771545,0.6551609039306641,0.33607217669487,0.1861495077610016,0.6520458459854126,0.3361867368221283,0.1859963834285736,0.6488321423530579,0.33653733134269714,0.1860014945268631,0.6633974313735962,0.33558735251426697,0.1906178891658783,0.6659889221191406,0.3353062868118286,0.19036749005317688,0.6686246991157532,0.33491051197052,0.19028107821941376,0.6461372375488281,0.34450235962867737,0.0788838118314743,0.674062967300415,0.3408837616443634,0.09793849289417267,0.6540261507034302,0.3557010889053345,0.18291932344436646,0.6627569794654846,0.35595372319221497,0.18707764148712158,0.6226673126220703,0.40949946641921997,0.012211075983941555,0.7064802050590515,0.41523271799087524,0.06561155617237091,0.5595747232437134,0.45198217034339905,0.12088195234537125,0.7541025280952454,0.47375673055648804,0.14545893669128418,0.572182834148407,0.42300015687942505,0.3307842016220093,0.7356688976287842,0.45450109243392944,0.29317694902420044,0.574690580368042,0.4110974371433258,0.362859845161438,0.7355943918228149,0.4509516954421997,0.31505757570266724,0.5805526971817017,0.40951794385910034,0.35142630338668823,0.7306825518608093,0.44663095474243164,0.3147282898426056,0.5822421312332153,0.41304418444633484,0.3330966830253601,0.7290639877319336,0.4495137333869934,0.2945663332939148,0.6365940570831299,0.5947777628898621,-0.021805142983794212,0.6819826364517212,0.5988946557044983,0.021755730733275414,0.6295254826545715,0.724714457988739,0.005285852588713169,0.6673490405082703,0.7236305475234985,0.02280619740486145,0.6257537007331848,0.859372079372406,-0.006893866695463657,0.6594409942626953,0.8595975041389465,0.024814289063215256,0.6310179829597473,0.881597101688385,-0.00919850543141365,0.6595875024795532,0.883084237575531,0.024360788986086845,0.6035691499710083,0.8703766465187073,-0.031932853162288666,0.6439849734306335,0.8730961680412292,0.006852020509541035
frame_00027.jpg,0.6590534448623657,0.3447338342666626,0.21250219643115997,0.6556720733642578,0.33641475439071655,0.18516556918621063,0.6527305245399475,0.336480975151062,0.18501190841197968,0.6495369672775269,0.33676061034202576,0.1850285828113556,0.6637254953384399,0.3359276056289673,0.18905609846115112,0.6662920713424683,0.33562880754470825,0.1888001710176468,0.6689947843551636,0.3352247476577759,0.18871060013771057,0.6469234228134155,0.34449711441993713,0.07852889597415924,0.6749144196510315,0.3411465287208557,0.09555377066135406,0.6547959446907043,0.3561464846134186,0.18229267001152039,0.6631717681884766,0.35623425245285034,0.18564443290233612,0.6228539943695068,0.4093935191631317,0.019601788371801376,0.7074230313301086,0.4150611460208893,0.061881422996520996,0.5620863437652588,0.44838860630989075,0.1331932097673416,0.7558138966560364,0.4638722836971283,0.15794914960861206,0.567747950553894,0.42293551564216614,0.35385721921920776,0.740960419178009,0.4499113857746124,0.3607279360294342,0.5663774609565735,0.4112319350242615,0.387422114610672,0.7414313554763794,0.45061764121055603,0.3868500292301178,0.5722086429595947,0.4090636670589447,0.37784308195114136,0.7356777787208557,0.44512274861335754,0.3886384963989258,0.5754448175430298,0.4127373695373535,0.35725730657577515,0.7345595359802246,0.445853054523468,0.36509647965431213,0.6331306099891663,0.5945491790771484,-0.01669125258922577,0.6787241697311401,0.5981051325798035,0.01668241247534752,0.6287015080451965,0.7207603454589844,0.009593460708856583,0.6668168306350708,0.7230056524276733,0.018855538219213486,0.6224460005760193,0.8598431944847107,0.0026584449224174023,0.6602591276168823,0.8619967699050903,0.02312176115810871,0.6270256638526917,0.882681667804718,0.001064165378920734,0.6601410508155823,0.8849062323570251,0.023017574101686478,0.602175235748291,0.8677565455436707,-0.017545854672789574,0.6462701559066772,0.8724037408828735,0.006787433288991451
frame_00028.jpg,0.6584603190422058,0.3451198637485504,0.210672527551651,0.6553531885147095,0.33682680130004883,0.18243323266506195,0.6525283455848694,0.3369298279285431,0.1822696179151535,0.6494470238685608,0.33724015951156616,0.18229278922080994,0.6632609963417053,0.33617907762527466,0.18712085485458374,0.6658045053482056,0.335836261510849,0.18687038123607635,0.6684252023696899,0.33541139960289,0.18679001927375793,0.6474257707595825,0.3445567488670349,0.07412631064653397,0.6745707392692566,0.341223806142807,0.09523233026266098,0.6544028520584106,0.35627326369285583,0.18030253052711487,0.6627265214920044,0.3563941419124603,0.18461325764656067,0.6243155598640442,0.40946370363235474,0.0196163859218359,0.7084518671035767,0.4151071608066559,0.0638226792216301,0.5642713308334351,0.4438984990119934,0.14248324930667877,0.7602408528327942,0.45592373609542847,0.16055543720722198,0.562741219997406,0.4215916097164154,0.37995755672454834,0.7335036993026733,0.44052591919898987,0.3734900951385498,0.5592854619026184,0.412008136510849,0.41586169600486755,0.7321616411209106,0.44223901629447937,0.40016859769821167,0.5635421872138977,0.40980789065361023,0.4067484438419342,0.7252706289291382,0.43653133511543274,0.3997880220413208,0.5682207345962524,0.4133146107196808,0.38418012857437134,0.7249473333358765,0.43879228830337524,0.3767356276512146,0.6281509399414062,0.5942041277885437,-0.013924707658588886,0.6723822355270386,0.5981622338294983,0.013918308541178703,0.6258110404014587,0.7202190160751343,0.0328904390335083,0.6637279987335205,0.7237426042556763,0.03305012360215187,0.6178318858146667,0.861297607421875,0.043892256915569305,0.6598614454269409,0.8636364340782166,0.05644938349723816,0.6211217641830444,0.8838896155357361,0.04401400685310364,0.6601288318634033,0.8861793279647827,0.05811401456594467,0.6014699935913086,0.8626083135604858,0.03320267051458359,0.6447779536247253,0.8685868978500366,0.04815108701586723
frame_00029.jpg,0.6592860221862793,0.34595462679862976,0.21145637333393097,0.6565538644790649,0.33752280473709106,0.18437586724758148,0.6540626287460327,0.33767464756965637,0.18419481813907623,0.6512503027915955,0.3380337953567505,0.18421801924705505,0.6640169024467468,0.33711785078048706,0.18803240358829498,0.6665406823158264,0.33693045377731323,0.18778042495250702,0.6691812872886658,0.33671438694000244,0.1876532882452011,0.6490510702133179,0.34543004631996155,0.07828362286090851,0.6756452322006226,0.3431442379951477,0.10013021528720856,0.655796468257904,0.35723063349723816,0.1825135499238968,0.6634138822555542,0.35772016644477844,0.18573223054409027,0.6249244213104248,0.4110965430736542,0.031976018100976944,0.7083485722541809,0.41559287905693054,0.06466521322727203,0.5648633241653442,0.44440919160842896,0.15578749775886536,0.7580777406692505,0.4461357891559601,0.21988864243030548,0.5494638681411743,0.41860830783843994,0.39609745144844055,0.7479716539382935,0.4394729733467102,0.4400053918361664,0.5417699217796326,0.4108288586139679,0.4292982518672943,0.7497462034225464,0.44151771068573,0.46739786863327026,0.5449467897415161,0.4066780209541321,0.4237983822822571,0.7414394021034241,0.4366164207458496,0.4668453633785248,0.549824059009552,0.4100954830646515,0.4019383490085602,0.7405132055282593,0.43876636028289795,0.44387131929397583,0.6215817332267761,0.5937791466712952,-0.01353204995393753,0.6653205156326294,0.5980883240699768,0.013544942252337933,0.620514988899231,0.7206268310546875,0.02607247605919838,0.6571559309959412,0.7239781618118286,0.030862268060445786,0.6137136816978455,0.8632336258888245,0.03566954284906387,0.6566715836524963,0.8646729588508606,0.04006810858845711,0.6160280704498291,0.885679304599762,0.03522852808237076,0.6583601832389832,0.8869855403900146,0.04028598591685295,0.5995744466781616,0.8613747954368591,0.019111836329102516,0.6398102641105652,0.8678564429283142,0.02634921669960022
frame_00030.jpg,0.661075234413147,0.34687548875808716,0.2283642590045929,0.6583386659622192,0.33816009759902954,0.20129287242889404,0.6558957695960999,0.3382848799228668,0.2011369913816452,0.6531257629394531,0.3385835886001587,0.20116682350635529,0.6657442450523376,0.33806923031806946,0.2053513079881668,0.6683554649353027,0.33806830644607544,0.2051302194595337,0.6711760759353638,0.3380545973777771,0.20507507026195526,0.6506290435791016,0.3462132215499878,0.09318766742944717,0.6777461767196655,0.3452747166156769,0.11224905401468277,0.6579371094703674,0.3582255244255066,0.19827060401439667,0.6651548147201538,0.35917428135871887,0.20170478522777557,0.625669002532959,0.4124097526073456,0.03523102030158043,0.7097150087356567,0.41888099908828735,0.07081306725740433,0.5649122595787048,0.4457260072231293,0.12999019026756287,0.7750937342643738,0.44188839197158813,0.20620954036712646,0.5403819680213928,0.4179378151893616,0.30336135625839233,0.7558241486549377,0.4396551251411438,0.41756176948547363,0.5312281847000122,0.4110463261604309,0.32722219824790955,0.7545133233070374,0.4411623775959015,0.44316864013671875,0.5341171026229858,0.40534302592277527,0.3254547119140625,0.7451542019844055,0.4362063705921173,0.44466280937194824,0.5386703014373779,0.4083443880081177,0.3093497157096863,0.7429092526435852,0.4382486045360565,0.4219193458557129,0.6164716482162476,0.5951898694038391,-0.013085221871733665,0.658719003200531,0.6013361811637878,0.013084041886031628,0.6156268119812012,0.720891535282135,0.04364318773150444,0.6508225202560425,0.7243187427520752,0.04562104493379593,0.6103578805923462,0.8644543290138245,0.06425295770168304,0.6537941694259644,0.8649452328681946,0.07156796008348465,0.6125472187995911,0.8868065476417542,0.06519840657711029,0.655105471611023,0.8874576091766357,0.07350197434425354,0.5944326519966125,0.863426923751831,0.049401942640542984,0.6389254331588745,0.8690671324729919,0.058744847774505615
frame_00031.jpg,0.665645182132721,0.34707126021385193,0.21350868046283722,0.6629365682601929,0.3382672369480133,0.1850639134645462,0.6606427431106567,0.3382872939109802,0.1848970651626587,0.6581360101699829,0.3384276330471039,0.18492090702056885,0.6696250438690186,0.3381863534450531,0.193097323179245,0.6721429824829102,0.3380955755710602,0.19288064539432526,0.674827516078949,0.33821913599967957,0.1928781121969223,0.6548847556114197,0.3459897041320801,0.07198306173086166,0.6803880929946899,0.34594863653182983,0.10759620368480682,0.6625243425369263,0.3582128584384918,0.18131881952285767,0.6690805554389954,0.35927921533584595,0.18984673917293549,0.6270737051963806,0.41135266423225403,0.002779141068458557,0.7096704244613647,0.4204300343990326,0.07755108922719955,0.5653892159461975,0.4369778633117676,0.044122546911239624,0.7703505158424377,0.43685102462768555,0.18737909197807312,0.5339236855506897,0.4140327572822571,0.18466444313526154,0.805916428565979,0.4375528395175934,0.31918612122535706,0.5191696286201477,0.4089478850364685,0.19477003812789917,0.8164863586425781,0.4409044682979584,0.32693177461624146,0.5212966799736023,0.4019642472267151,0.19938406348228455,0.8135367631912231,0.4359745681285858,0.33433791995048523,0.5270780324935913,0.4045322835445404,0.1925603151321411,0.8100956082344055,0.43613290786743164,0.3240751028060913,0.6129481792449951,0.5939761996269226,-0.02203546091914177,0.6538200974464417,0.6014713644981384,0.02203195169568062,0.6100424528121948,0.7199708223342896,0.022189533337950706,0.6455655097961426,0.7246904969215393,0.034947384148836136,0.6075477004051208,0.8651910424232483,0.03448822349309921,0.6511465907096863,0.8650751709938049,0.05476480722427368,0.6096898913383484,0.8873161673545837,0.03404109925031662,0.6513188481330872,0.8868189454078674,0.056039173156023026,0.5923433899879456,0.8661299347877502,0.015661975368857384,0.6391549110412598,0.8697358965873718,0.04385935887694359
frame_00032.jpg,0.666180431842804,0.3472486138343811,0.21044456958770752,0.6634915471076965,0.3383871018886566,0.1848795861005783,0.661065936088562,0.3382943868637085,0.18471911549568176,0.6583942770957947,0.33827289938926697,0.18474002182483673,0.6704128384590149,0.33832108974456787,0.19000244140625,0.6728905439376831,0.3384956419467926,0.18979980051517487,0.6755096316337585,0.33886951208114624,0.1898038536310196,0.6548981666564941,0.345691978931427,0.07874825596809387,0.680204451084137,0.34726133942604065,0.10300545394420624,0.6626437306404114,0.3581897020339966,0.18106737732887268,0.6695330739021301,0.3593382239341736,0.18559063971042633,0.6227328777313232,0.4086604416370392,0.006786193698644638,0.7048023343086243,0.42037248611450195,0.0719861164689064,0.5593341588973999,0.42223063111305237,0.017720695585012436,0.7654221057891846,0.4395044445991516,0.11050567775964737,0.5139870643615723,0.4003179669380188,0.08604001998901367,0.8112603425979614,0.4329739511013031,0.18369534611701965,0.49992504715919495,0.3990926146507263,0.08410228788852692,0.8248648643493652,0.4352707862854004,0.1787911355495453,0.5020561218261719,0.39191070199012756,0.09008780866861343,0.8236328959465027,0.42862948775291443,0.19024823606014252,0.5080502033233643,0.39320269227027893,0.09237569570541382,0.8182618021965027,0.4279646575450897,0.18876990675926208,0.6098936796188354,0.5928972959518433,-0.022895347326993942,0.6530945897102356,0.6013758778572083,0.022871050983667374,0.6078195571899414,0.7204616665840149,0.005710347555577755,0.6432305574417114,0.724951982498169,0.03463097661733627,0.6043695211410522,0.8656905293464661,0.028461042791604996,0.6498507857322693,0.8653867840766907,0.049297865480184555,0.6076395511627197,0.8877571821212769,0.027910303324460983,0.6497414708137512,0.8871563076972961,0.049989063292741776,0.5900437235832214,0.8680647611618042,-0.02355147711932659,0.6362888216972351,0.8708795309066772,0.020794199779629707
frame_00033.jpg,0.6655222177505493,0.34710773825645447,0.20193064212799072,0.6627515554428101,0.33826449513435364,0.1797066330909729,0.6601791381835938,0.3380621373653412,0.1795499622821808,0.6574171185493469,0.3379615247249603,0.17955976724624634,0.670030951499939,0.33840104937553406,0.1817898452281952,0.6725560426712036,0.33862289786338806,0.1816093474626541,0.6751963496208191,0.3392333388328552,0.18160803616046906,0.6540125012397766,0.3456619381904602,0.08310632407665253,0.679404616355896,0.34864866733551025,0.0971153974533081,0.6613933444023132,0.3579111397266388,0.17660459876060486,0.668587327003479,0.35939058661460876,0.17743846774101257,0.6167798638343811,0.4021399915218353,0.007126825861632824,0.6983603835105896,0.4205826222896576,0.06631447374820709,0.5492069721221924,0.4082885682582855,-0.008659579791128635,0.7646493911743164,0.44120487570762634,0.050097592175006866,0.4988955855369568,0.3867650330066681,0.024874325841665268,0.8102154731750488,0.43002811074256897,0.05647103860974312,0.48355382680892944,0.38794419169425964,0.013010533526539803,0.825400173664093,0.43132284283638,0.039235133677721024,0.4855968952178955,0.38116198778152466,0.01937279850244522,0.8250415921211243,0.42342814803123474,0.05107948184013367,0.49170511960983276,0.3815341591835022,0.02995169535279274,0.8196052312850952,0.42286738753318787,0.05975944921374321,0.6119098663330078,0.5929492115974426,-0.029644379392266273,0.6561883091926575,0.6013495326042175,0.02959153614938259,0.6078952550888062,0.7207478880882263,-0.00032103731064125896,0.6442676782608032,0.7251399159431458,0.054667044430971146,0.6007546782493591,0.866033673286438,0.027195552363991737,0.6490366458892822,0.8657129406929016,0.09908758848905563,0.6063435077667236,0.8882520198822021,0.026870733126997948,0.6491818428039551,0.8873211741447449,0.1021999940276146,0.5841853022575378,0.8689243197441101,-0.026664888486266136,0.6363199353218079,0.8707262873649597,0.059482939541339874
frame_00034.jpg,0.6621788740158081,0.34726136922836304,0.18932309746742249,0.6597782969474792,0.33834928274154663,0.166934996843338,0.6571994423866272,0.33816877007484436,0.1667689085006714,0.654569149017334,0.33806782960891724,0.16677704453468323,0.6669855713844299,0.3387594521045685,0.16868185997009277,0.6696112751960754,0.33917665481567383,0.1685037910938263,0.6722052693367004,0.33991092443466187,0.16849945485591888,0.6511588096618652,0.3455160856246948,0.07771045714616776,0.6760276556015015,0.34895089268684387,0.08561495691537857,0.6577587723731995,0.3580094873905182,0.16494548320770264,0.6650681495666504,0.3594953119754791,0.16539272665977478,0.6153099536895752,0.39745619893074036,-0.007471074350178242,0.6939601302146912,0.42050468921661377,0.04856180399656296,0.5455888509750366,0.3962065577507019,-0.06677310168743134,0.7604987025260925,0.4416573643684387,-0.02031918242573738,0.4942682683467865,0.37866824865341187,-0.08329159766435623,0.8084266781806946,0.4283733665943146,-0.06982041150331497,0.4793880879878998,0.37850674986839294,-0.10530073940753937,0.8256370425224304,0.42905399203300476,-0.0970369279384613,0.4805716872215271,0.37287482619285583,-0.09762866795063019,0.8258454203605652,0.42137569189071655,-0.0847051590681076,0.48690932989120483,0.3745671212673187,-0.07920481264591217,0.8194677233695984,0.42108777165412903,-0.06782687455415726,0.6148435473442078,0.5942102074623108,-0.029826467856764793,0.6593630909919739,0.6013277769088745,0.029737645760178566,0.6099829077720642,0.7216256856918335,-0.003433002158999443,0.6458076238632202,0.7251703143119812,0.04639474302530289,0.6005293130874634,0.8645891547203064,0.020986177027225494,0.6491543054580688,0.8658220171928406,0.07577195763587952,0.6051690578460693,0.8867117166519165,0.018622402101755142,0.649826169013977,0.8869854807853699,0.07719488441944122,0.5861935615539551,0.8701986074447632,-0.04727773740887642,0.6314979791641235,0.8713141679763794,0.04759623110294342
frame_00035.jpg,0.6549786329269409,0.34720173478126526,0.1886027306318283,0.6528083086013794,0.3384072184562683,0.16683036088943481,0.650366485118866,0.33822691440582275,0.16667017340660095,0.6479707360267639,0.3381464183330536,0.16667726635932922,0.6603540182113647,0.3388379216194153,0.16967658698558807,0.6632459163665771,0.3394851088523865,0.16949978470802307,0.6660749316215515,0.3405010998249054,0.16948968172073364,0.6448830366134644,0.34553927183151245,0.0779012143611908,0.6698093414306641,0.35005372762680054,0.09074188768863678,0.650928795337677,0.35761377215385437,0.16449454426765442,0.6586006879806519,0.35944145917892456,0.16642062366008759,0.6111409664154053,0.3958050012588501,-0.010460833087563515,0.690619945526123,0.4192374646663666,0.055348120629787445,0.542205810546875,0.38367989659309387,-0.07890531420707703,0.7544819116592407,0.43512821197509766,-0.01573750004172325,0.4926931858062744,0.36851271986961365,-0.09983738511800766,0.8082107305526733,0.426462858915329,-0.07419491559267044,0.47883540391921997,0.36591294407844543,-0.1246778592467308,0.8262115716934204,0.4279020130634308,-0.10314996540546417,0.4787537455558777,0.3606899082660675,-0.11688438802957535,0.8268365859985352,0.4216233491897583,-0.09086920320987701,0.48476171493530273,0.36277341842651367,-0.0959545150399208,0.8204909563064575,0.42170652747154236,-0.0723586305975914,0.6260131597518921,0.5977342128753662,-0.03435841575264931,0.6684831976890564,0.601385235786438,0.034218162298202515,0.6143030524253845,0.7246784567832947,-0.0075598908588290215,0.6494855284690857,0.7264014482498169,0.04645038768649101,0.6029657125473022,0.8648696541786194,0.01864633709192276,0.6492043733596802,0.8685761094093323,0.08194869011640549,0.6073628067970276,0.8870227336883545,0.016094638034701347,0.6500009298324585,0.8884492516517639,0.0839599221944809,0.5839794874191284,0.8704230189323425,-0.049871645867824554,0.6323608756065369,0.874431312084198,0.04218228906393051
frame_00036.jpg,0.6429540514945984,0.34828871488571167,0.1854875683784485,0.6396868228912354,0.33945339918136597,0.1617359220981598,0.6370787620544434,0.3393855094909668,0.16157284379005432,0.6345745921134949,0.33943456411361694,0.16156697273254395,0.6477653980255127,0.3400493562221527,0.16703349351882935,0.650668740272522,0.34070366621017456,0.1668556034564972,0.653422474861145,0.34158915281295776,0.16683988273143768,0.6329045295715332,0.3470742404460907,0.07080981135368347,0.6572996973991394,0.35061004757881165,0.09270565211772919,0.6391850113868713,0.35844165086746216,0.16022281348705292,0.6483047604560852,0.36038416624069214,0.16533444821834564,0.6084769368171692,0.3963977098464966,-0.017207739874720573,0.6874224543571472,0.40911298990249634,0.05685768276453018,0.5439556837081909,0.3856774866580963,-0.08857253938913345,0.7465072870254517,0.40606629848480225,-0.03042585588991642,0.4974335730075836,0.3495773375034332,-0.10428216308355331,0.8142094612121582,0.39865419268608093,-0.11047856509685516,0.4833727777004242,0.3448980450630188,-0.13184478878974915,0.8302878141403198,0.40172022581100464,-0.1425459086894989,0.48505544662475586,0.3393077254295349,-0.12371121346950531,0.8305014371871948,0.39541634917259216,-0.13078829646110535,0.4903549253940582,0.3412840962409973,-0.10073056071996689,0.8250615000724792,0.3939399719238281,-0.10956398397684097,0.631641149520874,0.5986840724945068,-0.038518164306879044,0.6769065856933594,0.6011528372764587,0.03836846351623535,0.6234853267669678,0.7268585562705994,-0.015814106911420822,0.6591187715530396,0.7264081239700317,0.07864941656589508,0.6041023135185242,0.8655268549919128,-0.0040931059047579765,0.6539649963378906,0.8659725189208984,0.13794635236263275,0.6085450649261475,0.8874704241752625,-0.007939154282212257,0.6544955968856812,0.8863897323608398,0.1416497528553009,0.5854935050010681,0.864287793636322,-0.08334233611822128,0.6350445747375488,0.8682826161384583,0.09171050786972046
frame_00037.jpg,0.6394103169441223,0.351419597864151,0.14638908207416534,0.6360702514648438,0.3429689109325409,0.12211759388446808,0.6330643892288208,0.3430306613445282,0.12195241451263428,0.6301912665367126,0.34320497512817383,0.12195603549480438,0.6438683271408081,0.3433627784252167,0.12455929815769196,0.6465845108032227,0.3438836932182312,0.12434939295053482,0.6493791341781616,0.34460175037384033,0.12433258444070816,0.6274117827415466,0.3505648672580719,0.03648953512310982,0.6535983085632324,0.3527752459049225,0.04633587226271629,0.6346288919448853,0.36150068044662476,0.12380367517471313,0.6438182592391968,0.3623746633529663,0.1250406801700592,0.6030887365341187,0.39844805002212524,-0.03047063574194908,0.6833164095878601,0.40486571192741394,0.012363200075924397,0.5449422597885132,0.3863838016986847,-0.08247821778059006,0.7425369620323181,0.3838247060775757,-0.06637166440486908,0.4994719624519348,0.34043148159980774,-0.09246694296598434,0.8110783696174622,0.3732544779777527,-0.13414064049720764,0.48503533005714417,0.33452722430229187,-0.11752697080373764,0.8273336291313171,0.37480396032333374,-0.1661863923072815,0.4877386689186096,0.32859644293785095,-0.11231306940317154,0.8270188570022583,0.36709025502204895,-0.15589314699172974,0.4931788444519043,0.33072221279144287,-0.08994758874177933,0.8216491937637329,0.3671621084213257,-0.13318853080272675,0.6320944428443909,0.602595329284668,-0.03507515415549278,0.6769040822982788,0.60244220495224,0.03486226871609688,0.6251872181892395,0.7272169589996338,0.010898513719439507,0.6607240438461304,0.726833701133728,0.06277471780776978,0.6044471263885498,0.8656051158905029,0.037202220410108566,0.6557779312133789,0.86512690782547,0.10973356664180756,0.6093250513076782,0.8876494765281677,0.03500795364379883,0.6561509370803833,0.8860558867454529,0.11240575462579727,0.5878046751022339,0.8609873652458191,-0.03721405193209648,0.6442541480064392,0.8652730584144592,0.0639568567276001
frame_00038.jpg,0.6347820162773132,0.3513694107532501,0.14863146841526031,0.6316863894462585,0.34320318698883057,0.1247536689043045,0.6288784742355347,0.34327635169029236,0.12457644939422607,0.6259754300117493,0.34342172741889954,0.12456770241260529,0.6388635635375977,0.3434385359287262,0.1262519657611847,0.6414468884468079,0.3438386619091034,0.1260279417037964,0.6441445350646973,0.34444519877433777,0.1259916126728058,0.6230819821357727,0.3507957458496094,0.038691915571689606,0.6502341628074646,0.35255351662635803,0.0438990518450737,0.630383312702179,0.3614612817764282,0.12559908628463745,0.6392461657524109,0.3622615933418274,0.12548884749412537,0.5994818806648254,0.3999144732952118,-0.01933796890079975,0.6819512844085693,0.4003268778324127,0.003922728355973959,0.5435296893119812,0.3804910480976105,-0.009651970118284225,0.7427085638046265,0.3668970763683319,-0.08925502002239227,0.5052639842033386,0.3358587920665741,0.05381342023611069,0.8124265670776367,0.3464850187301636,-0.18534104526042938,0.4914247989654541,0.329810231924057,0.03633952885866165,0.8288121223449707,0.35194772481918335,-0.22161543369293213,0.4950551390647888,0.32464364171028137,0.02892744168639183,0.830143928527832,0.3454117178916931,-0.21051745116710663,0.5007348656654358,0.32673215866088867,0.05343562364578247,0.8239730596542358,0.34357354044914246,-0.1847599893808365,0.6313875317573547,0.6035413146018982,-0.03005923703312874,0.6763473749160767,0.6034605503082275,0.0298756156116724,0.6244841814041138,0.7271690368652344,0.022605692967772484,0.660817563533783,0.7269821763038635,0.06124458834528923,0.6053287386894226,0.8647544980049133,0.04274845868349075,0.6568514704704285,0.8649076223373413,0.10494567453861237,0.6093822717666626,0.8868225812911987,0.0405171774327755,0.6569877862930298,0.8857619166374207,0.10861508548259735,0.5886532068252563,0.859381377696991,-0.01514385361224413,0.6452422142028809,0.8663337230682373,0.06604670733213425
frame_00039.jpg,0.6368646621704102,0.3494361937046051,0.15493860840797424,0.6338549852371216,0.3419419825077057,0.13240817189216614,0.6310610175132751,0.3420540690422058,0.13222679495811462,0.62807697057724,0.3422376811504364,0.1322241574525833,0.6409667730331421,0.34196561574935913,0.12917543947696686,0.6436245441436768,0.34212061762809753,0.1289212852716446,0.6463935971260071,0.34230703115463257,0.12886247038841248,0.6240242719650269,0.35038721561431885,0.048061564564704895,0.6526108980178833,0.35009434819221497,0.031099552288651466,0.6327337026596069,0.35957852005958557,0.13280797004699707,0.6410216689109802,0.3596429228782654,0.12633094191551208,0.6012030839920044,0.3999704420566559,0.018512599170207977,0.6830984950065613,0.3980066180229187,-0.03195924311876297,0.547400176525116,0.3835306763648987,0.10208337008953094,0.746758222579956,0.35338836908340454,-0.14456772804260254,0.5154772996902466,0.3413432836532593,0.23124563694000244,0.813918948173523,0.3087945878505707,-0.2322600781917572,0.5031934976577759,0.3335253596305847,0.23925074934959412,0.8290668725967407,0.3062812387943268,-0.2694852352142334,0.5056922435760498,0.32684552669525146,0.23331789672374725,0.8293275833129883,0.29718807339668274,-0.2515392303466797,0.5110695362091064,0.3294579088687897,0.23303163051605225,0.8236666917800903,0.29749152064323425,-0.2290044128894806,0.6288336515426636,0.603345513343811,-0.003216502023860812,0.6751087307929993,0.6034187078475952,0.0030640161130577326,0.624138593673706,0.7239866256713867,0.03729761391878128,0.6609247922897339,0.726134181022644,0.018952134996652603,0.6058078408241272,0.8590425848960876,0.035215768963098526,0.6571990251541138,0.8550284504890442,0.06796477735042572,0.6092844009399414,0.8805891275405884,0.03241772949695587,0.6562710404396057,0.8767809271812439,0.07185634970664978,0.5944079756736755,0.8587413430213928,-0.013941173441708088,0.6492230296134949,0.8670294880867004,0.037570077925920486
frame_00040.jpg,0.6392348408699036,0.3435937762260437,0.14790473878383636,0.6362934708595276,0.33702734112739563,0.12584488093852997,0.6335693001747131,0.33704420924186707,0.12565134465694427,0.6306416392326355,0.3370066285133362,0.12564221024513245,0.6435741186141968,0.3372263014316559,0.12304238229990005,0.6462609767913818,0.33737948536872864,0.12278640270233154,0.6490589380264282,0.3374273478984833,0.12271835654973984,0.6263004541397095,0.34592685103416443,0.04415035992860794,0.6548316478729248,0.3463515341281891,0.029118407517671585,0.6352702975273132,0.35452964901924133,0.1261570155620575,0.6434655785560608,0.3546319603919983,0.12029103189706802,0.6028797030448914,0.39926406741142273,0.018267331644892693,0.6838380098342896,0.3982924520969391,-0.03620348125696182,0.5480715036392212,0.3727336525917053,0.0966329574584961,0.7494962215423584,0.3440464735031128,-0.1573246270418167,0.5241601467132568,0.32644012570381165,0.22360022366046906,0.8090543746948242,0.28431254625320435,-0.2514762282371521,0.5139147043228149,0.31730425357818604,0.23263446986675262,0.8247412443161011,0.2794441878795624,-0.2909417748451233,0.517206609249115,0.3119157552719116,0.22607311606407166,0.8243615031242371,0.27074557542800903,-0.27102455496788025,0.5215417146682739,0.3145371079444885,0.22525639832019806,0.818207859992981,0.2719990313053131,-0.2481166571378708,0.6225664019584656,0.5891640186309814,0.007769087795168161,0.6661041975021362,0.5929948687553406,-0.007941505871713161,0.6205370426177979,0.7175856232643127,0.03543998673558235,0.658528208732605,0.720625638961792,-0.017700696364045143,0.6061722040176392,0.8536776900291443,0.036165982484817505,0.6570786237716675,0.8511550426483154,0.026312708854675293,0.609372615814209,0.8735873699188232,0.03303741663694382,0.65493243932724,0.8718519806861877,0.029060542583465576,0.6023362278938293,0.8589280843734741,-0.011285325512290001,0.6499034762382507,0.8674898743629456,-0.01270785927772522
frame_00041.jpg,0.6496397256851196,0.33977025747299194,0.1527344435453415,0.6459956169128418,0.3323895335197449,0.12972865998744965,0.6431387662887573,0.3324664831161499,0.12952741980552673,0.6404298543930054,0.33252304792404175,0.12952227890491486,0.653674840927124,0.3327573835849762,0.1269744634628296,0.6564175486564636,0.333169549703598,0.1267252266407013,0.6594340801239014,0.3335816562175751,0.12666279077529907,0.6345434188842773,0.34162816405296326,0.045409902930259705,0.6638086438179016,0.34377923607826233,0.03022647276520729,0.6443451642990112,0.35108280181884766,0.13019229471683502,0.6531707048416138,0.3518180251121521,0.12438684701919556,0.6070080399513245,0.3907525837421417,0.014470642432570457,0.6843000650405884,0.399844765663147,-0.018312839791178703,0.553389310836792,0.35720354318618774,0.07582049816846848,0.7456556558609009,0.35358962416648865,-0.11728520691394806,0.5381187200546265,0.29374822974205017,0.1919947862625122,0.7882524728775024,0.28765588998794556,-0.18764379620552063,0.5286780595779419,0.28483182191848755,0.19955456256866455,0.80687016248703,0.2666743993759155,-0.21925762295722961,0.5336863994598389,0.28158074617385864,0.1941046118736267,0.8042759895324707,0.2574728727340698,-0.20382627844810486,0.5379093289375305,0.2846921682357788,0.19382357597351074,0.7950073480606079,0.2645624279975891,-0.18564549088478088,0.6117041110992432,0.5834662914276123,-0.002529105870053172,0.6564171314239502,0.5894009470939636,0.002391211222857237,0.6105779409408569,0.7102184891700745,0.02600054442882538,0.6448615193367004,0.7143219709396362,0.006076200865209103,0.5998647212982178,0.848208487033844,0.02671574428677559,0.6552220582962036,0.841279923915863,0.047353118658065796,0.603120744228363,0.8651711344718933,0.02394595555961132,0.6525377631187439,0.8617125749588013,0.05549975484609604,0.5949350595474243,0.8580841422080994,-0.020637620240449905,0.6487346887588501,0.8655061721801758,0.01958824321627617
frame_00042.jpg,0.6577571034431458,0.3378751575946808,0.12427270412445068,0.6541333794593811,0.32951343059539795,0.10297204554080963,0.6508528590202332,0.32948818802833557,0.10275252163410187,0.6477199792861938,0.32951050996780396,0.10274209082126617,0.6621813178062439,0.3304024338722229,0.09894045442342758,0.6648483276367188,0.33111152052879333,0.09866384416818619,0.6676985621452332,0.33188995718955994,0.09856180846691132,0.641412615776062,0.33905506134033203,0.027039429172873497,0.6713759899139404,0.34265682101249695,0.006939484737813473,0.6519127488136292,0.3494025766849518,0.10521135479211807,0.6609272360801697,0.3507137596607208,0.09772104024887085,0.613747239112854,0.38636520504951477,0.013243804685771465,0.6896363496780396,0.4009518027305603,-0.03493017703294754,0.5646716356277466,0.3474196195602417,0.09439925849437714,0.7460001707077026,0.3472137749195099,-0.10750049352645874,0.54849773645401,0.29284653067588806,0.23154866695404053,0.787898600101471,0.2603749930858612,-0.14327970147132874,0.5408089756965637,0.2790451645851135,0.2447967529296875,0.8055886030197144,0.24778954684734344,-0.1709660142660141,0.5458587408065796,0.27486369013786316,0.23683468997478485,0.8014176487922668,0.23823057115077972,-0.1549282968044281,0.5495600700378418,0.2791018784046173,0.2331165373325348,0.7936242818832397,0.24146680533885956,-0.14015880227088928,0.6080802083015442,0.5788549184799194,-0.0035012327134609222,0.6520723104476929,0.5865506529808044,0.0033512399531900883,0.6038374900817871,0.7041260004043579,0.014579275622963905,0.6403425931930542,0.7108338475227356,0.012543861754238605,0.5951303243637085,0.8451350331306458,0.018145708367228508,0.6535571813583374,0.8317063450813293,0.07659175246953964,0.5990492105484009,0.8625657558441162,0.016223294660449028,0.651809811592102,0.8503443002700806,0.08455072343349457,0.5928637981414795,0.8522655367851257,-0.023842263966798782,0.6481475830078125,0.8637188673019409,0.05498478561639786
frame_00043.jpg,0.6595932245254517,0.3387880325317383,0.13045746088027954,0.6567873954772949,0.33053508400917053,0.10589207708835602,0.6538587808609009,0.33039766550064087,0.10565397888422012,0.6509066820144653,0.3302512764930725,0.10565970838069916,0.6652116179466248,0.3313274085521698,0.10576832294464111,0.6682085394859314,0.3318917453289032,0.1055205687880516,0.6712117195129395,0.3325124680995941,0.10544265806674957,0.6453667879104614,0.3384958505630493,0.019212711602449417,0.6747176647186279,0.342805951833725,0.0170648992061615,0.6539131999015808,0.35023945569992065,0.10753466188907623,0.6633656024932861,0.3512951731681824,0.10524312406778336,0.6169833540916443,0.3811822235584259,-0.02097133919596672,0.6916388869285583,0.40163904428482056,-0.026669343933463097,0.5736173987388611,0.3397694230079651,0.015329927206039429,0.7443684935569763,0.3498391807079315,-0.14400099217891693,0.5564495325088501,0.28461119532585144,0.0869712382555008,0.7832173109054565,0.2740388512611389,-0.24335794150829315,0.5505187511444092,0.27102023363113403,0.08801405876874924,0.8017914891242981,0.2587908208370209,-0.28102409839630127,0.555507242679596,0.26525747776031494,0.08149778842926025,0.7983062267303467,0.24747347831726074,-0.2661329209804535,0.559176504611969,0.2698246240615845,0.08776700496673584,0.7905513644218445,0.2522446811199188,-0.24302640557289124,0.6047808527946472,0.5756939649581909,-0.006128573324531317,0.6489928364753723,0.5830619931221008,0.005982072092592716,0.600782036781311,0.701391339302063,0.024331312626600266,0.6392242908477783,0.7058925032615662,0.0025462873745709658,0.5916338562965393,0.8418391346931458,0.03919172286987305,0.6505674123764038,0.8324346542358398,0.05232561379671097,0.5945497751235962,0.8600925207138062,0.03734894096851349,0.6504786610603333,0.8502933382987976,0.05638311430811882,0.5827110409736633,0.8500773310661316,-0.0046576750464737415,0.6426288485527039,0.8635221123695374,0.024064552038908005
frame_00044.jpg,0.6610466241836548,0.3383123576641083,0.13488271832466125,0.659390389919281,0.32980114221572876,0.1104946881532669,0.656715989112854,0.3293988108634949,0.11025669425725937,0.6539427042007446,0.32899075746536255,0.11027474701404572,0.667021632194519,0.3315528333187103,0.10906616598367691,0.6697929501533508,0.3323548436164856,0.10884749889373779,0.6726146936416626,0.3330693542957306,0.10880474746227264,0.6472894549369812,0.33580654859542847,0.02494918182492256,0.6749880313873291,0.3426065444946289,0.016488362103700638,0.6551516056060791,0.34851640462875366,0.1124601736664772,0.6641131639480591,0.35076868534088135,0.10850963741540909,0.616737961769104,0.3736034333705902,-0.021478619426488876,0.6915691494941711,0.40063682198524475,-0.032822396606206894,0.578058660030365,0.3255019187927246,-0.013262924738228321,0.7433925867080688,0.3522583544254303,-0.17843398451805115,0.5634328722953796,0.2625117897987366,0.024517318233847618,0.7812966108322144,0.2802197337150574,-0.30266842246055603,0.5589935183525085,0.24868503212928772,0.018747719004750252,0.7977190017700195,0.2701968848705292,-0.3462023138999939,0.563499927520752,0.244292750954628,0.013628020882606506,0.793953537940979,0.2595052123069763,-0.3299627900123596,0.5661641359329224,0.24981623888015747,0.024692514911293983,0.7870476841926575,0.2622615396976471,-0.30271971225738525,0.5991694331169128,0.5752744674682617,0.00014763181388843805,0.6450945138931274,0.5828348398208618,-0.0002988162450492382,0.5987294912338257,0.7013831734657288,0.06191541627049446,0.6383152008056641,0.7061634659767151,-0.004177310969680548,0.5893848538398743,0.8410688042640686,0.09428025782108307,0.648755669593811,0.8368926644325256,0.04144348204135895,0.5916391611099243,0.860563337802887,0.09314359724521637,0.6484580039978027,0.855272650718689,0.043760884553194046,0.5838061571121216,0.8511890769004822,0.047382108867168427,0.6359018087387085,0.8615277409553528,0.0026065283454954624
frame_00045.jpg,0.6613333821296692,0.338223934173584,0.13890840113162994,0.6600834727287292,0.3292994201183319,0.11463931947946548,0.6575210690498352,0.32871314883232117,0.11441060155630112,0.6548096537590027,0.3281250596046448,0.11442271620035172,0.6674612164497375,0.33164677023887634,0.11548767983913422,0.6701626181602478,0.3326181471347809,0.11527986824512482,0.6730006337165833,0.333437442779541,0.11524368822574615,0.648235023021698,0.3336227238178253,0.02804054692387581,0.6755245923995972,0.3422004282474518,0.01823495887219906,0.655402421951294,0.3477732241153717,0.11586113274097443,0.6638461351394653,0.3505724370479584,0.11477961391210556,0.6183685064315796,0.36941832304000854,-0.03934735804796219,0.6910884976387024,0.4004831612110138,-0.010384033434092999,0.5906239748001099,0.3179350197315216,-0.09055842459201813,0.743320643901825,0.35431069135665894,-0.13563285768032074,0.5750314593315125,0.2506236732006073,-0.10035426914691925,0.7828181982040405,0.28986310958862305,-0.25441622734069824,0.5730107426643372,0.23751330375671387,-0.11799909174442291,0.7989102602005005,0.27903077006340027,-0.2954707443714142,0.5760179162025452,0.23277634382247925,-0.11706028133630753,0.7950724363327026,0.26430997252464294,-0.28140053153038025,0.5776427388191223,0.23836137354373932,-0.09910909086465836,0.7891080379486084,0.26804444193840027,-0.2553535997867584,0.5990973711013794,0.5722110867500305,-0.011611930094659328,0.6446601152420044,0.5799110531806946,0.011427326127886772,0.5987693667411804,0.7010168433189392,0.046911731362342834,0.6383196711540222,0.7057015299797058,0.0028510482516139746,0.5897877812385559,0.840117335319519,0.07163216173648834,0.6491144299507141,0.8393282294273376,0.048964723944664,0.5934365391731262,0.8582387566566467,0.07054992020130157,0.6487772464752197,0.8572725057601929,0.05169298127293587,0.5839338302612305,0.8525162935256958,0.019319187849760056,0.6341529488563538,0.8618605136871338,0.010556967929005623
frame_00046.jpg,0.6610838174819946,0.33531951904296875,0.10550729185342789,0.6601554155349731,0.32644131779670715,0.08141808211803436,0.6578808426856995,0.3259592652320862,0.08120937645435333,0.6554223299026489,0.3254518508911133,0.08121589571237564,0.6669960618019104,0.32915058732032776,0.08230292052030563,0.6695669889450073,0.33047738671302795,0.08208389580249786,0.6722985506057739,0.3316970467567444,0.08206465095281601,0.6487393379211426,0.33023250102996826,0.0024970558006316423,0.6748534440994263,0.33971187472343445,0.003815519157797098,0.6552919149398804,0.3451111912727356,0.08586468547582626,0.6632466316223145,0.3475191295146942,0.08496052771806717,0.6187146902084351,0.3698180317878723,-0.055484622716903687,0.689755380153656,0.39635753631591797,-0.012876597233116627,0.6068920493125916,0.3050113022327423,-0.08968232572078705,0.7440280318260193,0.35279399156570435,-0.13094037771224976,0.6067920327186584,0.23415905237197876,-0.09571347385644913,0.7970150113105774,0.29641181230545044,-0.1986440122127533,0.6005740165710449,0.21910104155540466,-0.1141943484544754,0.8137444257736206,0.2879132330417633,-0.23261435329914093,0.6076429486274719,0.21702302992343903,-0.1151883453130722,0.8110885620117188,0.27426162362098694,-0.21674636006355286,0.6105105876922607,0.22239208221435547,-0.09586390107870102,0.8048495054244995,0.2776470184326172,-0.19676361978054047,0.6022205352783203,0.5744346380233765,-0.019443664699792862,0.6473545432090759,0.5813509225845337,0.019247490912675858,0.6004186868667603,0.7019854784011841,0.03995075821876526,0.6385165452957153,0.7044805288314819,0.045312926173210144,0.5911026000976562,0.8379235863685608,0.06104645878076553,0.649270236492157,0.8398391604423523,0.0858771875500679,0.5949744582176208,0.8558090925216675,0.05982925742864609,0.649060845375061,0.8577272891998291,0.0882367491722107,0.5845904350280762,0.8649884462356567,0.009899362921714783,0.6348710060119629,0.8621810674667358,0.04542297497391701
frame_00047.jpg,0.6595853567123413,0.3335679769515991,0.09772808849811554,0.6598933935165405,0.3240220248699188,0.07675917446613312,0.6577640771865845,0.32327526807785034,0.07656854391098022,0.6551505327224731,0.32252267003059387,0.07659153640270233,0.6658051013946533,0.32719793915748596,0.07201902568340302,0.6684058904647827,0.32868656516075134,0.07176939398050308,0.6713367700576782,0.33012402057647705,0.07172069698572159,0.6475905179977417,0.3266567587852478,0.008999762125313282,0.6738130450248718,0.33767077326774597,-0.01271465141326189,0.6532763242721558,0.34267404675483704,0.08285640180110931,0.6605913639068604,0.34578797221183777,0.07463039457798004,0.617192268371582,0.3695559501647949,-0.025106217712163925,0.6851052045822144,0.3919852375984192,-0.04900727421045303,0.6113698482513428,0.2977660596370697,-0.04046628996729851,0.7440140843391418,0.347551554441452,-0.13903406262397766,0.6168144345283508,0.22808842360973358,-0.007913770154118538,0.8021301031112671,0.29577818512916565,-0.20665733516216278,0.6136308908462524,0.20874635875225067,-0.018733341246843338,0.8193951845169067,0.28717172145843506,-0.24211494624614716,0.6227585077285767,0.20860740542411804,-0.025903483852744102,0.8168721199035645,0.2725367546081543,-0.2300979644060135,0.6251441240310669,0.21619229018688202,-0.009846741333603859,0.8105905652046204,0.27616366744041443,-0.20576274394989014,0.6039708256721497,0.5754461288452148,0.002563843270763755,0.6490188837051392,0.5817562341690063,-0.0027826852165162563,0.6012330651283264,0.7022199034690857,0.07336466759443283,0.6392245292663574,0.7038127779960632,0.04122086614370346,0.5916396379470825,0.8386277556419373,0.10688649117946625,0.6461091041564941,0.8406945466995239,0.08331617712974548,0.5952324867248535,0.8575482964515686,0.10578632354736328,0.6429036855697632,0.8592709898948669,0.0865437239408493,0.5849311351776123,0.864113450050354,0.047938503324985504,0.6365430951118469,0.8615754842758179,0.02948692999780178
frame_00048.jpg,0.6529256105422974,0.329438179731369,0.11234847456216812,0.6516568660736084,0.32018330693244934,0.09121204912662506,0.6490120887756348,0.319646418094635,0.09101410210132599,0.6459518671035767,0.3190997242927551,0.09103323519229889,0.6586819887161255,0.3226780891418457,0.08493445068597794,0.6612688302993774,0.3239949941635132,0.08467091619968414,0.6641259789466858,0.3253627419471741,0.08460726588964462,0.6403299570083618,0.32302525639533997,0.015563641674816608,0.6676788330078125,0.3329516351222992,-0.012146655470132828,0.6468642354011536,0.338529497385025,0.09558804333209991,0.6550166606903076,0.341210275888443,0.08550402522087097,0.6151336431503296,0.3681817352771759,0.025058573111891747,0.6806076169013977,0.38644883036613464,-0.08244073390960693,0.6144139766693115,0.2970995604991913,0.06119934841990471,0.740018904209137,0.34206023812294006,-0.22356173396110535,0.6274973750114441,0.23826590180397034,0.07962997257709503,0.8021952509880066,0.29669857025146484,-0.32409733533859253,0.6257156133651733,0.2183827906847,0.07858003675937653,0.8192970156669617,0.28808027505874634,-0.3677135705947876,0.6340186595916748,0.21948598325252533,0.06209654361009598,0.8172751665115356,0.2744152843952179,-0.3483680486679077,0.634499728679657,0.2270744889974594,0.07381357252597809,0.811082661151886,0.2782200574874878,-0.32099810242652893,0.6048112511634827,0.5762566328048706,0.03102611005306244,0.6499468088150024,0.5819206237792969,-0.031238531693816185,0.60202956199646,0.7026002407073975,0.0897289365530014,0.6437122225761414,0.7043290734291077,-0.02400924824178219,0.5915487408638,0.8395742774009705,0.10609986633062363,0.6433004140853882,0.8409483432769775,0.007311077322810888,0.5943278074264526,0.859002411365509,0.10322423279285431,0.6379696130752563,0.8597914576530457,0.008343189023435116,0.585934042930603,0.8640220761299133,0.04978654533624649,0.6418439149856567,0.8633555173873901,-0.0401449128985405
frame_00049.jpg,0.6489197015762329,0.3262692987918854,0.1076231598854065,0.6468439102172852,0.317047119140625,0.0899963527917862,0.6443532705307007,0.31657591462135315,0.0897926613688469,0.6416033506393433,0.3161187469959259,0.08983214199542999,0.6540927290916443,0.31967249512672424,0.0766933262348175,0.6567338705062866,0.3210895359516144,0.07642823457717896,0.6595820188522339,0.3226217031478882,0.07635083049535751,0.6362790465354919,0.3199445605278015,0.026499267667531967,0.6631636023521423,0.3302682936191559,-0.02931913174688816,0.6431518793106079,0.33534520864486694,0.0958385318517685,0.6515673398971558,0.3376486897468567,0.07640477269887924,0.6135572791099548,0.3661360740661621,0.051716387271881104,0.6762032508850098,0.3818051517009735,-0.1305868774652481,0.6173681020736694,0.30196812748908997,0.05368729308247566,0.7351976633071899,0.3365477919578552,-0.2870792746543884,0.6371540427207947,0.2487250417470932,0.028302067890763283,0.8013706207275391,0.2943175435066223,-0.39066773653030396,0.6395541429519653,0.22947974503040314,0.01855316571891308,0.8176592588424683,0.2836652398109436,-0.44070345163345337,0.6446631550788879,0.2301119863986969,0.000509164878167212,0.8157045245170593,0.27331772446632385,-0.41967496275901794,0.6445006132125854,0.2354913055896759,0.019231215119361877,0.8093972206115723,0.27810680866241455,-0.3871409296989441,0.605248749256134,0.5756280422210693,0.05870252102613449,0.6505352854728699,0.5811120271682739,-0.05888533592224121,0.602399468421936,0.7024999856948853,0.11133626848459244,0.6470237970352173,0.704931378364563,-0.05047978088259697,0.5918957591056824,0.8403405547142029,0.1276959776878357,0.6401380300521851,0.8412591218948364,-0.027088696137070656,0.5926645994186401,0.8599072098731995,0.12460339069366455,0.6320528984069824,0.8602859973907471,-0.026774412021040916,0.5918251872062683,0.8637760281562805,0.06489033997058868,0.6542776823043823,0.8634240627288818,-0.08532708138227463
frame_00050.jpg,0.6454199552536011,0.3250657320022583,0.05507252737879753,0.6428546905517578,0.31566813588142395,0.04457055777311325,0.640213131904602,0.3151084780693054,0.04434989020228386,0.6373346447944641,0.31461986899375916,0.04440036043524742,0.6501394510269165,0.3187214434146881,0.02377653494477272,0.6526922583580017,0.32031744718551636,0.023463057354092598,0.6554763317108154,0.3220560848712921,0.02334141544997692,0.6307081580162048,0.3190913796424866,0.01962975785136223,0.6594570875167847,0.3304193913936615,-0.07702356576919556,0.6393269300460815,0.33454540371894836,0.05531642585992813,0.6484239101409912,0.33731067180633545,0.02529747411608696,0.6105098724365234,0.36580923199653625,0.0706096962094307,0.6690552234649658,0.38060295581817627,-0.1723974049091339,0.6163009405136108,0.30377185344696045,0.1486990749835968,0.7320362329483032,0.32832542061805725,-0.3403949737548828,0.6388484239578247,0.2529044449329376,0.16787174344062805,0.7994848489761353,0.28029030561447144,-0.45407527685165405,0.6437618732452393,0.23428082466125488,0.1757740080356598,0.8174120187759399,0.26990193128585815,-0.5115532875061035,0.6484702825546265,0.23351316154003143,0.14621058106422424,0.8148337602615356,0.2580524981021881,-0.4831715524196625,0.648247241973877,0.2382974922657013,0.15691742300987244,0.8085654377937317,0.2623043656349182,-0.4479656219482422,0.6042281985282898,0.5760344862937927,0.07988383620977402,0.6497465968132019,0.5812583565711975,-0.08006252348423004,0.603156328201294,0.7012067437171936,0.1698175072669983,0.6472024321556091,0.7051480412483215,-0.06745463609695435,0.5905601978302002,0.8400785326957703,0.21898727118968964,0.6327513456344604,0.8410333395004272,-0.03572670370340347,0.5891551375389099,0.8588014245033264,0.21965166926383972,0.6241636872291565,0.8603352904319763,-0.03435138240456581,0.5922945737838745,0.863114058971405,0.16847947239875793,0.6521963477134705,0.8634910583496094,-0.0927526131272316
frame_00051.jpg,0.6374015212059021,0.3204709589481354,0.08475694805383682,0.6333173513412476,0.3116423487663269,0.06957804411649704,0.6299706697463989,0.3113660216331482,0.06937052309513092,0.6265804767608643,0.31113386154174805,0.06940637528896332,0.6415085196495056,0.3147832453250885,0.05595092847943306,0.644091010093689,0.3167177736759186,0.0556601956486702,0.6468475461006165,0.31877022981643677,0.055574458092451096,0.6194173097610474,0.3164892792701721,0.0304584763944149,0.6500101089477539,0.32733163237571716,-0.04203351214528084,0.6302773952484131,0.3321005403995514,0.07638674974441528,0.6405560374259949,0.3344723582267761,0.05601797625422478,0.6015564203262329,0.36700472235679626,0.07034431397914886,0.6602681279182434,0.3784962296485901,-0.12670846283435822,0.61186683177948,0.30438700318336487,0.10892517864704132,0.7161015868186951,0.32318204641342163,-0.24772515892982483,0.6383493542671204,0.24538575112819672,0.10713399946689606,0.7718580961227417,0.26324179768562317,-0.3257066011428833,0.6442108750343323,0.22714662551879883,0.10599604994058609,0.791814386844635,0.25330743193626404,-0.3687458634376526,0.6491468548774719,0.2268686145544052,0.09662824869155884,0.7889169454574585,0.24425716698169708,-0.35131531953811646,0.6478112936019897,0.23298980295658112,0.10545146465301514,0.7822799682617188,0.24741230905056,-0.3237709403038025,0.5984950065612793,0.5760204195976257,0.06480179727077484,0.6422479748725891,0.5815592408180237,-0.06501597911119461,0.5993257164955139,0.7016176581382751,0.13046179711818695,0.640286386013031,0.7054083347320557,-0.0382133424282074,0.5798758268356323,0.8425503969192505,0.1563730537891388,0.6247314810752869,0.8424652218818665,-0.005863801576197147,0.5776851177215576,0.8627517223358154,0.15491339564323425,0.6176583766937256,0.8605392575263977,-0.004857962019741535,0.5896282196044922,0.8677731156349182,0.10053299367427826,0.6434986591339111,0.8643147945404053,-0.050625212490558624
frame_00052.jpg,0.6375402212142944,0.31874534487724304,0.055407632142305374,0.6337911486625671,0.3107779324054718,0.0487794391810894,0.6308525800704956,0.3105156719684601,0.048575662076473236,0.6278961896896362,0.31032100319862366,0.048615291714668274,0.6407221555709839,0.3140000104904175,0.025627801194787025,0.6427990198135376,0.3158867061138153,0.025328930467367172,0.6451107263565063,0.3178163170814514,0.025239238515496254,0.6205400228500366,0.31568461656570435,0.03263312578201294,0.6474997401237488,0.3261135220527649,-0.06982897222042084,0.6306812763214111,0.33024266362190247,0.05962817743420601,0.6391229629516602,0.3327019512653351,0.02709248661994934,0.5968292951583862,0.36444368958473206,0.09455709159374237,0.654285728931427,0.37744733691215515,-0.15708240866661072,0.6106351613998413,0.2967871427536011,0.15050886571407318,0.706952691078186,0.32183733582496643,-0.28293171525001526,0.6432762742042542,0.2377968728542328,0.12537024915218353,0.7559714913368225,0.2528230845928192,-0.349051296710968,0.6490513682365417,0.21956683695316315,0.12660470604896545,0.7764174342155457,0.23548373579978943,-0.3967231512069702,0.6540195941925049,0.21984277665615082,0.10042531788349152,0.7725812792778015,0.227603942155838,-0.3736576437950134,0.6529361009597778,0.22715872526168823,0.11441664397716522,0.765144407749176,0.23313021659851074,-0.34407585859298706,0.5940641760826111,0.5698195695877075,0.08153702318668365,0.6350350975990295,0.5775884389877319,-0.08173193782567978,0.5965017676353455,0.7016682028770447,0.1244082897901535,0.6351839303970337,0.7056863307952881,-0.06815680116415024,0.5751858949661255,0.8426883816719055,0.14258168637752533,0.6200205087661743,0.8455885052680969,-0.047561682760715485,0.5724471807479858,0.862984836101532,0.14021098613739014,0.611146092414856,0.862935483455658,-0.04767056182026863,0.5889155864715576,0.8688784837722778,0.08165666460990906,0.6411807537078857,0.8666158318519592,-0.1123378649353981
frame_00053.jpg,0.6358252167701721,0.3192150890827179,0.036730680614709854,0.6331177949905396,0.3110065162181854,0.031076794490218163,0.630449652671814,0.3105979561805725,0.030865099281072617,0.6277107000350952,0.3101966083049774,0.030923834070563316,0.6397979855537415,0.3141360580921173,0.006201130338013172,0.6421411037445068,0.31586629152297974,0.005885538645088673,0.6446948647499084,0.31757545471191406,0.005779373925179243,0.6206661462783813,0.31537264585494995,0.026364678516983986,0.6478020548820496,0.32545337080955505,-0.08976763486862183,0.629729688167572,0.33003583550453186,0.043303586542606354,0.6375569105148315,0.33230912685394287,0.008378881961107254,0.5977147817611694,0.36563727259635925,0.09460963308811188,0.6553909778594971,0.37915894389152527,-0.17889627814292908,0.6157057881355286,0.29480797052383423,0.14989587664604187,0.7101350426673889,0.31844934821128845,-0.2979885935783386,0.6484176516532898,0.22772561013698578,0.11317900568246841,0.7549633979797363,0.2386438101530075,-0.3497753441333771,0.6539263725280762,0.21279872953891754,0.11351265013217926,0.7743229866027832,0.22375038266181946,-0.39893996715545654,0.6604228615760803,0.21267732977867126,0.08564402163028717,0.7689476013183594,0.21535642445087433,-0.37435346841812134,0.6598514318466187,0.21884283423423767,0.10100997984409332,0.7617124319076538,0.21996277570724487,-0.3440559208393097,0.5946411490440369,0.5691004395484924,0.09036073833703995,0.6343915462493896,0.5770441889762878,-0.09052501618862152,0.5969734191894531,0.7017067074775696,0.14082393050193787,0.6341330409049988,0.7093232274055481,-0.06989187002182007,0.5754885673522949,0.8427342772483826,0.1784479320049286,0.6195037364959717,0.8511094450950623,-0.03567126393318176,0.5727900266647339,0.8630416393280029,0.1776573210954666,0.6111911535263062,0.8678522109985352,-0.03445577248930931,0.5873018503189087,0.8694246411323547,0.1156318187713623,0.6411721110343933,0.8674818873405457,-0.10088373720645905
frame_00054.jpg,0.637244701385498,0.32047346234321594,0.06129131838679314,0.6348038911819458,0.31212326884269714,0.05141972377896309,0.6321788430213928,0.31173408031463623,0.0512193962931633,0.6294441223144531,0.3113386332988739,0.05126681178808212,0.6418600678443909,0.31512588262557983,0.031798359006643295,0.6443160772323608,0.31679147481918335,0.03150084987282753,0.6469326615333557,0.3184371590614319,0.03141219541430473,0.6226154565811157,0.316574364900589,0.03175166994333267,0.6499860882759094,0.3263009190559387,-0.06527449935674667,0.6314771771430969,0.33115169405937195,0.06058618426322937,0.6393014788627625,0.33343517780303955,0.032652366906404495,0.5957375168800354,0.37436965107917786,0.0902002602815628,0.6589260697364807,0.37989869713783264,-0.15431329607963562,0.6217063069343567,0.29762735962867737,0.11554338783025742,0.7129160165786743,0.3142942488193512,-0.25730234384536743,0.6543740034103394,0.2237987071275711,0.05984581261873245,0.7512142658233643,0.23082813620567322,-0.252566933631897,0.6608513593673706,0.2097635716199875,0.05285255238413811,0.768924355506897,0.21795739233493805,-0.2891154885292053,0.6675201654434204,0.20839862525463104,0.030924463644623756,0.7610716223716736,0.21012161672115326,-0.2739241421222687,0.6670623421669006,0.21374104917049408,0.04806865006685257,0.7539999485015869,0.21356311440467834,-0.24922151863574982,0.5955497026443481,0.5699627995491028,0.08269762247800827,0.6360488533973694,0.577547013759613,-0.08289282768964767,0.5977738499641418,0.7025376558303833,0.13999146223068237,0.634466290473938,0.7125211954116821,-0.06419022381305695,0.5758744478225708,0.8429253697395325,0.17273078858852386,0.6180554032325745,0.8538936972618103,-0.03740888833999634,0.5713380575180054,0.8631134033203125,0.1717797815799713,0.6094059944152832,0.8720461130142212,-0.03693348169326782,0.5855597257614136,0.8706585764884949,0.11286658048629761,0.6411301493644714,0.870587944984436,-0.10606762021780014
frame_00055.jpg,0.6380535960197449,0.32100576162338257,0.017221298068761826,0.6354858875274658,0.31271377205848694,0.00827222689986229,0.6327856779098511,0.31230148673057556,0.008069113828241825,0.6298428177833557,0.31190720200538635,0.008122039958834648,0.641990065574646,0.31558072566986084,-0.010766327381134033,0.6446247696876526,0.31715792417526245,-0.011059967800974846,0.6473115682601929,0.31873491406440735,-0.011161684058606625,0.6230298280715942,0.31723883748054504,-0.00836813636124134,0.6512421369552612,0.3268279433250427,-0.0969439297914505,0.6322754621505737,0.33149534463882446,0.01981879025697708,0.6402841806411743,0.33380401134490967,-0.007182595785707235,0.5980342030525208,0.3746594190597534,0.08567099273204803,0.6599916815757751,0.3807750940322876,-0.1797061711549759,0.6283682584762573,0.2967619299888611,0.07054822146892548,0.7153472900390625,0.30972686409950256,-0.26861438155174255,0.6609431505203247,0.2203896939754486,-0.02791881002485752,0.7494627237319946,0.22535210847854614,-0.2878134846687317,0.666542112827301,0.20576229691505432,-0.04201992228627205,0.7640995383262634,0.2135142832994461,-0.3304063677787781,0.6736283302307129,0.2029634416103363,-0.06509792059659958,0.7561520338058472,0.2067337930202484,-0.32075175642967224,0.6732396483421326,0.2082900106906891,-0.04042859748005867,0.7495926022529602,0.20967385172843933,-0.2872937321662903,0.596432089805603,0.5699846148490906,0.08485715091228485,0.6366814374923706,0.5778816342353821,-0.08503364026546478,0.597981333732605,0.7036409974098206,0.1626453697681427,0.6345502138137817,0.7145653367042542,-0.06103956699371338,0.574892520904541,0.8434524536132812,0.22299285233020782,0.6178106069564819,0.8571892380714417,-0.02261829748749733,0.570218563079834,0.8635645508766174,0.22372594475746155,0.6088151931762695,0.8765472769737244,-0.021611865609884262,0.5844689607620239,0.8719261288642883,0.15606144070625305,0.641473114490509,0.8726060390472412,-0.09890620410442352
frame_00056.jpg,0.6383169889450073,0.3212427496910095,0.035577740520238876,0.6357697248458862,0.313046932220459,0.026694422587752342,0.6330752372741699,0.31262561678886414,0.026491552591323853,0.6309313178062439,0.31225165724754333,0.02656387723982334,0.642744779586792,0.31592538952827454,0.007473406381905079,0.6455318331718445,0.31747767329216003,0.0071806469932198524,0.6483481526374817,0.3190177381038666,0.0070876129902899265,0.626064121723175,0.31760022044181824,0.00398610346019268,0.652047872543335,0.32722008228302,-0.08079154789447784,0.6333770155906677,0.3312862813472748,0.03739007189869881,0.6408278942108154,0.33373701572418213,0.010216736234724522,0.6055890917778015,0.3672594726085663,0.08322121202945709,0.6616541147232056,0.37740495800971985,-0.16953741014003754,0.6441834568977356,0.2940915524959564,0.09246490150690079,0.7127909064292908,0.3043825030326843,-0.2761914134025574,0.6785061359405518,0.2240932136774063,0.01524057425558567,0.7439290285110474,0.22009392082691193,-0.3214471936225891,0.6844290494918823,0.2045813351869583,0.006845585070550442,0.7581110596656799,0.20703758299350739,-0.37063366174697876,0.6920590400695801,0.2011566460132599,-0.018693042919039726,0.7494105100631714,0.20073293149471283,-0.3520938456058502,0.6922475695610046,0.2068210244178772,0.0029652167577296495,0.7426012754440308,0.2032194286584854,-0.31877249479293823,0.5969992876052856,0.5682404637336731,0.09034638106822968,0.6321947574615479,0.5768668055534363,-0.09049783647060394,0.6013715267181396,0.7037115693092346,0.18133622407913208,0.6317199468612671,0.714368462562561,-0.06273698061704636,0.5758216381072998,0.8403955698013306,0.2585645318031311,0.6166640520095825,0.8572699427604675,-0.02476981095969677,0.5703261494636536,0.8603827953338623,0.26093629002571106,0.6075439453125,0.8779861330986023,-0.024112317711114883,0.5847924947738647,0.8684312105178833,0.19459480047225952,0.6419592499732971,0.8724175095558167,-0.10660139471292496
frame_00057.jpg,0.6522380709648132,0.32458892464637756,-0.02878558076918125,0.6463710069656372,0.3149303197860718,-0.027466630563139915,0.6439240574836731,0.3141940236091614,-0.027705173939466476,0.6419633626937866,0.3136378228664398,-0.027638858184218407,0.651334285736084,0.31811898946762085,-0.057130105793476105,0.652414858341217,0.3194475769996643,-0.057389385998249054,0.6535857915878296,0.32071158289909363,-0.0574939139187336,0.6337995529174805,0.3198763430118561,-0.0076281605288386345,0.6525718569755554,0.328887403011322,-0.1414736807346344,0.6457517743110657,0.3339868187904358,-0.012522337026894093,0.6509042978286743,0.3363853693008423,-0.0534013994038105,0.6137145161628723,0.3676854372024536,0.0833481028676033,0.6573172807693481,0.3780784010887146,-0.22909164428710938,0.6591051816940308,0.29635417461395264,0.10485689342021942,0.7045998573303223,0.3094221353530884,-0.3741021752357483,0.7007650136947632,0.22843022644519806,0.010127943940460682,0.7388474941253662,0.22370734810829163,-0.451122522354126,0.7117377519607544,0.209977924823761,-0.0009565962245687842,0.7505545020103455,0.20745843648910522,-0.5098011493682861,0.7158249616622925,0.20577827095985413,-0.03032454289495945,0.7452017664909363,0.2008230984210968,-0.4890073835849762,0.7133413553237915,0.2111036777496338,-0.005086490884423256,0.7403354644775391,0.2051560878753662,-0.44843849539756775,0.5970717072486877,0.5681162476539612,0.1079794391989708,0.6280186772346497,0.5762761235237122,-0.10816653072834015,0.6050376296043396,0.7037582993507385,0.21964482963085175,0.6292135715484619,0.714209258556366,-0.056939590722322464,0.5765285491943359,0.8390873670578003,0.3185170292854309,0.6160680651664734,0.8585149645805359,0.008053876459598541,0.5698726773262024,0.8582762479782104,0.32188037037849426,0.6050546169281006,0.8805984854698181,0.010194429196417332,0.5855303406715393,0.8647595643997192,0.2380906045436859,0.6427211761474609,0.8722978234291077,-0.09127958118915558
frame_00058.jpg,0.65531986951828,0.32475969195365906,-0.06169779971241951,0.6498780846595764,0.31505221128463745,-0.05763866752386093,0.6473791599273682,0.3143066167831421,-0.05788655951619148,0.6452064514160156,0.3137299716472626,-0.057827819138765335,0.6549712419509888,0.3182254731655121,-0.08962230384349823,0.6558694839477539,0.31955432891845703,-0.08988258987665176,0.6567213535308838,0.32080793380737305,-0.08999514579772949,0.6357599496841431,0.32008877396583557,-0.024943355470895767,0.6526569128036499,0.3290066719055176,-0.17144645750522614,0.6480835676193237,0.33409547805786133,-0.04161651059985161,0.6534873247146606,0.33651286363601685,-0.08568154275417328,0.6177683472633362,0.36682096123695374,0.07595983147621155,0.6545934677124023,0.37650325894355774,-0.2564343810081482,0.6686520576477051,0.29768210649490356,0.09935469925403595,0.7017165422439575,0.30969253182411194,-0.4153430461883545,0.7117148637771606,0.23072153329849243,-0.013893638737499714,0.7380975484848022,0.22096428275108337,-0.5059479475021362,0.7217296361923218,0.2117677479982376,-0.026723390445113182,0.7478863000869751,0.2020544409751892,-0.5685428380966187,0.7228003740310669,0.2083386778831482,-0.059002023190259933,0.7442010045051575,0.19649900496006012,-0.5468901991844177,0.7203450798988342,0.2133597731590271,-0.030832061544060707,0.7407230138778687,0.20166371762752533,-0.503226637840271,0.5973238945007324,0.5673130750656128,0.11320646107196808,0.6278371214866638,0.5755122900009155,-0.11340266466140747,0.6063868403434753,0.702970564365387,0.224667027592659,0.6290574669837952,0.7140875458717346,-0.05561550334095955,0.577121376991272,0.835736095905304,0.3219410181045532,0.6153901219367981,0.8579206466674805,0.018573801964521408,0.5699538588523865,0.8558339476585388,0.32458311319351196,0.6041151285171509,0.8797644972801208,0.020811641588807106,0.585564374923706,0.8620943427085876,0.23202486336231232,0.6429876089096069,0.8721619248390198,-0.08815030008554459
frame_00059.jpg,0.6578567028045654,0.3278443217277527,-0.013919579796493053,0.653019905090332,0.3169352114200592,-0.013162443414330482,0.6503993272781372,0.3158373236656189,-0.013390781357884407,0.6480394005775452,0.31498420238494873,-0.013332957401871681,0.6578875780105591,0.3200491666793823,-0.041877731680870056,0.6586023569107056,0.3209940493106842,-0.04216133803129196,0.6592879295349121,0.32183122634887695,-0.04228135198354721,0.6379356384277344,0.3203239440917969,0.02386239357292652,0.6534672975540161,0.32908549904823303,-0.12716059386730194,0.6504812240600586,0.33602020144462585,-0.0003817981923930347,0.6556952595710754,0.3381834626197815,-0.03897146135568619,0.6180331110954285,0.36543405055999756,0.1291266232728958,0.654157280921936,0.3723124563694,-0.21508853137493134,0.6664671301841736,0.3021625876426697,0.1684727966785431,0.7037780284881592,0.2996014356613159,-0.3617819845676422,0.7047686576843262,0.2511032819747925,0.06473297625780106,0.7397084832191467,0.2179567515850067,-0.42157667875289917,0.7172956466674805,0.22962744534015656,0.06055685132741928,0.7491351366043091,0.20259736478328705,-0.47600793838500977,0.7184523344039917,0.22391891479492188,0.023884370923042297,0.7446081042289734,0.19796109199523926,-0.4522193372249603,0.7163017988204956,0.22666582465171814,0.04640856385231018,0.7410146594047546,0.20214566588401794,-0.41694241762161255,0.6000455617904663,0.5659555196762085,0.11578615754842758,0.6286458969116211,0.5717828869819641,-0.11601114273071289,0.6115890741348267,0.7025267481803894,0.20780515670776367,0.6298782825469971,0.7127691507339478,-0.06642530858516693,0.5786941647529602,0.8347021341323853,0.2946501672267914,0.6164165139198303,0.8577647805213928,0.00023287154908757657,0.5710122585296631,0.8550280332565308,0.2970910668373108,0.6055948138237,0.8792354464530945,0.0016654046485200524,0.5891096591949463,0.8592549562454224,0.2128976583480835,0.643016517162323,0.8713567852973938,-0.10562654584646225
frame_00060.jpg,0.6607405543327332,0.327291876077652,-0.005774387624114752,0.6558442711830139,0.31632280349731445,-0.0002948029723484069,0.6534689664840698,0.3154185712337494,-0.00051812210585922,0.6512891054153442,0.31475722789764404,-0.0004528998979367316,0.65989089012146,0.31877511739730835,-0.0330478698015213,0.6603764295578003,0.3194884955883026,-0.033343590795993805,0.6607997417449951,0.3200739324092865,-0.033455364406108856,0.640949547290802,0.3202458620071411,0.06028742343187332,0.6536561250686646,0.3269962668418884,-0.11478646844625473,0.6543725728988647,0.3357754647731781,0.010673332959413528,0.6583563685417175,0.3374268710613251,-0.02993852272629738,0.6222488284111023,0.36432769894599915,0.17214058339595795,0.6539982557296753,0.3625854551792145,-0.20909082889556885,0.6736680269241333,0.3022882640361786,0.21037530899047852,0.7039283514022827,0.29300668835639954,-0.35153326392173767,0.7113022804260254,0.24998073279857635,0.0985984280705452,0.7419337034225464,0.2157309502363205,-0.3962114155292511,0.7203947901725769,0.22996364533901215,0.09476284682750702,0.7517430782318115,0.19905893504619598,-0.4509373605251312,0.7219295501708984,0.22459448873996735,0.05583919212222099,0.7474676966667175,0.19493797421455383,-0.4250342845916748,0.7215971946716309,0.22686339914798737,0.0792945846915245,0.7439001798629761,0.20025192201137543,-0.3909272849559784,0.6036204099655151,0.5640929937362671,0.12480969727039337,0.6296161413192749,0.568827748298645,-0.12500609457492828,0.6158157587051392,0.7013161778450012,0.20586998760700226,0.6303143501281738,0.7103775143623352,-0.078887939453125,0.5809370279312134,0.8311417102813721,0.2959040105342865,0.616675853729248,0.8560064435005188,-0.0170852430164814,0.5716223120689392,0.8518440127372742,0.29913562536239624,0.6063507795333862,0.8790066838264465,-0.015072016045451164,0.5902027487754822,0.8573035597801208,0.22033417224884033,0.643684983253479,0.8704084157943726,-0.11109529435634613
frame_00061.jpg,0.6610823273658752,0.32768934965133667,-0.021434161812067032,0.6567234992980957,0.3164083659648895,-0.00932327564805746,0.6545277237892151,0.31550073623657227,-0.009550999850034714,0.6524440050125122,0.3148754835128784,-0.009442722424864769,0.6598966717720032,0.3187941014766693,-0.048884905874729156,0.6601771712303162,0.31942883133888245,-0.04918836057186127,0.6605744361877441,0.3199255168437958,-0.049298450350761414,0.6410602927207947,0.3203467130661011,0.052992261946201324,0.6525325775146484,0.3263852000236511,-0.12807896733283997,0.6548452377319336,0.3366550803184509,0.007752603851258755,0.6579036712646484,0.3376723527908325,-0.04528098553419113,0.622528612613678,0.36459633708000183,0.16524596512317657,0.6491235494613647,0.36282917857170105,-0.22444884479045868,0.676388144493103,0.30137887597084045,0.1966364085674286,0.6977754831314087,0.2929590940475464,-0.36507269740104675,0.7169010043144226,0.24836426973342896,0.07994861155748367,0.7419720888137817,0.21674871444702148,-0.4007907807826996,0.7256955504417419,0.22801978886127472,0.07384897768497467,0.7525187134742737,0.2000540941953659,-0.45869821310043335,0.7272835969924927,0.22254341840744019,0.03928175941109657,0.7494352459907532,0.19565428793430328,-0.42866382002830505,0.7271868586540222,0.22475317120552063,0.0620025172829628,0.7456353306770325,0.20136384665966034,-0.3934585452079773,0.6099467873573303,0.5645059943199158,0.1279871165752411,0.6302188634872437,0.5692508816719055,-0.1281803995370865,0.6170886754989624,0.7013857960700989,0.21765251457691193,0.63045734167099,0.7097795009613037,-0.07240068912506104,0.5817586779594421,0.830064594745636,0.3180796802043915,0.6167320013046265,0.8552281856536865,-0.0007006117957644165,0.572048544883728,0.8511035442352295,0.32235464453697205,0.6061388254165649,0.8789584040641785,0.003457284765318036,0.5916706323623657,0.8569660782814026,0.2436993569135666,0.643903374671936,0.8697367310523987,-0.09396116435527802
frame_00062.jpg,0.6608809232711792,0.3273348808288574,-0.012179620563983917,0.6563733816146851,0.3159395158290863,0.005996973253786564,0.6541308760643005,0.3151817321777344,0.005784857086837292,0.6517671942710876,0.31469064950942993,0.0059427483938634396,0.6579006910324097,0.3177288770675659,-0.04047304019331932,0.6574512124061584,0.31815680861473083,-0.040731605142354965,0.6572436690330505,0.3185267746448517,-0.04082716628909111,0.6378128528594971,0.32018768787384033,0.07054796814918518,0.6492553949356079,0.3244924247264862,-0.12674173712730408,0.6539949178695679,0.33664754033088684,0.025066059082746506,0.6551543474197388,0.33728742599487305,-0.03661177679896355,0.621391236782074,0.3648068606853485,0.17385604977607727,0.6430909037590027,0.36053523421287537,-0.20928256213665009,0.6735073328018188,0.300046443939209,0.19639715552330017,0.6931126117706299,0.2858310043811798,-0.34443145990371704,0.710594892501831,0.24786701798439026,0.07857032120227814,0.7393848896026611,0.20865684747695923,-0.36272913217544556,0.7195965051651001,0.22768956422805786,0.07286656647920609,0.7501673698425293,0.19068662822246552,-0.41733965277671814,0.7214726209640503,0.2220420241355896,0.037617333233356476,0.7479634284973145,0.18753905594348907,-0.3841647803783417,0.7217574715614319,0.2243640422821045,0.06043728440999985,0.7441892623901367,0.1943359375,-0.3533923029899597,0.6157405376434326,0.5647827386856079,0.12224475294351578,0.6309801340103149,0.5693894028663635,-0.12244131416082382,0.6174514293670654,0.7011849284172058,0.21675603091716766,0.6327825784683228,0.7093788981437683,-0.06895708292722702,0.5837150812149048,0.8299489617347717,0.31747788190841675,0.6177161931991577,0.8546550273895264,0.011316994205117226,0.5735518336296082,0.851019561290741,0.322034627199173,0.6062129139900208,0.8787735104560852,0.016490811482071877,0.5959656238555908,0.8567089438438416,0.2519546151161194,0.64410799741745,0.8697208166122437,-0.06459172070026398
frame_00063.jpg,0.6601753830909729,0.32757723331451416,-0.003980719484388828,0.6559920310974121,0.316265732049942,0.008947274647653103,0.6535416841506958,0.3157542943954468,0.008735795505344868,0.6510144472122192,0.31559717655181885,0.008907410316169262,0.6562896966934204,0.3177717328071594,-0.03199843689799309,0.6552941799163818,0.3181767165660858,-0.03227735683321953,0.6546418070793152,0.3184916079044342,-0.03237927332520485,0.6366144418716431,0.32097482681274414,0.07829312980175018,0.6451894640922546,0.32425811886787415,-0.11748192459344864,0.6536832451820374,0.3373619019985199,0.02882307767868042,0.65346759557724,0.33734193444252014,-0.02898441255092621,0.6212531328201294,0.3652122914791107,0.18695484101772308,0.6370261311531067,0.3592143654823303,-0.21486619114875793,0.6702216863632202,0.29947710037231445,0.2065335065126419,0.6883895993232727,0.2837386131286621,-0.3494139611721039,0.705856442451477,0.24724139273166656,0.07652510702610016,0.7296017408370972,0.20731382071971893,-0.36229774355888367,0.7128950357437134,0.22666417062282562,0.06947410106658936,0.7364269495010376,0.19019445776939392,-0.4167739748954773,0.715006411075592,0.22075290977954865,0.03393418341875076,0.7351475954055786,0.18722841143608093,-0.38553744554519653,0.7153770923614502,0.22325828671455383,0.057638317346572876,0.7328943014144897,0.19350484013557434,-0.35360801219940186,0.6188144087791443,0.5654615759849548,0.12869298458099365,0.6312947273254395,0.5697318315505981,-0.1289052665233612,0.6168930530548096,0.7012326121330261,0.23238427937030792,0.6344518065452576,0.7094475626945496,-0.06010565161705017,0.5838395357131958,0.8302993178367615,0.33867815136909485,0.6199252605438232,0.8545076847076416,0.04147758707404137,0.5738567113876343,0.8512303829193115,0.3436446189880371,0.6076352596282959,0.8784551620483398,0.04790851101279259,0.5989382863044739,0.8575126528739929,0.27021995186805725,0.6446046829223633,0.8699171543121338,-0.034234125167131424
frame_00064.jpg,0.6585103273391724,0.3286706507205963,-0.01619882509112358,0.6537827253341675,0.31751641631126404,-0.0009178019245155156,0.65153568983078,0.31738778948783875,-0.001126650022342801,0.6492167115211487,0.3176368474960327,-0.0009919678559526801,0.6535695195198059,0.318210244178772,-0.04443686082959175,0.6524869203567505,0.3184526562690735,-0.04472790285944939,0.6517384052276611,0.31865185499191284,-0.04483556002378464,0.6345999240875244,0.3232799768447876,0.06770903617143631,0.642005205154419,0.3243159055709839,-0.1277216076850891,0.6523197889328003,0.33930566906929016,0.018431169912219048,0.6513394117355347,0.33844009041786194,-0.041679300367832184,0.6198993921279907,0.3661120533943176,0.17813965678215027,0.6333094835281372,0.360643595457077,-0.23540695011615753,0.6667842864990234,0.29936447739601135,0.19292786717414856,0.6819129586219788,0.2838503420352936,-0.37909337878227234,0.7014586329460144,0.2426237165927887,0.06388606131076813,0.7200307250022888,0.20577508211135864,-0.4018709063529968,0.708788275718689,0.22278234362602234,0.05277915671467781,0.7271097898483276,0.1878427416086197,-0.45937806367874146,0.7112149596214294,0.21654324233531952,0.014500011689960957,0.7263398766517639,0.18488557636737823,-0.42918115854263306,0.7112168073654175,0.21877220273017883,0.04221853241324425,0.7241847515106201,0.1911151260137558,-0.39384371042251587,0.619225025177002,0.5655348300933838,0.1327643096446991,0.6315054893493652,0.5699542760848999,-0.13295598328113556,0.6165778040885925,0.7007623314857483,0.2217409312725067,0.6359437704086304,0.7089092135429382,-0.0711919516324997,0.584051251411438,0.8309726119041443,0.31559544801712036,0.6212578415870667,0.8543490171432495,0.03561725839972496,0.574682891368866,0.8525663018226624,0.3191918730735779,0.6082243919372559,0.8770274519920349,0.04678170010447502,0.5984929203987122,0.8611451387405396,0.24077923595905304,0.6475425958633423,0.8715546131134033,-0.060379087924957275
frame_00065.jpg,0.6558266282081604,0.3251311480998993,-0.05214114859700203,0.6515881419181824,0.314348042011261,-0.03628415986895561,0.6498701572418213,0.31448495388031006,-0.036502111703157425,0.6480430364608765,0.3149183988571167,-0.03638803958892822,0.6510193943977356,0.3146473169326782,-0.07919622212648392,0.6500474810600281,0.31492865085601807,-0.0794992670416832,0.6493719816207886,0.3151990473270416,-0.07963509857654572,0.6342326402664185,0.32117125391960144,0.044130075722932816,0.6413276791572571,0.32157838344573975,-0.15606272220611572,0.6505435109138489,0.3360062837600708,-0.017113741487264633,0.6494032740592957,0.33528614044189453,-0.0757514163851738,0.6196277737617493,0.36577627062797546,0.16013780236244202,0.6335563659667969,0.3618663251399994,-0.25773105025291443,0.6649453043937683,0.2924864888191223,0.19013062119483948,0.6800869703292847,0.2764771282672882,-0.41203418374061584,0.6972697377204895,0.23160752654075623,0.03645225241780281,0.7120063900947571,0.19748368859291077,-0.4599072337150574,0.7050714492797852,0.2102924883365631,0.02401336468756199,0.7198898792266846,0.17844794690608978,-0.5209991931915283,0.7071189284324646,0.20269812643527985,-0.011664512567222118,0.7182522416114807,0.17475691437721252,-0.49233904480934143,0.7046753168106079,0.20780274271965027,0.016397422179579735,0.7153764963150024,0.18128691613674164,-0.45313674211502075,0.6198493838310242,0.5655437111854553,0.13021878898143768,0.6316415071487427,0.5696942806243896,-0.13040128350257874,0.6164650321006775,0.7007802128791809,0.2238936722278595,0.6374925374984741,0.7079092264175415,-0.07033777236938477,0.5847526788711548,0.8313757181167603,0.3241351544857025,0.6244326233863831,0.850183367729187,0.028557872399687767,0.5753914713859558,0.8526169657707214,0.32855379581451416,0.6112855076789856,0.8690000176429749,0.035755474120378494,0.5978965759277344,0.8663290739059448,0.24892142415046692,0.6484678983688354,0.8733798265457153,-0.05914044380187988
frame_00066.jpg,0.6562207341194153,0.3215709626674652,-0.091133251786232,0.6515814065933228,0.31108418107032776,-0.07402084767818451,0.6498528718948364,0.31126075983047485,-0.07425607740879059,0.6480444073677063,0.3117271661758423,-0.07416045665740967,0.6511095762252808,0.31139934062957764,-0.11748045682907104,0.6503782868385315,0.3117593824863434,-0.11778588593006134,0.6498709917068481,0.3121638000011444,-0.11794300377368927,0.6355911493301392,0.31827062368392944,0.009406885132193565,0.6418651938438416,0.31931307911872864,-0.19022628664970398,0.6511331796646118,0.3334035575389862,-0.054488588124513626,0.6500219106674194,0.33291468024253845,-0.1136520728468895,0.6202072501182556,0.3667197525501251,0.13327927887439728,0.634804368019104,0.3627275228500366,-0.28900986909866333,0.6640324592590332,0.28779134154319763,0.14982031285762787,0.6749619841575623,0.27693474292755127,-0.44513797760009766,0.6931901574134827,0.2187192440032959,0.011432128958404064,0.7002164721488953,0.19758246839046478,-0.5004806518554688,0.701347291469574,0.19780652225017548,-0.003779405727982521,0.7090818881988525,0.17695893347263336,-0.5635103583335876,0.7016511559486389,0.1914503127336502,-0.037541307508945465,0.7065078020095825,0.1731862723827362,-0.538679301738739,0.6992385387420654,0.1962466835975647,-0.008049605414271355,0.703900158405304,0.1798640638589859,-0.4956020414829254,0.6199506521224976,0.5655741095542908,0.1317548304796219,0.6314922571182251,0.5699602365493774,-0.13192549347877502,0.6167746782302856,0.7016528248786926,0.24450714886188507,0.6382488012313843,0.7079693675041199,-0.061031144112348557,0.5850811004638672,0.8316671848297119,0.36388716101646423,0.6262475252151489,0.8468877673149109,0.06845761090517044,0.5758680701255798,0.8525407314300537,0.37015971541404724,0.6141196489334106,0.8644264936447144,0.07804201543331146,0.5932326912879944,0.8757118582725525,0.2923525273799896,0.6486803889274597,0.8743959665298462,-0.011194962076842785
frame_00067.jpg,0.6553905010223389,0.3209584951400757,-0.06538049876689911,0.650454044342041,0.3096301853656769,-0.04832518845796585,0.6490100026130676,0.30929458141326904,-0.04855669289827347,0.6476043462753296,0.3091300129890442,-0.04848214238882065,0.6498702764511108,0.31033840775489807,-0.0903349220752716,0.6489037871360779,0.310647577047348,-0.09061625599861145,0.6481812596321106,0.31099236011505127,-0.09075811505317688,0.6355858445167542,0.3141278028488159,0.0188309233635664,0.6399092674255371,0.31761497259140015,-0.16235308349132538,0.650983452796936,0.3315871059894562,-0.03034665808081627,0.6494248509407043,0.33165550231933594,-0.0876401886343956,0.6150397062301636,0.36430034041404724,0.14272433519363403,0.6264224052429199,0.3677889108657837,-0.2615962028503418,0.6589303612709045,0.28011515736579895,0.1513417661190033,0.6587479710578918,0.2874056100845337,-0.432166188955307,0.6786583662033081,0.1959695816040039,0.010925399139523506,0.6707552671432495,0.2267884612083435,-0.5172296762466431,0.6864067316055298,0.17154686152935028,-0.007750526070594788,0.6762036085128784,0.2061166614294052,-0.5792631506919861,0.683779239654541,0.1682833582162857,-0.035907186567783356,0.6725250482559204,0.19722284376621246,-0.5620660781860352,0.6800042390823364,0.17561224102973938,-0.006739216390997171,0.6708254814147949,0.20164896547794342,-0.5157097578048706,0.6173884868621826,0.5588788986206055,0.13192537426948547,0.6207967400550842,0.5631235241889954,-0.13207602500915527,0.616606593132019,0.6999322772026062,0.2427365481853485,0.6350358128547668,0.7059242725372314,-0.11097898334264755,0.5861683487892151,0.8263072371482849,0.33950284123420715,0.6260556578636169,0.8433234691619873,-0.031805772334337234,0.5769718289375305,0.8496741652488708,0.34491491317749023,0.6148370504379272,0.8624019026756287,-0.02769598923623562,0.593415379524231,0.8738977909088135,0.2599848508834839,0.6539889574050903,0.8709030151367188,-0.1347033977508545
frame_00068.jpg,0.6494501233100891,0.3157881200313568,-0.09339602291584015,0.6447358131408691,0.3047997057437897,-0.07565854489803314,0.6430532336235046,0.3044258654117584,-0.07589147239923477,0.6413987874984741,0.3041180670261383,-0.07583104819059372,0.6452463865280151,0.3056481182575226,-0.12053769826889038,0.6443990468978882,0.3060533106327057,-0.12081917375326157,0.6437801122665405,0.30644792318344116,-0.12095998227596283,0.6312231421470642,0.3103516399860382,0.007089834660291672,0.6369761824607849,0.31438758969306946,-0.19698864221572876,0.6450086236000061,0.32658669352531433,-0.05616115406155586,0.6442791819572449,0.3269633948802948,-0.11743203550577164,0.6054204702377319,0.3629935681819916,0.127690851688385,0.6241382360458374,0.36793872714042664,-0.29635387659072876,0.6482723951339722,0.2792792022228241,0.1304050236940384,0.6563092470169067,0.2845713198184967,-0.4934850335121155,0.6679608821868896,0.18353503942489624,-0.028940927237272263,0.663366436958313,0.2273188978433609,-0.6044397950172424,0.6746013760566711,0.16446051001548767,-0.05135289952158928,0.6667968034744263,0.20575715601444244,-0.6735659837722778,0.6720272898674011,0.16049407422542572,-0.08100297302007675,0.6630935072898865,0.19790460169315338,-0.6557008028030396,0.6688073873519897,0.16594289243221283,-0.047723568975925446,0.6601350903511047,0.20365174114704132,-0.603688657283783,0.6063708066940308,0.557364821434021,0.13939860463142395,0.6135014295578003,0.5611044764518738,-0.1395469605922699,0.6138893365859985,0.6983919143676758,0.23482263088226318,0.6287832856178284,0.7047783732414246,-0.10939896106719971,0.5857243537902832,0.8237923979759216,0.3493521809577942,0.6249673366546631,0.841053307056427,-0.014857533387839794,0.5756354928016663,0.8474459052085876,0.35453158617019653,0.6148033142089844,0.8608293533325195,-0.00987249705940485,0.5924643874168396,0.8744451999664307,0.25897836685180664,0.6549097299575806,0.8682846426963806,-0.12256775796413422
frame_00069.jpg,0.6429919004440308,0.3158608078956604,-0.105881467461586,0.6393581628799438,0.30499279499053955,-0.09375239163637161,0.6375876069068909,0.3047136068344116,-0.09400346875190735,0.6358333826065063,0.30459433794021606,-0.09391572326421738,0.6403424739837646,0.3057897686958313,-0.13376346230506897,0.6396311521530151,0.30613940954208374,-0.13403084874153137,0.6391801238059998,0.306625097990036,-0.1341446340084076,0.6251782178878784,0.31094977259635925,-0.029841821640729904,0.6319860219955444,0.3146992623806,-0.21232354640960693,0.636656641960144,0.3268522024154663,-0.07472534477710724,0.6370521783828735,0.3271685242652893,-0.12940025329589844,0.5882958173751831,0.36715421080589294,0.08352546393871307,0.6189502477645874,0.37210813164711,-0.2963712811470032,0.6282001733779907,0.3140486180782318,0.09307335317134857,0.653188169002533,0.2849428355693817,-0.4522630572319031,0.6546679139137268,0.24784231185913086,-0.041906844824552536,0.6647635698318481,0.21078680455684662,-0.5162142515182495,0.6577669978141785,0.2318296879529953,-0.0583205409348011,0.6662433743476868,0.1873837262392044,-0.5759526491165161,0.656555712223053,0.22749951481819153,-0.08474382758140564,0.6653751134872437,0.1828964203596115,-0.5555754899978638,0.6570920348167419,0.23219729959964752,-0.05777682736515999,0.6623013615608215,0.19357016682624817,-0.5132812261581421,0.594063937664032,0.5581930875778198,0.13770361244678497,0.6090103983879089,0.5620855689048767,-0.13784366846084595,0.6100495457649231,0.695465087890625,0.234095498919487,0.624803900718689,0.7036628723144531,-0.10510578006505966,0.5841761827468872,0.822087287902832,0.3470517098903656,0.6208215951919556,0.8416329622268677,-0.014186760410666466,0.5744647979736328,0.8467748165130615,0.35191017389297485,0.6111024618148804,0.8610976338386536,-0.0070234639570117,0.5925825834274292,0.8728185892105103,0.26187896728515625,0.6541584134101868,0.8627181649208069,-0.10611297190189362
frame_00070.jpg,0.6440439820289612,0.31661567091941833,-0.08801919966936111,0.6403506398200989,0.30584782361984253,-0.07116877287626266,0.6385225653648376,0.3055557310581207,-0.07140975445508957,0.6367219686508179,0.3054150342941284,-0.07132978737354279,0.641426146030426,0.30671682953834534,-0.1136384978890419,0.6405109167098999,0.3071229159832001,-0.11391045898199081,0.6397358179092407,0.30763474106788635,-0.1140306368470192,0.6262388825416565,0.3116720914840698,-0.006054357625544071,0.6309196352958679,0.31550177931785583,-0.18633881211280823,0.6377012729644775,0.32741180062294006,-0.051936499774456024,0.6389080882072449,0.3277668356895447,-0.10961320251226425,0.5933948755264282,0.3658873736858368,0.13297751545906067,0.6168033480644226,0.37229737639427185,-0.27818310260772705,0.6355320811271667,0.2997126281261444,0.14668427407741547,0.6518092155456543,0.2855001389980316,-0.4428876042366028,0.6615461707115173,0.2214454859495163,-0.035504210740327835,0.6679993867874146,0.220840185880661,-0.5216257572174072,0.6673034429550171,0.19642704725265503,-0.03202378749847412,0.67084139585495,0.18889255821704865,-0.5845810174942017,0.6661167740821838,0.19702094793319702,-0.062466252595186234,0.668429434299469,0.1872033327817917,-0.5669077038764954,0.6654452085494995,0.20101943612098694,-0.04646081477403641,0.6649266481399536,0.19786430895328522,-0.5200210809707642,0.5928088426589966,0.5555030107498169,0.13917365670204163,0.6064008474349976,0.5607221722602844,-0.1393156349658966,0.6061969995498657,0.6929004788398743,0.22714969515800476,0.6208826899528503,0.7002893686294556,-0.10229774564504623,0.5822502970695496,0.8219060301780701,0.32730841636657715,0.6149597764015198,0.8414331674575806,-0.03340158984065056,0.5723512172698975,0.8470160961151123,0.3297845423221588,0.6047666668891907,0.8614842295646667,-0.03125064820051193,0.592774510383606,0.8610910177230835,0.23123013973236084,0.6536701917648315,0.8593112230300903,-0.14877817034721375
frame_00071.jpg,0.6417551636695862,0.31694671511650085,-0.01183097343891859,0.637184739112854,0.3063085675239563,0.004705476574599743,0.6354399919509888,0.30627381801605225,0.004472262691706419,0.6338597536087036,0.3064183294773102,0.004586655646562576,0.6379609704017639,0.3071146309375763,-0.03728637844324112,0.6369510889053345,0.30769476294517517,-0.037583135068416595,0.6362248659133911,0.3082844316959381,-0.037697650492191315,0.6236048936843872,0.31181225180625916,0.07739720493555069,0.6278409361839294,0.3156503736972809,-0.1121828705072403,0.6358814835548401,0.32754889130592346,0.02230053022503853,0.6366590261459351,0.32824090123176575,-0.0349845252931118,0.5953613519668579,0.3658987581729889,0.19472722709178925,0.6152008771896362,0.36763012409210205,-0.22471602261066437,0.6366682648658752,0.29802826046943665,0.21833744645118713,0.6570020914077759,0.280717670917511,-0.3661375641822815,0.6650432348251343,0.23332737386226654,0.08817421644926071,0.6778215169906616,0.20616064965724945,-0.4092860817909241,0.671302318572998,0.2002236694097519,0.07970286905765533,0.6820230484008789,0.18153254687786102,-0.4675012528896332,0.67084801197052,0.19926579296588898,0.04723026975989342,0.6779668927192688,0.1769430786371231,-0.44311851263046265,0.6694786548614502,0.21588139235973358,0.0707731693983078,0.6753971576690674,0.18590913712978363,-0.4041387438774109,0.5928003191947937,0.5558515787124634,0.1378677487373352,0.6066453456878662,0.5615805387496948,-0.1380341500043869,0.6052646040916443,0.6933695077896118,0.2252824604511261,0.6197459697723389,0.7005167603492737,-0.09849412739276886,0.5807660222053528,0.8226169943809509,0.32611918449401855,0.6094156503677368,0.8392152786254883,-0.024741090834140778,0.5711394548416138,0.8476848006248474,0.32865381240844727,0.5980858206748962,0.8615689873695374,-0.020914096385240555,0.5915020108222961,0.8620923757553101,0.24085596203804016,0.6513382196426392,0.8595904111862183,-0.12339307367801666
frame_00072.jpg,0.6428834795951843,0.31732672452926636,-0.01925569400191307,0.6379672288894653,0.30672916769981384,0.0006879278807900846,0.6361308097839355,0.3067004978656769,0.00042242222116328776,0.6345099806785583,0.30682432651519775,0.0005066678277216852,0.6392029523849487,0.3070962727069855,-0.040401339530944824,0.6380621194839478,0.3073497414588928,-0.04070844128727913,0.6368609666824341,0.30754485726356506,-0.0408298522233963,0.6239687204360962,0.3121580481529236,0.09143832325935364,0.6273091435432434,0.31359511613845825,-0.09613685309886932,0.6386030316352844,0.3279043436050415,0.01888502761721611,0.6369847655296326,0.3279106318950653,-0.03736012428998947,0.6143590211868286,0.36611121892929077,0.2148493230342865,0.6120849847793579,0.36223843693733215,-0.20656505227088928,0.6610758900642395,0.29790636897087097,0.2908177673816681,0.6535406708717346,0.27700912952423096,-0.38169121742248535,0.7084923982620239,0.23745587468147278,0.2204076498746872,0.6775956749916077,0.1911289095878601,-0.5107088088989258,0.7181825637817383,0.21575646102428436,0.220774844288826,0.6772324442863464,0.1693183034658432,-0.5804697275161743,0.7158983945846558,0.21153220534324646,0.18184027075767517,0.6751279234886169,0.166306734085083,-0.5556645393371582,0.7097265124320984,0.2170582115650177,0.20153406262397766,0.6762859225273132,0.17286637425422668,-0.5079821348190308,0.6002182364463806,0.5565142035484314,0.1381746083498001,0.6022923588752747,0.5616323947906494,-0.13832011818885803,0.6070837378501892,0.6942808628082275,0.2097097933292389,0.6210277080535889,0.7013605833053589,-0.14973485469818115,0.5806508660316467,0.8222474455833435,0.2998519539833069,0.5972387194633484,0.8352228999137878,-0.09356649219989777,0.5688825845718384,0.8478447198867798,0.3027384877204895,0.5814963579177856,0.8603183627128601,-0.0912170261144638,0.608375608921051,0.8580113053321838,0.22130505740642548,0.6455200910568237,0.8607433438301086,-0.19615095853805542
frame_00073.jpg,0.6430615782737732,0.3200148642063141,-0.018257927149534225,0.6385499835014343,0.30906912684440613,0.002672881353646517,0.6367768049240112,0.3091668486595154,0.002409384585916996,0.635180652141571,0.3093918561935425,0.0024939877912402153,0.6399247646331787,0.308584064245224,-0.038864344358444214,0.6385005116462708,0.3084597885608673,-0.039155833423137665,0.6366291642189026,0.30827391147613525,-0.03925837576389313,0.6245086789131165,0.31337350606918335,0.09523507952690125,0.6244074106216431,0.31400009989738464,-0.09469723701477051,0.6390882730484009,0.3307407796382904,0.020825916901230812,0.6381293535232544,0.329662024974823,-0.036017224192619324,0.6143490672111511,0.3671623468399048,0.21528783440589905,0.6049208045005798,0.3612104654312134,-0.20466211438179016,0.6641896963119507,0.3016023337841034,0.2698726952075958,0.646717369556427,0.2771286368370056,-0.3882529139518738,0.7175890803337097,0.2413347363471985,0.1782354712486267,0.6765313744544983,0.19577041268348694,-0.5107148885726929,0.7277780175209045,0.22345882654190063,0.17425867915153503,0.6785582900047302,0.17276319861412048,-0.5780568718910217,0.7257834672927856,0.21716614067554474,0.13837358355522156,0.6778354048728943,0.16922515630722046,-0.5515074729919434,0.720284104347229,0.22077637910842896,0.15982873737812042,0.6787335872650146,0.17659957706928253,-0.506917417049408,0.6053606271743774,0.556820273399353,0.1383579671382904,0.6011564135551453,0.5615025758743286,-0.13851040601730347,0.6096146106719971,0.6969030499458313,0.2011069357395172,0.620699405670166,0.7031009793281555,-0.14495724439620972,0.5808309316635132,0.8236103057861328,0.28288719058036804,0.5908669233322144,0.8356199860572815,-0.08655887097120285,0.5689982175827026,0.8489574790000916,0.2848748564720154,0.573736846446991,0.8607330918312073,-0.08449281752109528,0.6199241876602173,0.8586626648902893,0.19747120141983032,0.6395663022994995,0.8654372096061707,-0.19318798184394836
frame_00074.jpg,0.6437458395957947,0.3199823796749115,-0.024977484717965126,0.6387038230895996,0.3091687560081482,-0.0055034710094332695,0.6368182301521301,0.3092305362224579,-0.005761837121099234,0.63493412733078,0.309414803981781,-0.005677929613739252,0.6390407085418701,0.30877935886383057,-0.0474100261926651,0.6368070244789124,0.30869731307029724,-0.04770179092884064,0.6340078115463257,0.30856752395629883,-0.047811806201934814,0.6229314804077148,0.3138890862464905,0.09077610820531845,0.620259165763855,0.314321905374527,-0.10492151975631714,0.6394048929214478,0.33075565099716187,0.012214286252856255,0.6387397050857544,0.32975855469703674,-0.04475538805127144,0.616824209690094,0.36821621656417847,0.20539602637290955,0.6016939282417297,0.3617526888847351,-0.21450595557689667,0.6668418645858765,0.3011578619480133,0.2512604594230652,0.6428120732307434,0.2751196026802063,-0.39161741733551025,0.7166779637336731,0.24002553522586823,0.14981964230537415,0.671552300453186,0.19661812484264374,-0.5040308833122253,0.7247481346130371,0.22098401188850403,0.14248687028884888,0.6747453212738037,0.1749650090932846,-0.5699734687805176,0.721880316734314,0.21556159853935242,0.10705535113811493,0.6753919720649719,0.17043234407901764,-0.5454984903335571,0.7175458669662476,0.22002406418323517,0.13101819157600403,0.6762664318084717,0.17798742651939392,-0.5005418062210083,0.6095949411392212,0.558414876461029,0.13846799731254578,0.6019062399864197,0.5617225170135498,-0.13861103355884552,0.6112092733383179,0.6988419890403748,0.20276184380054474,0.6201059222221375,0.7041898965835571,-0.14971894025802612,0.581623375415802,0.8246495723724365,0.29219621419906616,0.5877898335456848,0.8348209857940674,-0.0805853083729744,0.5690866708755493,0.8489945530891418,0.29505807161331177,0.570604681968689,0.8590677976608276,-0.0774468183517456,0.6222710013389587,0.8595355749130249,0.20959818363189697,0.6329382061958313,0.8693376183509827,-0.18501929938793182
frame_00075.jpg,0.6416101455688477,0.320003479719162,-0.0259028822183609,0.635591983795166,0.3093052804470062,-0.004408740438520908,0.6337820291519165,0.3094998896121979,-0.004666448105126619,0.6318851113319397,0.3098341226577759,-0.004580883774906397,0.6348897218704224,0.3088737428188324,-0.045938171446323395,0.632360577583313,0.30883708596229553,-0.04623599350452423,0.6294960975646973,0.3087545335292816,-0.04635138064622879,0.6196554899215698,0.31446775794029236,0.09097258001565933,0.6159377098083496,0.3145832419395447,-0.0991114005446434,0.6376460790634155,0.33079901337623596,0.012850415892899036,0.6364116668701172,0.32983261346817017,-0.04380520060658455,0.6175290942192078,0.3682100176811218,0.20278027653694153,0.5995305180549622,0.3614671528339386,-0.2109227478504181,0.6666417121887207,0.30078527331352234,0.2384665459394455,0.6408432722091675,0.2708720862865448,-0.37782418727874756,0.7117178440093994,0.2341863214969635,0.12640853226184845,0.6650775671005249,0.1925392746925354,-0.4558948576450348,0.7205106019973755,0.21579132974147797,0.11674527823925018,0.6697989702224731,0.17255693674087524,-0.5173918604850769,0.7176512479782104,0.20968931913375854,0.08265343308448792,0.6700888872146606,0.1680862009525299,-0.49619626998901367,0.7130953073501587,0.2144642025232315,0.10777056217193604,0.670555591583252,0.17525051534175873,-0.4530184268951416,0.6127660274505615,0.5610643625259399,0.13778334856033325,0.603577733039856,0.5626451373100281,-0.13792940974235535,0.6127555966377258,0.700349748134613,0.21190842986106873,0.6198385953903198,0.7066741585731506,-0.13960587978363037,0.5831790566444397,0.8249599933624268,0.31054386496543884,0.5864270925521851,0.8351890444755554,-0.06335079669952393,0.5693198442459106,0.8490294218063354,0.3138963282108307,0.5706778764724731,0.8587824106216431,-0.061255406588315964,0.622768759727478,0.8597129583358765,0.22438931465148926,0.6279513835906982,0.8711098432540894,-0.16406643390655518
frame_00076.jpg,0.6421483159065247,0.3218492567539215,-0.03637554869055748,0.6361909508705139,0.3114391565322876,-0.01184654701501131,0.6343972086906433,0.31177785992622375,-0.012118542566895485,0.6324969530105591,0.3122667670249939,-0.012046382762491703,0.6355006098747253,0.31101933121681213,-0.0543706938624382,0.6330989003181458,0.3111056387424469,-0.05466684699058533,0.630338191986084,0.3112529218196869,-0.054803408682346344,0.6203832626342773,0.3162361681461334,0.08066104352474213,0.6170009970664978,0.3163575828075409,-0.10637451708316803,0.6378507018089294,0.3334503769874573,0.00537907937541604,0.6365035772323608,0.33252352476119995,-0.052466005086898804,0.6166819930076599,0.36969009041786194,0.1961636245250702,0.5985122919082642,0.3628093898296356,-0.21330110728740692,0.6570551991462708,0.2957366108894348,0.2070867270231247,0.6345483064651489,0.27167588472366333,-0.38248831033706665,0.6884450912475586,0.22291827201843262,0.06977460533380508,0.6624405384063721,0.19197435677051544,-0.44667816162109375,0.692301869392395,0.2024235874414444,0.05224200338125229,0.667353093624115,0.17183861136436462,-0.5056125521659851,0.6901512742042542,0.19796442985534668,0.024702154099941254,0.666800856590271,0.16818450391292572,-0.4865333139896393,0.6875864267349243,0.20473764836788177,0.052557241171598434,0.6667271852493286,0.17554019391536713,-0.4440203309059143,0.6154463887214661,0.56416916847229,0.13726791739463806,0.6045206785202026,0.5647489428520203,-0.13741783797740936,0.6135412454605103,0.7005166411399841,0.2226984053850174,0.6195919513702393,0.7069019079208374,-0.13167405128479004,0.5842506885528564,0.8257551193237305,0.32319748401641846,0.5861798524856567,0.8355129361152649,-0.060858648270368576,0.5694935321807861,0.8493340611457825,0.3269791305065155,0.5699869394302368,0.8590486645698547,-0.05973316356539726,0.6234979629516602,0.8600256443023682,0.24275746941566467,0.6275467872619629,0.871914267539978,-0.156941220164299
frame_00077.jpg,0.6407931447029114,0.3131742477416992,-0.07022795081138611,0.6347755789756775,0.3026978373527527,-0.04729142040014267,0.6331914663314819,0.30360549688339233,-0.04755856841802597,0.6313765645027161,0.3047446310520172,-0.0474984385073185,0.6342995166778564,0.30251219868659973,-0.08961851894855499,0.6323598027229309,0.30321604013442993,-0.08992768079042435,0.6300080418586731,0.304081529378891,-0.0900784358382225,0.6194073557853699,0.3113343119621277,0.05188101530075073,0.6172364354133606,0.3106217384338379,-0.14083018898963928,0.6370632648468018,0.32743069529533386,-0.02877611480653286,0.6359050869941711,0.3268034756183624,-0.08659505844116211,0.6164806485176086,0.3612593412399292,0.16443835198879242,0.6004112362861633,0.3601570129394531,-0.2402011901140213,0.647926926612854,0.26639580726623535,0.18354372680187225,0.6293278932571411,0.256574809551239,-0.3938489258289337,0.6730483770370483,0.18639077246189117,0.05330154299736023,0.6491540670394897,0.17090930044651031,-0.4568157196044922,0.6769930720329285,0.16825762391090393,0.034061186015605927,0.6535273790359497,0.15095800161361694,-0.5189571976661682,0.6724697351455688,0.16336692869663239,0.004473895765841007,0.6524178385734558,0.14872075617313385,-0.5089560747146606,0.670402467250824,0.16908341646194458,0.03530368581414223,0.6520413160324097,0.15611127018928528,-0.45872145891189575,0.6164425015449524,0.5655719637870789,0.13750402629375458,0.6073802709579468,0.5674744248390198,-0.13765932619571686,0.6131755709648132,0.7008097767829895,0.25281229615211487,0.6183275580406189,0.7069401144981384,-0.12697413563728333,0.5839937329292297,0.8320030570030212,0.36477041244506836,0.5839911699295044,0.8381041884422302,-0.014051553793251514,0.5686522722244263,0.8546865582466125,0.36942940950393677,0.5681450366973877,0.8617936372756958,-0.006959632039070129,0.6225858926773071,0.8621352314949036,0.28140008449554443,0.6278795003890991,0.8740870356559753,-0.114571712911129
frame_00078.jpg,0.6400032639503479,0.31276723742485046,-0.06087920069694519,0.6324140429496765,0.30302894115448,-0.03985018655657768,0.6306500434875488,0.3040945827960968,-0.040110595524311066,0.6286810636520386,0.30521753430366516,-0.04004048556089401,0.631929874420166,0.3028196692466736,-0.08162581920623779,0.6298623085021973,0.3037249743938446,-0.08192800730466843,0.6274916529655457,0.30465373396873474,-0.08206523954868317,0.6168036460876465,0.3119756579399109,0.05309595912694931,0.6151090860366821,0.31108468770980835,-0.1379469782114029,0.6368274092674255,0.32717931270599365,-0.021722931414842606,0.635643482208252,0.3266665041446686,-0.07875653356313705,0.616386890411377,0.3614622950553894,0.15847712755203247,0.6019982099533081,0.36009591817855835,-0.23441627621650696,0.6378394365310669,0.2648102045059204,0.17056065797805786,0.624104917049408,0.2545221149921417,-0.3721960186958313,0.6520430445671082,0.17663396894931793,0.04138881713151932,0.6393796801567078,0.16301806271076202,-0.41750073432922363,0.6528909206390381,0.15924124419689178,0.02246570959687233,0.6432589292526245,0.1456538289785385,-0.4724479615688324,0.6497740745544434,0.15625102818012238,-0.0032982409466058016,0.6416622400283813,0.1445811539888382,-0.45800524950027466,0.6489933133125305,0.16122913360595703,0.025031428784132004,0.6407576203346252,0.15025785565376282,-0.4166842997074127,0.6186176538467407,0.5655335187911987,0.13308998942375183,0.6086106896400452,0.5681235194206238,-0.13325832784175873,0.6127394437789917,0.700494647026062,0.24151019752025604,0.616689920425415,0.7057035565376282,-0.10960553586483002,0.5839808583259583,0.8325212597846985,0.3461070656776428,0.5830304026603699,0.8381351232528687,-0.013047559186816216,0.5687578916549683,0.8560736775398254,0.35024353861808777,0.5676008462905884,0.8620360493659973,-0.007083575241267681,0.6222845315933228,0.8626530766487122,0.2659933865070343,0.6263521909713745,0.8741915822029114,-0.1096186637878418
frame_00079.jpg,0.6380314826965332,0.31314000487327576,-0.09705080091953278,0.6296106576919556,0.3035585284233093,-0.07553505897521973,0.6279666423797607,0.30451318621635437,-0.07580111920833588,0.6261653304100037,0.30549752712249756,-0.07574516534805298,0.6289346814155579,0.30338555574417114,-0.1162102073431015,0.6268485188484192,0.30418074131011963,-0.11651478707790375,0.6245256066322327,0.3049083948135376,-0.11667191982269287,0.6149386167526245,0.3128650486469269,0.021100904792547226,0.6124667525291443,0.31239408254623413,-0.16459138691425323,0.6366883516311646,0.3273112177848816,-0.056525908410549164,0.6354051828384399,0.3268447518348694,-0.11208967864513397,0.6173584461212158,0.36089494824409485,0.1283327043056488,0.6018799543380737,0.360145628452301,-0.25094640254974365,0.6355332136154175,0.26591166853904724,0.14666548371315002,0.6170352697372437,0.2560759484767914,-0.39649343490600586,0.6448100209236145,0.17181357741355896,0.017584944143891335,0.6234496831893921,0.1576843112707138,-0.4680545926094055,0.6451722383499146,0.153245747089386,-0.0030201899353414774,0.6275414228439331,0.1398918181657791,-0.5287624001502991,0.6409346461296082,0.14903593063354492,-0.031738605350255966,0.626304566860199,0.13787345588207245,-0.5169656276702881,0.6398292183876038,0.15497145056724548,1.5339157471316867e-05,0.6245971918106079,0.14365999400615692,-0.4696299433708191,0.621126115322113,0.5654144883155823,0.1319962441921234,0.6086479425430298,0.5681502223014832,-0.1321507692337036,0.612715482711792,0.6991567015647888,0.22694790363311768,0.6139972805976868,0.7053461074829102,-0.1097494512796402,0.5839673280715942,0.83263099193573,0.32239124178886414,0.5818634033203125,0.8381748795509338,-0.022079700604081154,0.5688461065292358,0.8567186594009399,0.32520997524261475,0.5674687027931213,0.8620927929878235,-0.01733640395104885,0.6220203638076782,0.8628422617912292,0.2279212921857834,0.6265660524368286,0.874473512172699,-0.13578678667545319
frame_00080.jpg,0.6346420645713806,0.3134952187538147,-0.07951109111309052,0.6267824172973633,0.30391809344291687,-0.05840165168046951,0.6253153085708618,0.3047982454299927,-0.0586620569229126,0.6237465739250183,0.30569419264793396,-0.05859462544322014,0.6261569261550903,0.30378592014312744,-0.0994899719953537,0.6242738366127014,0.3045421242713928,-0.09978670626878738,0.6221823692321777,0.30525702238082886,-0.09992477297782898,0.6133458018302917,0.31298741698265076,0.031830646097660065,0.6110735535621643,0.31267935037612915,-0.1536865383386612,0.6341110467910767,0.3271297812461853,-0.04027365520596504,0.6328008770942688,0.3266908824443817,-0.0968063622713089,0.617038369178772,0.3574971556663513,0.14017793536186218,0.6026194095611572,0.3581869304180145,-0.24717438220977783,0.632981538772583,0.26089268922805786,0.15327155590057373,0.615864634513855,0.24765023589134216,-0.39155131578445435,0.6378682851791382,0.16579075157642365,0.019786272197961807,0.617529571056366,0.14823269844055176,-0.4553096294403076,0.6362276673316956,0.14617031812667847,-0.0006454548565670848,0.6215527057647705,0.1310681402683258,-0.5136536359786987,0.63225257396698,0.14378005266189575,-0.028192374855279922,0.6193466782569885,0.1300778090953827,-0.4999855160713196,0.6316057443618774,0.14959414303302765,0.0024861469864845276,0.6177100539207458,0.1353820413351059,-0.4556404948234558,0.6201490759849548,0.5632213950157166,0.13169917464256287,0.6083600521087646,0.5634701251983643,-0.1318548619747162,0.6123520135879517,0.6991106867790222,0.198958158493042,0.6100477576255798,0.7053453326225281,-0.09893284738063812,0.5839666724205017,0.8326749205589294,0.28493741154670715,0.5813922882080078,0.8382126688957214,-0.021933363750576973,0.5689271092414856,0.8573026657104492,0.2870061993598938,0.5669039487838745,0.8621177077293396,-0.018028881400823593,0.6249171495437622,0.8635854125022888,0.19423146545886993,0.6270273327827454,0.8744391202926636,-0.13492941856384277
frame_00081.jpg,0.6329206824302673,0.3083685636520386,-0.12204854190349579,0.6251206398010254,0.2998947501182556,-0.10387108474969864,0.6238592863082886,0.300894170999527,-0.10414191335439682,0.622494101524353,0.3022858500480652,-0.10406289249658585,0.6246589422225952,0.29974496364593506,-0.14395716786384583,0.6230804920196533,0.3005809485912323,-0.1442936658859253,0.621282160282135,0.3017334043979645,-0.1444852501153946,0.612754225730896,0.31145966053009033,-0.01607147790491581,0.6110186576843262,0.31131234765052795,-0.1982732117176056,0.6335904002189636,0.32147014141082764,-0.08369329571723938,0.632415235042572,0.32136452198028564,-0.13850383460521698,0.6175695657730103,0.35632359981536865,0.09382002800703049,0.6053608059883118,0.35843026638031006,-0.27889662981033325,0.6334588527679443,0.2567020058631897,0.10582256317138672,0.6156110167503357,0.24683906137943268,-0.42127639055252075,0.6380224227905273,0.16241376101970673,-0.027375567704439163,0.6113234162330627,0.14908961951732635,-0.4922526478767395,0.6302437782287598,0.14537949860095978,-0.04797746241092682,0.6086488366127014,0.13116507232189178,-0.5539298057556152,0.624701976776123,0.14392854273319244,-0.0787186399102211,0.6040394902229309,0.13075464963912964,-0.5404633283615112,0.6264840364456177,0.14881224930286407,-0.045680757611989975,0.6052380800247192,0.13601699471473694,-0.4933641850948334,0.619369387626648,0.563024640083313,0.13111427426338196,0.6075292825698853,0.563421368598938,-0.13123826682567596,0.6121648550033569,0.6990178823471069,0.2229400873184204,0.6082388758659363,0.7064790725708008,-0.08167251944541931,0.5845931768417358,0.8317708969116211,0.33157745003700256,0.5821317434310913,0.8382631540298462,0.015200485475361347,0.5700251460075378,0.857051432132721,0.33537909388542175,0.5681252479553223,0.8620404005050659,0.020757434889674187,0.6256021857261658,0.8610029816627502,0.23387643694877625,0.627729058265686,0.8721942901611328,-0.09923171252012253
frame_00082.jpg,0.6337774991989136,0.30838483572006226,-0.18220154941082,0.6257897615432739,0.2996859848499298,-0.1644754260778427,0.624354898929596,0.3009055256843567,-0.1647973358631134,0.6228271722793579,0.30258241295814514,-0.16472136974334717,0.6254071593284607,0.29948145151138306,-0.205709770321846,0.6237262487411499,0.30052486062049866,-0.2060183584690094,0.6218641996383667,0.30197975039482117,-0.20620182156562805,0.6130457520484924,0.31172171235084534,-0.071417436003685,0.611758828163147,0.31162092089653015,-0.258871465921402,0.633817732334137,0.3220471143722534,-0.14129891991615295,0.6327120661735535,0.3218778073787689,-0.1975206434726715,0.6162886023521423,0.359728068113327,0.053280096501111984,0.6068201065063477,0.36477622389793396,-0.3363291919231415,0.6325048804283142,0.2604699432849884,0.06295685470104218,0.6198415160179138,0.24974815547466278,-0.5038207769393921,0.635621964931488,0.16749677062034607,-0.0834035724401474,0.6166471242904663,0.15319687128067017,-0.5983786582946777,0.6287315487861633,0.15154163539409637,-0.10735537111759186,0.6122697591781616,0.13618998229503632,-0.6678531765937805,0.6221726536750793,0.15027087926864624,-0.13925468921661377,0.606313169002533,0.13516241312026978,-0.6534014940261841,0.6236994862556458,0.15469011664390564,-0.10239353030920029,0.6082964539527893,0.14034761488437653,-0.5997428894042969,0.6153383255004883,0.5617920160293579,0.13272596895694733,0.6054767370223999,0.5623674392700195,-0.1328703612089157,0.6114327907562256,0.6990655064582825,0.2521842122077942,0.6080284118652344,0.706802487373352,-0.035535164177417755,0.5850392580032349,0.8320552110671997,0.3701894283294678,0.5832893252372742,0.8382899761199951,0.07447362691164017,0.5719026327133179,0.8573790192604065,0.3743983209133148,0.5692539215087891,0.8622865080833435,0.07996529340744019,0.6277013421058655,0.8604972958564758,0.27814528346061707,0.6280189752578735,0.8688730001449585,-0.038881566375494
frame_00083.jpg,0.6332469582557678,0.3068372905254364,-0.1352468878030777,0.6258705854415894,0.2969927191734314,-0.11500650644302368,0.6247971057891846,0.2981514632701874,-0.11529739201068878,0.6233958005905151,0.30007246136665344,-0.11521152406930923,0.6243287324905396,0.29730746150016785,-0.15586015582084656,0.6224641799926758,0.29870134592056274,-0.15617404878139496,0.6204076409339905,0.30053213238716125,-0.15634660422801971,0.6132546663284302,0.3114139437675476,-0.022200902923941612,0.6107903122901917,0.3117333948612213,-0.20847134292125702,0.6337282657623291,0.32175546884536743,-0.09485052525997162,0.6319782733917236,0.32156285643577576,-0.1505499631166458,0.6168380975723267,0.36317694187164307,0.09414419531822205,0.6068769693374634,0.36684268712997437,-0.2966611981391907,0.6372946500778198,0.26268965005874634,0.10601188242435455,0.6219698786735535,0.2562817931175232,-0.46051687002182007,0.6425589919090271,0.17308712005615234,-0.04003557935357094,0.6190978288650513,0.15678122639656067,-0.5497094392776489,0.6387642621994019,0.15603360533714294,-0.06219611316919327,0.6172344088554382,0.1383645236492157,-0.6175405383110046,0.6325579881668091,0.15378938615322113,-0.0938824862241745,0.6130374670028687,0.13681654632091522,-0.6004548668861389,0.632539689540863,0.15885445475578308,-0.05908575654029846,0.6138240694999695,0.14309999346733093,-0.5498800277709961,0.6134570837020874,0.5627931952476501,0.1335507184267044,0.6017269492149353,0.5650774240493774,-0.13368315994739532,0.611416220664978,0.6996448040008545,0.24388793110847473,0.6084394454956055,0.7091298699378967,-0.04247318580746651,0.5861679315567017,0.8319790363311768,0.35017403960227966,0.5840157270431519,0.8383302092552185,0.05000300332903862,0.5732588768005371,0.8574677109718323,0.3514266610145569,0.5699681043624878,0.8625344038009644,0.053806107491254807,0.6299048066139221,0.858199954032898,0.23843804001808167,0.6286636590957642,0.8646678924560547,-0.06950818002223969
frame_00084.jpg,0.6334618926048279,0.3055231273174286,-0.24232277274131775,0.6262586712837219,0.2928313612937927,-0.21444523334503174,0.6253786683082581,0.2938636243343353,-0.2147901952266693,0.624996542930603,0.29556751251220703,-0.21470150351524353,0.6243300437927246,0.29301226139068604,-0.24936528503894806,0.6217498779296875,0.294371634721756,-0.24971696734428406,0.6185823082923889,0.29617947340011597,-0.24993309378623962,0.6150668263435364,0.30676668882369995,-0.07948387414216995,0.6089289784431458,0.30701324343681335,-0.23973114788532257,0.6336501240730286,0.32171767950057983,-0.18774926662445068,0.6306780576705933,0.32111769914627075,-0.2360035479068756,0.6174638867378235,0.364214688539505,0.0707598328590393,0.6041763424873352,0.3681669235229492,-0.3045964539051056,0.6485830545425415,0.2640831768512726,0.11530022323131561,0.6226049065589905,0.2647424340248108,-0.48080259561538696,0.6688867807388306,0.17409811913967133,-0.015723485499620438,0.6208370923995972,0.15895691514015198,-0.6091179251670837,0.6609594821929932,0.15546098351478577,-0.03605794161558151,0.6205834150314331,0.14089177548885345,-0.6812448501586914,0.6571334004402161,0.15174588561058044,-0.066433385014534,0.6173255443572998,0.1387215405702591,-0.6705125570297241,0.6559872627258301,0.15755759179592133,-0.034140266478061676,0.6186102032661438,0.14513908326625824,-0.6126661896705627,0.6100143194198608,0.5642961859703064,0.13262948393821716,0.6006126403808594,0.5699325799942017,-0.13280072808265686,0.6114024519920349,0.6996981501579285,0.2550067901611328,0.6099116206169128,0.7093973159790039,-0.05875120311975479,0.5902854204177856,0.8318082690238953,0.3767201602458954,0.5885435342788696,0.8381801247596741,0.036597006022930145,0.5765770673751831,0.857478141784668,0.38107237219810486,0.5740159749984741,0.8623582124710083,0.042494624853134155,0.6329353451728821,0.8526946306228638,0.27564316987991333,0.6323537826538086,0.8588957190513611,-0.0785721093416214
frame_00085.jpg,0.6362928152084351,0.30498531460762024,-0.17240726947784424,0.6298920512199402,0.29344114661216736,-0.1482253223657608,0.6293386220932007,0.29445427656173706,-0.14852817356586456,0.6289368271827698,0.2960337698459625,-0.14844484627246857,0.6264289617538452,0.29333314299583435,-0.18666958808898926,0.6233776211738586,0.2943914532661438,-0.18699729442596436,0.6198989748954773,0.2957540452480316,-0.18717961013317108,0.6193625330924988,0.30564069747924805,-0.056455641984939575,0.6101373434066772,0.3052173852920532,-0.20933711528778076,0.6364014744758606,0.3203186094760895,-0.12582774460315704,0.6329054832458496,0.3193095326423645,-0.1785300076007843,0.6185051202774048,0.3633517026901245,0.12245794385671616,0.6044511198997498,0.365082323551178,-0.28142249584198,0.6657432317733765,0.26788219809532166,0.1909201443195343,0.623365581035614,0.26546457409858704,-0.46211761236190796,0.688605010509491,0.1779937446117401,0.07958149164915085,0.6238307356834412,0.15984410047531128,-0.5898159146308899,0.6891169548034668,0.1562795341014862,0.06796108186244965,0.6241062879562378,0.14171761274337769,-0.6617670655250549,0.6855603456497192,0.1537570059299469,0.029571834951639175,0.6211024522781372,0.13998371362686157,-0.6473150849342346,0.6817143559455872,0.1583992838859558,0.05924029275774956,0.62159264087677,0.1460639387369156,-0.591771125793457,0.6101137399673462,0.5642231702804565,0.1336471140384674,0.6011172533035278,0.5697602033615112,-0.13383044302463531,0.6119648218154907,0.697317898273468,0.24237947165966034,0.6111046671867371,0.705125629901886,-0.12277539819478989,0.5926293134689331,0.8303974270820618,0.32913440465927124,0.5917003154754639,0.8352606296539307,-0.02673584781587124,0.5784932971000671,0.8572890162467957,0.3301391005516052,0.576716423034668,0.861627995967865,-0.02064523659646511,0.6343861818313599,0.8496705889701843,0.21981661021709442,0.6348345279693604,0.8542852401733398,-0.1384708434343338
frame_00086.jpg,0.6368805170059204,0.31156018376350403,-0.1536828577518463,0.6330726742744446,0.2988204061985016,-0.1318100541830063,0.6334107518196106,0.299472838640213,-0.13209061324596405,0.6337247490882874,0.3006916046142578,-0.1320078819990158,0.6273674964904785,0.2975514829158783,-0.1754312366247177,0.6237483024597168,0.29756757616996765,-0.17570467293262482,0.620265781879425,0.2979702353477478,-0.17584532499313354,0.6233576536178589,0.3059563636779785,-0.007830587215721607,0.6106393933296204,0.3058173954486847,-0.16067607700824738,0.636423647403717,0.3246883153915405,-0.11311857402324677,0.632524847984314,0.3231551945209503,-0.17470043897628784,0.618787407875061,0.3633401095867157,0.1546693742275238,0.5990723371505737,0.3618832230567932,-0.24281291663646698,0.6660453081130981,0.27343541383743286,0.24653077125549316,0.6242417693138123,0.26737216114997864,-0.4541912078857422,0.7008128762245178,0.19351135194301605,0.1747472584247589,0.6325558423995972,0.16467386484146118,-0.6000820994377136,0.7016831636428833,0.1712801456451416,0.1708860844373703,0.635505735874176,0.14199654757976532,-0.6719485521316528,0.6984556913375854,0.165152445435524,0.1332295835018158,0.6331002712249756,0.14011213183403015,-0.6550909280776978,0.6931288838386536,0.1705828607082367,0.15622439980506897,0.6346567869186401,0.1474144458770752,-0.6009136438369751,0.6093093752861023,0.5645712018013,0.13343429565429688,0.5996379256248474,0.5706368684768677,-0.13364814221858978,0.6120955944061279,0.6964039206504822,0.2195027768611908,0.6129858493804932,0.7027531266212463,-0.1275130659341812,0.5930439233779907,0.8285191059112549,0.29565778374671936,0.5926285982131958,0.8331640958786011,-0.037409186363220215,0.5790603756904602,0.8563458919525146,0.2964637279510498,0.5774376392364502,0.8600054383277893,-0.03175025433301926,0.6339954137802124,0.8477575182914734,0.19960102438926697,0.6357220411300659,0.8523114323616028,-0.1397847831249237
frame_00087.jpg,0.6294379830360413,0.31187161803245544,-0.06577388197183609,0.6237216591835022,0.30049797892570496,-0.04093221575021744,0.6234577894210815,0.3009912073612213,-0.041216105222702026,0.6231348514556885,0.30187273025512695,-0.041121311485767365,0.6197410821914673,0.2993691861629486,-0.08009011298418045,0.6168382167816162,0.29924070835113525,-0.08041312545537949,0.6139920353889465,0.2992357313632965,-0.08055634796619415,0.6133489012718201,0.30651751160621643,0.06568484008312225,0.6036416888237,0.30589407682418823,-0.10861954838037491,0.6282258629798889,0.324689120054245,-0.02320588007569313,0.6250215172767639,0.32317447662353516,-0.07704727351665497,0.6133248805999756,0.36198171973228455,0.18516026437282562,0.5937502980232239,0.3585854172706604,-0.2113627940416336,0.66410231590271,0.2803153693675995,0.22650817036628723,0.6128891706466675,0.26614484190940857,-0.36944589018821716,0.706673264503479,0.2061949521303177,0.1098041906952858,0.6365731358528137,0.17417673766613007,-0.44521579146385193,0.707985520362854,0.18560853600502014,0.09808769077062607,0.6421588659286499,0.15186503529548645,-0.5074558258056641,0.704598069190979,0.18042518198490143,0.06169276311993599,0.6426411271095276,0.15049134194850922,-0.490405410528183,0.6996303796768188,0.18546555936336517,0.0901278704404831,0.6432220339775085,0.15761104226112366,-0.44432082772254944,0.6070902943611145,0.5651521682739258,0.13200077414512634,0.5960830450057983,0.570900022983551,-0.13219785690307617,0.6119858622550964,0.6990274786949158,0.20301680266857147,0.6130753755569458,0.7091673016548157,-0.12677161395549774,0.5913313031196594,0.8301387429237366,0.27832990884780884,0.5903415083885193,0.834704577922821,-0.04828089475631714,0.5765594244003296,0.857284665107727,0.27898746728897095,0.5752163529396057,0.8611199855804443,-0.04452953860163689,0.6330517530441284,0.8487075567245483,0.18007533252239227,0.6345816850662231,0.8535029888153076,-0.15882879495620728
frame_00088.jpg,0.6260524988174438,0.31025558710098267,-0.0904807299375534,0.6212077736854553,0.30041295289993286,-0.06760002672672272,0.6214162707328796,0.3009185791015625,-0.06788991391658783,0.6214977502822876,0.30178701877593994,-0.0678025633096695,0.6163734197616577,0.29929637908935547,-0.10614083707332611,0.6134464144706726,0.2991786599159241,-0.10646750777959824,0.6105459332466125,0.29916733503341675,-0.10662958770990372,0.6129504442214966,0.3069015443325043,0.04475504532456398,0.6006519198417664,0.30588531494140625,-0.1214720830321312,0.6260181069374084,0.3225770592689514,-0.047710176557302475,0.6218568086624146,0.3209320604801178,-0.10050006955862045,0.6134253740310669,0.36093348264694214,0.16999411582946777,0.5912086367607117,0.35861146450042725,-0.21421214938163757,0.6664007306098938,0.2828231453895569,0.22514620423316956,0.6095097661018372,0.2650444209575653,-0.38477373123168945,0.7063208818435669,0.20760281383991241,0.12241296470165253,0.6368706226348877,0.17755982279777527,-0.4851807653903961,0.7095363736152649,0.18732959032058716,0.1128174290060997,0.6424397230148315,0.15611085295677185,-0.5500015020370483,0.7058563828468323,0.18214169144630432,0.07622845470905304,0.6436327695846558,0.1539454311132431,-0.5343020558357239,0.7006418108940125,0.18774737417697906,0.10338649898767471,0.6438122987747192,0.16098886728286743,-0.4854053854942322,0.6095106601715088,0.5642786622047424,0.12987302243709564,0.596926212310791,0.5693649649620056,-0.13007695972919464,0.6132159233093262,0.6992549300193787,0.2084309607744217,0.6140819787979126,0.7091248035430908,-0.119390107691288,0.5911644101142883,0.830119252204895,0.29355287551879883,0.5903066992759705,0.8347858190536499,-0.04068169742822647,0.5767629742622375,0.8571065664291382,0.2954208254814148,0.5752332210540771,0.8610528111457825,-0.03729448467493057,0.632477879524231,0.84909588098526,0.19864803552627563,0.6346328258514404,0.8543620705604553,-0.15942326188087463
frame_00089.jpg,0.6247631907463074,0.3103038966655731,-0.09974782168865204,0.6194859147071838,0.3014274537563324,-0.07519949972629547,0.6195777654647827,0.30195993185043335,-0.07549328356981277,0.6195112466812134,0.3027955889701843,-0.07539327442646027,0.6152900457382202,0.3005343973636627,-0.11185797303915024,0.6126452088356018,0.3005135953426361,-0.11218370497226715,0.6099117398262024,0.30051377415657043,-0.11234045028686523,0.611268162727356,0.3082996606826782,0.03913634270429611,0.5996362566947937,0.3067620098590851,-0.12270279973745346,0.6249276995658875,0.32260552048683167,-0.054780613631010056,0.6211522221565247,0.32099947333335876,-0.10501950979232788,0.6134754419326782,0.3609431982040405,0.1628473848104477,0.5898472666740417,0.35932502150535583,-0.20967237651348114,0.6660048961639404,0.284047931432724,0.21243706345558167,0.6076146960258484,0.26295459270477295,-0.3665512502193451,0.7046563625335693,0.20704370737075806,0.10348187386989594,0.6368382573127747,0.1771487444639206,-0.4547697901725769,0.7081391215324402,0.18627223372459412,0.09180714190006256,0.6426470875740051,0.15638825297355652,-0.5163990259170532,0.7040128707885742,0.1814475804567337,0.05623022839426994,0.6443160176277161,0.15392380952835083,-0.5007143020629883,0.6994706988334656,0.18698923289775848,0.08460287749767303,0.644097626209259,0.16083230078220367,-0.4545326828956604,0.6137797832489014,0.5628054738044739,0.12626641988754272,0.6001022458076477,0.5677027106285095,-0.12647315859794617,0.615265965461731,0.6991827487945557,0.20995578169822693,0.6163976192474365,0.7084677219390869,-0.11711367219686508,0.591855525970459,0.8284428715705872,0.2997395098209381,0.5902936458587646,0.8348782062530518,-0.03799940273165703,0.577671468257904,0.8553327918052673,0.30191248655319214,0.5752589106559753,0.8603199124336243,-0.034463509917259216,0.6318735480308533,0.8492639660835266,0.2013026773929596,0.634641706943512,0.8549016118049622,-0.1565416008234024
frame_00090.jpg,0.6215451955795288,0.3058778643608093,-0.08798350393772125,0.6148781180381775,0.29950907826423645,-0.06223394349217415,0.6149512529373169,0.3000706732273102,-0.06252559274435043,0.6148490309715271,0.3008939027786255,-0.06242907792329788,0.6111887693405151,0.2993522882461548,-0.09709368646144867,0.6088901162147522,0.2997696101665497,-0.0974201112985611,0.6064556241035461,0.30010613799095154,-0.097573421895504,0.6080478429794312,0.3082254230976105,0.04883724823594093,0.5977745056152344,0.306970477104187,-0.10914800316095352,0.6235693097114563,0.31787532567977905,-0.04377925768494606,0.6198770999908447,0.31721851229667664,-0.0916399285197258,0.6146981716156006,0.359950989484787,0.16236671805381775,0.5884330868721008,0.3594169020652771,-0.19855593144893646,0.6647277474403381,0.2833847999572754,0.20520098507404327,0.6038036942481995,0.26064491271972656,-0.35060811042785645,0.6997029781341553,0.2061353325843811,0.0994855985045433,0.6323639750480652,0.1768575757741928,-0.43627673387527466,0.7021258473396301,0.18495209515094757,0.08763561397790909,0.6418343186378479,0.15678876638412476,-0.4969773292541504,0.698029637336731,0.18128356337547302,0.05549214035272598,0.6439605951309204,0.1540091633796692,-0.48267054557800293,0.6940181255340576,0.18687793612480164,0.07980559021234512,0.6430708169937134,0.1608401983976364,-0.43653979897499084,0.6171804070472717,0.5624252557754517,0.1230258122086525,0.6042703986167908,0.5670782327651978,-0.1232108473777771,0.6161462068557739,0.6994238495826721,0.20053958892822266,0.6173954010009766,0.7084335684776306,-0.1169741302728653,0.5918214321136475,0.8284803032875061,0.2892640233039856,0.5902920961380005,0.8349407315254211,-0.03348645195364952,0.5775934457778931,0.8553049564361572,0.29109883308410645,0.5752729773521423,0.860236406326294,-0.029810767620801926,0.6315146088600159,0.8495433330535889,0.18625859916210175,0.6346282958984375,0.8552364110946655,-0.152065709233284
frame_00091.jpg,0.6179148554801941,0.3053440749645233,-0.08978726714849472,0.6110082864761353,0.2995416224002838,-0.06433919817209244,0.6111072897911072,0.3001098334789276,-0.06463736295700073,0.611047625541687,0.300916463136673,-0.06455179303884506,0.6076378226280212,0.29939815402030945,-0.09943689405918121,0.6055377721786499,0.3000630736351013,-0.09976401925086975,0.6032708883285522,0.3008010685443878,-0.09993238002061844,0.6047239899635315,0.3097730875015259,0.04392610862851143,0.5951582789421082,0.30959853529930115,-0.1159304603934288,0.6206744909286499,0.3179265260696411,-0.046550922095775604,0.6171802282333374,0.31754547357559204,-0.09470928460359573,0.6149649620056152,0.3606952726840973,0.15121224522590637,0.5858303904533386,0.36242619156837463,-0.20267823338508606,0.6601209044456482,0.2832423448562622,0.1678403913974762,0.5933481454849243,0.2607875466346741,-0.3436383306980133,0.68680739402771,0.20282088220119476,0.03917204588651657,0.6181215047836304,0.17807334661483765,-0.4158971905708313,0.6921359300613403,0.18250608444213867,0.019964154809713364,0.6243395805358887,0.15946246683597565,-0.4741431772708893,0.6888769268989563,0.17887064814567566,-0.01155436597764492,0.6278561949729919,0.15539301931858063,-0.4623519480228424,0.6834410429000854,0.18443742394447327,0.020630905404686928,0.6280578970909119,0.16228018701076508,-0.41700926423072815,0.6201159954071045,0.5640068650245667,0.11856585741043091,0.6061596274375916,0.5694006681442261,-0.11872176080942154,0.6153383851051331,0.7026001811027527,0.20099249482154846,0.616939127445221,0.7104476690292358,-0.09526337683200836,0.5910699367523193,0.8301052451133728,0.30684927105903625,0.5894010663032532,0.8367771506309509,-0.003915535751730204,0.5768169164657593,0.8558123707771301,0.31006452441215515,0.5744231939315796,0.8608036041259766,0.00047138091758824885,0.6312569379806519,0.8510299324989319,0.20215395092964172,0.6336522102355957,0.8567554354667664,-0.1246321052312851
frame_00092.jpg,0.6177617907524109,0.30279648303985596,-0.07180620729923248,0.6109170913696289,0.29782626032829285,-0.0478566437959671,0.6107434034347534,0.29862773418426514,-0.04813576489686966,0.6103739738464355,0.2996658384799957,-0.048048779368400574,0.6085582375526428,0.2977718710899353,-0.0840689167380333,0.6068150401115417,0.29863834381103516,-0.08439303189516068,0.6048341989517212,0.29951775074005127,-0.08455905318260193,0.603237509727478,0.3096691966056824,0.05518924444913864,0.596805214881897,0.30922043323516846,-0.1090674176812172,0.6201685070991516,0.315292626619339,-0.030002599582076073,0.6174001693725586,0.3149346113204956,-0.07945437729358673,0.6146855354309082,0.35934561491012573,0.15632715821266174,0.5923944115638733,0.360512912273407,-0.19751128554344177,0.6529712080955505,0.2735859155654907,0.17224356532096863,0.5957393646240234,0.25958749651908875,-0.34316980838775635,0.6659629344940186,0.1902446299791336,0.041817668825387955,0.603011429309845,0.17214937508106232,-0.42317312955856323,0.6681349873542786,0.1712232083082199,0.02304617315530777,0.6005316972732544,0.15542054176330566,-0.48044902086257935,0.6641579270362854,0.16790153086185455,-0.008602281101047993,0.6045687794685364,0.1512751430273056,-0.47057151794433594,0.6603056192398071,0.17454726994037628,0.023202834650874138,0.6070762872695923,0.15816110372543335,-0.42545485496520996,0.6256824731826782,0.5629291534423828,0.11962646245956421,0.6199662089347839,0.5679406523704529,-0.11977968364953995,0.6177604794502258,0.7023164629936218,0.19229739904403687,0.618496835231781,0.7103286385536194,-0.09848019480705261,0.5919252634048462,0.8293333053588867,0.28650203347206116,0.5901250839233398,0.8367887139320374,-0.030568759888410568,0.5771073698997498,0.8552381992340088,0.2891333997249603,0.5744372606277466,0.8608105182647705,-0.027658361941576004,0.6318153142929077,0.8512513637542725,0.18765273690223694,0.6337752938270569,0.8573248982429504,-0.14912471175193787
frame_00093.jpg,0.6187185049057007,0.30256977677345276,-0.047330401837825775,0.6121625900268555,0.2976464331150055,-0.02554408274590969,0.6122567057609558,0.29853764176368713,-0.0258144773542881,0.611966073513031,0.299664705991745,-0.025728672742843628,0.6095717549324036,0.29768896102905273,-0.06388786435127258,0.6086207628250122,0.2986481785774231,-0.06420646607875824,0.6075299978256226,0.2995826005935669,-0.06437242776155472,0.6044732332229614,0.30974140763282776,0.06731335818767548,0.6000785827636719,0.30948835611343384,-0.10623568296432495,0.6206418871879578,0.31479671597480774,-0.00856046937406063,0.6195575594902039,0.31477993726730347,-0.06095012277364731,0.6125816702842712,0.3584270775318146,0.16720232367515564,0.6009439826011658,0.3575364053249359,-0.2003284990787506,0.6470752954483032,0.2722334861755371,0.174867644906044,0.6048494577407837,0.2596730887889862,-0.35188135504722595,0.6487686634063721,0.190361887216568,0.049942128360271454,0.6056050062179565,0.17225341498851776,-0.4252215325832367,0.6501089930534363,0.17113931477069855,0.0329744927585125,0.6028136014938354,0.15516892075538635,-0.481984943151474,0.6442273855209351,0.16801421344280243,-0.0004889909760095179,0.607116162776947,0.15088491141796112,-0.46846166253089905,0.6408507227897644,0.17460626363754272,0.031157728284597397,0.6097940802574158,0.15782319009304047,-0.42594894766807556,0.626010537147522,0.5629709362983704,0.12039314210414886,0.6236823201179504,0.5678669810295105,-0.12052883952856064,0.618351399898529,0.701712965965271,0.19524720311164856,0.619186520576477,0.7104631066322327,-0.08277340233325958,0.593055009841919,0.8285607099533081,0.3046312928199768,0.5911077857017517,0.836798369884491,-0.0068774139508605,0.5783154964447021,0.8544691205024719,0.30957311391830444,0.5749739408493042,0.8608032464981079,-0.0031827993225306273,0.6317596435546875,0.851823627948761,0.21989881992340088,0.6339724063873291,0.85841304063797,-0.11888736486434937
frame_00094.jpg,0.6189576387405396,0.303646445274353,-0.0669771134853363,0.6133342981338501,0.29764893651008606,-0.043659139424562454,0.6133788824081421,0.29852619767189026,-0.043942954391241074,0.6129133105278015,0.29964447021484375,-0.043851904571056366,0.6103107333183289,0.29768800735473633,-0.08136652410030365,0.6092671155929565,0.29862064123153687,-0.08168898522853851,0.6080592274665833,0.2995356023311615,-0.08185530453920364,0.6046916246414185,0.30848026275634766,0.06357989460229874,0.6003008484840393,0.3078421354293823,-0.11419413983821869,0.621016263961792,0.3159927725791931,-0.02548392489552498,0.619706928730011,0.3162076771259308,-0.0766969621181488,0.6124235391616821,0.35595452785491943,0.1512102335691452,0.6001783609390259,0.3557821214199066,-0.1996430605649948,0.6414263844490051,0.26938119530677795,0.1535208523273468,0.5948914885520935,0.25769349932670593,-0.34016576409339905,0.6409288048744202,0.18582411110401154,0.010089084506034851,0.574856162071228,0.16831348836421967,-0.41564440727233887,0.6419029831886292,0.1681191325187683,-0.012647205963730812,0.5702868700027466,0.14794187247753143,-0.47034239768981934,0.6365785002708435,0.16516518592834473,-0.04073559120297432,0.5746472477912903,0.1452731341123581,-0.46141424775123596,0.6337960362434387,0.1719202846288681,-0.0075004817917943,0.5776672959327698,0.15260455012321472,-0.4181292951107025,0.6281241178512573,0.5615456104278564,0.11977241933345795,0.6235711574554443,0.5667368769645691,-0.1199251189827919,0.6181241869926453,0.7016419768333435,0.1989375799894333,0.6190952062606812,0.7120389938354492,-0.08609140664339066,0.5929603576660156,0.8285382986068726,0.3053693473339081,0.5910571813583374,0.8373886346817017,0.00199424521997571,0.5782781839370728,0.8544347286224365,0.3104953467845917,0.5748764276504517,0.8616252541542053,0.006808330770581961,0.6316919922828674,0.8518863320350647,0.21851412951946259,0.6338967084884644,0.8589737415313721,-0.11451824754476547
frame_00095.jpg,0.6197361946105957,0.30659180879592896,-0.03592955693602562,0.6141893863677979,0.30022504925727844,-0.015826214104890823,0.6140353679656982,0.3010161221027374,-0.01607106439769268,0.613472580909729,0.30196622014045715,-0.015973135828971863,0.611312985420227,0.3003081679344177,-0.04826197773218155,0.6100272536277771,0.30114901065826416,-0.04859377071261406,0.608585000038147,0.3016955554485321,-0.04875221848487854,0.6052015423774719,0.3096293807029724,0.07698599994182587,0.6004103422164917,0.30798742175102234,-0.07114068418741226,0.6213824152946472,0.3170885741710663,0.00332001899369061,0.6197854280471802,0.3174109160900116,-0.041172705590724945,0.6161152124404907,0.3546715974807739,0.17301274836063385,0.6004098057746887,0.3528044521808624,-0.14201238751411438,0.6356607675552368,0.2668378949165344,0.182851642370224,0.5911288857460022,0.2573481798171997,-0.2579490542411804,0.6387818455696106,0.18481720983982086,0.059394996613264084,0.5731633901596069,0.16853387653827667,-0.30741816759109497,0.6386194229125977,0.16557274758815765,0.041739560663700104,0.5668493509292603,0.14768311381340027,-0.35159817337989807,0.6351828575134277,0.16375041007995605,0.019962916150689125,0.57170170545578,0.14544422924518585,-0.3420688509941101,0.6337376236915588,0.16992922127246857,0.04514952749013901,0.5745338201522827,0.15207473933696747,-0.30847883224487305,0.630662739276886,0.5542299747467041,0.11234842240810394,0.62218177318573,0.5532203912734985,-0.11252059042453766,0.619518518447876,0.6981116533279419,0.13378667831420898,0.61903977394104,0.7068889141082764,-0.11560560762882233,0.5929147601127625,0.8265267014503479,0.21234989166259766,0.5902226567268372,0.8373690247535706,-0.05422578006982803,0.5785555839538574,0.8517119884490967,0.21439345180988312,0.57436203956604,0.8615111708641052,-0.05159599334001541,0.6316572427749634,0.851795494556427,0.11864812672138214,0.6339050531387329,0.8590537309646606,-0.17080268263816833
frame_00096.jpg,0.6206605434417725,0.30343106389045715,-0.06820410490036011,0.6147247552871704,0.29817575216293335,-0.048710599541664124,0.6144303679466248,0.29934436082839966,-0.04893583431839943,0.6138055324554443,0.30073386430740356,-0.0488256998360157,0.6119706630706787,0.2983453571796417,-0.08100192248821259,0.6105208396911621,0.29956933856010437,-0.08132810890674591,0.6089466214179993,0.3004550039768219,-0.08148937672376633,0.6054852604866028,0.309561163187027,0.04386359825730324,0.6006960868835449,0.3077883720397949,-0.1043362021446228,0.6218363046646118,0.3160763084888458,-0.029814928770065308,0.6200504899024963,0.31625524163246155,-0.07405358552932739,0.6190654635429382,0.35496699810028076,0.13622118532657623,0.6002813577651978,0.3535984456539154,-0.15679755806922913,0.6320730447769165,0.26122257113456726,0.1339479684829712,0.591682493686676,0.2551719546318054,-0.3103732466697693,0.6264234781265259,0.17088298499584198,-0.00225369306281209,0.5682725310325623,0.170833557844162,-0.3820706307888031,0.6185640096664429,0.1547718644142151,-0.022255826741456985,0.563245952129364,0.15383721888065338,-0.43712592124938965,0.6173645257949829,0.14709416031837463,-0.04814786836504936,0.5590922236442566,0.14999528229236603,-0.42474326491355896,0.6152392625808716,0.15836668014526367,-0.018327530473470688,0.5663691759109497,0.15663860738277435,-0.38259047269821167,0.6305453777313232,0.5516031980514526,0.11416121572256088,0.6175968050956726,0.5461358428001404,-0.11432170867919922,0.6251341104507446,0.6902819275856018,0.16449180245399475,0.6189978122711182,0.7049774527549744,-0.13419410586357117,0.5944421887397766,0.8242956399917603,0.25163304805755615,0.5900878310203552,0.8373576998710632,-0.08295655995607376,0.5815550684928894,0.8456515669822693,0.26565054059028625,0.5742181539535522,0.8611533641815186,-0.08086615055799484,0.6315906047821045,0.8509433269500732,0.18813243508338928,0.6334633827209473,0.8602462410926819,-0.20132441818714142
frame_00097.jpg,0.6233505606651306,0.291157603263855,-0.0007910596905276179,0.615082859992981,0.2865518629550934,0.020626459270715714,0.6146400570869446,0.2880195379257202,0.020404240116477013,0.6138191819190979,0.28970447182655334,0.02053885906934738,0.6123720407485962,0.2864786386489868,-0.018724219873547554,0.6111288070678711,0.2878510057926178,-0.019047247245907784,0.609808087348938,0.28905901312828064,-0.0191897414624691,0.6054930090904236,0.3028496503829956,0.10582160949707031,0.6022294163703918,0.30134984850883484,-0.07124228030443192,0.6253999471664429,0.3042678236961365,0.03511719033122063,0.6245344877243042,0.30338141322135925,-0.018158724531531334,0.6183776259422302,0.35449445247650146,0.1964678317308426,0.6059059500694275,0.35121920704841614,-0.16384676098823547,0.6224899291992188,0.2635546028614044,0.2090800553560257,0.6195701360702515,0.25540417432785034,-0.25062626600265503,0.5992987751960754,0.21003803610801697,0.09804535657167435,0.5780467391014099,0.18728357553482056,-0.22951574623584747,0.5883640050888062,0.19953730702400208,0.08934281766414642,0.5693446397781372,0.17293371260166168,-0.26723185181617737,0.5858415365219116,0.19703985750675201,0.06762764602899551,0.5667015314102173,0.17362649738788605,-0.2610653042793274,0.5900329947471619,0.198751762509346,0.08503289520740509,0.5705314874649048,0.17937129735946655,-0.22976715862751007,0.6249843239784241,0.5501059889793396,0.1164158433675766,0.6164299249649048,0.5442422032356262,-0.11659018695354462,0.6249997019767761,0.6931536793708801,0.14396068453788757,0.6190428733825684,0.7036874890327454,-0.1305183321237564,0.5976738333702087,0.8252317905426025,0.19202497601509094,0.5949382185935974,0.8346256613731384,-0.08531105518341064,0.5832712650299072,0.8464726209640503,0.1915920078754425,0.578795850276947,0.8574740886688232,-0.0837329551577568,0.6316875219345093,0.8539113402366638,0.10657276958227158,0.6334604024887085,0.8615042567253113,-0.1893789917230606
frame_00098.jpg,0.6239434480667114,0.28490111231803894,-0.1399305760860443,0.6166520118713379,0.27970370650291443,-0.11415734142065048,0.6172853112220764,0.28009212017059326,-0.11446648836135864,0.6179426312446594,0.2803120017051697,-0.1143706664443016,0.6124575138092041,0.28251132369041443,-0.14903515577316284,0.611243724822998,0.2849256694316864,-0.14935387670993805,0.6099233031272888,0.2870761752128601,-0.14957591891288757,0.6126299500465393,0.2946135103702545,0.005940927192568779,0.6030663847923279,0.3016262948513031,-0.15172185003757477,0.6283446550369263,0.29890015721321106,-0.09147998690605164,0.6260946989059448,0.30065014958381653,-0.13905219733715057,0.6183110475540161,0.3442351222038269,0.12338286638259888,0.6067069172859192,0.35616493225097656,-0.21906359493732452,0.6215957403182983,0.2667102515697479,0.17339731752872467,0.6360143423080444,0.3324015438556671,-0.41818875074386597,0.612731397151947,0.21304567158222198,0.09448231011629105,0.627173900604248,0.23579765856266022,-0.5560048222541809,0.6079331040382385,0.2015923708677292,0.08688868582248688,0.6228329539299011,0.20924271643161774,-0.6173675656318665,0.6052230000495911,0.20050188899040222,0.06378720700740814,0.6162686347961426,0.20474858582019806,-0.6030529737472534,0.6074520349502563,0.20259198546409607,0.08196799457073212,0.6174198389053345,0.21394671499729156,-0.5567175149917603,0.6228408217430115,0.5495535135269165,0.11314481496810913,0.6149569153785706,0.5462743043899536,-0.11331435292959213,0.6227728128433228,0.6934269070625305,0.16069653630256653,0.6206085681915283,0.7005480527877808,-0.12532559037208557,0.597621500492096,0.8246952295303345,0.2370711863040924,0.598103940486908,0.8324715495109558,-0.06961636245250702,0.5830298662185669,0.8469179272651672,0.23902609944343567,0.5816872119903564,0.8551027774810791,-0.06779502332210541,0.631232500076294,0.8539800047874451,0.14725501835346222,0.6334785223007202,0.8618112206459045,-0.18260470032691956
frame_00099.jpg,0.6242554187774658,0.2921113073825836,-0.17835985124111176,0.6197443604469299,0.28071215748786926,-0.14961232244968414,0.6218100190162659,0.28104346990585327,-0.14993935823440552,0.6240123510360718,0.28270378708839417,-0.14989954233169556,0.6130118370056152,0.28515222668647766,-0.1753719300031662,0.6113407015800476,0.2878035008907318,-0.1756773591041565,0.6100596189498901,0.2906706631183624,-0.17586351931095123,0.6200467348098755,0.29633432626724243,-0.02021724358201027,0.6026378870010376,0.305145800113678,-0.14164602756500244,0.629700243473053,0.30517706274986267,-0.12810905277729034,0.6260178089141846,0.3090497851371765,-0.16392752528190613,0.6311076879501343,0.34598860144615173,0.06358791142702103,0.5899696350097656,0.36949172616004944,-0.19013968110084534,0.6526321172714233,0.26055118441581726,0.01477897446602583,0.6299788355827332,0.3845582604408264,-0.38656333088874817,0.6390998959541321,0.18173593282699585,-0.12950697541236877,0.6467936038970947,0.3170468211174011,-0.5542584657669067,0.6356735229492188,0.160039484500885,-0.16175922751426697,0.6546430587768555,0.3032389283180237,-0.6169813871383667,0.6301947236061096,0.15575145184993744,-0.17062707245349884,0.6536528468132019,0.29272711277008057,-0.6056808233261108,0.6301020383834839,0.16436631977558136,-0.13914021849632263,0.6503268480300903,0.2961728870868683,-0.5565170645713806,0.6290441751480103,0.5468457341194153,0.08644731342792511,0.6059383153915405,0.5449483394622803,-0.08659065514802933,0.6251052618026733,0.6928721070289612,0.10193709284067154,0.6208406090736389,0.6933912038803101,-0.15473653376102448,0.5983936190605164,0.824398934841156,0.1754784733057022,0.5982314348220825,0.8296969532966614,-0.1012321338057518,0.5828976035118103,0.8472617268562317,0.1754644513130188,0.5820121169090271,0.8518106341362,-0.09997101128101349,0.6311956644058228,0.8541406989097595,0.04630931839346886,0.6334758400917053,0.861824095249176,-0.242211252450943
frame_00100.jpg,0.6235313415527344,0.29109567403793335,-0.1325090229511261,0.6197515726089478,0.28160372376441956,-0.10789284855127335,0.621715247631073,0.28165677189826965,-0.10817281901836395,0.6236859560012817,0.28228914737701416,-0.10808024555444717,0.6131702661514282,0.28511300683021545,-0.16996438801288605,0.6111077666282654,0.2875562310218811,-0.17044274508953094,0.6091664433479309,0.2903323769569397,-0.17063768208026886,0.6196231842041016,0.2927028238773346,-0.0008584982715547085,0.6018526554107666,0.3041015863418579,-0.06837783008813858,0.6296741962432861,0.3042914569377899,-0.08723942935466766,0.6237042546272278,0.3083421289920807,-0.14985626935958862,0.6409569382667542,0.33805862069129944,0.09926123172044754,0.5882563591003418,0.37437903881073,-0.11005882918834686,0.668323814868927,0.25481897592544556,0.06527075916528702,0.6264811754226685,0.4024496078491211,-0.320156455039978,0.6644113063812256,0.17292112112045288,-0.06646806746721268,0.6373661160469055,0.3494367301464081,-0.5197492837905884,0.6618732810020447,0.147849902510643,-0.0949893519282341,0.6487947106361389,0.33484503626823425,-0.5832690000534058,0.6540781855583191,0.1457865983247757,-0.10705788433551788,0.637383759021759,0.31747424602508545,-0.575938880443573,0.6521739959716797,0.15708136558532715,-0.0766076147556305,0.6365247964859009,0.32526475191116333,-0.5245816111564636,0.6348022818565369,0.5414524674415588,0.07968871295452118,0.6029897928237915,0.5408214330673218,-0.0798172801733017,0.6267266273498535,0.6914269328117371,0.07198339700698853,0.6208251714706421,0.6883383393287659,-0.1674824059009552,0.6000546216964722,0.8241872191429138,0.1249743327498436,0.5983858108520508,0.8234630227088928,-0.13476954400539398,0.5846601128578186,0.8471924066543579,0.12222947180271149,0.5832384824752808,0.8459129333496094,-0.13635769486427307,0.632566511631012,0.8550947308540344,-0.016640815883874893,0.6319704651832581,0.8616877794265747,-0.28701868653297424
