image_name,x_0,y_0,z_0,x_1,y_1,z_1,x_2,y_2,z_2,x_3,y_3,z_3,x_4,y_4,z_4,x_5,y_5,z_5,x_6,y_6,z_6,x_7,y_7,z_7,x_8,y_8,z_8,x_9,y_9,z_9,x_10,y_10,z_10,x_11,y_11,z_11,x_12,y_12,z_12,x_13,y_13,z_13,x_14,y_14,z_14,x_15,y_15,z_15,x_16,y_16,z_16,x_17,y_17,z_17,x_18,y_18,z_18,x_19,y_19,z_19,x_20,y_20,z_20,x_21,y_21,z_21,x_22,y_22,z_22,x_23,y_23,z_23,x_24,y_24,z_24,x_25,y_25,z_25,x_26,y_26,z_26,x_27,y_27,z_27,x_28,y_28,z_28,x_29,y_29,z_29,x_30,y_30,z_30,x_31,y_31,z_31,x_32,y_32,z_32
frame_00000.jpg,0.5357165932655334,0.20517626404762268,-0.4429355561733246,0.5402758717536926,0.19383683800697327,-0.42764320969581604,0.5434395670890808,0.19307030737400055,-0.4279356598854065,0.5463905334472656,0.1921791285276413,-0.4279418885707855,0.5313085317611694,0.19261591136455536,-0.4285087585449219,0.5280625820159912,0.19141753017902374,-0.42878684401512146,0.5251469612121582,0.19020873308181763,-0.42896971106529236,0.551904559135437,0.19165347516536713,-0.2944876253604889,0.5220995545387268,0.19089578092098236,-0.29607218503952026,0.5395272374153137,0.2144467830657959,-0.3866958022117615,0.5296434164047241,0.21367327868938446,-0.38893288373947144,0.5741351842880249,0.2485198825597763,-0.15708591043949127,0.4961729645729065,0.24422410130500793,-0.1714714616537094,0.5865495204925537,0.3165937066078186,-0.1167086586356163,0.47988247871398926,0.32349076867103577,-0.16839298605918884,0.604220449924469,0.3474811315536499,-0.22736158967018127,0.5057191848754883,0.3693335950374603,-0.27992451190948486,0.6085840463638306,0.3566596806049347,-0.25982728600502014,0.5117785930633545,0.3819294273853302,-0.31764674186706543,0.6065605878829956,0.3485679626464844,-0.2862052619457245,0.5159080028533936,0.3729841411113739,-0.335628867149353,0.6035372018814087,0.34489110112190247,-0.2392158806324005,0.5146445035934448,0.3660622835159302,-0.28992077708244324,0.5527538657188416,0.41520845890045166,0.011350922286510468,0.5051009058952332,0.41364479064941406,-0.011511815711855888,0.5905725955963135,0.5389217138290405,-0.0990898460149765,0.5049000978469849,0.5414238572120667,-0.08299077302217484,0.6027464866638184,0.67496657371521,0.015546420589089394,0.4971020221710205,0.6788688898086548,0.05965391546487808,0.5951856374740601,0.6894401907920837,0.017779279500246048,0.5011659860610962,0.699425458908081,0.06732810288667679,0.6115676164627075,0.7222452163696289,-0.1426571011543274,0.48470187187194824,0.7225487232208252,-0.08396752178668976
frame_00001.jpg,0.5324522852897644,0.21553604304790497,-0.48004841804504395,0.5380562543869019,0.20155854523181915,-0.47200363874435425,0.541570246219635,0.20010556280612946,-0.47237429022789,0.5447990298271179,0.198691263794899,-0.47206902503967285,0.5282538533210754,0.20157188177108765,-0.46919751167297363,0.525102972984314,0.20050214231014252,-0.46968722343444824,0.5222111940383911,0.1993611454963684,-0.46992188692092896,0.5487890243530273,0.19627031683921814,-0.3497002422809601,0.5198239088058472,0.19571453332901,-0.35411393642425537,0.5374733805656433,0.22393785417079926,-0.4329657554626465,0.527124285697937,0.22349697351455688,-0.43496522307395935,0.5703259110450745,0.25289037823677063,-0.20388129353523254,0.4930437207221985,0.24822168052196503,-0.2317294329404831,0.5796932578086853,0.32733842730522156,-0.14824366569519043,0.47780004143714905,0.32887041568756104,-0.23951125144958496,0.5749621391296387,0.3730555772781372,-0.24245698750019073,0.49897924065589905,0.3825802803039551,-0.38331615924835205,0.5743574500083923,0.3878110647201538,-0.2713366746902466,0.5031694769859314,0.39654308557510376,-0.41525793075561523,0.5726758241653442,0.37992948293685913,-0.2983883023262024,0.5061172842979431,0.3880672752857208,-0.4109594225883484,0.5715175271034241,0.37391433119773865,-0.2535709738731384,0.5057043433189392,0.38072916865348816,-0.3874199390411377,0.5536693930625916,0.3945700228214264,0.011035570874810219,0.5070343017578125,0.39762240648269653,-0.011250585317611694,0.6150179505348206,0.4259633421897888,-0.328010618686676,0.497739315032959,0.5170174837112427,-0.08499813824892044,0.6228328943252563,0.5607145428657532,-0.2270025908946991,0.48529982566833496,0.6461131572723389,0.07602708041667938,0.6207701563835144,0.5949673056602478,-0.22503337264060974,0.4875529706478119,0.6636523604393005,0.08719490468502045,0.645786702632904,0.6125056147575378,-0.3901888132095337,0.48122772574424744,0.6986850500106812,-0.06251852214336395
frame_00002.jpg,0.5285934209823608,0.22188487648963928,-0.5208801031112671,0.5341218709945679,0.20834855735301971,-0.5058120489120483,0.5366894006729126,0.20719698071479797,-0.5061106085777283,0.539218544960022,0.20613092184066772,-0.5060492753982544,0.527885377407074,0.20805524289608002,-0.506238579750061,0.5229686498641968,0.20700447261333466,-0.5065531730651855,0.5183653831481934,0.2059306651353836,-0.5067469477653503,0.5429396033287048,0.2046240121126175,-0.3636498749256134,0.5137542486190796,0.2041439414024353,-0.3652735650539398,0.5324111580848694,0.23051276803016663,-0.46159324049949646,0.5244728326797485,0.23009681701660156,-0.4640060365200043,0.5644378662109375,0.26188361644744873,-0.20846278965473175,0.49102920293807983,0.2564411163330078,-0.22113461792469025,0.5705407857894897,0.3420613706111908,-0.13371673226356506,0.47762781381607056,0.33889487385749817,-0.19528765976428986,0.5629616379737854,0.38077133893966675,-0.20574910938739777,0.48884040117263794,0.3908531963825226,-0.2987033724784851,0.5617709755897522,0.4105604887008667,-0.2340569943189621,0.4915098249912262,0.4050382971763611,-0.33687061071395874,0.5613851547241211,0.40178006887435913,-0.26080286502838135,0.49517375230789185,0.39645516872406006,-0.352688729763031,0.5600995421409607,0.3914361000061035,-0.21601243317127228,0.49526578187942505,0.3898674547672272,-0.3070306181907654,0.5484312772750854,0.4111247658729553,0.00559678440913558,0.5006967782974243,0.4134187400341034,-0.005744469352066517,0.6014465689659119,0.4945216178894043,-0.17917580902576447,0.46757569909095764,0.5412182211875916,-0.06041586399078369,0.5919404029846191,0.6144763231277466,0.04387378692626953,0.4748661518096924,0.6622000932693481,0.17720839381217957,0.5896250605583191,0.6319793462753296,0.06453856080770493,0.4865354001522064,0.6795802712440491,0.19542431831359863,0.5917163491249084,0.6613640189170837,-0.06668294966220856,0.4599229395389557,0.7047468423843384,0.058697838336229324
frame_00003.jpg,0.5188426971435547,0.22392505407333374,-0.47511768341064453,0.5235441327095032,0.20965193212032318,-0.45670557022094727,0.526779294013977,0.20858675241470337,-0.4569927752017975,0.5298281908035278,0.2076101452112198,-0.456993967294693,0.5142659544944763,0.20906692743301392,-0.45970702171325684,0.5101310014724731,0.2079438865184784,-0.45998138189315796,0.5064152479171753,0.20684532821178436,-0.46017152070999146,0.533116340637207,0.2066498100757599,-0.31170156598091125,0.5030906796455383,0.20630596578121185,-0.32452887296676636,0.5220116376876831,0.23291604220867157,-0.41452091932296753,0.5134619474411011,0.23276755213737488,-0.41990604996681213,0.5511309504508972,0.2659951150417328,-0.15109193325042725,0.4820651412010193,0.2615738809108734,-0.19597862660884857,0.5668197870254517,0.34729236364364624,-0.04893103614449501,0.4672228693962097,0.3448629379272461,-0.18194010853767395,0.5594007968902588,0.38621166348457336,-0.09125009924173355,0.48345479369163513,0.3895493447780609,-0.2829102873802185,0.5589559674263,0.414000540971756,-0.11068055778741837,0.4898304045200348,0.3995676636695862,-0.3208991587162018,0.554982602596283,0.40344569087028503,-0.13807937502861023,0.4928171634674072,0.38858020305633545,-0.33306798338890076,0.5558310151100159,0.39260122179985046,-0.10104157775640488,0.49440503120422363,0.3834727108478546,-0.2896840572357178,0.5453930497169495,0.41448020935058594,0.011039132252335548,0.49676769971847534,0.4223323464393616,-0.011160354129970074,0.593082070350647,0.5026012659072876,-0.16261839866638184,0.4807662069797516,0.5485613942146301,-0.06944115459918976,0.5609622001647949,0.6406147480010986,0.035818301141262054,0.47504836320877075,0.6676018238067627,0.12414871156215668,0.5526493191719055,0.6594228744506836,0.04745270684361458,0.48105859756469727,0.6976355314254761,0.1373000144958496,0.5632157325744629,0.6926014423370361,-0.0971837118268013,0.46157607436180115,0.7127688527107239,-0.011131687089800835
frame_00004.jpg,0.5129679441452026,0.22447820007801056,-0.41552454233169556,0.5166271328926086,0.21045492589473724,-0.3954208195209503,0.5193900465965271,0.209451824426651,-0.3956946134567261,0.5220518112182617,0.2085174024105072,-0.39569634199142456,0.5077459812164307,0.21016626060009003,-0.39916542172431946,0.5039016008377075,0.2091461569070816,-0.3994455337524414,0.500113844871521,0.20811313390731812,-0.39963287115097046,0.5244565606117249,0.20924898982048035,-0.25387853384017944,0.49613887071609497,0.20800410211086273,-0.26981014013290405,0.5164581537246704,0.23387527465820312,-0.3573780655860901,0.5071845054626465,0.23390749096870422,-0.3636623024940491,0.5414218306541443,0.26623961329460144,-0.11350248754024506,0.4750019609928131,0.2658187448978424,-0.16864821314811707,0.566590428352356,0.34969741106033325,-0.0601210780441761,0.4628259241580963,0.3465154469013214,-0.19683633744716644,0.5580173134803772,0.3839297890663147,-0.15439142286777496,0.48904410004615784,0.38197800517082214,-0.33285099267959595,0.5561013221740723,0.3992977738380432,-0.18349589407444,0.4978381097316742,0.3910030126571655,-0.37791889905929565,0.5530970692634583,0.3883804678916931,-0.20680904388427734,0.5031889081001282,0.3788050413131714,-0.38998711109161377,0.5535727143287659,0.3824447989463806,-0.16431964933872223,0.5011438131332397,0.3739411234855652,-0.34053775668144226,0.5406448245048523,0.44594910740852356,0.016588885337114334,0.4952242970466614,0.44651493430137634,-0.016719849780201912,0.5495898723602295,0.5964376330375671,-0.05123351886868477,0.4997817575931549,0.5848737359046936,-0.09067536890506744,0.5317528247833252,0.7172634601593018,0.11191803216934204,0.4862748086452484,0.6886435747146606,0.10456939786672592,0.5254169702529907,0.7328196167945862,0.12004013359546661,0.48826247453689575,0.7110761404037476,0.12166851758956909,0.5317279100418091,0.7645832896232605,-0.025662904605269432,0.4770119786262512,0.7248027324676514,-0.026061002165079117
frame_00005.jpg,0.5083233118057251,0.2678143084049225,-0.44729822874069214,0.51277756690979,0.2539447546005249,-0.42938899993896484,0.5162277221679688,0.2527207136154175,-0.42964252829551697,0.519671618938446,0.2519527077674866,-0.429635614156723,0.5018037557601929,0.2561677098274231,-0.4308702051639557,0.49799099564552307,0.2569028437137604,-0.43113774061203003,0.49414128065109253,0.25744593143463135,-0.43129658699035645,0.5245016813278198,0.2544730007648468,-0.29509538412094116,0.48971861600875854,0.2611614167690277,-0.3002069294452667,0.5131363272666931,0.27168601751327515,-0.3915611207485199,0.5033677816390991,0.2824803292751312,-0.3946840167045593,0.5448931455612183,0.32272177934646606,-0.16390934586524963,0.4730059504508972,0.3225709795951843,-0.19515520334243774,0.5689700841903687,0.4049633741378784,-0.09961701929569244,0.45431533455848694,0.38819804787635803,-0.2108781784772873,0.5629083514213562,0.4608211815357208,-0.17085592448711395,0.4772340655326843,0.4365207552909851,-0.37967216968536377,0.5624338388442993,0.47969773411750793,-0.1944708526134491,0.4818911552429199,0.45382919907569885,-0.4263640344142914,0.5595948696136475,0.47114282846450806,-0.22031144797801971,0.49067139625549316,0.4476184844970703,-0.43860945105552673,0.5589151978492737,0.4640538990497589,-0.1742333322763443,0.4901975691318512,0.44081729650497437,-0.38875681161880493,0.538378119468689,0.4927116632461548,0.010279431007802486,0.49389973282814026,0.49133428931236267,-0.010420387610793114,0.5459414124488831,0.6270358562469482,-0.12977908551692963,0.4985416829586029,0.6281623840332031,-0.11147361993789673,0.5345470905303955,0.7648675441741943,0.0192157831043005,0.4939623475074768,0.7544173002243042,0.04676150903105736,0.52860027551651,0.770136833190918,0.025774097070097923,0.4992687702178955,0.7766096591949463,0.05663838982582092,0.5389559864997864,0.7862717509269714,-0.12083294242620468,0.48047757148742676,0.797448992729187,-0.08363194763660431
frame_00006.jpg,0.5061309933662415,0.2680078446865082,-0.5818545818328857,0.5085539817810059,0.24856773018836975,-0.5672385692596436,0.5121219754219055,0.24826578795909882,-0.5675078630447388,0.5165539979934692,0.2562906742095947,-0.5674871206283569,0.4982823431491852,0.26197874546051025,-0.5654239058494568,0.49484705924987793,0.26316577196121216,-0.5657525658607483,0.49134713411331177,0.264168918132782,-0.5659390687942505,0.5240626931190491,0.2588518261909485,-0.4318842887878418,0.48875778913497925,0.26893097162246704,-0.4204363226890564,0.5105098485946655,0.2689860463142395,-0.5249316096305847,0.5007721185684204,0.280712753534317,-0.5234249830245972,0.5549525022506714,0.32902419567108154,-0.2948138117790222,0.47297969460487366,0.3388703167438507,-0.289385586977005,0.5685698390007019,0.3949223756790161,-0.30029067397117615,0.45512670278549194,0.42335495352745056,-0.32244569063186646,0.5501450896263123,0.43495550751686096,-0.42931848764419556,0.45251554250717163,0.5017970204353333,-0.490119993686676,0.5438838601112366,0.4384855628013611,-0.4728739857673645,0.4456685483455658,0.5261500477790833,-0.5410887598991394,0.5406230688095093,0.4250207543373108,-0.4967504143714905,0.4505685269832611,0.5274375677108765,-0.569477915763855,0.5424776673316956,0.42373281717300415,-0.4406554698944092,0.4560229182243347,0.5178751349449158,-0.5058482885360718,0.5379852056503296,0.5083115100860596,-0.0021051322109997272,0.49369874596595764,0.5029615163803101,0.0018649861449375749,0.5333888530731201,0.632537841796875,-0.19260671734809875,0.4770554006099701,0.6358112096786499,-0.11583010852336884,0.5311852693557739,0.769132673740387,0.02321356162428856,0.4089653491973877,0.7695939540863037,0.020631127059459686,0.5234237313270569,0.7882265448570251,0.03412556275725365,0.4398731589317322,0.8003301024436951,0.02626017853617668,0.536861777305603,0.819561779499054,-0.11903572082519531,0.4064400792121887,0.8142547607421875,-0.13864149153232574
frame_00007.jpg,0.5013413429260254,0.2575767934322357,-0.5916051864624023,0.503858745098114,0.24566584825515747,-0.5709936022758484,0.505863606929779,0.24532288312911987,-0.5712941884994507,0.5089318752288818,0.24754060804843903,-0.5712466835975647,0.4965432584285736,0.25157299637794495,-0.578623354434967,0.4927965998649597,0.2524327337741852,-0.5789657235145569,0.4878357946872711,0.2532496452331543,-0.5791794657707214,0.5117078423500061,0.2477804571390152,-0.4118296205997467,0.48458608984947205,0.2540915310382843,-0.4440786838531494,0.504562258720398,0.2669590413570404,-0.525709867477417,0.49736785888671875,0.2742384374141693,-0.5369476675987244,0.5457755327224731,0.3181268572807312,-0.2524499297142029,0.47079548239707947,0.32250508666038513,-0.3333359360694885,0.5559117794036865,0.41813334822654724,-0.17974409461021423,0.45566868782043457,0.42384210228919983,-0.3456558585166931,0.5493171215057373,0.49507203698158264,-0.32208943367004395,0.45024171471595764,0.5196266770362854,-0.47405117750167847,0.5453421473503113,0.5162261128425598,-0.3516331613063812,0.44302549958229065,0.5457436442375183,-0.5262561440467834,0.5412808060646057,0.5111163258552551,-0.4499971270561218,0.44672471284866333,0.5484564304351807,-0.5556631684303284,0.542880117893219,0.5023670792579651,-0.3726707696914673,0.4517514705657959,0.53817218542099,-0.48889264464378357,0.5269337892532349,0.5007655024528503,0.026542937383055687,0.4852522313594818,0.4965253472328186,-0.026763442903757095,0.5223492383956909,0.6521615386009216,0.025594953447580338,0.4782477021217346,0.6378321051597595,-0.11123601347208023,0.5160489678382874,0.7817322015762329,0.2310703694820404,0.4335036873817444,0.7756101489067078,0.026659738272428513,0.5043272972106934,0.7995089888572693,0.2406943291425705,0.43883222341537476,0.7991575002670288,0.03429626300930977,0.5257341861724854,0.8252384662628174,0.07710549980401993,0.4203171133995056,0.8222008347511292,-0.09852059930562973
frame_00008.jpg,0.49754053354263306,0.2856329679489136,-0.278215616941452,0.5010883808135986,0.27331769466400146,-0.26435577869415283,0.5038585662841797,0.2718808054924011,-0.2645995616912842,0.506986141204834,0.27112236618995667,-0.2645583748817444,0.49258023500442505,0.27744653820991516,-0.26483917236328125,0.4896446764469147,0.27900177240371704,-0.26513034105300903,0.4862792491912842,0.2802674472332001,-0.26532405614852905,0.5133293867111206,0.2752029597759247,-0.17018826305866241,0.48518210649490356,0.28673920035362244,-0.17114947736263275,0.5048622488975525,0.29630938172340393,-0.2386399507522583,0.49568915367126465,0.3017176389694214,-0.24071140587329865,0.5453278422355652,0.3431827425956726,-0.08868353068828583,0.47608286142349243,0.35926851630210876,-0.1193813681602478,0.5525866746902466,0.40704962611198425,-0.10154123604297638,0.4713142514228821,0.4490894079208374,-0.1647365540266037,0.5231825113296509,0.4123798906803131,-0.2112341672182083,0.47109347581863403,0.5055069923400879,-0.3040878474712372,0.5128060579299927,0.41109374165534973,-0.24191400408744812,0.46691805124282837,0.5233816504478455,-0.34936776757240295,0.5120070576667786,0.3974212110042572,-0.26026254892349243,0.4692280888557434,0.5196994543075562,-0.36329716444015503,0.5155046582221985,0.398593008518219,-0.2208794355392456,0.47374528646469116,0.5125920176506042,-0.3136410415172577,0.5272589325904846,0.5359351634979248,0.022703740745782852,0.4914728105068207,0.5337197780609131,-0.023007342591881752,0.5078874230384827,0.6419336199760437,-0.002212621970102191,0.503530740737915,0.6439487934112549,-0.0544179268181324,0.48602956533432007,0.7504615187644958,0.18801210820674896,0.48622360825538635,0.7528577446937561,0.11690892279148102,0.4836398959159851,0.7723036408424377,0.2013627588748932,0.48733416199684143,0.773945689201355,0.1314716935157776,0.47106966376304626,0.8237692713737488,0.10087673366069794,0.4725520610809326,0.8115826845169067,0.03798883408308029
frame_00009.jpg,0.4925144612789154,0.3154737055301666,-0.6297120451927185,0.4975601136684418,0.29862505197525024,-0.6176217794418335,0.501087486743927,0.2964065372943878,-0.6179314255714417,0.5047375559806824,0.2946493923664093,-0.6179028749465942,0.4871182441711426,0.3031871020793915,-0.6092257499694824,0.48419690132141113,0.30470189452171326,-0.6095685362815857,0.4811027944087982,0.3059717118740082,-0.6097806096076965,0.5152008533477783,0.2930382788181305,-0.4842819273471832,0.48298510909080505,0.30738088488578796,-0.4417686462402344,0.5037935972213745,0.32424575090408325,-0.5718808770179749,0.4929952621459961,0.3304777443408966,-0.5615602731704712,0.5631884932518005,0.3647671043872833,-0.33672308921813965,0.47488608956336975,0.3734809160232544,-0.2824290692806244,0.5731052756309509,0.4719066321849823,-0.3233135938644409,0.4662821292877197,0.4776059687137604,-0.257168710231781,0.5585702657699585,0.5273230075836182,-0.4599565863609314,0.44417804479599,0.5536124110221863,-0.4143701493740082,0.5578895807266235,0.5433029532432556,-0.5064438581466675,0.43592557311058044,0.5717878937721252,-0.4626304507255554,0.553511381149292,0.5319566130638123,-0.5373505353927612,0.4394093453884125,0.572831928730011,-0.49893173575401306,0.552229106426239,0.5255176424980164,-0.4738021492958069,0.4470914304256439,0.564810037612915,-0.4332570433616638,0.5425181984901428,0.5454095602035522,-0.012227806262671947,0.4923036992549896,0.5361250638961792,0.011991445906460285,0.5161761045455933,0.6712208390235901,-0.2947638928890228,0.47885966300964355,0.641767144203186,-0.15276026725769043,0.5103329420089722,0.7646276354789734,0.09249985963106155,0.4855418801307678,0.744562029838562,0.17834216356277466,0.5057002902030945,0.7736027240753174,0.1799754798412323,0.48432740569114685,0.766221284866333,0.2080956995487213,0.5044087767601013,0.8163362145423889,0.008417950011789799,0.4494985044002533,0.8044193387031555,0.08614204823970795
frame_00010.jpg,0.4956951141357422,0.30437710881233215,-0.5786877274513245,0.5002821683883667,0.28943851590156555,-0.561064600944519,0.5034337043762207,0.2878807783126831,-0.5613583326339722,0.5067191123962402,0.28683629631996155,-0.5613327026367188,0.4905396103858948,0.2925809323787689,-0.5593909621238708,0.48739925026893616,0.2936776876449585,-0.5597044825553894,0.4840572476387024,0.2946069836616516,-0.5598986148834229,0.5161885023117065,0.28871428966522217,-0.4216965138912201,0.48263734579086304,0.2985604405403137,-0.4113841950893402,0.5045342445373535,0.3156038522720337,-0.520797610282898,0.4947805404663086,0.31998172402381897,-0.5197666883468628,0.5612704157829285,0.36118587851524353,-0.2908180356025696,0.4711909294128418,0.3671573996543884,-0.27060964703559875,0.5701720714569092,0.46664395928382874,-0.2635786533355713,0.467021644115448,0.47617679834365845,-0.2657700777053833,0.5564020872116089,0.5247798562049866,-0.36973583698272705,0.4513421058654785,0.5632232427597046,-0.4164617955684662,0.55575031042099,0.5414541959762573,-0.40644875168800354,0.44510418176651,0.5862881541252136,-0.4628756046295166,0.5515202283859253,0.5320051312446594,-0.43438634276390076,0.4481838345527649,0.5882362723350525,-0.4954487383365631,0.5504242777824402,0.5254040956497192,-0.3816688358783722,0.4545675814151764,0.5789591073989868,-0.4334856867790222,0.541837215423584,0.5241241455078125,-0.013290062546730042,0.4887663424015045,0.5184623003005981,0.013056119903922081,0.5224610567092896,0.6289976835250854,-0.22580501437187195,0.4581853747367859,0.6013525128364563,-0.19439667463302612,0.5139487981796265,0.7143304347991943,0.07534489780664444,0.4586169719696045,0.7233678102493286,0.0686393603682518,0.5086736679077148,0.7235152721405029,0.1289689689874649,0.46640539169311523,0.7440462708473206,0.09233541041612625,0.5094804763793945,0.7660053372383118,-0.017620358616113663,0.42327362298965454,0.7774415612220764,-0.028495822101831436
frame_00011.jpg,0.49749955534935,0.37160539627075195,-0.7382904291152954,0.501848578453064,0.35293856263160706,-0.7349225878715515,0.5050365328788757,0.35058438777923584,-0.7352609634399414,0.5083505511283875,0.3487223982810974,-0.7351855039596558,0.4919775426387787,0.35654768347740173,-0.7293410301208496,0.48886585235595703,0.35729771852493286,-0.7296699285507202,0.48559078574180603,0.35784080624580383,-0.7298416495323181,0.5169252157211304,0.33794018626213074,-0.607930600643158,0.48405423760414124,0.3496227562427521,-0.5803111791610718,0.5053750276565552,0.3741505444049835,-0.6791914701461792,0.49557599425315857,0.37920811772346497,-0.6728782653808594,0.5617261528968811,0.37605053186416626,-0.43970489501953125,0.4714633524417877,0.38175731897354126,-0.39095962047576904,0.5757209658622742,0.481661856174469,-0.42729324102401733,0.46284037828445435,0.4751511514186859,-0.38299158215522766,0.5791321992874146,0.575194239616394,-0.5608862638473511,0.4438306391239166,0.5655445456504822,-0.5292395353317261,0.5862557888031006,0.5982479453086853,-0.6091798543930054,0.43390125036239624,0.5875701308250427,-0.5793705582618713,0.579254686832428,0.59644615650177,-0.6421570777893066,0.437025249004364,0.5903369188308716,-0.6155068278312683,0.5744486451148987,0.587717592716217,-0.5755578875541687,0.44416436553001404,0.5819181203842163,-0.5479244589805603,0.5416592955589294,0.5169855356216431,-0.016372445970773697,0.4886350631713867,0.511379599571228,0.016161182895302773,0.5196172595024109,0.6348299384117126,-0.11224235594272614,0.46246853470802307,0.6045013070106506,-0.14221692085266113,0.5171250700950623,0.7295901775360107,0.16521111130714417,0.4774470329284668,0.7234811186790466,0.16014038026332855,0.5132458209991455,0.7385324239730835,0.18628442287445068,0.48430967330932617,0.7401260137557983,0.18359677493572235,0.5144052505493164,0.7823820114135742,0.041338175535202026,0.45802855491638184,0.7769412398338318,0.05144553631544113
frame_00012.jpg,0.4978953003883362,0.3740859627723694,-0.884250819683075,0.5022586584091187,0.35599324107170105,-0.8782514333724976,0.5056903958320618,0.3543456196784973,-0.8785983324050903,0.5091584324836731,0.3532026410102844,-0.8785421252250671,0.49273404479026794,0.3578256666660309,-0.8742464780807495,0.48966115713119507,0.35796505212783813,-0.8745601773262024,0.48639053106307983,0.3579540550708771,-0.874714195728302,0.5187029242515564,0.3445846140384674,-0.7327927947044373,0.4848867952823639,0.350580632686615,-0.711770236492157,0.5061510801315308,0.37935715913772583,-0.8181681632995605,0.49572500586509705,0.3821658194065094,-0.8137839436531067,0.5634352564811707,0.38457444310188293,-0.5414999723434448,0.47189122438430786,0.3824167251586914,-0.4984862804412842,0.5827765464782715,0.4834669232368469,-0.5312987565994263,0.45647889375686646,0.48029670119285583,-0.47461947798728943,0.584345281124115,0.5664873719215393,-0.6789119839668274,0.4366695284843445,0.5749866962432861,-0.6095101237297058,0.5903529524803162,0.5889233350753784,-0.7332991361618042,0.4257003366947174,0.5988261699676514,-0.6604006886482239,0.5827202200889587,0.5848339796066284,-0.7660813927650452,0.42873987555503845,0.6026051640510559,-0.6993094086647034,0.5783987045288086,0.5758655667304993,-0.6939660906791687,0.43647751212120056,0.5931540131568909,-0.628581166267395,0.5417188405990601,0.5130516290664673,-0.015833435580134392,0.48828062415122986,0.5105204582214355,0.01566796377301216,0.5493190884590149,0.6286100149154663,-0.2082839012145996,0.46437788009643555,0.6038792133331299,-0.18536923825740814,0.5810753107070923,0.719954252243042,0.12994107604026794,0.47539639472961426,0.7219101786613464,0.14891985058784485,0.5816133618354797,0.7192904949188232,0.1510961949825287,0.4762212634086609,0.7315162420272827,0.17602093517780304,0.5773261189460754,0.7839094996452332,0.005232115741819143,0.4538968503475189,0.776969313621521,0.03143428638577461
frame_00013.jpg,0.5037710666656494,0.29663899540901184,-0.6610738635063171,0.5077022314071655,0.29756709933280945,-0.6462225914001465,0.5086931586265564,0.2902682423591614,-0.6465774178504944,0.5140648484230042,0.2950584590435028,-0.6465762853622437,0.49817949533462524,0.2997191846370697,-0.638801634311676,0.49544066190719604,0.30097129940986633,-0.6391216516494751,0.4925868511199951,0.30160292983055115,-0.6394014358520508,0.5187627077102661,0.2923337519168854,-0.5249057412147522,0.491729736328125,0.30626925826072693,-0.48523563146591187,0.5118724703788757,0.31873053312301636,-0.6113876104354858,0.5013212561607361,0.32191526889801025,-0.600833535194397,0.5621147751808167,0.3699619472026825,-0.3817140460014343,0.4794529378414154,0.3577682673931122,-0.31693267822265625,0.5787423253059387,0.4693635106086731,-0.2614246606826782,0.4653244912624359,0.4255046248435974,-0.271089106798172,0.576361894607544,0.5338443517684937,-0.3035982549190521,0.46859556436538696,0.4853903651237488,-0.3687567710876465,0.5794335603713989,0.5499374270439148,-0.33033159375190735,0.46743935346603394,0.504098117351532,-0.40717944502830505,0.5747771859169006,0.5424166321754456,-0.3627691864967346,0.47099119424819946,0.5027367472648621,-0.4309200644493103,0.5721358060836792,0.5361748337745667,-0.3155190050601959,0.4731389582157135,0.494549959897995,-0.38099318742752075,0.5418627858161926,0.4909725487232208,-0.01508523803204298,0.491750568151474,0.4879695177078247,0.014932136051356792,0.5567201375961304,0.6250850558280945,-0.17844268679618835,0.4716982841491699,0.6075968146324158,-0.054185934364795685,0.5880988240242004,0.7241544127464294,0.09280075132846832,0.47277483344078064,0.7305536866188049,0.17904768884181976,0.5875726938247681,0.729934811592102,0.10984128713607788,0.4732234477996826,0.7390559911727905,0.1965533196926117,0.5876171588897705,0.7875066995620728,-0.036758534610271454,0.4405542016029358,0.7772647738456726,0.05753844976425171
frame_00014.jpg,0.5044071078300476,0.36851659417152405,-0.32265904545783997,0.5089801549911499,0.35967233777046204,-0.31242305040359497,0.5110429525375366,0.35863980650901794,-0.31269460916519165,0.5155871510505676,0.3590047061443329,-0.31257542967796326,0.49895843863487244,0.3590238690376282,-0.3097700774669647,0.49600473046302795,0.3587210476398468,-0.310049444437027,0.49298208951950073,0.3581419587135315,-0.31025102734565735,0.5216888785362244,0.35578253865242004,-0.22641992568969727,0.4915730953216553,0.3540234863758087,-0.21562635898590088,0.5121190547943115,0.37648433446884155,-0.2835455536842346,0.5015870928764343,0.37674903869628906,-0.2821022868156433,0.5615986585617065,0.39767900109291077,-0.12462171167135239,0.47664958238601685,0.36777687072753906,-0.11842299997806549,0.5783308744430542,0.47725868225097656,-0.0842667669057846,0.4757825434207916,0.3754730522632599,-0.05561513453722,0.5728658437728882,0.5309460759162903,-0.08394765108823776,0.49941983819007874,0.3443678021430969,-0.012316843494772911,0.5748989582061768,0.5469034910202026,-0.09188830107450485,0.5047046542167664,0.3367789685726166,-0.028564821928739548,0.570406436920166,0.5385579466819763,-0.10994438827037811,0.5063172578811646,0.33318302035331726,-0.025499900802969933,0.5681298971176147,0.5316020846366882,-0.0889691561460495,0.5058523416519165,0.3366490304470062,-0.01130225695669651,0.5412952899932861,0.47027769684791565,-0.008197741582989693,0.48744168877601624,0.46277233958244324,0.008326160721480846,0.552497148513794,0.6165943741798401,-0.0876217931509018,0.4745771288871765,0.590162992477417,-0.21675877273082733,0.5634993314743042,0.7432247996330261,0.09240879863500595,0.4715212881565094,0.7304353713989258,-0.02584940567612648,0.5657841563224792,0.7661462426185608,0.10390689224004745,0.4735929071903229,0.7407940030097961,-0.010002917610108852,0.5467448234558105,0.7884171009063721,-0.037830859422683716,0.4474927484989166,0.7716543078422546,-0.1363196223974228
frame_00015.jpg,0.0,0.0,0.0,0.0,0.0,0.0,0.0,0.0,0.0,0.0,0.0,0.0,0.0,0.0,0.0,0.0,0.0,0.0,0.0,0.0,0.0,0.0,0.0,0.0,0.0,0.0,0.0,0.0,0.0,0.0,0.0,0.0,0.0,0.0,0.0,0.0,0.0,0.0,0.0,0.0,0.0,0.0,0.0,0.0,0.0,0.0,0.0,0.0,0.0,0.0,0.0,0.0,0.0,0.0,0.0,0.0,0.0,0.0,0.0,0.0,0.0,0.0,0.0,0.0,0.0,0.0,0.0,0.0,0.0,0.0,0.0,0.0,0.0,0.0,0.0,0.0,0.0,0.0,0.0,0.0,0.0,0.0,0.0,0.0,0.0,0.0,0.0,0.0,0.0,0.0,0.0,0.0,0.0,0.0,0.0,0.0,0.0,0.0,0.0
frame_00016.jpg,0.513344407081604,0.3759876787662506,-0.4143434166908264,0.5189464688301086,0.3637809753417969,-0.4029412865638733,0.5222378373146057,0.36319997906684875,-0.40321773290634155,0.5255818963050842,0.36304032802581787,-0.40316611528396606,0.5087876915931702,0.3634064793586731,-0.40244555473327637,0.5055028796195984,0.36283499002456665,-0.40269285440444946,0.5021460056304932,0.3621446490287781,-0.4028661847114563,0.5308013558387756,0.3600253462791443,-0.2952392101287842,0.4969727396965027,0.35831066966056824,-0.2923755645751953,0.5186070203781128,0.3839254379272461,-0.36750534176826477,0.5080681443214417,0.38352489471435547,-0.3683008551597595,0.553299069404602,0.40115660429000854,-0.18632414937019348,0.4758591055870056,0.390743613243103,-0.17643804848194122,0.5703889727592468,0.47327515482902527,-0.13585755228996277,0.47932568192481995,0.4477086663246155,-0.16126030683517456,0.5787928104400635,0.5335645079612732,-0.16426575183868408,0.5023267269134521,0.4745013415813446,-0.21515509486198425,0.5844431519508362,0.5506397485733032,-0.18296214938163757,0.5067107677459717,0.48495951294898987,-0.24363212287425995,0.5802567005157471,0.5484128594398499,-0.20612367987632751,0.5099369287490845,0.47860288619995117,-0.2531343698501587,0.5762755274772644,0.541438639163971,-0.17264054715633392,0.5095511674880981,0.47446000576019287,-0.22064897418022156,0.5326471924781799,0.5154247283935547,-0.002820083638653159,0.48282212018966675,0.5099990367889404,0.0027810786850750446,0.5682474374771118,0.6412235498428345,-0.08373599499464035,0.47098007798194885,0.6155032515525818,-0.09070959687232971,0.5751334428787231,0.741837739944458,0.13189762830734253,0.46179884672164917,0.7359617948532104,0.12287124246358871,0.570561945438385,0.7592414021492004,0.14728008210659027,0.4654591977596283,0.7474539279937744,0.1406029611825943,0.5806347727775574,0.7914519906044006,0.03968439996242523,0.43166694045066833,0.7763105034828186,0.04278521612286568
frame_00017.jpg,0.5111716389656067,0.3629376292228699,-0.41935938596725464,0.5159192681312561,0.3523884415626526,-0.40889325737953186,0.5187361240386963,0.35204455256462097,-0.4091615676879883,0.5215911269187927,0.3521384596824646,-0.40913137793540955,0.5068124532699585,0.3518209159374237,-0.40880686044692993,0.5038597583770752,0.3514644205570221,-0.40905189514160156,0.5008265376091003,0.35094696283340454,-0.40920743346214294,0.5262134671211243,0.3516707122325897,-0.3127902150154114,0.4956894516944885,0.3492800295352936,-0.31170234084129333,0.5157386660575867,0.37194114923477173,-0.37675970792770386,0.5063745975494385,0.37157142162323,-0.3779424726963043,0.5477319359779358,0.3961488902568817,-0.2021399736404419,0.47509971261024475,0.3694446384906769,-0.20158156752586365,0.5604678392410278,0.46696627140045166,-0.1580701619386673,0.47250375151634216,0.4242022931575775,-0.16984233260154724,0.5599411725997925,0.5214864015579224,-0.18754783272743225,0.4949721693992615,0.4346482455730438,-0.20510104298591614,0.5621455311775208,0.5385096073150635,-0.20310668647289276,0.49933886528015137,0.4403524398803711,-0.2299593687057495,0.5594787001609802,0.5330987572669983,-0.22564205527305603,0.5044525861740112,0.43418368697166443,-0.23800627887248993,0.5572180151939392,0.5255908370018005,-0.19524231553077698,0.5037944316864014,0.4309948980808258,-0.20924392342567444,0.5274233818054199,0.49683696031570435,-0.002797332126647234,0.4817851185798645,0.4913427531719208,0.002755334135144949,0.555461049079895,0.6156234741210938,-0.14071080088615417,0.4712750017642975,0.5828573107719421,-0.1688545048236847,0.5603320598602295,0.7345659732818604,0.0050074998289346695,0.47014015913009644,0.7128429412841797,0.006233635358512402,0.550171971321106,0.7565439939498901,0.011881524696946144,0.479583740234375,0.734724760055542,0.018912989646196365,0.5676397085189819,0.7763124108314514,-0.116937056183815,0.4424223005771637,0.7516351938247681,-0.09434633702039719
frame_00018.jpg,0.5095779299736023,0.3680843412876129,-0.5614181756973267,0.5138911008834839,0.3559759557247162,-0.5505886077880859,0.5167838335037231,0.3555299639701843,-0.5508512854576111,0.5197146534919739,0.3555465638637543,-0.5508344769477844,0.50439453125,0.35536229610443115,-0.5564171075820923,0.5011965036392212,0.35499516129493713,-0.5566432476043701,0.49794426560401917,0.35442909598350525,-0.5567959547042847,0.5226210951805115,0.3538917303085327,-0.4383537173271179,0.49053090810775757,0.351528525352478,-0.4648512303829193,0.5133452415466309,0.37649184465408325,-0.5120790600776672,0.5034569501876831,0.3763366937637329,-0.521281361579895,0.5387495756149292,0.39567819237709045,-0.2981444001197815,0.4718795716762543,0.3719719350337982,-0.34306609630584717,0.549159824848175,0.46589770913124084,-0.2675505578517914,0.4700815677642822,0.4377773106098175,-0.3065447211265564,0.535076916217804,0.5065152049064636,-0.3418515920639038,0.492997944355011,0.46770867705345154,-0.3189259171485901,0.5341297388076782,0.5194007158279419,-0.3652781546115875,0.49713605642318726,0.4765366017818451,-0.34706512093544006,0.5297285318374634,0.5105720162391663,-0.3850281536579132,0.5014639496803284,0.47077590227127075,-0.3607240915298462,0.5286248922348022,0.5049737095832825,-0.3496411442756653,0.5008842945098877,0.46524497866630554,-0.32462626695632935,0.519844651222229,0.47708722949028015,0.01222834549844265,0.47837692499160767,0.48875418305397034,-0.012343059293925762,0.5575880408287048,0.4596346616744995,-0.1289948672056198,0.48089033365249634,0.5446388125419617,-0.22808894515037537,0.553615927696228,0.5734854340553284,0.06606081873178482,0.47726792097091675,0.6605761051177979,-0.029602840542793274,0.5457693338394165,0.5944611430168152,0.0769767016172409,0.4837355613708496,0.6784060597419739,-0.013060475699603558,0.5660768151283264,0.6027214527130127,-0.03295828029513359,0.4604017734527588,0.696337103843689,-0.11499756574630737
frame_00019.jpg,0.5020475387573242,0.41875627636909485,-0.838584303855896,0.5093388557434082,0.39486342668533325,-0.8281315565109253,0.5132613778114319,0.3926990330219269,-0.8284333348274231,0.5171569585800171,0.39101895689964294,-0.8283780813217163,0.4948323369026184,0.40694838762283325,-0.8282548785209656,0.48962050676345825,0.4061594009399414,-0.8285543322563171,0.4860403537750244,0.40472277998924255,-0.8287272453308105,0.5230903625488281,0.3759623169898987,-0.6640991568565369,0.4790711998939514,0.38246485590934753,-0.6632118225097656,0.5094265341758728,0.41428977251052856,-0.7644696831703186,0.497941792011261,0.42277324199676514,-0.7658360004425049,0.550822913646698,0.40332937240600586,-0.45771774649620056,0.45365041494369507,0.3950086534023285,-0.4303971827030182,0.5657817721366882,0.4886139929294586,-0.3800112307071686,0.43988388776779175,0.4859595000743866,-0.33586031198501587,0.547864556312561,0.5521970987319946,-0.4313161373138428,0.43829113245010376,0.5583155155181885,-0.382376104593277,0.5515204668045044,0.5679476261138916,-0.46476632356643677,0.4338091015815735,0.5762683153152466,-0.41519299149513245,0.5476028919219971,0.559576153755188,-0.4925924241542816,0.43560171127319336,0.5735757946968079,-0.44302454590797424,0.5451945066452026,0.5529013872146606,-0.4416538178920746,0.44057631492614746,0.5656347274780273,-0.39342209696769714,0.5221368074417114,0.5034048557281494,-0.0005587716586887836,0.4665231704711914,0.49198248982429504,0.0006289439043030143,0.5329576730728149,0.5849177241325378,-0.27170228958129883,0.4360121190547943,0.5691307783126831,-0.3322412669658661,0.528171181678772,0.6611011028289795,0.1642889827489853,0.44126591086387634,0.6753720641136169,0.04063642770051956,0.5251447558403015,0.669623613357544,0.2047535479068756,0.4494093060493469,0.6893978714942932,0.0317414291203022,0.5289874076843262,0.701076328754425,0.09307177364826202,0.42173829674720764,0.7147513628005981,-0.04626946896314621
frame_00020.jpg,0.501747190952301,0.412721186876297,-0.7950556874275208,0.5079029202461243,0.39412516355514526,-0.7841246724128723,0.5117661356925964,0.39208027720451355,-0.7844050526618958,0.5156396627426147,0.3905033767223358,-0.7843354940414429,0.4946642518043518,0.4057682752609253,-0.7859658002853394,0.49038106203079224,0.4052759110927582,-0.786250114440918,0.4854583144187927,0.4039188027381897,-0.7864026427268982,0.5221344232559204,0.37615087628364563,-0.6253319382667542,0.47738271951675415,0.38296782970428467,-0.6327868700027466,0.5085190534591675,0.41342392563819885,-0.7241172790527344,0.49688228964805603,0.41730478405952454,-0.7277650833129883,0.5515750646591187,0.4038757383823395,-0.42768827080726624,0.45917996764183044,0.393467515707016,-0.4237348437309265,0.5648177266120911,0.49437588453292847,-0.3629390597343445,0.43381017446517944,0.48823273181915283,-0.388714998960495,0.5522667169570923,0.5696464776992798,-0.44234856963157654,0.43503737449645996,0.557877242565155,-0.4950900971889496,0.5576533675193787,0.5963613986968994,-0.4790315628051758,0.4315706789493561,0.5763435363769531,-0.5378023386001587,0.5528207421302795,0.5918349623680115,-0.5091043710708618,0.4346119463443756,0.571877658367157,-0.5638285279273987,0.5491754412651062,0.5825770497322083,-0.45417386293411255,0.4389757215976715,0.5639106631278992,-0.5068084001541138,0.5209600925445557,0.503489077091217,0.0009428283083252609,0.463491827249527,0.49229753017425537,-0.000901450403034687,0.5212945342063904,0.6091753244400024,-0.2877148985862732,0.43848156929016113,0.5604892373085022,-0.38940340280532837,0.5095233917236328,0.6848844885826111,0.07058341801166534,0.43177103996276855,0.6792285442352295,-0.048974473029375076,0.5050393342971802,0.6730113625526428,0.10122446715831757,0.4365246295928955,0.6960535645484924,-0.02157677337527275,0.5098827481269836,0.7114793658256531,-0.04643571376800537,0.41564369201660156,0.7185591459274292,-0.1679077446460724
frame_00021.jpg,0.5016967058181763,0.40908488631248474,-0.8581274151802063,0.5074559450149536,0.3912571370601654,-0.8483110666275024,0.5113424062728882,0.3892676532268524,-0.8486095666885376,0.5152474641799927,0.3877449333667755,-0.8485714793205261,0.4943920969963074,0.39620912075042725,-0.8490686416625977,0.4902566075325012,0.39596328139305115,-0.8493483662605286,0.48587650060653687,0.3953564465045929,-0.8495009541511536,0.5220764875411987,0.3746641278266907,-0.6885932087898254,0.4782719016075134,0.38107413053512573,-0.6902722120285034,0.5084837079048157,0.41158291697502136,-0.7861624956130981,0.4964936375617981,0.4147748351097107,-0.7881742715835571,0.5531631708145142,0.40449824929237366,-0.4846549928188324,0.4609531760215759,0.39816075563430786,-0.47312769293785095,0.5689576268196106,0.49665626883506775,-0.42234006524086,0.43181878328323364,0.5010554790496826,-0.4477105736732483,0.5551092624664307,0.5717317461967468,-0.49741655588150024,0.4311795234680176,0.5699117183685303,-0.5678240060806274,0.5609387159347534,0.5917741656303406,-0.5365023016929626,0.42722877860069275,0.5872521996498108,-0.6144230365753174,0.5563464760780334,0.5859940052032471,-0.5650570392608643,0.43006229400634766,0.5814308524131775,-0.6410717368125916,0.5528188347816467,0.5776952505111694,-0.5086886286735535,0.4348579943180084,0.5736932754516602,-0.5803645849227905,0.520201563835144,0.5081027746200562,0.0008286872180178761,0.46160969138145447,0.4940955936908722,-0.000795652624219656,0.519731879234314,0.6241016387939453,-0.31907349824905396,0.4363698363304138,0.5693814754486084,-0.36806219816207886,0.5025650262832642,0.6902989149093628,0.08067690581083298,0.43227022886276245,0.6860300302505493,-0.00820438377559185,0.49637824296951294,0.6928447484970093,0.11081942170858383,0.43739408254623413,0.7030459642410278,0.02164771780371666,0.5069491267204285,0.7158311009407043,-0.024689778685569763,0.41587695479393005,0.7239811420440674,-0.12625131011009216
frame_00022.jpg,0.49973684549331665,0.41299405694007874,-0.7380574345588684,0.5051771402359009,0.3949434161186218,-0.7270120978355408,0.5089172720909119,0.3927549123764038,-0.7272694706916809,0.5126712322235107,0.39101797342300415,-0.7272129654884338,0.49281787872314453,0.39810582995414734,-0.7276933193206787,0.4890281558036804,0.39819490909576416,-0.7279652953147888,0.4851241707801819,0.39807605743408203,-0.7281184196472168,0.5205166339874268,0.3772720396518707,-0.5787486433982849,0.478926420211792,0.38532039523124695,-0.5801704525947571,0.5053309202194214,0.41403448581695557,-0.6717846393585205,0.4963551461696625,0.42162081599235535,-0.6737059950828552,0.5541195869445801,0.408125102519989,-0.40280652046203613,0.45726537704467773,0.4072015583515167,-0.39272719621658325,0.5688839554786682,0.5075574517250061,-0.39290300011634827,0.43027177453041077,0.5155062675476074,-0.39664754271507263,0.5536420941352844,0.5772754549980164,-0.5244787931442261,0.436973512172699,0.5934295058250427,-0.5330239534378052,0.5554215312004089,0.5953838229179382,-0.5710650682449341,0.4352358281612396,0.6141461133956909,-0.5809931755065918,0.5497808456420898,0.5865293145179749,-0.5946782231330872,0.4400402009487152,0.6071233749389648,-0.6001824140548706,0.5471921563148499,0.5791158080101013,-0.5354810953140259,0.4436016082763672,0.598044216632843,-0.5428157448768616,0.5211555361747742,0.5232495069503784,-0.0013879425823688507,0.46477335691452026,0.5052154064178467,0.0013780989684164524,0.5093172788619995,0.6070305109024048,-0.39769425988197327,0.4326102137565613,0.5371471643447876,-0.41657647490501404,0.4991212785243988,0.6843339204788208,-0.006448232568800449,0.427388995885849,0.6600936055183411,-0.0789564996957779,0.4968976080417633,0.6884284615516663,0.02713373303413391,0.43334072828292847,0.6778823137283325,-0.05012702941894531,0.4947424530982971,0.7271156311035156,-0.1058744415640831,0.40740031003952026,0.7022797465324402,-0.1951541155576706
frame_00023.jpg,0.4992392957210541,0.3717462122440338,-0.4102558493614197,0.5040622353553772,0.35922664403915405,-0.3968375027179718,0.5072502493858337,0.3584791421890259,-0.39708250761032104,0.5104483366012573,0.3581504821777344,-0.39705130457878113,0.4935338497161865,0.35918328166007996,-0.3976913094520569,0.49005240201950073,0.359056681394577,-0.3979566991329193,0.486416757106781,0.3587723970413208,-0.3981258273124695,0.5157196521759033,0.3564039468765259,-0.29349857568740845,0.48036256432533264,0.3571738600730896,-0.29742828011512756,0.5043351650238037,0.3798026442527771,-0.3668886423110962,0.49483418464660645,0.3807726800441742,-0.369331419467926,0.5408671498298645,0.3993496894836426,-0.19898664951324463,0.4598327577114105,0.3794209063053131,-0.20078322291374207,0.545474112033844,0.4816671311855316,-0.18232512474060059,0.458719402551651,0.4681189954280853,-0.2567410171031952,0.5435833930969238,0.536360502243042,-0.24784080684185028,0.4870069921016693,0.481178879737854,-0.4112711548805237,0.5466016530990601,0.5511136651039124,-0.26773184537887573,0.4930008053779602,0.489010751247406,-0.45131754875183105,0.5448399186134338,0.5474905371665955,-0.28721827268600464,0.49606695771217346,0.47744062542915344,-0.4421030879020691,0.541803777217865,0.5401393175125122,-0.255288302898407,0.4951757490634918,0.47259798645973206,-0.4113979935646057,0.5146960020065308,0.5057904720306396,-0.002755511552095413,0.46641188859939575,0.487491250038147,0.002658529207110405,0.5095425248146057,0.5938999056816101,-0.27734997868537903,0.43094658851623535,0.523750364780426,-0.3169173002243042,0.5140867233276367,0.6953142285346985,-0.06296461075544357,0.40199336409568787,0.6228978037834167,-0.12200033664703369,0.5110150575637817,0.6896227598190308,-0.04947522655129433,0.4219493865966797,0.6532068252563477,-0.10691878944635391,0.5135082006454468,0.7471024990081787,-0.1629219800233841,0.3836088478565216,0.6792585253715515,-0.21200187504291534
frame_00024.jpg,0.49489426612854004,0.3308063745498657,-0.49987974762916565,0.4948694705963135,0.3159530758857727,-0.48975881934165955,0.4962194561958313,0.3157690465450287,-0.4900178909301758,0.5038100481033325,0.3180139660835266,-0.4899924397468567,0.49032649397850037,0.32003751397132874,-0.49002641439437866,0.4876363277435303,0.32037559151649475,-0.49030885100364685,0.48481255769729614,0.3205793499946594,-0.49048304557800293,0.50831139087677,0.3184348940849304,-0.3843359053134918,0.48036646842956543,0.32129165530204773,-0.3844877779483795,0.496630996465683,0.3251359164714813,-0.4545392096042633,0.4912983775138855,0.3408375084400177,-0.4558960497379303,0.5327752232551575,0.3769812285900116,-0.2661049962043762,0.46073102951049805,0.3530864417552948,-0.2608621418476105,0.5314217209815979,0.4716116487979889,-0.2312454879283905,0.45592814683914185,0.45322173833847046,-0.2709978222846985,0.5375591516494751,0.5360556244850159,-0.30368080735206604,0.46509605646133423,0.4938548505306244,-0.4085276126861572,0.5423617959022522,0.5520824790000916,-0.3299162685871124,0.46516698598861694,0.5064213275909424,-0.4499668478965759,0.5416480302810669,0.5497117638587952,-0.35511019825935364,0.4671616554260254,0.49986711144447327,-0.44159215688705444,0.5375259518623352,0.5424153804779053,-0.3135763108730316,0.4691854417324066,0.49386364221572876,-0.4046080708503723,0.5050026178359985,0.4969261586666107,-0.0036736454349011183,0.46389397978782654,0.4804368317127228,0.003556700423359871,0.5064525008201599,0.5984128713607788,-0.17170652747154236,0.424417108297348,0.5281180739402771,-0.2681538164615631,0.5113598108291626,0.7090165615081787,0.012493941001594067,0.40384235978126526,0.6493930220603943,-0.054136019200086594,0.5088445544242859,0.7171850204467773,0.0270047839730978,0.41258350014686584,0.6714058518409729,-0.03639718145132065,0.5093632936477661,0.7477163672447205,-0.09562841057777405,0.3709755539894104,0.6907523274421692,-0.1463364213705063
frame_00025.jpg,0.4960603713989258,0.35090675950050354,-0.7377363443374634,0.49589258432388306,0.33017003536224365,-0.7277464270591736,0.4978579580783844,0.32632821798324585,-0.728026807308197,0.5024132132530212,0.3294036090373993,-0.7279676198959351,0.4882871210575104,0.3288241922855377,-0.7309408783912659,0.485463947057724,0.3311155438423157,-0.7312387824058533,0.48183751106262207,0.33063459396362305,-0.7314369678497314,0.5054545402526855,0.33125272393226624,-0.5792039632797241,0.47783932089805603,0.32252469658851624,-0.5914918184280396,0.4995788633823395,0.33686408400535583,-0.671570360660553,0.4924095571041107,0.3521963357925415,-0.6765061020851135,0.5369921922683716,0.3801015317440033,-0.3899058997631073,0.4609437882900238,0.36464133858680725,-0.3900797665119171,0.5419968962669373,0.47366583347320557,-0.325441837310791,0.44813576340675354,0.45688268542289734,-0.31676962971687317,0.5400091409683228,0.5361818075180054,-0.40234288573265076,0.44047290086746216,0.522010087966919,-0.4029153287410736,0.543451726436615,0.552995502948761,-0.43480992317199707,0.4355006217956543,0.541885256767273,-0.4324111044406891,0.5407370328903198,0.5507913827896118,-0.46584492921829224,0.4356539845466614,0.5430862903594971,-0.4444328844547272,0.5370970964431763,0.5426927804946899,-0.4146462380886078,0.4404868185520172,0.5345852971076965,-0.40101075172424316,0.5092782974243164,0.4956904351711273,-0.003389631863683462,0.46497923135757446,0.47980740666389465,0.003324256045743823,0.5094459056854248,0.6049403548240662,-0.178823322057724,0.42476582527160645,0.5277733206748962,-0.3263905644416809,0.5122475028038025,0.7107958197593689,0.07448603212833405,0.4011773467063904,0.652635931968689,-0.055366773158311844,0.5076558589935303,0.7188106775283813,0.0909375473856926,0.4063282907009125,0.6730479001998901,-0.0337836816906929,0.5149884223937988,0.7510251402854919,-0.08285745233297348,0.3725956678390503,0.6922309994697571,-0.17449644207954407
frame_00026.jpg,0.491769015789032,0.35241252183914185,-0.6924828886985779,0.49404650926589966,0.3380443751811981,-0.6859968900680542,0.4964529573917389,0.3361089825630188,-0.6862938404083252,0.49955281615257263,0.3360098898410797,-0.6862675547599792,0.48576751351356506,0.33946287631988525,-0.6876194477081299,0.4830751419067383,0.34028348326683044,-0.6878849267959595,0.4800941050052643,0.34041401743888855,-0.6880566477775574,0.5037970542907715,0.33333441615104675,-0.5651700496673584,0.47711142897605896,0.33727970719337463,-0.5698004961013794,0.4965726435184479,0.35414963960647583,-0.6377876996994019,0.488369882106781,0.35982874035835266,-0.6405633687973022,0.5293582677841187,0.3773190379142761,-0.39811232686042786,0.4591386914253235,0.36925646662712097,-0.4078354835510254,0.5369559526443481,0.440062016248703,-0.3528408706188202,0.45013460516929626,0.4480566382408142,-0.36361581087112427,0.5215221643447876,0.47179365158081055,-0.43857699632644653,0.44838079810142517,0.49367555975914,-0.439842164516449,0.5178258419036865,0.4832957684993744,-0.47140902280807495,0.4462434649467468,0.5085447430610657,-0.4770543575286865,0.5165188312530518,0.4753425419330597,-0.49692124128341675,0.4481934905052185,0.5068294405937195,-0.5012236833572388,0.5168887376785278,0.4703497290611267,-0.4490092396736145,0.45149311423301697,0.4998399317264557,-0.4503798484802246,0.5030850768089294,0.4925186038017273,-0.0007825841312296689,0.46373671293258667,0.48126211762428284,0.0007252133218571544,0.5077003240585327,0.6072093844413757,-0.09871380031108856,0.42954427003860474,0.5749455094337463,-0.15047390758991241,0.50397789478302,0.710830569267273,0.130386620759964,0.4111476540565491,0.6704388856887817,0.07279235124588013,0.500001072883606,0.7202367186546326,0.14528945088386536,0.4189108908176422,0.6858102083206177,0.08977410942316055,0.5044035911560059,0.7505568265914917,0.014062382280826569,0.3857303857803345,0.699917197227478,-0.0348643958568573
frame_00027.jpg,0.487612247467041,0.32513320446014404,-0.6208311319351196,0.490816593170166,0.3136550188064575,-0.6147708892822266,0.4931231439113617,0.3125578761100769,-0.6150650382041931,0.49556225538253784,0.31197884678840637,-0.6150431632995605,0.4832138419151306,0.31512948870658875,-0.6142383813858032,0.4809744358062744,0.31571266055107117,-0.6144917607307434,0.4785957336425781,0.3161100149154663,-0.6146489381790161,0.4965677261352539,0.30467766523361206,-0.5314688682556152,0.4766397476196289,0.31562262773513794,-0.5111786127090454,0.49317097663879395,0.33177706599235535,-0.5762158632278442,0.4855100214481354,0.3343707025051117,-0.5754327774047852,0.5232895016670227,0.3552897870540619,-0.36444470286369324,0.4611223638057709,0.3468128740787506,-0.36425837874412537,0.5264507532119751,0.4398862421512604,-0.3200888931751251,0.45153069496154785,0.43738266825675964,-0.3405958414077759,0.5209841728210449,0.4972892105579376,-0.4183676838874817,0.45159226655960083,0.4947490692138672,-0.43511033058166504,0.5225152969360352,0.5139557123184204,-0.45280271768569946,0.4506792426109314,0.5125930905342102,-0.4745594561100006,0.5192652940750122,0.509492814540863,-0.48267069458961487,0.4528428912162781,0.5105093717575073,-0.49896201491355896,0.517459511756897,0.5023833513259888,-0.430966317653656,0.45566970109939575,0.5030125379562378,-0.4469197690486908,0.499325692653656,0.4844893217086792,-0.0014384493697434664,0.46178555488586426,0.4746624529361725,0.0013597476063296199,0.5000401735305786,0.604950487613678,-0.11224175989627838,0.4329236149787903,0.5713634490966797,-0.1276552379131317,0.5014409422874451,0.7094324827194214,0.10101916640996933,0.4161401689052582,0.669998288154602,0.09099464118480682,0.49918827414512634,0.7197898626327515,0.11587284505367279,0.4226219654083252,0.6865001916885376,0.10779790580272675,0.49654722213745117,0.7472137808799744,-0.010871544480323792,0.39022296667099,0.6996044516563416,-0.0028426467906683683
frame_00028.jpg,0.48898592591285706,0.38244736194610596,-0.020427759736776352,0.49150246381759644,0.3740542531013489,-0.007074987981468439,0.4945468008518219,0.3739760220050812,-0.007269387599080801,0.4984266757965088,0.37410300970077515,-0.007255172822624445,0.48636531829833984,0.373689740896225,-0.0030083036981523037,0.485081285238266,0.37403613328933716,-0.0031593150924891233,0.483607679605484,0.37413278222084045,-0.003286873921751976,0.5012261271476746,0.37923651933670044,0.04103974252939224,0.4810105264186859,0.3796106278896332,0.05818580836057663,0.49555739760398865,0.39469191431999207,-0.0027460786513984203,0.48706406354904175,0.3945315480232239,0.0009454068494960666,0.5256105661392212,0.4378606677055359,0.028858017176389694,0.4608999192714691,0.4320443272590637,0.08380333334207535,0.5292701125144958,0.5208775401115417,0.02394367754459381,0.4515751302242279,0.5124028921127319,0.04051780700683594,0.5280542373657227,0.6083135008811951,0.005677600856870413,0.4513150751590729,0.5726832747459412,-0.057723116129636765,0.5306812524795532,0.6295446157455444,-0.006173283327370882,0.4468924105167389,0.58740234375,-0.08204315602779388,0.5269507169723511,0.6325506567955017,-0.018179647624492645,0.45277276635169983,0.5897152423858643,-0.09244441241025925,0.5229882001876831,0.6247713565826416,0.0017198699060827494,0.456709623336792,0.5846054553985596,-0.06559496372938156,0.5016669034957886,0.5546357035636902,-0.010072014294564724,0.4621609151363373,0.5397440791130066,0.009891181252896786,0.5065664052963257,0.5774259567260742,-0.06171119958162308,0.42407163977622986,0.5051802396774292,-0.1999092847108841,0.5159583687782288,0.6087592840194702,0.1276230365037918,0.4062991738319397,0.6025859117507935,-0.11675912141799927,0.5185796022415161,0.6111068725585938,0.14493882656097412,0.41668638586997986,0.6234704852104187,-0.10435762256383896,0.5116118788719177,0.6380807757377625,0.09176564961671829,0.3798263967037201,0.6476113200187683,-0.16775578260421753
frame_00029.jpg,0.4842192530632019,0.3532586693763733,-0.18862448632717133,0.48864492774009705,0.3477826416492462,-0.17818933725357056,0.4907548427581787,0.3486727178096771,-0.1784057319164276,0.49301981925964355,0.34971684217453003,-0.17838223278522491,0.483567476272583,0.34534722566604614,-0.17684079706668854,0.4822852611541748,0.3449234664440155,-0.17703910171985626,0.48094701766967773,0.344329833984375,-0.17719054222106934,0.4964277744293213,0.3594721853733063,-0.11503972858190536,0.4799843728542328,0.333776593208313,-0.10960165411233902,0.48679542541503906,0.36524075269699097,-0.16217580437660217,0.4808637201786041,0.36236992478370667,-0.16192859411239624,0.5157110095024109,0.4211791455745697,-0.07001550495624542,0.46082407236099243,0.37054985761642456,-0.05930839851498604,0.5241522192955017,0.4761216938495636,-0.07256308943033218,0.45583027601242065,0.4411433935165405,-0.08906196802854538,0.5202344059944153,0.5154260396957397,-0.13464181125164032,0.47957390546798706,0.44106557965278625,-0.1721765100955963,0.5214170217514038,0.5284327864646912,-0.15217255055904388,0.4849949777126312,0.44418054819107056,-0.20121696591377258,0.5187817215919495,0.5225123167037964,-0.16533246636390686,0.4884515702724457,0.43522027134895325,-0.2032022774219513,0.516666054725647,0.5164121389389038,-0.1398238241672516,0.48756808042526245,0.4332219958305359,-0.1755596250295639,0.4967725872993469,0.5118165612220764,-0.007589946035295725,0.45542916655540466,0.49880608916282654,0.007456120103597641,0.5172840356826782,0.5829321146011353,-0.1568201631307602,0.41819238662719727,0.5186507701873779,-0.2757249176502228,0.5189771056175232,0.6406991481781006,0.04344337806105614,0.42112651467323303,0.6234561800956726,-0.08481907099485397,0.5186892151832581,0.6479836106300354,0.0608597993850708,0.43499955534935,0.6399235129356384,-0.06611277163028717,0.5170811414718628,0.6702635288238525,-0.007415734231472015,0.39136120676994324,0.664139449596405,-0.14312584698200226
frame_00030.jpg,0.48614829778671265,0.35578280687332153,-0.07445137947797775,0.49040693044662476,0.3480449616909027,-0.058342039585113525,0.4928981363773346,0.34828078746795654,-0.05848359316587448,0.49552997946739197,0.3488207161426544,-0.05840860679745674,0.48320087790489197,0.3471108078956604,-0.057201869785785675,0.4809623658657074,0.3469829857349396,-0.05739319324493408,0.4786716401576996,0.346657931804657,-0.05751701444387436,0.4994451105594635,0.35892587900161743,0.016263430938124657,0.47549834847450256,0.3378550410270691,0.020235247910022736,0.48896074295043945,0.3617610037326813,-0.045671917498111725,0.4820682108402252,0.3655345141887665,-0.04587318003177643,0.5186382532119751,0.41482457518577576,0.04072371497750282,0.4609249234199524,0.3694549798965454,0.051792971789836884,0.5196443796157837,0.4507959485054016,-0.02071421965956688,0.4574449956417084,0.40596234798431396,0.005968214012682438,0.5092528462409973,0.42291685938835144,-0.09982406347990036,0.48339590430259705,0.35946640372276306,-0.0674217939376831,0.5070688128471375,0.41608726978302,-0.11587215960025787,0.48931512236595154,0.34792211651802063,-0.09200872480869293,0.5084590911865234,0.40713438391685486,-0.11635150015354156,0.4909892976284027,0.34109199047088623,-0.08464796841144562,0.5078058838844299,0.40926235914230347,-0.10063798725605011,0.49028316140174866,0.3457964360713959,-0.0677584856748581,0.4979502260684967,0.5117928385734558,-0.003008192405104637,0.4558156430721283,0.4987601935863495,0.0028931954875588417,0.5307151079177856,0.5686427354812622,-0.12050895392894745,0.41851598024368286,0.5066559314727783,-0.2965284585952759,0.5412428379058838,0.6576917767524719,0.014977547340095043,0.42117446660995483,0.6209334135055542,-0.15934333205223083,0.5298342108726501,0.666255533695221,0.024265285581350327,0.4326302409172058,0.6352301836013794,-0.14629442989826202,0.5330789685249329,0.6882994174957275,-0.07026132941246033,0.39749884605407715,0.6695486307144165,-0.2353426218032837
frame_00031.jpg,0.48347392678260803,0.37911781668663025,-0.2904283404350281,0.4877374768257141,0.36735981702804565,-0.2805330157279968,0.49062496423721313,0.36676883697509766,-0.2807285785675049,0.4935384690761566,0.3664417862892151,-0.28068751096725464,0.4792495667934418,0.36776310205459595,-0.2783666253089905,0.4763616919517517,0.36778685450553894,-0.27854880690574646,0.47343364357948303,0.3676488697528839,-0.2786845564842224,0.4980054497718811,0.3680373728275299,-0.19922325015068054,0.46931546926498413,0.36536121368408203,-0.1911364644765854,0.48796072602272034,0.3870585858821869,-0.2563875913619995,0.478924423456192,0.3883361220359802,-0.2553301453590393,0.519714891910553,0.40920013189315796,-0.12160640954971313,0.4500889778137207,0.40753430128097534,-0.1132165938615799,0.5197876691818237,0.43735992908477783,-0.2620158791542053,0.4508036673069,0.4853726625442505,-0.20374295115470886,0.4945088326931,0.32544857263565063,-0.3659512400627136,0.45622023940086365,0.4022531807422638,-0.379643976688385,0.48994413018226624,0.3082161843776703,-0.3948430120944977,0.4543547034263611,0.44110262393951416,-0.4209619164466858,0.49012643098831177,0.30203062295913696,-0.38522863388061523,0.4573677182197571,0.439792275428772,-0.4215303361415863,0.49101290106773376,0.30951249599456787,-0.3634885847568512,0.4608990550041199,0.43604710698127747,-0.38556724786758423,0.4987185597419739,0.5127632021903992,-0.003815601347014308,0.4554072916507721,0.5055294632911682,0.0037091479171067476,0.5297121405601501,0.5736359357833862,-0.12055031210184097,0.43135133385658264,0.5185041427612305,-0.2799132168292999,0.5511285066604614,0.66680508852005,0.04453344643115997,0.4294847846031189,0.6312955617904663,-0.0849759429693222,0.547599196434021,0.6789611577987671,0.05854598805308342,0.43643611669540405,0.6461693048477173,-0.06845788657665253,0.5438101291656494,0.7032832503318787,-0.04302790015935898,0.413132905960083,0.676319420337677,-0.20843419432640076
frame_00032.jpg,0.485298216342926,0.31549614667892456,-0.2430821657180786,0.48923254013061523,0.3080482482910156,-0.22925524413585663,0.49177154898643494,0.3077099621295929,-0.229460671544075,0.4942626953125,0.3070676028728485,-0.22939768433570862,0.48052501678466797,0.30762794613838196,-0.22992415726184845,0.4769503176212311,0.3073386251926422,-0.23014116287231445,0.4739956855773926,0.3070153295993805,-0.23028400540351868,0.4975886344909668,0.3095830976963043,-0.13743503391742706,0.4742211699485779,0.3123987317085266,-0.14037227630615234,0.48961812257766724,0.3205367624759674,-0.20601077377796173,0.48022764921188354,0.32288455963134766,-0.20826812088489532,0.5175081491470337,0.36267250776290894,-0.06552641838788986,0.4544268250465393,0.35264021158218384,-0.08780236542224884,0.519081711769104,0.41652849316596985,-0.11307640373706818,0.46005386114120483,0.4173074960708618,-0.18307486176490784,0.5012395977973938,0.36300405859947205,-0.23186464607715607,0.4794052541255951,0.3607124984264374,-0.3432192802429199,0.49629706144332886,0.34965980052948,-0.25922638177871704,0.4819145202636719,0.36666038632392883,-0.3864314556121826,0.49067649245262146,0.32042258977890015,-0.26208099722862244,0.4812210202217102,0.35841256380081177,-0.38612791895866394,0.49260228872299194,0.32256796956062317,-0.23464539647102356,0.481907457113266,0.36139848828315735,-0.3482343852519989,0.4941675066947937,0.49079829454421997,0.00669455248862505,0.4562576711177826,0.4826534390449524,-0.006812840700149536,0.49275344610214233,0.5863247513771057,-0.027502063661813736,0.4451826214790344,0.5674424767494202,-0.09625805914402008,0.47617071866989136,0.6771640181541443,0.1249510645866394,0.4285321831703186,0.6547632217407227,0.06656134128570557,0.47607555985450745,0.692639172077179,0.13456317782402039,0.4313122630119324,0.6655731201171875,0.07969342172145844,0.473848432302475,0.7179345488548279,0.031241735443472862,0.4131712317466736,0.693989634513855,-0.017902236431837082
frame_00033.jpg,0.48616495728492737,0.3029022216796875,-0.16340160369873047,0.48991531133651733,0.29477187991142273,-0.14750175178050995,0.4923379421234131,0.29446086287498474,-0.1476636826992035,0.49467357993125916,0.29400554299354553,-0.14760415256023407,0.4817308485507965,0.2946617007255554,-0.14810216426849365,0.4783536493778229,0.2950267791748047,-0.1483176052570343,0.47523683309555054,0.2947548031806946,-0.14844387769699097,0.4979039132595062,0.29742494225502014,-0.05486230179667473,0.47599634528160095,0.2984156906604767,-0.057628460228443146,0.49001798033714294,0.31132858991622925,-0.12675338983535767,0.4816451966762543,0.311449259519577,-0.12903669476509094,0.5144140720367432,0.3443790078163147,0.0016331067308783531,0.45532235503196716,0.34204748272895813,-0.011297014541924,0.5129172801971436,0.4028908610343933,-0.06467314064502716,0.45931872725486755,0.4122524559497833,-0.06096644327044487,0.49520596861839294,0.33135750889778137,-0.21434351801872253,0.47813549637794495,0.41989463567733765,-0.17912426590919495,0.4905683100223541,0.31246519088745117,-0.24878692626953125,0.48156681656837463,0.42691516876220703,-0.2136986255645752,0.49122047424316406,0.30995750427246094,-0.25090527534484863,0.4839246869087219,0.42003777623176575,-0.2177506983280182,0.49257659912109375,0.3137360215187073,-0.217949777841568,0.4836387634277344,0.4178394675254822,-0.18437615036964417,0.49485284090042114,0.4812590479850769,0.009549872018396854,0.4568159580230713,0.4730386435985565,-0.009688657708466053,0.49108582735061646,0.5974871516227722,-0.026307176798582077,0.4494307041168213,0.5767650008201599,-0.0825066789984703,0.47194164991378784,0.6838907599449158,0.11143814027309418,0.439492791891098,0.6784684658050537,0.057793132960796356,0.47168079018592834,0.7005040049552917,0.12058597803115845,0.4399389624595642,0.6844791173934937,0.06891097128391266,0.4672258496284485,0.7323175668716431,0.019173160195350647,0.4241219162940979,0.7132570147514343,-0.02450900338590145
frame_00034.jpg,0.4867554306983948,0.31616103649139404,-0.44659167528152466,0.49013733863830566,0.30797821283340454,-0.4337950646877289,0.4923512935638428,0.30762916803359985,-0.4340415894985199,0.4946119785308838,0.3073763847351074,-0.4340258240699768,0.48221927881240845,0.30886709690093994,-0.434420108795166,0.47870150208473206,0.3086048364639282,-0.4346536099910736,0.476339727640152,0.3082570731639862,-0.4348313808441162,0.4977637827396393,0.309414267539978,-0.31999990344047546,0.47800183296203613,0.309311181306839,-0.32114121317863464,0.49015921354293823,0.32478582859039307,-0.39893144369125366,0.48231205344200134,0.3247111737728119,-0.4005383849143982,0.5138806104660034,0.3598313629627228,-0.19004611670970917,0.4585861563682556,0.35066673159599304,-0.22234566509723663,0.5177986025810242,0.41858968138694763,-0.11226464807987213,0.45884162187576294,0.42239704728126526,-0.24498948454856873,0.5136314630508423,0.4725238084793091,-0.22735674679279327,0.476621150970459,0.4336298108100891,-0.3721237778663635,0.5147799849510193,0.48603230714797974,-0.25455671548843384,0.4803439676761627,0.45205482840538025,-0.41683429479599,0.5163460969924927,0.4820445775985718,-0.27032285928726196,0.4843437671661377,0.44574329257011414,-0.4288657307624817,0.5152204036712646,0.4758424460887909,-0.236312597990036,0.4838196635246277,0.4362286329269409,-0.38043683767318726,0.49416857957839966,0.485164612531662,0.008113277144730091,0.45673543214797974,0.477866530418396,-0.008213313296437263,0.4995335638523102,0.6053439974784851,-0.028476888313889503,0.45114666223526,0.5832184553146362,-0.051889508962631226,0.47918200492858887,0.6884651184082031,0.15138281881809235,0.4444427490234375,0.6843868494033813,0.14051349461078644,0.48970818519592285,0.7099665403366089,0.16198524832725525,0.4486614763736725,0.6948657631874084,0.15473273396492004,0.4883163571357727,0.736001193523407,0.03658904880285263,0.42779025435447693,0.7143294811248779,0.04028230533003807
frame_00035.jpg,0.48698872327804565,0.32289713621139526,-0.41310280561447144,0.4903324544429779,0.3135767877101898,-0.4064764976501465,0.4925958216190338,0.3129708468914032,-0.40671879053115845,0.49492865800857544,0.31249552965164185,-0.40670791268348694,0.48277443647384644,0.3144383132457733,-0.4074020981788635,0.47938618063926697,0.3143415153026581,-0.4075769782066345,0.4768404960632324,0.31419244408607483,-0.40776729583740234,0.4983583092689514,0.3136795163154602,-0.23313459753990173,0.47825145721435547,0.3151489794254303,-0.2657051682472229,0.4903180003166199,0.33184167742729187,-0.34680771827697754,0.4828794598579407,0.33220693469047546,-0.3847525715827942,0.5141432881355286,0.36633026599884033,-0.10320975631475449,0.4610157907009125,0.3555704653263092,-0.18453429639339447,0.5154757499694824,0.4265874922275543,-0.04736648499965668,0.4580734670162201,0.4273298382759094,-0.21086862683296204,0.5189540386199951,0.48679009079933167,-0.11714711040258408,0.47491151094436646,0.4545862078666687,-0.31879833340644836,0.5223637819290161,0.49952274560928345,-0.1365291029214859,0.4778693616390228,0.46953898668289185,-0.3660588264465332,0.5246067643165588,0.49619194865226746,-0.16353020071983337,0.481732040643692,0.4642265737056732,-0.3744962215423584,0.522375762462616,0.4910571277141571,-0.12843869626522064,0.4815596640110016,0.45714959502220154,-0.3242858350276947,0.49077877402305603,0.487697035074234,0.015179467387497425,0.4570747911930084,0.4788621664047241,-0.01526480633765459,0.49133649468421936,0.6029437184333801,-0.0343194380402565,0.4541580080986023,0.5924361348152161,-0.0630696713924408,0.4751461446285248,0.6857584118843079,0.16283901035785675,0.4433155059814453,0.6862983107566833,0.11702475696802139,0.477714478969574,0.7043380737304688,0.176869198679924,0.44650182127952576,0.6968114972114563,0.13096682727336884,0.46854275465011597,0.7326379418373108,0.06959284096956253,0.4340341091156006,0.7138910293579102,0.024951012805104256
frame_00036.jpg,0.0,0.0,0.0,0.0,0.0,0.0,0.0,0.0,0.0,0.0,0.0,0.0,0.0,0.0,0.0,0.0,0.0,0.0,0.0,0.0,0.0,0.0,0.0,0.0,0.0,0.0,0.0,0.0,0.0,0.0,0.0,0.0,0.0,0.0,0.0,0.0,0.0,0.0,0.0,0.0,0.0,0.0,0.0,0.0,0.0,0.0,0.0,0.0,0.0,0.0,0.0,0.0,0.0,0.0,0.0,0.0,0.0,0.0,0.0,0.0,0.0,0.0,0.0,0.0,0.0,0.0,0.0,0.0,0.0,0.0,0.0,0.0,0.0,0.0,0.0,0.0,0.0,0.0,0.0,0.0,0.0,0.0,0.0,0.0,0.0,0.0,0.0,0.0,0.0,0.0,0.0,0.0,0.0,0.0,0.0,0.0,0.0,0.0,0.0
frame_00037.jpg,0.4910174012184143,0.4085957407951355,-0.4926532208919525,0.49420052766799927,0.3958188593387604,-0.48300155997276306,0.4970921576023102,0.3945067226886749,-0.48322027921676636,0.5000137686729431,0.3935166299343109,-0.48318809270858765,0.4851599633693695,0.3982505798339844,-0.4827055335044861,0.4821673035621643,0.39888694882392883,-0.4829402565956116,0.4791339039802551,0.3994445204734802,-0.48308244347572327,0.5048278570175171,0.39225155115127563,-0.3758905827999115,0.4747791290283203,0.39986371994018555,-0.3732401728630066,0.49733346700668335,0.41558054089546204,-0.44662895798683167,0.4873948097229004,0.4187164902687073,-0.44709309935569763,0.5279885530471802,0.4338701665401459,-0.2560412883758545,0.46072354912757874,0.4427655041217804,-0.25758635997772217,0.5362686514854431,0.49525028467178345,-0.2322220504283905,0.4562940001487732,0.5128833651542664,-0.2729301452636719,0.5358508229255676,0.5200405120849609,-0.31734341382980347,0.4589892029762268,0.5360715389251709,-0.40401142835617065,0.5360244512557983,0.5279687643051147,-0.345298707485199,0.45858675241470337,0.5436974763870239,-0.44338458776474,0.5368513464927673,0.520048975944519,-0.36628374457359314,0.45867881178855896,0.5364105701446533,-0.4604477286338806,0.5355107188224792,0.5163445472717285,-0.32665732502937317,0.4610057473182678,0.5319669246673584,-0.4141927659511566,0.5110362768173218,0.5440883040428162,0.0013521680375561118,0.4733146131038666,0.5436755418777466,-0.0014159620041027665,0.5266429781913757,0.6217265725135803,-0.1234048381447792,0.46664339303970337,0.6129562854766846,-0.10821641981601715,0.523683488368988,0.6966947913169861,0.09151608496904373,0.469916969537735,0.6824646592140198,0.11181171238422394,0.5182576775550842,0.7154266238212585,0.10750379413366318,0.4740219712257385,0.6928707957267761,0.12978382408618927,0.529600977897644,0.7390245795249939,0.004297027830034494,0.46605783700942993,0.7081817388534546,0.030568093061447144
frame_00038.jpg,0.4897898733615875,0.35433802008628845,-0.38480302691459656,0.4928898215293884,0.3460979759693146,-0.37348827719688416,0.49509578943252563,0.34520038962364197,-0.37371379137039185,0.4973677694797516,0.3443439304828644,-0.3736853003501892,0.4851931035518646,0.3495098948478699,-0.37505608797073364,0.48248791694641113,0.34939754009246826,-0.3752932846546173,0.4796512722969055,0.34939971566200256,-0.3754429817199707,0.500040590763092,0.34481269121170044,-0.27399522066116333,0.47716188430786133,0.3508259654045105,-0.280559241771698,0.49341171979904175,0.3624213635921478,-0.34302839636802673,0.48648014664649963,0.3627588450908661,-0.3461061120033264,0.5175685882568359,0.39804813265800476,-0.1571492850780487,0.4622061848640442,0.3884154260158539,-0.19427010416984558,0.5221565961837769,0.46306470036506653,-0.09659400582313538,0.46033182740211487,0.46344655752182007,-0.20164990425109863,0.5144940614700317,0.4968588948249817,-0.1439795047044754,0.46596479415893555,0.49361392855644226,-0.30942171812057495,0.5128582715988159,0.5067793130874634,-0.161600723862648,0.46628469228744507,0.5025586485862732,-0.3448997139930725,0.5128613114356995,0.5001249313354492,-0.18439488112926483,0.4675692915916443,0.49722257256507874,-0.3598440885543823,0.5127242803573608,0.49528905749320984,-0.15282952785491943,0.4684818685054779,0.492511123418808,-0.31810009479522705,0.5022884011268616,0.5111008882522583,0.011117988266050816,0.4694996774196625,0.5073657035827637,-0.01120072789490223,0.5186929106712341,0.6102603673934937,-0.04658329486846924,0.4594186246395111,0.5963389873504639,-0.06463482975959778,0.5154865980148315,0.6967498660087585,0.08514643460512161,0.4452860951423645,0.681693434715271,0.07891903072595596,0.5090972185134888,0.7150009274482727,0.09127964824438095,0.44647032022476196,0.6928956508636475,0.0873265489935875,0.5224950909614563,0.7338055372238159,-0.02725447714328766,0.44012266397476196,0.708953320980072,-0.027928661555051804
frame_00039.jpg,0.489207923412323,0.35022637248039246,-0.36681392788887024,0.4921848773956299,0.34133705496788025,-0.3551885783672333,0.49419736862182617,0.34077322483062744,-0.355404794216156,0.4962213933467865,0.34026554226875305,-0.3553747534751892,0.4851542115211487,0.3417031168937683,-0.3575355112552643,0.48248523473739624,0.34130430221557617,-0.35776007175445557,0.4796815812587738,0.34093746542930603,-0.35790079832077026,0.49852752685546875,0.3411257565021515,-0.25591152906417847,0.47802990674972534,0.3424001932144165,-0.2659061849117279,0.4922296106815338,0.35694074630737305,-0.32517707347869873,0.4856536388397217,0.3577532470226288,-0.32921746373176575,0.512831449508667,0.386789470911026,-0.14395514130592346,0.4628165364265442,0.38097909092903137,-0.18408800661563873,0.5145854353904724,0.45306694507598877,-0.0896901935338974,0.4622102677822113,0.45310553908348083,-0.18828290700912476,0.5042850375175476,0.49051353335380554,-0.14521414041519165,0.47141915559768677,0.48728618025779724,-0.2789539396762848,0.5019394755363464,0.5020186901092529,-0.16401441395282745,0.4728280007839203,0.4976460039615631,-0.31161266565322876,0.5018963813781738,0.4961260259151459,-0.18537761270999908,0.47422271966934204,0.4924437403678894,-0.3255768418312073,0.5021395087242126,0.49090898036956787,-0.15375764667987823,0.4743967652320862,0.48730769753456116,-0.2866007685661316,0.49913349747657776,0.5041100382804871,0.012584594078361988,0.4685538411140442,0.5001410245895386,-0.012685989029705524,0.515936017036438,0.6050748825073242,-0.04220472276210785,0.45573559403419495,0.5860882997512817,-0.056879520416259766,0.5106614828109741,0.6960630416870117,0.08265313506126404,0.4398461878299713,0.6680042743682861,0.08979390561580658,0.5057014226913452,0.7125035524368286,0.08824710547924042,0.4417710304260254,0.6810466647148132,0.10091360658407211,0.5208476781845093,0.7300835847854614,-0.021680157631635666,0.4289156496524811,0.6962159276008606,-0.0011731673730537295
frame_00040.jpg,0.48739176988601685,0.35519641637802124,-0.28976190090179443,0.490866094827652,0.3566240668296814,-0.2793903946876526,0.49287423491477966,0.3583330512046814,-0.27958953380584717,0.4952560067176819,0.35101133584976196,-0.27956023812294006,0.4843120574951172,0.3483377993106842,-0.2812444269657135,0.48200535774230957,0.34621673822402954,-0.28143325448036194,0.4795168936252594,0.34314441680908203,-0.28154268860816956,0.49635976552963257,0.3430173099040985,-0.19811496138572693,0.4779248833656311,0.344725102186203,-0.20568473637104034,0.4912242293357849,0.37454497814178467,-0.25555041432380676,0.4856415390968323,0.37786373496055603,-0.2588922381401062,0.5123030543327332,0.3982730507850647,-0.10787906497716904,0.4632416367530823,0.40012285113334656,-0.1489020586013794,0.5197693109512329,0.46517810225486755,-0.07599719613790512,0.46715623140335083,0.42827603220939636,-0.16888044774532318,0.5078325271606445,0.48205071687698364,-0.12223948538303375,0.48297205567359924,0.37288719415664673,-0.22953324019908905,0.5137971639633179,0.48701953887939453,-0.1343342512845993,0.4859163165092468,0.3660106956958771,-0.2566254734992981,0.5110921263694763,0.4800196588039398,-0.15208721160888672,0.48507389426231384,0.35711243748664856,-0.2579599618911743,0.5074564814567566,0.4775763750076294,-0.1293366700410843,0.4851035177707672,0.358673095703125,-0.23265686631202698,0.49585476517677307,0.5149592161178589,0.01282733678817749,0.46341782808303833,0.510074257850647,-0.012900389730930328,0.5123535394668579,0.6048465371131897,-0.07100661098957062,0.45233768224716187,0.5924391150474548,-0.06622782349586487,0.5044184923171997,0.6920679807662964,0.06145539879798889,0.439910352230072,0.6702293157577515,0.06235378980636597,0.4969554543495178,0.7005077600479126,0.06981480866670609,0.4428727626800537,0.6833149790763855,0.07175643742084503,0.5088160634040833,0.7258859276771545,-0.022869549691677094,0.4341975748538971,0.7056224346160889,-0.017617642879486084
frame_00041.jpg,0.48760467767715454,0.3501816391944885,-0.21557196974754333,0.49036818742752075,0.3445865213871002,-0.19985166192054749,0.4921494126319885,0.3445575535297394,-0.20005004107952118,0.49409422278404236,0.34339195489883423,-0.20003756880760193,0.48432230949401855,0.3434036672115326,-0.20606453716754913,0.4821086823940277,0.34285834431648254,-0.20624467730522156,0.4798257350921631,0.3422463834285736,-0.20636312663555145,0.4953351616859436,0.3442094027996063,-0.1093873381614685,0.4786229133605957,0.34481555223464966,-0.1367628127336502,0.4909858703613281,0.35950329899787903,-0.17969009280204773,0.4856531620025635,0.36035481095314026,-0.18865631520748138,0.5080817937850952,0.39264246821403503,-0.02956266701221466,0.46375569701194763,0.384872704744339,-0.1104244589805603,0.5138367414474487,0.4498964250087738,0.011206577531993389,0.4721878468990326,0.4187615215778351,-0.19996216893196106,0.5147642493247986,0.4693450927734375,-0.03265310823917389,0.48772817850112915,0.3595205545425415,-0.30625319480895996,0.5175358057022095,0.4756963849067688,-0.04080815240740776,0.4887787699699402,0.3438568413257599,-0.3355107307434082,0.5168343186378479,0.47034355998039246,-0.06095709279179573,0.4871951639652252,0.338847815990448,-0.3527609705924988,0.5146120190620422,0.4674331247806549,-0.04092863202095032,0.4872512221336365,0.3451600670814514,-0.31593888998031616,0.492231547832489,0.5055760145187378,0.01935274712741375,0.4612991213798523,0.503718376159668,-0.01945442333817482,0.5082601308822632,0.5948394536972046,-0.0522327795624733,0.454539954662323,0.5843031406402588,-0.06745500862598419,0.5024179816246033,0.6749809384346008,0.07583118230104446,0.4395248293876648,0.6589776873588562,0.05840114876627922,0.49605050683021545,0.68477863073349,0.07868390530347824,0.4411378800868988,0.6706759333610535,0.06796463578939438,0.502406895160675,0.7117650508880615,0.012698778882622719,0.42844143509864807,0.6914888024330139,-0.011613475158810616
frame_00042.jpg,0.48697060346603394,0.35087358951568604,-0.3067688047885895,0.488739013671875,0.3443978726863861,-0.2950710654258728,0.4900771975517273,0.34403911232948303,-0.2952600121498108,0.4917122423648834,0.34362825751304626,-0.29523152112960815,0.48422035574913025,0.3440130352973938,-0.2968798577785492,0.48215746879577637,0.34359031915664673,-0.2970866858959198,0.4800627827644348,0.3430200517177582,-0.2972138524055481,0.4931696355342865,0.34412577748298645,-0.20305176079273224,0.4787778854370117,0.34423816204071045,-0.21072962880134583,0.48923516273498535,0.3580390512943268,-0.2687007784843445,0.48525452613830566,0.3580150604248047,-0.27203866839408875,0.5110914707183838,0.3951529562473297,-0.10098035633563995,0.4651736617088318,0.3876419961452484,-0.14522716403007507,0.5179267525672913,0.45374956727027893,-0.0674106702208519,0.4683713912963867,0.44247928261756897,-0.15708120167255402,0.5180641412734985,0.4766547381877899,-0.14567407965660095,0.4868840277194977,0.3971632719039917,-0.25418004393577576,0.5195487141609192,0.48396480083465576,-0.16649018228054047,0.48358026146888733,0.3929375112056732,-0.287775456905365,0.5191813111305237,0.4773309826850891,-0.18645288050174713,0.4810965955257416,0.3996680676937103,-0.30100420117378235,0.5176485180854797,0.473776638507843,-0.1544608473777771,0.4829792380332947,0.3821699023246765,-0.2622688412666321,0.495610773563385,0.5069300532341003,0.01963714137673378,0.46386414766311646,0.5040443539619446,-0.019715802744030952,0.5099636316299438,0.5987156629562378,0.0080283023416996,0.4789671003818512,0.584954023361206,-0.07080882042646408,0.5043586492538452,0.6766740679740906,0.12985417246818542,0.4411545395851135,0.6731027960777283,0.05493127554655075,0.5008474588394165,0.6926410794258118,0.13539597392082214,0.4467441141605377,0.6813918948173523,0.06374923884868622,0.5093954205513,0.7184351086616516,0.031048735603690147,0.44857078790664673,0.7128099203109741,-0.03799096494913101
frame_00043.jpg,0.48647674918174744,0.36613228917121887,-0.34826356172561646,0.48851531744003296,0.3580395579338074,-0.33884817361831665,0.49010658264160156,0.3571718633174896,-0.3390522003173828,0.491887629032135,0.3571227788925171,-0.3390277922153473,0.4832524359226227,0.3588549792766571,-0.3397984802722931,0.481325626373291,0.359290212392807,-0.34000474214553833,0.479398250579834,0.35949695110321045,-0.3401263952255249,0.4925529956817627,0.3503738045692444,-0.2437465935945511,0.47796303033828735,0.35604801774024963,-0.2505941092967987,0.4896409511566162,0.3691844642162323,-0.3096482455730438,0.48468485474586487,0.3713260889053345,-0.3116181492805481,0.5127969980239868,0.4011225998401642,-0.1327899843454361,0.464985191822052,0.3924489915370941,-0.16208724677562714,0.5282672643661499,0.46228301525115967,-0.1110314354300499,0.46086519956588745,0.4533352553844452,-0.1686464101076126,0.5326406359672546,0.5171403288841248,-0.19452598690986633,0.46794581413269043,0.46750009059906006,-0.2623763680458069,0.5360386967658997,0.530069887638092,-0.21832700073719025,0.46687793731689453,0.47740811109542847,-0.2920379042625427,0.533237636089325,0.5275551676750183,-0.2411842793226242,0.46745172142982483,0.477445513010025,-0.3071982264518738,0.5304760336875916,0.5225456953048706,-0.2043125331401825,0.4687677323818207,0.4701758921146393,-0.2710933983325958,0.49606853723526,0.5093509554862976,0.0015593564603477716,0.46467551589012146,0.507299542427063,-0.0016685444861650467,0.5095604658126831,0.606394350528717,-0.021032417193055153,0.4428369104862213,0.588726282119751,-0.06407870352268219,0.5073142647743225,0.6845825910568237,0.06532062590122223,0.4131293296813965,0.6833537220954895,0.04016086459159851,0.5029792189598083,0.7002785205841064,0.07083189487457275,0.42125001549720764,0.6962891221046448,0.045530229806900024,0.5120872259140015,0.7226989269256592,-0.03460315614938736,0.39901021122932434,0.7138590216636658,-0.057942915707826614
frame_00044.jpg,0.48247796297073364,0.3700489401817322,-0.2688392102718353,0.48589110374450684,0.3611650764942169,-0.2596566081047058,0.4877870976924896,0.3601754605770111,-0.259823739528656,0.48974165320396423,0.3594675064086914,-0.25978732109069824,0.48001471161842346,0.3622981905937195,-0.259605348110199,0.4782373011112213,0.3626074194908142,-0.2598193883895874,0.47646865248680115,0.362754762172699,-0.25994211435317993,0.49077898263931274,0.35513070225715637,-0.179683655500412,0.47576117515563965,0.3611869215965271,-0.1788165271282196,0.4867174029350281,0.3710755407810211,-0.23484835028648376,0.4827499985694885,0.37125125527381897,-0.23572039604187012,0.509350061416626,0.40367546677589417,-0.09520702064037323,0.46443238854408264,0.39859315752983093,-0.10794462263584137,0.5167569518089294,0.4521799385547638,-0.07550724595785141,0.45412811636924744,0.45359328389167786,-0.09347584843635559,0.5123040080070496,0.457666277885437,-0.13800457119941711,0.45676079392433167,0.49352625012397766,-0.15470924973487854,0.5115965604782104,0.4596656858921051,-0.15771007537841797,0.4555237889289856,0.5080035924911499,-0.1782277375459671,0.5106415152549744,0.45305541157722473,-0.17255154252052307,0.4578723907470703,0.5080131888389587,-0.19303330779075623,0.510246217250824,0.45157626271247864,-0.1446208953857422,0.4593796730041504,0.5017454624176025,-0.1623905748128891,0.49408283829689026,0.5134109854698181,0.00307055888697505,0.4649936556816101,0.5109599232673645,-0.003169141709804535,0.5054329037666321,0.6069367527961731,-0.0030322277452796698,0.45861878991127014,0.5970678925514221,-0.031091025099158287,0.5054428577423096,0.6850191354751587,0.0785917416214943,0.41667240858078003,0.684716522693634,0.05029478669166565,0.5018599033355713,0.7017003893852234,0.07966263592243195,0.4292678236961365,0.6985822319984436,0.054325930774211884,0.5088714957237244,0.7199774980545044,-0.029306331649422646,0.4172378480434418,0.7127819657325745,-0.04457464441657066
frame_00045.jpg,0.480776309967041,0.37056031823158264,-0.2955227196216583,0.4844081401824951,0.36289408802986145,-0.28678062558174133,0.4863758683204651,0.3623393177986145,-0.2869623601436615,0.48836183547973633,0.36237674951553345,-0.286937415599823,0.4783560335636139,0.3631337285041809,-0.28639528155326843,0.4766225218772888,0.3634084463119507,-0.2866082191467285,0.47488850355148315,0.36347725987434387,-0.2867358326911926,0.48943573236465454,0.3587995171546936,-0.20717160403728485,0.47429466247558594,0.36222249269485474,-0.204341858625412,0.4852384626865387,0.37370002269744873,-0.26167160272598267,0.47955402731895447,0.37351152300834656,-0.26196563243865967,0.5087787508964539,0.4055747985839844,-0.11975691467523575,0.46359044313430786,0.39881598949432373,-0.1303558051586151,0.5174989104270935,0.45784515142440796,-0.09321403503417969,0.4534095227718353,0.4565061926841736,-0.12047867476940155,0.5147700309753418,0.4745086431503296,-0.15258046984672546,0.45393720269203186,0.507722795009613,-0.19175668060779572,0.5189342498779297,0.47962966561317444,-0.17108525335788727,0.4520787298679352,0.5215838551521301,-0.21736407279968262,0.5190123319625854,0.4736475646495819,-0.19032709300518036,0.4544191360473633,0.5223050713539124,-0.23420608043670654,0.5170937776565552,0.47106873989105225,-0.1608837991952896,0.4565255045890808,0.5165328979492188,-0.20067663490772247,0.49353355169296265,0.5149135589599609,0.0019357223063707352,0.4652531147003174,0.5124775171279907,-0.002035627607256174,0.5045645833015442,0.6078659892082214,-0.0015530867967754602,0.4617535471916199,0.5979050397872925,-0.027787169441580772,0.5063084363937378,0.6863047480583191,0.09309433400630951,0.43466249108314514,0.6840783953666687,0.05900537222623825,0.5029117465019226,0.6998882293701172,0.09344930201768875,0.4415789246559143,0.6978538036346436,0.06485190242528915,0.5074734687805176,0.7183613181114197,-0.00754916574805975,0.4239676892757416,0.7115331292152405,-0.03249874711036682
frame_00046.jpg,0.4802270829677582,0.34988489747047424,-0.31117841601371765,0.48291391134262085,0.34338513016700745,-0.30320265889167786,0.4843735694885254,0.3430706262588501,-0.303394615650177,0.48586541414260864,0.34277835488319397,-0.30337363481521606,0.47826218605041504,0.3429020345211029,-0.300516277551651,0.476631224155426,0.3423929214477539,-0.30072158575057983,0.4749000072479248,0.34183603525161743,-0.30085885524749756,0.48765525221824646,0.342790812253952,-0.2249920666217804,0.4742858409881592,0.34225359559059143,-0.21282091736793518,0.4827860891819,0.35571402311325073,-0.278242290019989,0.4782648980617523,0.3551047146320343,-0.2756146788597107,0.5034182071685791,0.3801097273826599,-0.1421399563550949,0.4632495939731598,0.37372562289237976,-0.12279423326253891,0.5054326057434082,0.44272226095199585,-0.1081482395529747,0.4531511664390564,0.43523386120796204,-0.10879095643758774,0.49310821294784546,0.4734097421169281,-0.1580067276954651,0.4556875228881836,0.47616779804229736,-0.18208126723766327,0.49133506417274475,0.48265016078948975,-0.17726027965545654,0.45833396911621094,0.49015629291534424,-0.2069482058286667,0.48979049921035767,0.4765891134738922,-0.19328629970550537,0.46259570121765137,0.48722949624061584,-0.22076483070850372,0.4902201294898987,0.47227489948272705,-0.16417184472084045,0.46260643005371094,0.480781614780426,-0.189659982919693,0.4935632646083832,0.4788362681865692,-0.009538826532661915,0.46519774198532104,0.4752592146396637,0.009453699924051762,0.5051595568656921,0.5749064683914185,-0.010684993118047714,0.45550504326820374,0.5560944676399231,-0.024553896859288216,0.5153316259384155,0.6585267186164856,0.057106971740722656,0.43844717741012573,0.6481359004974365,0.06226206570863724,0.5142940282821655,0.6702841520309448,0.06012638658285141,0.44214004278182983,0.6648637056350708,0.06821460276842117,0.514382541179657,0.6892161965370178,-0.038210757076740265,0.4217146337032318,0.673400342464447,-0.030575281009078026
frame_00047.jpg,0.48030123114585876,0.3449782133102417,-0.28444841504096985,0.48318982124328613,0.3385419249534607,-0.2728935480117798,0.48474985361099243,0.338304340839386,-0.2730552554130554,0.4863012433052063,0.33816736936569214,-0.273026704788208,0.47847557067871094,0.3380672037601471,-0.2751910090446472,0.47684550285339355,0.337584525346756,-0.275379478931427,0.47511738538742065,0.3371730446815491,-0.2755117118358612,0.48802250623703003,0.33873099088668823,-0.19144926965236664,0.47434210777282715,0.33794137835502625,-0.20141105353832245,0.4824795722961426,0.3510555624961853,-0.25108611583709717,0.47786369919776917,0.3505356013774872,-0.2550264298915863,0.49989527463912964,0.37703070044517517,-0.10965754836797714,0.46251410245895386,0.3677254617214203,-0.1391485035419464,0.4992372393608093,0.43510785698890686,-0.07931967079639435,0.45241737365722656,0.4243718385696411,-0.1489022672176361,0.48953860998153687,0.4692239761352539,-0.13686424493789673,0.45744284987449646,0.4563807249069214,-0.19698700308799744,0.4881667494773865,0.48031994700431824,-0.15436074137687683,0.46154433488845825,0.46691957116127014,-0.22804172337055206,0.4865233302116394,0.4754093289375305,-0.17183341085910797,0.46632519364356995,0.46298083662986755,-0.2636951804161072,0.486419141292572,0.47041094303131104,-0.1441018432378769,0.46567073464393616,0.45816317200660706,-0.2225915491580963,0.49016913771629333,0.4626510441303253,0.006583659444004297,0.465365469455719,0.4576232135295868,-0.00669444864615798,0.5030677914619446,0.5323415398597717,-0.09385675191879272,0.4552221894264221,0.525254487991333,-0.09669153392314911,0.5102522373199463,0.6290069818496704,-0.01780460961163044,0.44588813185691833,0.6121101975440979,0.005476045422255993,0.509965181350708,0.643054723739624,-0.01550091803073883,0.44792884588241577,0.6234510540962219,0.012281636707484722,0.5111079812049866,0.6585565805435181,-0.11411333084106445,0.4375925064086914,0.6390369534492493,-0.07515186071395874
frame_00048.jpg,0.48037391901016235,0.3473016321659088,-0.24306054413318634,0.4828242361545563,0.3403978943824768,-0.23185142874717712,0.48432230949401855,0.340215265750885,-0.23197981715202332,0.485799640417099,0.3400729298591614,-0.23197504878044128,0.4784504473209381,0.3397778570652008,-0.2353055775165558,0.47688740491867065,0.33933162689208984,-0.23544681072235107,0.47521090507507324,0.33897894620895386,-0.23554091155529022,0.4872441291809082,0.34137430787086487,-0.15755495429039001,0.4743479788303375,0.34032413363456726,-0.1721784770488739,0.4825022220611572,0.35299327969551086,-0.21297207474708557,0.4779128432273865,0.3527754545211792,-0.21830475330352783,0.4986332356929779,0.3783424496650696,-0.09494753181934357,0.46025770902633667,0.3734647035598755,-0.12269379198551178,0.4967691898345947,0.4258335530757904,-0.1278916895389557,0.4529404044151306,0.4201430678367615,-0.1421828716993332,0.4878598749637604,0.40444251894950867,-0.23975472152233124,0.4584558606147766,0.45209917426109314,-0.19116845726966858,0.4856854975223541,0.399225115776062,-0.2651907801628113,0.4616945683956146,0.4590618908405304,-0.21148249506950378,0.4866107106208801,0.3934527635574341,-0.27101579308509827,0.46596330404281616,0.45471319556236267,-0.2185790091753006,0.48619985580444336,0.3950282335281372,-0.24454036355018616,0.4654412865638733,0.45124638080596924,-0.19592393934726715,0.48995155096054077,0.4592527449131012,0.007281869649887085,0.4654582440853119,0.46216803789138794,-0.007429202552884817,0.521804690361023,0.4442235827445984,-0.17232149839401245,0.4529269337654114,0.5212045311927795,-0.08883471041917801,0.535507321357727,0.5368409752845764,-0.1066322773694992,0.4357549548149109,0.6065881252288818,0.017917614430189133,0.5350267291069031,0.5485471487045288,-0.10363417863845825,0.4357828199863434,0.6186011433601379,0.02323397807776928,0.533706784248352,0.5682948231697083,-0.18020787835121155,0.42471081018447876,0.6323471665382385,-0.05596472695469856
frame_00049.jpg,0.4799850881099701,0.3492284119129181,-0.27400320768356323,0.4822090268135071,0.34176141023635864,-0.2634623050689697,0.48372483253479004,0.3415459990501404,-0.26361486315727234,0.4852205216884613,0.34138381481170654,-0.2636139392852783,0.4779459536075592,0.34117940068244934,-0.26811373233795166,0.47645944356918335,0.340770423412323,-0.2682698369026184,0.4748726487159729,0.3405078947544098,-0.2683776915073395,0.4863916337490082,0.342195063829422,-0.18449200689792633,0.4737430512905121,0.3420564532279968,-0.2008349597454071,0.4822443425655365,0.35467329621315,-0.2411428689956665,0.4772758483886719,0.3549196422100067,-0.24781355261802673,0.49766668677330017,0.3770902454853058,-0.09697563201189041,0.4592758119106293,0.37566742300987244,-0.1519280970096588,0.501735508441925,0.4246000051498413,-0.06950700283050537,0.45252299308776855,0.42319396138191223,-0.18422840535640717,0.49533262848854065,0.4425927400588989,-0.12878163158893585,0.464796245098114,0.4449753165245056,-0.24037125706672668,0.49133920669555664,0.4461860954761505,-0.14250658452510834,0.47016578912734985,0.4481693208217621,-0.26134684681892395,0.49174070358276367,0.4398380517959595,-0.15870216488838196,0.47157177329063416,0.44119441509246826,-0.24828264117240906,0.4920094907283783,0.43834951519966125,-0.1359660029411316,0.4700952172279358,0.4391252100467682,-0.2403905689716339,0.488692045211792,0.4594780206680298,0.013764595612883568,0.46556153893470764,0.46464934945106506,-0.01392933540046215,0.5265222191810608,0.4428439140319824,-0.17548391222953796,0.4467281401157379,0.5295852422714233,-0.08170368522405624,0.534061074256897,0.5288259983062744,-0.09894634038209915,0.4315946102142334,0.6091614365577698,0.03349585831165314,0.5311771631240845,0.5415571928024292,-0.09506218135356903,0.4320771098136902,0.6206390857696533,0.04014449566602707,0.5392335653305054,0.5536156296730042,-0.17306174337863922,0.4216341972351074,0.6359685063362122,-0.04700016230344772
frame_00050.jpg,0.47916358709335327,0.3510175049304962,-0.31289753317832947,0.4813455641269684,0.34322813153266907,-0.3020690083503723,0.48288416862487793,0.342957466840744,-0.3022136092185974,0.48441943526268005,0.34278252720832825,-0.3022240698337555,0.4770910143852234,0.3428485691547394,-0.30964988470077515,0.47561922669410706,0.34244874119758606,-0.30979788303375244,0.4740966260433197,0.3421423137187958,-0.30989423394203186,0.48548898100852966,0.3431197702884674,-0.21858207881450653,0.47244828939437866,0.34312352538108826,-0.24915750324726105,0.4813360571861267,0.3566356897354126,-0.27791738510131836,0.47626128792762756,0.35684698820114136,-0.28821057081222534,0.4950339198112488,0.3756633996963501,-0.10899920761585236,0.45609229803085327,0.3766149580478668,-0.19405585527420044,0.5010044574737549,0.4257126450538635,-0.08762020617723465,0.44884318113327026,0.4248041808605194,-0.22978487610816956,0.49730414152145386,0.45130011439323425,-0.1507135033607483,0.46555638313293457,0.44967809319496155,-0.30030208826065063,0.49606409668922424,0.45332255959510803,-0.16643372178077698,0.47131019830703735,0.45398345589637756,-0.32755035161972046,0.49590593576431274,0.4539109468460083,-0.18380232155323029,0.4726009964942932,0.4469880759716034,-0.32959064841270447,0.495514452457428,0.4473956227302551,-0.15822471678256989,0.47093939781188965,0.44427165389060974,-0.302575945854187,0.4878509044647217,0.45302966237068176,0.01737447828054428,0.46426764130592346,0.4636514484882355,-0.01753561571240425,0.5283793807029724,0.4331341087818146,-0.20043110847473145,0.4447494447231293,0.5257671475410461,-0.0951673686504364,0.5328473448753357,0.5281941294670105,-0.11552061885595322,0.43460148572921753,0.6052204966545105,0.018301397562026978,0.5298312902450562,0.5376537442207336,-0.11150602251291275,0.43559712171554565,0.6169306039810181,0.02574913576245308,0.540457546710968,0.5576933026313782,-0.20166638493537903,0.4242662489414215,0.6315831542015076,-0.06576675921678543
frame_00051.jpg,0.478726863861084,0.3520433008670807,-0.3116367757320404,0.48114198446273804,0.3442118763923645,-0.3008774220943451,0.4826352000236511,0.3438635468482971,-0.3010406494140625,0.4840613305568695,0.3436310887336731,-0.30103984475135803,0.476759135723114,0.34404832124710083,-0.30599918961524963,0.4752123951911926,0.3436151444911957,-0.3061627149581909,0.4736444056034088,0.34320753812789917,-0.3062666952610016,0.4847939610481262,0.3436497747898102,-0.21735277771949768,0.47173357009887695,0.34329310059547424,-0.2425866425037384,0.48065370321273804,0.3574865758419037,-0.276657372713089,0.47578874230384827,0.3576088547706604,-0.28394168615341187,0.4940354824066162,0.37441033124923706,-0.11520291864871979,0.4549379348754883,0.37647145986557007,-0.1863659769296646,0.4988371729850769,0.4258197844028473,-0.08859257400035858,0.447782427072525,0.42469522356987,-0.21581998467445374,0.49705228209495544,0.45597970485687256,-0.15392914414405823,0.4654923379421234,0.45466265082359314,-0.28731074929237366,0.4968906044960022,0.45941829681396484,-0.1703033596277237,0.47043395042419434,0.46034854650497437,-0.3143959045410156,0.49686893820762634,0.4559374749660492,-0.18789242208003998,0.47207561135292053,0.4539918303489685,-0.31929105520248413,0.4962185025215149,0.4517070949077606,-0.16172651946544647,0.47065019607543945,0.4506934583187103,-0.29054203629493713,0.48784154653549194,0.4524976313114166,0.01729302667081356,0.46412602066993713,0.46374425292015076,-0.01745275780558586,0.5286840796470642,0.430929958820343,-0.21189618110656738,0.4452608525753021,0.5200477838516235,-0.09115340560674667,0.5331220030784607,0.5275415182113647,-0.14422503113746643,0.4355941414833069,0.5995159149169922,0.02128485217690468,0.5296489000320435,0.5394012928009033,-0.142007976770401,0.4370630383491516,0.6105472445487976,0.028719350695610046,0.5412545800209045,0.5552828907966614,-0.23583388328552246,0.4259779453277588,0.6266630291938782,-0.06313349306583405
frame_00052.jpg,0.47706419229507446,0.34731680154800415,-0.22105026245117188,0.4783986508846283,0.34048670530319214,-0.20744390785694122,0.47961220145225525,0.3401348292827606,-0.2075681984424591,0.4808076322078705,0.3398449718952179,-0.20755894482135773,0.47445613145828247,0.3407782018184662,-0.2179671823978424,0.47288981080055237,0.340663880109787,-0.21812203526496887,0.4712948203086853,0.3405638337135315,-0.21821340918540955,0.4803733825683594,0.34096962213516235,-0.1261492371559143,0.4685584604740143,0.34177282452583313,-0.17337419092655182,0.47868427634239197,0.3528057932853699,-0.1882539540529251,0.47415971755981445,0.3534916937351227,-0.20267319679260254,0.48984259366989136,0.37454700469970703,-0.03781439736485481,0.44997215270996094,0.37792685627937317,-0.15121085941791534,0.5009597539901733,0.4227413833141327,-0.005751654040068388,0.4442202150821686,0.42612510919570923,-0.19753152132034302,0.5072322487831116,0.4460618197917938,-0.06983964890241623,0.46620720624923706,0.4558144807815552,-0.2686934173107147,0.5104147791862488,0.4519438147544861,-0.08144965022802353,0.4724411964416504,0.46197718381881714,-0.2913625240325928,0.5097168684005737,0.4476575255393982,-0.09870652854442596,0.47489580512046814,0.4550389349460602,-0.28600507974624634,0.5078001022338867,0.44511735439300537,-0.0779782086610794,0.4727722704410553,0.4519868493080139,-0.2645053267478943,0.48477014899253845,0.46139150857925415,0.025275856256484985,0.4603521227836609,0.46860653162002563,-0.025452807545661926,0.5260769128799438,0.44613850116729736,-0.17469368875026703,0.4364382326602936,0.5318982005119324,-0.09294518083333969,0.5300072431564331,0.5323920845985413,-0.10697825253009796,0.42484158277511597,0.6109729409217834,0.0026895427145063877,0.5268765091896057,0.5457112193107605,-0.10397468507289886,0.42600661516189575,0.6219799518585205,0.009371588006615639,0.5383797883987427,0.5559374690055847,-0.18023894727230072,0.4145940840244293,0.6401169300079346,-0.06805583089590073
frame_00053.jpg,0.4737683832645416,0.345376580953598,-0.1390422135591507,0.4741121828556061,0.3393818140029907,-0.12386467307806015,0.4751259386539459,0.33919981122016907,-0.12398532778024673,0.47613444924354553,0.3390369713306427,-0.12396968901157379,0.4706776738166809,0.3396371006965637,-0.13528798520565033,0.46920523047447205,0.33969786763191223,-0.1354280412197113,0.4677143692970276,0.3397594094276428,-0.1355130970478058,0.47530055046081543,0.34088200330734253,-0.04566933214664459,0.464691162109375,0.3421635925769806,-0.09709867835044861,0.47524896264076233,0.35148411989212036,-0.10797955840826035,0.47117894887924194,0.3519192337989807,-0.1237131804227829,0.48430609703063965,0.3769693672657013,0.030267372727394104,0.447955459356308,0.3786645531654358,-0.09092001616954803,0.49895650148391724,0.4272572100162506,0.056238122284412384,0.4402945637702942,0.4276585280895233,-0.13467136025428772,0.5070047974586487,0.4514462351799011,-0.013139357790350914,0.46541231870651245,0.45629337430000305,-0.18283316493034363,0.5091659426689148,0.4577310383319855,-0.024846304208040237,0.4715864062309265,0.4655006229877472,-0.20755557715892792,0.5087224841117859,0.45359793305397034,-0.04085870087146759,0.4743472635746002,0.45790567994117737,-0.20468279719352722,0.5074610710144043,0.4506981670856476,-0.021119507029652596,0.47239652276039124,0.4544229209423065,-0.18243294954299927,0.4815213084220886,0.46547365188598633,0.032282017171382904,0.4576953947544098,0.46986284852027893,-0.032421957701444626,0.5229989290237427,0.47336113452911377,-0.08515793830156326,0.4470299184322357,0.541729748249054,-0.06563112884759903,0.5202733278274536,0.5607929229736328,-0.026386473327875137,0.44322341680526733,0.6159070730209351,0.017666272819042206,0.5150988101959229,0.5740759372711182,-0.023949427530169487,0.4445294439792633,0.628477931022644,0.02405008301138878,0.5311306715011597,0.5609971284866333,-0.0895533561706543,0.4408361315727234,0.6493257880210876,-0.050508301705121994
frame_00054.jpg,0.46680933237075806,0.34703701734542847,-0.21358604729175568,0.4681057333946228,0.3408157229423523,-0.1976725459098816,0.4692915976047516,0.3406144082546234,-0.19778238236904144,0.4705266058444977,0.34041649103164673,-0.19772887229919434,0.4645710587501526,0.3408115804195404,-0.2078925371170044,0.46326684951782227,0.3407609760761261,-0.20811346173286438,0.46178922057151794,0.3407939374446869,-0.20821981132030487,0.47067588567733765,0.34216901659965515,-0.0719701498746872,0.45979633927345276,0.34247228503227234,-0.1384892761707306,0.4682466983795166,0.35289275646209717,-0.17256826162338257,0.46400022506713867,0.3535863161087036,-0.18708130717277527,0.481764554977417,0.3774290084838867,-0.06295295804738998,0.44114962220191956,0.37927934527397156,-0.12437961250543594,0.48553523421287537,0.4292096495628357,-0.010570013895630836,0.4347970485687256,0.4282434582710266,-0.15106706321239471,0.4776294231414795,0.46871891617774963,-0.08919181674718857,0.4547420144081116,0.4569591283798218,-0.217211052775383,0.4756724238395691,0.48085543513298035,-0.1043458804488182,0.4595891833305359,0.46600595116615295,-0.243282288312912,0.4736303687095642,0.47548630833625793,-0.12050153315067291,0.46259671449661255,0.4588751792907715,-0.24741777777671814,0.47373637557029724,0.4702261686325073,-0.09633006155490875,0.4609769880771637,0.4551158845424652,-0.22017768025398254,0.4749971330165863,0.46604031324386597,0.019225379452109337,0.4503854215145111,0.4716109335422516,-0.019321702420711517,0.508334219455719,0.48257771134376526,-0.09430377930402756,0.4285488724708557,0.5380207300186157,-0.06719910353422165,0.5080653429031372,0.5692547559738159,0.01029018685221672,0.43818220496177673,0.6053721904754639,0.03595761954784393,0.5042308568954468,0.5805666446685791,0.017222410067915916,0.44309940934181213,0.610257089138031,0.044266194105148315,0.5142140984535217,0.5916791558265686,-0.05183790996670723,0.4282386898994446,0.6298640966415405,-0.024921666830778122
frame_00055.jpg,0.4610547423362732,0.34820061922073364,-0.22163990139961243,0.4625987112522125,0.34219181537628174,-0.2093617469072342,0.4639214873313904,0.34218353033065796,-0.2094990313053131,0.46525293588638306,0.34216541051864624,-0.20949110388755798,0.45864182710647583,0.34196874499320984,-0.21611137688159943,0.4570852816104889,0.34196528792381287,-0.21626397967338562,0.45545968413352966,0.34198543429374695,-0.21635571122169495,0.4654213488101959,0.3448099195957184,-0.12890605628490448,0.45296818017959595,0.3441780209541321,-0.1609642505645752,0.46283477544784546,0.35398876667022705,-0.1897347867488861,0.45795369148254395,0.35437843203544617,-0.19945640861988068,0.47694677114486694,0.3791579604148865,-0.05603571608662605,0.43551310896873474,0.38191986083984375,-0.1265571117401123,0.48292502760887146,0.4302424192428589,-0.015825990587472916,0.42749112844467163,0.42891567945480347,-0.1529921442270279,0.47705578804016113,0.4690207242965698,-0.07055734843015671,0.44882139563560486,0.4572896957397461,-0.21955859661102295,0.47600698471069336,0.4810712933540344,-0.08445162326097488,0.4543650150299072,0.46589168906211853,-0.24622201919555664,0.4741191864013672,0.4758673310279846,-0.10044822841882706,0.4580962061882019,0.4584198594093323,-0.24878792464733124,0.47372445464134216,0.4709179699420929,-0.0775764063000679,0.45628657937049866,0.4546784460544586,-0.22192582488059998,0.4684746265411377,0.46747395396232605,0.021476490423083305,0.44516095519065857,0.47244885563850403,-0.021587755531072617,0.49432453513145447,0.48276185989379883,-0.07417088747024536,0.4298677444458008,0.5418709516525269,-0.0625266581773758,0.4861479699611664,0.5733947157859802,0.028760215267539024,0.4166021943092346,0.607937753200531,0.012605413794517517,0.4811011850833893,0.5848774313926697,0.03556142374873161,0.41743579506874084,0.6162635087966919,0.016676040366292,0.4899919629096985,0.5992290377616882,-0.03017805516719818,0.4088447690010071,0.6383968591690063,-0.06115798279643059
frame_00056.jpg,0.4537038803100586,0.3533465266227722,-0.23851625621318817,0.45616674423217773,0.347199022769928,-0.22469857335090637,0.4577011168003082,0.347175270318985,-0.22478850185871124,0.459113746881485,0.3473699390888214,-0.2247639149427414,0.45152559876441956,0.3465433120727539,-0.23292402923107147,0.4498670995235443,0.3462862968444824,-0.23308198153972626,0.44825154542922974,0.34604576230049133,-0.23317904770374298,0.4594286382198334,0.3494671583175659,-0.14910292625427246,0.44641274213790894,0.3479563891887665,-0.1736244112253189,0.4557817578315735,0.35989439487457275,-0.20374104380607605,0.4502011835575104,0.36009520292282104,-0.2148066759109497,0.47212132811546326,0.38813355565071106,-0.08471648395061493,0.4274978041648865,0.387779176235199,-0.12157746404409409,0.4763363301753998,0.4367634057998657,-0.04493718594312668,0.4208081364631653,0.4356593191623688,-0.14245660603046417,0.46801504492759705,0.47430774569511414,-0.08929488807916641,0.43648838996887207,0.4546145498752594,-0.2249559909105301,0.4659337103366852,0.48491036891937256,-0.10204526036977768,0.44100064039230347,0.4598768651485443,-0.2520851492881775,0.46443790197372437,0.4789840281009674,-0.12222079932689667,0.44335561990737915,0.45134034752845764,-0.25586357712745667,0.46442025899887085,0.47433722019195557,-0.09845904260873795,0.4420667290687561,0.4484468400478363,-0.22845295071601868,0.45987939834594727,0.48263421654701233,0.01390236895531416,0.43393224477767944,0.4811002314090729,-0.013956512324512005,0.46966639161109924,0.5584030747413635,-0.008119730278849602,0.4267219007015228,0.5547513365745544,-0.038655977696180344,0.4628070890903473,0.6252269744873047,0.07695513218641281,0.41138944029808044,0.6093789935112,0.051923416554927826,0.4587748646736145,0.6342747211456299,0.0806947723031044,0.4120708405971527,0.618027925491333,0.05764204263687134,0.4652004837989807,0.6506842374801636,0.001052981591783464,0.4034487307071686,0.6419349312782288,-0.018732430413365364
frame_00057.jpg,0.45245295763015747,0.3555698096752167,-0.2682719826698303,0.4553236961364746,0.3493909239768982,-0.2567504644393921,0.45701488852500916,0.3493189513683319,-0.2569279670715332,0.4584866464138031,0.3493712246417999,-0.2569296956062317,0.4500970244407654,0.34897899627685547,-0.26146748661994934,0.4484177231788635,0.34870103001594543,-0.26162201166152954,0.4468603730201721,0.34838783740997314,-0.26173847913742065,0.4590688645839691,0.3512849807739258,-0.17660103738307953,0.44547778367996216,0.34974631667137146,-0.1963004469871521,0.45476216077804565,0.36212748289108276,-0.23477253317832947,0.44884371757507324,0.3623579740524292,-0.24177487194538116,0.46991974115371704,0.3893739581108093,-0.0980648323893547,0.4271208345890045,0.39005279541015625,-0.13621118664741516,0.47356462478637695,0.4389524459838867,-0.05063548684120178,0.4194650650024414,0.44215327501296997,-0.15138767659664154,0.4664175510406494,0.47793152928352356,-0.09657081216573715,0.4367288053035736,0.4658011794090271,-0.22604307532310486,0.464815616607666,0.48864907026290894,-0.11119304597377777,0.4409511685371399,0.4742116630077362,-0.2533065676689148,0.4632700979709625,0.48316332697868347,-0.12847377359867096,0.444379985332489,0.46747225522994995,-0.25866514444351196,0.46315184235572815,0.4788566529750824,-0.10388872772455215,0.44319289922714233,0.46341636776924133,-0.23006828129291534,0.4580231308937073,0.4861610531806946,0.013963098637759686,0.4338708817958832,0.4848865866661072,-0.014025536365807056,0.4733879566192627,0.5573531985282898,-0.013975714333355427,0.4255565106868744,0.5562103986740112,-0.037061724811792374,0.4697275757789612,0.6205140352249146,0.09284987300634384,0.4202477037906647,0.6130071878433228,0.08080604672431946,0.4662621021270752,0.6295691728591919,0.09926401823759079,0.4215067923069,0.6221147179603577,0.08969772607088089,0.4729028642177582,0.6453083157539368,0.02453267201781273,0.4096311926841736,0.6387153267860413,0.019195541739463806
frame_00058.jpg,0.4452025890350342,0.358929306268692,-0.26704493165016174,0.4474898874759674,0.35151785612106323,-0.25676143169403076,0.44905248284339905,0.35114866495132446,-0.2569415271282196,0.4504830837249756,0.35089147090911865,-0.25693488121032715,0.44256967306137085,0.3517354428768158,-0.26127973198890686,0.4408246874809265,0.35144931077957153,-0.26142725348472595,0.4391416907310486,0.3510577082633972,-0.2615320384502411,0.45081448554992676,0.3519819974899292,-0.1797177493572235,0.43733176589012146,0.3515848219394684,-0.19937029480934143,0.44726628065109253,0.3642715811729431,-0.23472774028778076,0.4420216679573059,0.3647322654724121,-0.24144764244556427,0.46182551980018616,0.3888458013534546,-0.09977888315916061,0.42018961906433105,0.38939934968948364,-0.14095045626163483,0.46720090508461,0.43711593747138977,-0.062113165855407715,0.4133899211883545,0.4418272376060486,-0.1526954472064972,0.45949429273605347,0.4769994914531708,-0.11888878047466278,0.42985063791275024,0.4650360345840454,-0.21538500487804413,0.45835772156715393,0.4866529703140259,-0.13524553179740906,0.4334641396999359,0.4731377363204956,-0.24041016399860382,0.45642536878585815,0.4814601242542267,-0.1511106789112091,0.4360232949256897,0.46647536754608154,-0.24782533943653107,0.45605820417404175,0.4774600863456726,-0.12564580142498016,0.4349493086338043,0.4625292420387268,-0.21977858245372772,0.45242810249328613,0.4805282652378082,0.01375645399093628,0.4301234781742096,0.4800334870815277,-0.01383073441684246,0.47162264585494995,0.5395720601081848,-0.025167126208543777,0.41716742515563965,0.5471137762069702,-0.03665642440319061,0.4789685606956482,0.6129176616668701,0.06828387826681137,0.41563931107521057,0.6045706868171692,0.07453064620494843,0.4765002727508545,0.6211260557174683,0.07315211743116379,0.4189305305480957,0.6146547794342041,0.08260448276996613,0.4855331480503082,0.6204088926315308,-0.00016035951557569206,0.4063507914543152,0.6249727606773376,0.015054402872920036
frame_00059.jpg,0.4399210512638092,0.35399129986763,-0.27159643173217773,0.4421679377555847,0.3467961251735687,-0.2623089551925659,0.4435596466064453,0.3462688624858856,-0.26248520612716675,0.4448128640651703,0.3459075391292572,-0.2624785304069519,0.4378046989440918,0.347433477640152,-0.266680508852005,0.4361906051635742,0.347298264503479,-0.26681798696517944,0.43467098474502563,0.34709084033966064,-0.2669071853160858,0.4446929097175598,0.34665241837501526,-0.18839630484580994,0.4329668879508972,0.347684383392334,-0.2077111303806305,0.44190043210983276,0.3596038520336151,-0.24060285091400146,0.4371657967567444,0.35982006788253784,-0.2470906674861908,0.45646873116493225,0.3836055099964142,-0.11055320501327515,0.41549840569496155,0.3836440443992615,-0.15322712063789368,0.46125850081443787,0.4260917603969574,-0.10109158605337143,0.4088919758796692,0.431371808052063,-0.18276944756507874,0.45955878496170044,0.4534665644168854,-0.1914665549993515,0.431527704000473,0.4337257444858551,-0.2657087743282318,0.45911145210266113,0.4615318477153778,-0.21428796648979187,0.4374699592590332,0.43579035997390747,-0.2955947518348694,0.45696988701820374,0.45525309443473816,-0.2283332347869873,0.4383593499660492,0.42782145738601685,-0.3001762628555298,0.45641738176345825,0.4518277049064636,-0.19857101142406464,0.43642091751098633,0.42619627714157104,-0.2696968913078308,0.4451925754547119,0.4643925428390503,0.014710074290633202,0.4255402684211731,0.4657307267189026,-0.014755336567759514,0.4675169587135315,0.5346171855926514,-0.03253260254859924,0.413189560174942,0.5289517641067505,-0.06398086249828339,0.4703870415687561,0.5958820581436157,0.07847987860441208,0.4091198444366455,0.6010684967041016,0.043209634721279144,0.4678901135921478,0.6040246486663818,0.08487462997436523,0.4095725119113922,0.6118221879005432,0.0503118522465229,0.47495073080062866,0.6118001341819763,0.007020642515271902,0.40551289916038513,0.6214167475700378,-0.029750529676675797
frame_00060.jpg,0.4428578317165375,0.3444422781467438,-0.2693060040473938,0.44381728768348694,0.33719491958618164,-0.2590387463569641,0.4446083903312683,0.33676591515541077,-0.25920674204826355,0.44531330466270447,0.3364611864089966,-0.25919896364212036,0.43974366784095764,0.3378486633300781,-0.26702815294265747,0.4376663267612457,0.337837278842926,-0.26714888215065,0.43562012910842896,0.3377816081047058,-0.26722055673599243,0.44355830550193787,0.33727988600730896,-0.18279431760311127,0.4317559599876404,0.33868011832237244,-0.2212080955505371,0.4431597590446472,0.3503594696521759,-0.23762759566307068,0.43893957138061523,0.35143670439720154,-0.24908669292926788,0.4532877504825592,0.37022072076797485,-0.10274456441402435,0.41380253434181213,0.3745533227920532,-0.17999404668807983,0.4600249230861664,0.41378310322761536,-0.09722341597080231,0.41171425580978394,0.4256286919116974,-0.19988448917865753,0.46239081025123596,0.4426973760128021,-0.20100057125091553,0.42944273352622986,0.44388288259506226,-0.2541455626487732,0.46361055970191956,0.45164892077445984,-0.22506508231163025,0.4328998923301697,0.44651344418525696,-0.28158310055732727,0.4606969952583313,0.4470515549182892,-0.24111144244670868,0.4344293177127838,0.4370173513889313,-0.28908294439315796,0.45933017134666443,0.4436279535293579,-0.20985047519207,0.4333798289299011,0.43604928255081177,-0.258567214012146,0.4461308419704437,0.4574856460094452,0.02523675560951233,0.42283812165260315,0.46092626452445984,-0.025297220796346664,0.4694562554359436,0.5105043053627014,-0.013746212236583233,0.41937127709388733,0.5330309271812439,-0.06247178837656975,0.47160911560058594,0.5796182751655579,0.07825510203838348,0.409750759601593,0.603876531124115,0.03368514031171799,0.46811336278915405,0.5907152891159058,0.08284522593021393,0.4090794026851654,0.6148089170455933,0.039127737283706665,0.48023074865341187,0.599705696105957,0.01221207994967699,0.408579021692276,0.6254820227622986,-0.036013755947351456
frame_00061.jpg,0.44084540009498596,0.33889636397361755,-0.27483540773391724,0.4430965781211853,0.33088892698287964,-0.26487571001052856,0.4443402886390686,0.33046334981918335,-0.26504185795783997,0.445385605096817,0.3301543593406677,-0.26502081751823425,0.4378975033760071,0.3313288688659668,-0.27373477816581726,0.4358469545841217,0.3311152160167694,-0.2738603949546814,0.4339754581451416,0.33088329434394836,-0.27394184470176697,0.44382256269454956,0.33129027485847473,-0.18897201120853424,0.4303812086582184,0.3317289650440216,-0.2289947271347046,0.44214552640914917,0.34450164437294006,-0.24302545189857483,0.4369933605194092,0.3452533781528473,-0.2554340064525604,0.45368140935897827,0.36382386088371277,-0.10319701582193375,0.41288262605667114,0.36715295910835266,-0.18898643553256989,0.4602099061012268,0.4057421088218689,-0.08849763125181198,0.4124961495399475,0.41619032621383667,-0.21829387545585632,0.4629473090171814,0.4362873136997223,-0.17862576246261597,0.438375860452652,0.43856099247932434,-0.27963122725486755,0.4653279185295105,0.44887596368789673,-0.1990792155265808,0.44650983810424805,0.4446369707584381,-0.310024619102478,0.46285009384155273,0.4445410966873169,-0.2163080871105194,0.44819778203964233,0.4369479715824127,-0.31332001090049744,0.4613723158836365,0.4406687617301941,-0.1872130036354065,0.44521889090538025,0.4340691566467285,-0.28233304619789124,0.4461032450199127,0.45051246881484985,0.026716703549027443,0.4228683114051819,0.45483019948005676,-0.02677713707089424,0.4701945185661316,0.5050824880599976,0.0038527746219187975,0.4161239266395569,0.5232172012329102,-0.06264390051364899,0.4736402630805969,0.568859875202179,0.10930007696151733,0.4188855290412903,0.5892013311386108,0.040444266051054,0.47055983543395996,0.5796173214912415,0.1151658147573471,0.4215920865535736,0.5997676253318787,0.047674283385276794,0.4817311763763428,0.5875185132026672,0.045233555138111115,0.4206089973449707,0.6085919141769409,-0.022926412522792816
frame_00062.jpg,0.44025006890296936,0.335361123085022,-0.26187044382095337,0.4420672357082367,0.32748425006866455,-0.2520373463630676,0.4431754946708679,0.3269925117492676,-0.2521863579750061,0.4440976679325104,0.3266097605228424,-0.2521703839302063,0.43719178438186646,0.32801589369773865,-0.2603225111961365,0.4352177083492279,0.32778531312942505,-0.26044782996177673,0.4334273338317871,0.3274998664855957,-0.2605188488960266,0.4419812560081482,0.32750701904296875,-0.17394329607486725,0.4294911026954651,0.3279213607311249,-0.21256236732006073,0.44114455580711365,0.34084177017211914,-0.22909680008888245,0.4362076222896576,0.3414786159992218,-0.24049434065818787,0.4517817497253418,0.3595487177371979,-0.09244866669178009,0.4126123785972595,0.36129263043403625,-0.15460041165351868,0.45836830139160156,0.402001291513443,-0.0667385458946228,0.4090559482574463,0.40913933515548706,-0.15443985164165497,0.4639950692653656,0.4336509108543396,-0.15037575364112854,0.42231860756874084,0.4436165392398834,-0.20278652012348175,0.4661978781223297,0.4462338984012604,-0.17076894640922546,0.42397579550743103,0.4500960111618042,-0.22713994979858398,0.4642895758152008,0.4428603947162628,-0.19432440400123596,0.42550939321517944,0.44063785672187805,-0.2383946180343628,0.46255144476890564,0.43615666031837463,-0.16126134991645813,0.4254895746707916,0.43484488129615784,-0.20859451591968536,0.44240373373031616,0.4482240676879883,0.02135305292904377,0.42198172211647034,0.4523541331291199,-0.021404843777418137,0.46235689520835876,0.5078579187393188,-0.007632565684616566,0.4168890416622162,0.5197001099586487,-0.042406387627124786,0.47357845306396484,0.5744736194610596,0.07915819436311722,0.4216218888759613,0.5921992659568787,0.060247667133808136,0.4725773334503174,0.5846377611160278,0.08329130709171295,0.42452239990234375,0.6028746962547302,0.06680323928594589,0.47825199365615845,0.5933615565299988,0.008513486944139004,0.42204150557518005,0.6122350096702576,-0.00477661844342947
frame_00063.jpg,0.44186797738075256,0.3339177966117859,-0.23705415427684784,0.443040668964386,0.3258416950702667,-0.22694440186023712,0.443901002407074,0.3252372443675995,-0.22708794474601746,0.4446478486061096,0.3248513638973236,-0.22707152366638184,0.4386973977088928,0.3264772295951843,-0.23472733795642853,0.43679824471473694,0.3262139558792114,-0.23485064506530762,0.4350161552429199,0.3257652819156647,-0.23491740226745605,0.44155558943748474,0.3258057236671448,-0.15166547894477844,0.43086689710617065,0.3261127471923828,-0.18679369986057281,0.4419388771057129,0.33949360251426697,-0.20559391379356384,0.43731656670570374,0.340008407831192,-0.21655268967151642,0.45223507285118103,0.3588162362575531,-0.07726646214723587,0.4121311604976654,0.3599223792552948,-0.13557973504066467,0.4591924548149109,0.40158185362815857,-0.059446681290864944,0.4081331789493561,0.4073351323604584,-0.13842731714248657,0.46410560607910156,0.4338172376155853,-0.148975670337677,0.4221271872520447,0.44305193424224854,-0.1860218048095703,0.46704792976379395,0.4459143579006195,-0.16843828558921814,0.4241017699241638,0.45117393136024475,-0.2099476158618927,0.46524032950401306,0.4423550069332123,-0.18813836574554443,0.42543673515319824,0.44488245248794556,-0.22008080780506134,0.4634859561920166,0.43850287795066833,-0.15827442705631256,0.4252001643180847,0.4403018057346344,-0.1913667917251587,0.4423128068447113,0.4467967748641968,0.019559107720851898,0.42161107063293457,0.45038267970085144,-0.019605787470936775,0.4622712731361389,0.5091823935508728,-0.01039135828614235,0.4169544577598572,0.5188838243484497,-0.04430766403675079,0.4764620363712311,0.5722716450691223,0.07962815463542938,0.4225049912929535,0.5925874710083008,0.05528126284480095,0.4740191400051117,0.5825091600418091,0.08406899869441986,0.4256073534488678,0.6037158370018005,0.06237222999334335,0.48165756464004517,0.5884831547737122,0.01259815227240324,0.4225565791130066,0.6107167601585388,-0.011645883321762085
frame_00064.jpg,0.44203561544418335,0.3291440010070801,-0.20592539012432098,0.4425358176231384,0.32176217436790466,-0.1946917027235031,0.4432559013366699,0.32129061222076416,-0.1948428750038147,0.44387179613113403,0.32093387842178345,-0.19482722878456116,0.43851548433303833,0.3223246932029724,-0.2060827761888504,0.4367665648460388,0.3221707344055176,-0.2062002420425415,0.4351697564125061,0.3219355642795563,-0.20627346634864807,0.4406466484069824,0.32231298089027405,-0.12284576892852783,0.43114060163497925,0.32299333810806274,-0.1741708666086197,0.4418362081050873,0.33521535992622375,-0.176264226436615,0.4378302991390228,0.3354932963848114,-0.19199533760547638,0.4495004713535309,0.3553242087364197,-0.045613549649715424,0.4134296774864197,0.3581845164299011,-0.1371603161096573,0.4580017030239105,0.39669325947761536,-0.017282983288168907,0.4108659625053406,0.4058525264263153,-0.16303902864456177,0.46527910232543945,0.4327397346496582,-0.09077867120504379,0.4416767954826355,0.43729352951049805,-0.20868246257305145,0.467810720205307,0.4430360794067383,-0.10582490265369415,0.44696325063705444,0.4462203085422516,-0.23466625809669495,0.46601396799087524,0.43988266587257385,-0.124354287981987,0.4497433602809906,0.44058406352996826,-0.23933908343315125,0.4644203782081604,0.43639448285102844,-0.09972737729549408,0.4476798474788666,0.4363805949687958,-0.2117503583431244,0.44394955039024353,0.44841206073760986,0.028916507959365845,0.42341795563697815,0.4517635405063629,-0.028978541493415833,0.46591249108314514,0.5099954605102539,0.02436896041035652,0.41562551259994507,0.522623598575592,-0.04465609788894653,0.48214906454086304,0.5705537796020508,0.11643581092357635,0.4225102961063385,0.5924202799797058,0.05700661614537239,0.4824086129665375,0.5810075402259827,0.12148718535900116,0.4255037307739258,0.6032856702804565,0.06417873501777649,0.49262911081314087,0.5849438905715942,0.06095663458108902,0.42228221893310547,0.61223965883255,0.0020382809452712536
frame_00065.jpg,0.4377601742744446,0.329985111951828,-0.20138192176818848,0.4395793080329895,0.32332324981689453,-0.19136084616184235,0.4407994747161865,0.3228561580181122,-0.191507488489151,0.4418625831604004,0.32249611616134644,-0.1914980113506317,0.43525856733322144,0.3237510621547699,-0.19729970395565033,0.4336990714073181,0.3235827088356018,-0.19744017720222473,0.43219804763793945,0.32342633605003357,-0.19752934575080872,0.4414280951023102,0.3235573470592499,-0.12108222395181656,0.42923182249069214,0.32438188791275024,-0.14803677797317505,0.4390488564968109,0.3354416787624359,-0.17253488302230835,0.4351169168949127,0.3355364501476288,-0.18113969266414642,0.451720654964447,0.3557535707950592,-0.05082405358552933,0.4134361743927002,0.3579108417034149,-0.11209551990032196,0.4595127999782562,0.3993038833141327,-0.03088722750544548,0.4110575318336487,0.4049167037010193,-0.12931853532791138,0.46547824144363403,0.4325534701347351,-0.10214495658874512,0.4332115650177002,0.43694445490837097,-0.18417981266975403,0.4675847589969635,0.4434754550457001,-0.1185159683227539,0.4369499683380127,0.4464109241962433,-0.20742297172546387,0.4664844870567322,0.44308507442474365,-0.13494189083576202,0.43985819816589355,0.4418455958366394,-0.21501536667346954,0.4648094177246094,0.43951454758644104,-0.10999870300292969,0.438622385263443,0.43768370151519775,-0.18844743072986603,0.4436017870903015,0.4500138461589813,0.02796522155404091,0.42314642667770386,0.4504622220993042,-0.02808632329106331,0.4386666417121887,0.5185240507125854,0.02157154120504856,0.41650909185409546,0.517865777015686,-0.045879580080509186,0.4297734200954437,0.5778957009315491,0.09175554662942886,0.4160737991333008,0.5839278697967529,0.02663068100810051,0.42651647329330444,0.5850188136100769,0.09527213871479034,0.4155135750770569,0.5931132435798645,0.030559903010725975,0.4314710199832916,0.5986834764480591,0.02686171606183052,0.4197792112827301,0.6063210368156433,-0.037699732929468155
frame_00066.jpg,0.43993479013442993,0.32479751110076904,-0.18490317463874817,0.4422728419303894,0.3182312250137329,-0.1744641661643982,0.443378746509552,0.3178795278072357,-0.17460675537586212,0.44425860047340393,0.3176878094673157,-0.17459578812122345,0.43767720460891724,0.3190487027168274,-0.18451553583145142,0.43605899810791016,0.3191635012626648,-0.18464556336402893,0.43455687165260315,0.31925901770591736,-0.18472281098365784,0.4422754645347595,0.3200109899044037,-0.10745511204004288,0.4315100610256195,0.3209460377693176,-0.1526200920343399,0.4417341351509094,0.3312250077724457,-0.15734897553920746,0.43738842010498047,0.33188560605049133,-0.17131157219409943,0.45222607254981995,0.3550000786781311,-0.03764054551720619,0.41479381918907166,0.35686323046684265,-0.12821991741657257,0.45962008833885193,0.40071478486061096,-0.013921345584094524,0.41227394342422485,0.4066496789455414,-0.14753684401512146,0.4659746587276459,0.43339860439300537,-0.08447827398777008,0.4357592463493347,0.4350178837776184,-0.19743666052818298,0.46870794892311096,0.4459688067436218,-0.09936456382274628,0.4403620660305023,0.4440411627292633,-0.22175562381744385,0.46776166558265686,0.4442787170410156,-0.11712262779474258,0.44376373291015625,0.4386206269264221,-0.2267218828201294,0.4655151963233948,0.4406978487968445,-0.09312190860509872,0.44204649329185486,0.4346650242805481,-0.20044788718223572,0.445448637008667,0.45065125823020935,0.02827278897166252,0.42467936873435974,0.45215874910354614,-0.028364306315779686,0.4463258683681488,0.5186496376991272,0.01831350475549698,0.4161132872104645,0.5208290219306946,-0.056796323508024216,0.43922290205955505,0.5816251039505005,0.09210638701915741,0.41100016236305237,0.5894314050674438,0.011355563066899776,0.43612369894981384,0.590391218662262,0.09546621888875961,0.410513699054718,0.5993030071258545,0.01525592990219593,0.4420791566371918,0.6013111472129822,0.030738845467567444,0.4123275876045227,0.6111482977867126,-0.05254039168357849
frame_00067.jpg,0.4415787160396576,0.32410866022109985,-0.20048853754997253,0.44332408905029297,0.31746143102645874,-0.19012269377708435,0.44432154297828674,0.317068874835968,-0.19027072191238403,0.44517144560813904,0.31682029366493225,-0.1902582347393036,0.43903201818466187,0.3182779550552368,-0.20005938410758972,0.43736085295677185,0.3184170722961426,-0.20018962025642395,0.43578943610191345,0.31854304671287537,-0.20026735961437225,0.44335341453552246,0.31843745708465576,-0.12133806943893433,0.43261289596557617,0.31992343068122864,-0.16577865183353424,0.44286173582077026,0.330377995967865,-0.17206218838691711,0.43859967589378357,0.33100253343582153,-0.18589037656784058,0.45127686858177185,0.35178443789482117,-0.04583454132080078,0.4156187176704407,0.35490575432777405,-0.13998481631278992,0.46038827300071716,0.3958398103713989,-0.016819683834910393,0.4129858911037445,0.4043371081352234,-0.16552473604679108,0.4662933349609375,0.4277779161930084,-0.07930627465248108,0.43997660279273987,0.43433481454849243,-0.2056027352809906,0.47062039375305176,0.4410346746444702,-0.09251552075147629,0.4449087679386139,0.4436555504798889,-0.23091426491737366,0.4696817398071289,0.4387809932231903,-0.11045088618993759,0.4484774172306061,0.4383605122566223,-0.2363983392715454,0.46740788221359253,0.4355968236923218,-0.08774028718471527,0.44655466079711914,0.4343695044517517,-0.20925533771514893,0.4464954435825348,0.4475838243961334,0.03087427094578743,0.42535465955734253,0.4503578841686249,-0.030955273658037186,0.4481765329837799,0.5149609446525574,0.0223783478140831,0.4206060469150543,0.5210481882095337,-0.0595417246222496,0.46245819330215454,0.578921377658844,0.0947931632399559,0.4135342538356781,0.591586172580719,0.009739597328007221,0.4604021906852722,0.5895388126373291,0.09780833125114441,0.41352447867393494,0.6018862128257751,0.013636970892548561,0.4764694273471832,0.595359742641449,0.03586270287632942,0.41290488839149475,0.613357663154602,-0.05230765789747238
frame_00068.jpg,0.44171246886253357,0.3224084675312042,-0.2449556291103363,0.44355449080467224,0.3148297369480133,-0.23526784777641296,0.4447188377380371,0.3141571283340454,-0.2354143112897873,0.44570231437683105,0.31364965438842773,-0.23539941012859344,0.4390791058540344,0.3161608576774597,-0.24152526259422302,0.4374382495880127,0.31627315282821655,-0.24166767299175262,0.4357708990573883,0.31643563508987427,-0.24175825715065002,0.4440818428993225,0.3143092393875122,-0.16044113039970398,0.432892382144928,0.31744831800460815,-0.1886996626853943,0.44318094849586487,0.3279685378074646,-0.21384474635124207,0.4386599659919739,0.328926682472229,-0.22279925644397736,0.45227107405662537,0.3481921851634979,-0.08004054427146912,0.4162127375602722,0.3508222997188568,-0.145404651761055,0.46122628450393677,0.39439213275909424,-0.052114345133304596,0.4130682945251465,0.3985849916934967,-0.16360464692115784,0.4664978086948395,0.4262118637561798,-0.11270616203546524,0.43037280440330505,0.4297603368759155,-0.20710083842277527,0.47064241766929626,0.43629223108291626,-0.12796999514102936,0.43530750274658203,0.4419524371623993,-0.23175470530986786,0.4702743887901306,0.43695083260536194,-0.14704260230064392,0.4382818639278412,0.43776798248291016,-0.2423131763935089,0.4675745964050293,0.4328747093677521,-0.12133149057626724,0.4375104308128357,0.4336456060409546,-0.21337154507637024,0.4488092362880707,0.4423370659351349,0.026618223637342453,0.4269445538520813,0.44624143838882446,-0.026691604405641556,0.46538329124450684,0.5047358274459839,0.0038590990006923676,0.4212110936641693,0.5156155228614807,-0.058330558240413666,0.4785084128379822,0.5701434016227722,0.07646556198596954,0.41434088349342346,0.5837873816490173,0.020962195470929146,0.4767393469810486,0.5809822082519531,0.07945367693901062,0.41437283158302307,0.5934743881225586,0.025860603898763657,0.4885708689689636,0.5884267091751099,0.006585711147636175,0.413140207529068,0.6060924530029297,-0.0418393611907959
frame_00069.jpg,0.44181308150291443,0.32211124897003174,-0.24154384434223175,0.44361430406570435,0.31442001461982727,-0.23151302337646484,0.4447992444038391,0.31371599435806274,-0.23165592551231384,0.4458567500114441,0.3131355345249176,-0.23163919150829315,0.43919262290000916,0.3156285881996155,-0.23848620057106018,0.4376063346862793,0.3156624734401703,-0.23862330615520477,0.43593692779541016,0.31574052572250366,-0.23870949447155,0.44452136754989624,0.3137109577655792,-0.15652307868003845,0.4330340325832367,0.316670686006546,-0.18774911761283875,0.4432900846004486,0.32717400789260864,-0.21035531163215637,0.4388807415962219,0.3280891180038452,-0.22025971114635468,0.453220933675766,0.3475373387336731,-0.07643648982048035,0.41649603843688965,0.3497421145439148,-0.14531835913658142,0.4613378643989563,0.3945724368095398,-0.050225622951984406,0.41303181648254395,0.3979235589504242,-0.15927347540855408,0.4665825366973877,0.4261844754219055,-0.11319100856781006,0.4300386309623718,0.43207988142967224,-0.20825150609016418,0.47094911336898804,0.43402376770973206,-0.1290063112974167,0.43358343839645386,0.44250431656837463,-0.2332555502653122,0.47114700078964233,0.4353522062301636,-0.1476249396800995,0.4363471567630768,0.4383390247821808,-0.24203868210315704,0.4681171476840973,0.43291884660720825,-0.12183012068271637,0.43563809990882874,0.43425044417381287,-0.21335212886333466,0.44977468252182007,0.44061723351478577,0.026328977197408676,0.4274943470954895,0.4451620876789093,-0.026414092630147934,0.475419819355011,0.4961087107658386,0.001613045809790492,0.42052650451660156,0.5167261958122253,-0.05800197273492813,0.49136289954185486,0.5636125802993774,0.07677844911813736,0.41252145171165466,0.5860854387283325,0.0248077604919672,0.49043482542037964,0.575145423412323,0.0800323560833931,0.4124673306941986,0.5961918234825134,0.029783856123685837,0.5005780458450317,0.5817075967788696,0.007291966117918491,0.4133036732673645,0.6078594326972961,-0.045135412365198135
frame_00070.jpg,0.4423816204071045,0.3187125623226166,-0.24754667282104492,0.44408267736434937,0.3113568425178528,-0.23671254515647888,0.4453156590461731,0.31075677275657654,-0.2368646115064621,0.4464253783226013,0.3102489411830902,-0.23684827983379364,0.43943673372268677,0.3125414550304413,-0.24383583664894104,0.43767160177230835,0.312643826007843,-0.24399006366729736,0.435976505279541,0.3126949369907379,-0.24409130215644836,0.44528573751449585,0.3111071288585663,-0.15738920867443085,0.4330655038356781,0.31380048394203186,-0.18921686708927155,0.4442175328731537,0.3241628110408783,-0.214695006608963,0.4395558834075928,0.3247818946838379,-0.2247454673051834,0.45741209387779236,0.34471121430397034,-0.07475822418928146,0.4165836274623871,0.34796884655952454,-0.14520983397960663,0.46264487504959106,0.3914667069911957,-0.050035953521728516,0.41325584053993225,0.39615118503570557,-0.1544998288154602,0.4673345685005188,0.4252789318561554,-0.11452343314886093,0.42683663964271545,0.43190479278564453,-0.20661000907421112,0.4712606966495514,0.4328218400478363,-0.13054576516151428,0.4306790232658386,0.44327816367149353,-0.23143894970417023,0.47170448303222656,0.4342999756336212,-0.14998462796211243,0.4334782660007477,0.4392516314983368,-0.2407994568347931,0.4687179923057556,0.4304291307926178,-0.12352671474218369,0.433088481426239,0.4351188540458679,-0.21160003542900085,0.44924062490463257,0.43984872102737427,0.02420027367770672,0.4276593327522278,0.4410763680934906,-0.02429482527077198,0.463548481464386,0.501014769077301,0.010863094590604305,0.42005258798599243,0.5134038329124451,-0.04931677505373955,0.46938079595565796,0.5652828812599182,0.08446983993053436,0.41331958770751953,0.5786659121513367,0.05136074870824814,0.4670908451080322,0.576938807964325,0.08695794641971588,0.41368889808654785,0.5882190465927124,0.057947419583797455,0.47717347741127014,0.5847275853157043,0.00928964652121067,0.413205623626709,0.6007283329963684,-0.014764661900699139
frame_00071.jpg,0.44570207595825195,0.3134988844394684,-0.25390300154685974,0.4461466670036316,0.30711081624031067,-0.24299463629722595,0.4470680356025696,0.30675366520881653,-0.24315233528614044,0.4479753077030182,0.306427925825119,-0.24313659965991974,0.4423895478248596,0.3081907331943512,-0.25021058320999146,0.44068679213523865,0.3084813058376312,-0.2503647208213806,0.4388057291507721,0.30871155858039856,-0.25046464800834656,0.44633397459983826,0.3086168169975281,-0.16471250355243683,0.4348980486392975,0.31095895171165466,-0.1970522701740265,0.44648855924606323,0.31963402032852173,-0.2217877209186554,0.4428362250328064,0.31998246908187866,-0.23197941482067108,0.46017175912857056,0.34432271122932434,-0.0823209211230278,0.4177362322807312,0.3448285460472107,-0.14910051226615906,0.4647202491760254,0.389527291059494,-0.05192205309867859,0.4132560193538666,0.38869619369506836,-0.1534070074558258,0.47159260511398315,0.42330238223075867,-0.11543389409780502,0.4225742220878601,0.4236273765563965,-0.20303742587566376,0.4731242060661316,0.4293976128101349,-0.130699023604393,0.42255139350891113,0.4332456588745117,-0.22647719085216522,0.473909854888916,0.42900264263153076,-0.15048040449619293,0.42723172903060913,0.4307016432285309,-0.23684772849082947,0.472872793674469,0.4272468388080597,-0.12444943189620972,0.4273098409175873,0.4268316328525543,-0.20814260840415955,0.44786763191223145,0.43548136949539185,0.022779548540711403,0.42789220809936523,0.4348541796207428,-0.022864246740937233,0.44767409563064575,0.5021383166313171,0.01621265895664692,0.42099714279174805,0.4963309168815613,-0.04683380946516991,0.4357089102268219,0.5613083243370056,0.10534055531024933,0.41355806589126587,0.5611715912818909,0.04838552325963974,0.43172669410705566,0.5695050954818726,0.10991475731134415,0.4143010079860687,0.5705758929252625,0.054439932107925415,0.43776458501815796,0.5822445750236511,0.03883839398622513,0.413987398147583,0.5825533270835876,-0.018821094185113907
frame_00072.jpg,0.44620633125305176,0.3117031753063202,-0.2864164710044861,0.4472716748714447,0.30588266253471375,-0.2755575180053711,0.4486105442047119,0.30576881766319275,-0.27571433782577515,0.4499644339084625,0.3056960701942444,-0.2757030129432678,0.44293099641799927,0.30644991993904114,-0.2806318700313568,0.44113779067993164,0.3067420423030853,-0.28078383207321167,0.43931031227111816,0.30703964829444885,-0.2808866500854492,0.4501914381980896,0.3085918128490448,-0.1952904313802719,0.43603938817977905,0.31043189764022827,-0.21783578395843506,0.44808655977249146,0.3185267448425293,-0.25359392166137695,0.4435804784297943,0.3186597228050232,-0.2609342038631439,0.46322450041770935,0.3463297188282013,-0.10862978547811508,0.41925063729286194,0.34570056200027466,-0.16285815834999084,0.46614426374435425,0.3922972083091736,-0.07848932594060898,0.41331642866134644,0.3918825387954712,-0.1611509472131729,0.4720323085784912,0.42560890316963196,-0.1445504128932953,0.42448148131370544,0.4262608289718628,-0.21606020629405975,0.47462472319602966,0.4313206672668457,-0.16223445534706116,0.4267440438270569,0.4367092251777649,-0.24044522643089294,0.4742429852485657,0.43082794547080994,-0.1807563751935959,0.43033939599990845,0.4331744909286499,-0.25185635685920715,0.47259125113487244,0.4293837547302246,-0.15297654271125793,0.4300260543823242,0.429087370634079,-0.2215699702501297,0.44802647829055786,0.43536773324012756,0.021457532420754433,0.427950918674469,0.4361255466938019,-0.021534152328968048,0.4541955888271332,0.5031394362449646,0.0007990406593307853,0.4231320917606354,0.49878862500190735,-0.04469326138496399,0.4466080069541931,0.5643187165260315,0.0962284579873085,0.4144534170627594,0.5630152821540833,0.062227338552474976,0.44256967306137085,0.5729361176490784,0.10097946971654892,0.41467222571372986,0.5721508264541626,0.06939850747585297,0.4501373767852783,0.5851909518241882,0.02921033278107643,0.41808658838272095,0.5841602087020874,-0.009191465564072132
frame_00073.jpg,0.44733986258506775,0.3152800500392914,-0.288839191198349,0.4488503038883209,0.30898699164390564,-0.27882474660873413,0.45009368658065796,0.3086376190185547,-0.27899083495140076,0.4512854516506195,0.3082970976829529,-0.2789831757545471,0.4445297122001648,0.3099082410335541,-0.28473183512687683,0.4427371025085449,0.31014397740364075,-0.2848854660987854,0.4411768913269043,0.3103559911251068,-0.28499507904052734,0.4509733319282532,0.31053003668785095,-0.20087847113609314,0.4380652904510498,0.3129517436027527,-0.22733978927135468,0.44901353120803833,0.3218790888786316,-0.25672101974487305,0.4447188377380371,0.3222808837890625,-0.26520249247550964,0.46304455399513245,0.34859994053840637,-0.11302559077739716,0.4213290214538574,0.34786853194236755,-0.1752377301454544,0.46692952513694763,0.39517223834991455,-0.08260289579629898,0.4133581221103668,0.39405539631843567,-0.18241818249225616,0.4724462926387787,0.42772728204727173,-0.15471765398979187,0.42312708497047424,0.4281339645385742,-0.2466876208782196,0.47516483068466187,0.43938204646110535,-0.173127219080925,0.42511072754859924,0.4384160339832306,-0.2735516130924225,0.4743552803993225,0.4366092085838318,-0.19252538681030273,0.4277656674385071,0.4346769154071808,-0.2851010859012604,0.4724868834018707,0.43360137939453125,-0.16371431946754456,0.42788782715797424,0.4306146204471588,-0.2526310682296753,0.4468730390071869,0.43599238991737366,0.021434782072901726,0.42768850922584534,0.43899115920066833,-0.021513530984520912,0.43642354011535645,0.5085815191268921,0.022014295682311058,0.4214577078819275,0.5025909543037415,-0.04036783054471016,0.4281754493713379,0.5710426568984985,0.1185968890786171,0.41327911615371704,0.5679418444633484,0.060638587921857834,0.4239558279514313,0.57876056432724,0.12325514853000641,0.4122917652130127,0.5772582292556763,0.06695987284183502,0.43052539229393005,0.5917769074440002,0.043781209737062454,0.4161972999572754,0.588857114315033,-0.013265864923596382
frame_00074.jpg,0.44720658659935,0.32100924849510193,-0.28377971053123474,0.4488334655761719,0.3145733177661896,-0.2747552990913391,0.4500662684440613,0.31430521607398987,-0.2749219834804535,0.45124658942222595,0.3141552805900574,-0.2749188244342804,0.4445389211177826,0.3151029050350189,-0.277612566947937,0.4428655505180359,0.31514862179756165,-0.27776244282722473,0.4413474500179291,0.3151956796646118,-0.2778701186180115,0.45099717378616333,0.3160877227783203,-0.20104467868804932,0.4388457238674164,0.3171035051345825,-0.21443410217761993,0.4488013684749603,0.3284324109554291,-0.2532826066017151,0.4445221424102783,0.3284735679626465,-0.2577618360519409,0.4633331894874573,0.35641008615493774,-0.12382598221302032,0.42240530252456665,0.352012574672699,-0.16991212964057922,0.4669300615787506,0.4001031219959259,-0.11071115732192993,0.4133054316043854,0.39708396792411804,-0.15821029245853424,0.47152382135391235,0.4281958341598511,-0.1905803382396698,0.4189615249633789,0.4301319122314453,-0.24491456151008606,0.4740152955055237,0.43964385986328125,-0.21264931559562683,0.4196518063545227,0.44089290499687195,-0.2676410973072052,0.47223377227783203,0.4364076554775238,-0.2292274534702301,0.4217480719089508,0.4386071562767029,-0.26717814803123474,0.4705415368080139,0.43324270844459534,-0.19867780804634094,0.4226049482822418,0.4346608519554138,-0.23933283984661102,0.44675126671791077,0.44041433930397034,0.013719802722334862,0.4266189932823181,0.44034525752067566,-0.0137861343100667,0.4392748475074768,0.5157274007797241,0.02122611179947853,0.42011767625808716,0.5055235624313354,-0.027860328555107117,0.4307778775691986,0.5745534300804138,0.11958998441696167,0.4136418402194977,0.5696823596954346,0.07054954767227173,0.4275553822517395,0.5821643471717834,0.12456768751144409,0.4129306674003601,0.5789196491241455,0.07674988359212875,0.4324204921722412,0.5944646596908569,0.04839719086885452,0.41581597924232483,0.5901681780815125,0.0005909186438657343
frame_00075.jpg,0.44712790846824646,0.3261029124259949,-0.2830122113227844,0.4487326741218567,0.31847551465034485,-0.27395421266555786,0.4500202238559723,0.31835052371025085,-0.27411627769470215,0.45123767852783203,0.31835588812828064,-0.2741076350212097,0.4444330334663391,0.3185597360134125,-0.2766706645488739,0.4427395462989807,0.31848379969596863,-0.276825487613678,0.44120311737060547,0.3184412121772766,-0.2769334614276886,0.45138686895370483,0.3200007379055023,-0.19867636263370514,0.43899330496788025,0.3199101686477661,-0.21116530895233154,0.4487408697605133,0.3333117365837097,-0.25176334381103516,0.4444921016693115,0.33330973982810974,-0.256094366312027,0.4632108807563782,0.35862815380096436,-0.11771538108587265,0.4230009913444519,0.3536732494831085,-0.16639739274978638,0.46693795919418335,0.4025197923183441,-0.10491885244846344,0.41296443343162537,0.3983715772628784,-0.1558670699596405,0.4707951545715332,0.42971912026405334,-0.18602827191352844,0.4185376763343811,0.43099355697631836,-0.2330152541399002,0.47234588861465454,0.4397674798965454,-0.20764295756816864,0.41928768157958984,0.4412485957145691,-0.25624966621398926,0.47043389081954956,0.4360174238681793,-0.22426752746105194,0.42168885469436646,0.4394315183162689,-0.26263147592544556,0.4689107835292816,0.43282386660575867,-0.19417090713977814,0.4223974347114563,0.4354963004589081,-0.2326393872499466,0.44616493582725525,0.44672659039497375,0.014122463762760162,0.42621326446533203,0.4423232972621918,-0.01419319398701191,0.43256840109825134,0.5162917971611023,0.02385575883090496,0.42103347182273865,0.5057528018951416,-0.029177015647292137,0.42761000990867615,0.578845739364624,0.11845723539590836,0.413390576839447,0.5719614624977112,0.060852210968732834,0.4239311218261719,0.5871343016624451,0.12287841737270355,0.4125891327857971,0.5813655257225037,0.06812773644924164,0.42944398522377014,0.5976908802986145,0.04441874474287033,0.4152525067329407,0.5925150513648987,-0.013328634202480316
frame_00076.jpg,0.44713902473449707,0.33025121688842773,-0.28290683031082153,0.4491536617279053,0.3225945234298706,-0.273751437664032,0.4505726397037506,0.32253897190093994,-0.2739129960536957,0.4518812298774719,0.32259660959243774,-0.27389854192733765,0.4446137547492981,0.3225530683994293,-0.2770810127258301,0.44296351075172424,0.32249486446380615,-0.27723923325538635,0.44146329164505005,0.3224807381629944,-0.27734631299972534,0.4524025022983551,0.3242633044719696,-0.19805897772312164,0.43948525190353394,0.3241038918495178,-0.212761789560318,0.44883736968040466,0.33733686804771423,-0.25145673751831055,0.44442620873451233,0.33727505803108215,-0.2565910220146179,0.4635848104953766,0.3631422221660614,-0.11517851054668427,0.42325377464294434,0.35800203680992126,-0.16117042303085327,0.4668658673763275,0.4085625112056732,-0.1081031933426857,0.4127023220062256,0.40412384271621704,-0.15710999071598053,0.4693465828895569,0.43152639269828796,-0.1984999030828476,0.41895174980163574,0.4372096657752991,-0.22999568283557892,0.469824880361557,0.43987131118774414,-0.22105088829994202,0.4194561541080475,0.4465585947036743,-0.25296512246131897,0.4685608744621277,0.43542030453681946,-0.23718354105949402,0.42146340012550354,0.44461727142333984,-0.2603825330734253,0.46740999817848206,0.43248265981674194,-0.2067243605852127,0.4220714569091797,0.44066259264945984,-0.23016425967216492,0.4427427351474762,0.452006995677948,0.015424005687236786,0.4243698716163635,0.44854894280433655,-0.01549768727272749,0.429727703332901,0.5205681920051575,0.03185013681650162,0.42024120688438416,0.510743260383606,-0.03453819826245308,0.4257842004299164,0.5840732455253601,0.13213784992694855,0.40818047523498535,0.5730218887329102,0.05731889605522156,0.4222075045108795,0.5921229720115662,0.13722743093967438,0.4066700041294098,0.5819106698036194,0.06249381974339485,0.4275147020816803,0.6035449504852295,0.05901198461651802,0.40996283292770386,0.5931341052055359,-0.02399836853146553
frame_00077.jpg,0.4470798075199127,0.33039987087249756,-0.27501145005226135,0.44908708333969116,0.3230854272842407,-0.26862841844558716,0.450535386800766,0.32302913069725037,-0.26882871985435486,0.4518968462944031,0.3230876624584198,-0.26882296800613403,0.44456225633621216,0.3231283724308014,-0.26817983388900757,0.4429388642311096,0.32309088110923767,-0.26833608746528625,0.4414471983909607,0.32306230068206787,-0.2684532701969147,0.4525815546512604,0.3249206244945526,-0.1906772255897522,0.4393816590309143,0.3247588872909546,-0.2050008326768875,0.448769748210907,0.3374176025390625,-0.2494434416294098,0.44433388113975525,0.33748504519462585,-0.24875836074352264,0.46334511041641235,0.363514244556427,-0.10926917940378189,0.4230082631111145,0.3596590757369995,-0.15384069085121155,0.46588319540023804,0.40938761830329895,-0.09911051392555237,0.4112936854362488,0.4065670371055603,-0.1510583609342575,0.46898722648620605,0.4288085997104645,-0.18394038081169128,0.420354425907135,0.4375999867916107,-0.213113471865654,0.4695698320865631,0.4340755343437195,-0.20531423389911652,0.4213116765022278,0.4468154013156891,-0.23793812096118927,0.46878963708877563,0.42817986011505127,-0.22092291712760925,0.42362967133522034,0.44411394000053406,-0.24827614426612854,0.46753016114234924,0.42592230439186096,-0.19186682999134064,0.42403680086135864,0.4401318430900574,-0.21798262000083923,0.44250398874282837,0.45103687047958374,0.01609911397099495,0.423510879278183,0.4485319256782532,-0.0161689892411232,0.4291480481624603,0.5189104676246643,0.04776133596897125,0.4204370975494385,0.5095304250717163,-0.023566000163555145,0.4237460196018219,0.576854407787323,0.15691113471984863,0.40951094031333923,0.5688559412956238,0.07722598314285278,0.41980162262916565,0.5836269855499268,0.1634349226951599,0.4084349274635315,0.5772707462310791,0.08405418694019318,0.4259859025478363,0.5966141819953918,0.09473378956317902,0.41078901290893555,0.590154767036438,0.011629287153482437
frame_00078.jpg,0.4475098252296448,0.33023199439048767,-0.25626128911972046,0.4491152763366699,0.32305827736854553,-0.24854616820812225,0.4504774510860443,0.32291078567504883,-0.24872782826423645,0.45180192589759827,0.32289421558380127,-0.24873073399066925,0.44458189606666565,0.32337695360183716,-0.25191861391067505,0.4428955912590027,0.32342109084129333,-0.25205737352371216,0.4413996636867523,0.3234521746635437,-0.25215768814086914,0.45185595750808716,0.3247550129890442,-0.1827271729707718,0.43901094794273376,0.32520121335983276,-0.1990915685892105,0.4488198757171631,0.33708855509757996,-0.22983567416667938,0.4444393515586853,0.33752694725990295,-0.23458537459373474,0.4633120596408844,0.36389270424842834,-0.10880608856678009,0.4209772050380707,0.3609989583492279,-0.14811372756958008,0.46429166197776794,0.4105711877346039,-0.10205767303705215,0.41116946935653687,0.4085230231285095,-0.1451752632856369,0.4663335382938385,0.43201330304145813,-0.18802852928638458,0.42393141984939575,0.4374547600746155,-0.19857969880104065,0.4665871262550354,0.4369705617427826,-0.2098642885684967,0.4269505441188812,0.4466649293899536,-0.22224661707878113,0.46538272500038147,0.4286959767341614,-0.22399885952472687,0.4286198616027832,0.443368136882782,-0.23300476372241974,0.4641699194908142,0.42639127373695374,-0.19527718424797058,0.4281284809112549,0.43911540508270264,-0.2041863650083542,0.4411540627479553,0.4505245089530945,0.015738006681203842,0.4229612350463867,0.44743964076042175,-0.01578599587082863,0.425908625125885,0.5185219645500183,0.044520169496536255,0.41819411516189575,0.5083124041557312,-0.0416630394756794,0.41953080892562866,0.5768665671348572,0.1435655802488327,0.40935415029525757,0.5706555843353271,0.04079503193497658,0.4157264232635498,0.5836894512176514,0.14893271028995514,0.40840721130371094,0.5795091986656189,0.045880138874053955,0.42122092843055725,0.5972002148628235,0.0799669548869133,0.4093368947505951,0.5916635990142822,-0.026502305641770363
frame_00079.jpg,0.4456543028354645,0.33087846636772156,-0.2690325677394867,0.44702544808387756,0.32356396317481995,-0.26074060797691345,0.44831785559654236,0.3233172297477722,-0.26091042160987854,0.4495255947113037,0.3232392370700836,-0.26091206073760986,0.4421122670173645,0.32425612211227417,-0.2657138407230377,0.4401448667049408,0.3243083655834198,-0.26586562395095825,0.4382753372192383,0.32431337237358093,-0.26596930623054504,0.44931429624557495,0.3248670995235443,-0.18977618217468262,0.4355088174343109,0.3256164789199829,-0.21202702820301056,0.4467148780822754,0.33747002482414246,-0.23964016139507294,0.4419781267642975,0.33845049142837524,-0.2467154711484909,0.4606668949127197,0.3640459179878235,-0.11098720878362656,0.4175906181335449,0.3609429597854614,-0.15968330204486847,0.4601938724517822,0.41072529554367065,-0.10468186438083649,0.4060966968536377,0.4095080494880676,-0.1567898988723755,0.4630959928035736,0.4338582754135132,-0.19775742292404175,0.41331514716148376,0.44454288482666016,-0.2108185589313507,0.464216947555542,0.4458441436290741,-0.22013211250305176,0.4150077700614929,0.4600735008716583,-0.23511651158332825,0.4632644057273865,0.4385685920715332,-0.23666591942310333,0.41732344031333923,0.4576713442802429,-0.24917271733283997,0.4616874158382416,0.43577030301094055,-0.20617656409740448,0.4179033637046814,0.4528774619102478,-0.21768870949745178,0.4377003610134125,0.45008981227874756,0.017474764958024025,0.41713947057724,0.4472990036010742,-0.0175141803920269,0.42318791151046753,0.5179116725921631,0.038139473646879196,0.4160786271095276,0.5098057985305786,-0.06159657984972,0.4101296067237854,0.5785163044929504,0.1349886953830719,0.40840110182762146,0.574047863483429,0.021148759871721268,0.40606561303138733,0.5847637057304382,0.1401699185371399,0.4067644476890564,0.5817254781723022,0.026255086064338684,0.40922030806541443,0.600744366645813,0.0709349513053894,0.4098992943763733,0.5979834794998169,-0.04759492725133896
frame_00080.jpg,0.4454599916934967,0.32916608452796936,-0.1927407681941986,0.44604215025901794,0.3225609362125397,-0.18135255575180054,0.44688090682029724,0.322409987449646,-0.18149611353874207,0.4476814270019531,0.3223966062068939,-0.1814875304698944,0.44177278876304626,0.32279902696609497,-0.19050338864326477,0.43993622064590454,0.32267481088638306,-0.1906590610742569,0.438190758228302,0.32253581285476685,-0.19075652956962585,0.4460064768791199,0.3239987790584564,-0.10828317701816559,0.43518203496932983,0.3239040672779083,-0.1495571732521057,0.44584646821022034,0.33532506227493286,-0.16292704641819,0.4417310655117035,0.33645790815353394,-0.17570950090885162,0.4556872844696045,0.36332792043685913,-0.03344796970486641,0.41577595472335815,0.35997316241264343,-0.12074599415063858,0.45568904280662537,0.40944287180900574,-0.019859489053487778,0.40327659249305725,0.40903201699256897,-0.13088782131671906,0.4605191648006439,0.43378299474716187,-0.11287613958120346,0.4126459062099457,0.44320088624954224,-0.17816396057605743,0.4618627429008484,0.44537821412086487,-0.13165676593780518,0.41574257612228394,0.4578796923160553,-0.20258302986621857,0.46039777994155884,0.4389190673828125,-0.14921317994594574,0.41861492395401,0.4548552930355072,-0.21064229309558868,0.4598220884799957,0.43635812401771545,-0.12199874967336655,0.4185686707496643,0.4499518573284149,-0.18241146206855774,0.4355902075767517,0.45147284865379333,0.025396183133125305,0.41470450162887573,0.448689728975296,-0.02545984648168087,0.4185546934604645,0.5209272503852844,0.04234113544225693,0.4133579134941101,0.5148779153823853,-0.05866118147969246,0.40854930877685547,0.5867645740509033,0.12954823672771454,0.4084106385707855,0.5865809917449951,0.017768027260899544,0.4051149785518646,0.5942277312278748,0.13456276059150696,0.40736737847328186,0.5967755913734436,0.022267237305641174,0.4076254367828369,0.6090158820152283,0.06574241071939468,0.4096856713294983,0.6084018349647522,-0.04774155467748642
frame_00081.jpg,0.44527000188827515,0.3289603590965271,-0.2162301242351532,0.44546812772750854,0.3223329484462738,-0.20512056350708008,0.4461654722690582,0.3221901059150696,-0.20527450740337372,0.44679325819015503,0.3221415877342224,-0.20526519417762756,0.44154590368270874,0.3225640058517456,-0.21434947848320007,0.43970999121665955,0.3224408030509949,-0.21449904143810272,0.4379577040672302,0.322301983833313,-0.2145920991897583,0.4447879195213318,0.32372525334358215,-0.13070636987686157,0.4345466196537018,0.3236425817012787,-0.17171284556388855,0.4454829692840576,0.334650456905365,-0.18574582040309906,0.4416424334049225,0.33606746792793274,-0.19860078394412994,0.45415377616882324,0.3627828359603882,-0.05281960964202881,0.4144269526004791,0.3597421646118164,-0.1342213749885559,0.4547535479068756,0.4072757363319397,-0.04335581138730049,0.4025610387325287,0.4084734618663788,-0.13259252905845642,0.4616464674472809,0.4332866668701172,-0.14031967520713806,0.41181835532188416,0.4435858130455017,-0.19420738518238068,0.46342867612838745,0.4426322877407074,-0.16023653745651245,0.41571611166000366,0.459162175655365,-0.21904131770133972,0.4615232050418854,0.4376946687698364,-0.17728008329868317,0.41860508918762207,0.4558529257774353,-0.22883395850658417,0.4612482190132141,0.4357021152973175,-0.1490909457206726,0.4184199273586273,0.4508498013019562,-0.19932125508785248,0.435009628534317,0.451159805059433,0.028026863932609558,0.41370052099227905,0.44898223876953125,-0.028078719973564148,0.41945987939834595,0.5202894806861877,0.05231166630983353,0.4118693768978119,0.5163640379905701,-0.06068415567278862,0.4083331227302551,0.5848062634468079,0.15277576446533203,0.40845662355422974,0.5860207080841064,0.023111717775464058,0.40468135476112366,0.592591404914856,0.15865249931812286,0.4074420928955078,0.5957686305046082,0.028290292248129845,0.4084092974662781,0.6063569784164429,0.094411201775074,0.4100379943847656,0.6075688004493713,-0.04317627102136612
frame_00082.jpg,0.4452919363975525,0.32758718729019165,-0.1377669870853424,0.44516468048095703,0.3210584819316864,-0.1264658272266388,0.4456769824028015,0.32088881731033325,-0.12659300863742828,0.4461171627044678,0.32076653838157654,-0.12659326195716858,0.4415319561958313,0.3210693597793579,-0.13611581921577454,0.43970608711242676,0.3208908140659332,-0.13627435266971588,0.43794554471969604,0.32072702050209045,-0.13636311888694763,0.4436146318912506,0.3221769630908966,-0.06065785884857178,0.4340597689151764,0.3222595155239105,-0.10385695844888687,0.44529038667678833,0.333123117685318,-0.11107810586690903,0.44162410497665405,0.3340957462787628,-0.12442319095134735,0.4534915089607239,0.36244484782218933,0.0004519742797128856,0.4135158658027649,0.35827216506004333,-0.08508189022541046,0.454662561416626,0.40650656819343567,0.013704687356948853,0.40328702330589294,0.40767398476600647,-0.10035437345504761,0.46030062437057495,0.43590623140335083,-0.06565304100513458,0.41058340668678284,0.4432160258293152,-0.14376889169216156,0.4623301029205322,0.44888797402381897,-0.08056500554084778,0.4131256639957428,0.4578418433666229,-0.1643916368484497,0.46161049604415894,0.44471025466918945,-0.0978463813662529,0.41631898283958435,0.4548353850841522,-0.1725887805223465,0.46019086241722107,0.44147828221321106,-0.07437550276517868,0.41660863161087036,0.4500441253185272,-0.147845059633255,0.4345424771308899,0.4539167582988739,0.026140019297599792,0.41289615631103516,0.45069658756256104,-0.02619892917573452,0.4153640866279602,0.5242131352424622,0.0010284478776156902,0.4107009768486023,0.51976078748703,-0.06832273304462433,0.3917800784111023,0.6020624041557312,0.028981110081076622,0.40945321321487427,0.605319619178772,-0.02277824468910694,0.38974443078041077,0.6109292507171631,0.027628403156995773,0.41051560640335083,0.6184648275375366,-0.02131807431578636,0.39231616258621216,0.6256808042526245,-0.0389547161757946,0.41013583540916443,0.6275315880775452,-0.08538694679737091
frame_00083.jpg,0.4412287771701813,0.32758772373199463,-0.15334148705005646,0.4428885877132416,0.3210398554801941,-0.14215321838855743,0.44396376609802246,0.3208971917629242,-0.1422896534204483,0.44490838050842285,0.3208325207233429,-0.14228472113609314,0.4383954405784607,0.3209918141365051,-0.14874984323978424,0.4365171790122986,0.32065409421920776,-0.14890511333942413,0.43469852209091187,0.3203200399875641,-0.14900115132331848,0.44395971298217773,0.3222646117210388,-0.07317746430635452,0.43125271797180176,0.3216399550437927,-0.10283281654119492,0.442251056432724,0.3331252336502075,-0.1253892034292221,0.43773502111434937,0.33402442932128906,-0.13484981656074524,0.4539298117160797,0.36244991421699524,-0.011789456941187382,0.4110140800476074,0.3573717176914215,-0.07500049471855164,0.45602983236312866,0.4063872694969177,-0.005273343063890934,0.4029436707496643,0.4074779450893402,-0.08623818308115005,0.4609411358833313,0.43833816051483154,-0.0916859433054924,0.4119260907173157,0.4446862041950226,-0.13533146679401398,0.46247005462646484,0.4495830833911896,-0.10973618924617767,0.41417255997657776,0.4585895836353302,-0.1569281816482544,0.4616582989692688,0.44756457209587097,-0.1254391223192215,0.41820400953292847,0.45570695400238037,-0.16585946083068848,0.45978108048439026,0.4427114427089691,-0.09971904754638672,0.4183897078037262,0.4511045813560486,-0.13991424441337585,0.43536853790283203,0.4562912881374359,0.02357691153883934,0.41300302743911743,0.45223528146743774,-0.02367984503507614,0.41331228613853455,0.5283092260360718,0.010275878012180328,0.4100438058376312,0.5230238437652588,-0.07519916445016861,0.3984467387199402,0.6036665439605713,0.06630314886569977,0.406627357006073,0.6022483706474304,-0.006080063059926033,0.394834041595459,0.612529456615448,0.06774681061506271,0.4069804251194,0.6131077408790588,-0.0018236571922898293,0.39585739374160767,0.6270214915275574,-0.0014254709240049124,0.4056127071380615,0.6268944144248962,-0.06765319406986237
frame_00084.jpg,0.43908968567848206,0.3270265758037567,-0.19157026708126068,0.4410986006259918,0.32068565487861633,-0.1806441843509674,0.44251805543899536,0.32064568996429443,-0.1807888150215149,0.4438621401786804,0.32066965103149414,-0.18078535795211792,0.43647369742393494,0.32040297985076904,-0.1862461268901825,0.4346897602081299,0.3200763761997223,-0.1863991916179657,0.43291324377059937,0.3197818696498871,-0.18649643659591675,0.44412073493003845,0.32223886251449585,-0.10849366337060928,0.43015265464782715,0.3215275704860687,-0.13244684040546417,0.44076523184776306,0.3328414559364319,-0.16220901906490326,0.436129629611969,0.33369719982147217,-0.17036190629005432,0.4541972279548645,0.3637625277042389,-0.03984377533197403,0.41104656457901,0.3573969602584839,-0.09450273960828781,0.45658254623413086,0.4080715775489807,-0.02813965082168579,0.4027250409126282,0.4065403938293457,-0.10443166643381119,0.46098771691322327,0.4406779706478119,-0.11397235095500946,0.41117072105407715,0.4441530406475067,-0.1621214598417282,0.46166858077049255,0.4523472189903259,-0.133560910820961,0.4130668044090271,0.4574522078037262,-0.18629056215286255,0.46114468574523926,0.44943365454673767,-0.15020868182182312,0.41707974672317505,0.4549131989479065,-0.19610491394996643,0.4591529965400696,0.4458222985267639,-0.1223694458603859,0.41720014810562134,0.45021721720695496,-0.1674404889345169,0.4359401762485504,0.45752230286598206,0.020034680142998695,0.4137619137763977,0.45429089665412903,-0.020138615742325783,0.41608452796936035,0.5315277576446533,0.006660908460617065,0.4082169532775879,0.5324979424476624,-0.06629335135221481,0.4063802659511566,0.599636971950531,0.07571129500865936,0.40715187788009644,0.6075613498687744,0.008021693676710129,0.4029548764228821,0.6082697510719299,0.08817596733570099,0.40852952003479004,0.6148506999015808,0.012200718745589256,0.40583881735801697,0.6225720047950745,0.005628195591270924,0.40430140495300293,0.6349964737892151,-0.06377866864204407
frame_00085.jpg,0.43781518936157227,0.32991960644721985,-0.22332966327667236,0.44048285484313965,0.3230878710746765,-0.21359798312187195,0.44218435883522034,0.3230748772621155,-0.21374475955963135,0.4437313675880432,0.323254257440567,-0.21374185383319855,0.4355861246585846,0.32217034697532654,-0.21691212058067322,0.4338633418083191,0.32161745429039,-0.21707458794116974,0.43216079473495483,0.321107417345047,-0.21716873347759247,0.4444285035133362,0.3247474730014801,-0.14065560698509216,0.4294807016849518,0.32225891947746277,-0.15312527120113373,0.43986645340919495,0.33658158779144287,-0.19313295185565948,0.43501996994018555,0.3366827070713043,-0.19836851954460144,0.4542103707790375,0.36553239822387695,-0.068117655813694,0.41121402382850647,0.3574451208114624,-0.1059364527463913,0.4570872187614441,0.4092136323451996,-0.058396197855472565,0.4031333923339844,0.40600380301475525,-0.11557688564062119,0.4602762758731842,0.44424569606781006,-0.14284619688987732,0.4081655442714691,0.4437713325023651,-0.17949828505516052,0.460725873708725,0.45366039872169495,-0.16367529332637787,0.4085775315761566,0.45679786801338196,-0.20332300662994385,0.45905131101608276,0.44955891370773315,-0.17973752319812775,0.4112216830253601,0.4543132781982422,-0.21709156036376953,0.45783981680870056,0.4465239644050598,-0.1507503092288971,0.41238588094711304,0.4500669538974762,-0.18673381209373474,0.43642958998680115,0.45668524503707886,0.01927059330046177,0.4131530821323395,0.4537864625453949,-0.019375868141651154,0.41861453652381897,0.5288438200950623,-0.0105976527556777,0.4073595404624939,0.5281528830528259,-0.10277143865823746,0.3962455093860626,0.598100483417511,0.0748789831995964,0.40065890550613403,0.6041116118431091,-0.03660712391138077,0.39069613814353943,0.6061139702796936,0.07995427399873734,0.3993479907512665,0.613762617111206,-0.0333050861954689,0.3947347402572632,0.6199517846107483,0.0052627865225076675,0.4010660648345947,0.6272684335708618,-0.1154332160949707
frame_00086.jpg,0.4378605782985687,0.3306046724319458,-0.2440280169248581,0.4406214654445648,0.32390910387039185,-0.233859583735466,0.44232994318008423,0.3239298462867737,-0.234004944562912,0.44386935234069824,0.3240799903869629,-0.2340029925107956,0.43570223450660706,0.322956919670105,-0.23860172927379608,0.4339599013328552,0.32234445214271545,-0.23875615000724792,0.43222489953041077,0.3217611610889435,-0.23883691430091858,0.4445874094963074,0.3254064917564392,-0.15900784730911255,0.4292730689048767,0.32255810499191284,-0.18063652515411377,0.43979397416114807,0.3373223543167114,-0.21300847828388214,0.4349609911441803,0.337237685918808,-0.22027651965618134,0.4541509747505188,0.3665364980697632,-0.08249257504940033,0.41077566146850586,0.3578260838985443,-0.13453242182731628,0.45613837242126465,0.40913620591163635,-0.07050619274377823,0.40254321694374084,0.4047967493534088,-0.15479357540607452,0.45917683839797974,0.4430183470249176,-0.15284177660942078,0.40638670325279236,0.4432055354118347,-0.22967958450317383,0.45922285318374634,0.4561333954334259,-0.1726442277431488,0.4069153666496277,0.45343637466430664,-0.2559319734573364,0.4571000039577484,0.4500220715999603,-0.1890062689781189,0.4094567894935608,0.4501805603504181,-0.2666892111301422,0.4560626447200775,0.44741055369377136,-0.16080959141254425,0.4102153182029724,0.4466148912906647,-0.23567083477973938,0.4360429644584656,0.45488154888153076,0.02191908285021782,0.4125540852546692,0.4523150622844696,-0.022015448659658432,0.4304177165031433,0.5065637826919556,-0.03215030953288078,0.4059530794620514,0.5257898569107056,-0.13229280710220337,0.4028186798095703,0.5510934591293335,0.08096294105052948,0.39841800928115845,0.601096510887146,-0.08022157102823257,0.3979094624519348,0.5582377314567566,0.08780383318662643,0.39591023325920105,0.6147893667221069,-0.07848465442657471,0.399681031703949,0.5631141662597656,0.015413750894367695,0.4009876251220703,0.6238841414451599,-0.1650385558605194
frame_00087.jpg,0.4377710223197937,0.3311105966567993,-0.24569782614707947,0.44071120023727417,0.3243974447250366,-0.23555311560630798,0.44245919585227966,0.32443729043006897,-0.23570291697978973,0.4440128207206726,0.3245845437049866,-0.2357020080089569,0.4356754422187805,0.32342761754989624,-0.24016106128692627,0.433905690908432,0.322793185710907,-0.24031297862529755,0.43214625120162964,0.3221784234046936,-0.24039427936077118,0.4447212815284729,0.32583320140838623,-0.1611308455467224,0.42903947830200195,0.3228141963481903,-0.18253333866596222,0.4396918714046478,0.3379366993904114,-0.21490316092967987,0.4347650408744812,0.3376566469669342,-0.2220172882080078,0.4541928768157959,0.3672547936439514,-0.0856199562549591,0.41044649481773376,0.3583342134952545,-0.13687367737293243,0.4559311866760254,0.4093800485134125,-0.07624009251594543,0.40219298005104065,0.4042060971260071,-0.15461842715740204,0.4586566984653473,0.4424930512905121,-0.16166560351848602,0.4058510363101959,0.4431365728378296,-0.22743797302246094,0.45769166946411133,0.4548831880092621,-0.18213310837745667,0.40583816170692444,0.4527947008609772,-0.2535865902900696,0.4562618136405945,0.449910044670105,-0.19818830490112305,0.40818801522254944,0.44948211312294006,-0.2646608352661133,0.4553791880607605,0.4471716582775116,-0.16961044073104858,0.40895184874534607,0.4460475742816925,-0.23357680439949036,0.4356587529182434,0.4542320668697357,0.022531889379024506,0.41216665506362915,0.45170143246650696,-0.02262176387012005,0.4312281608581543,0.5054259896278381,-0.02468886412680149,0.40519675612449646,0.5246375799179077,-0.12881535291671753,0.40408578515052795,0.5482405424118042,0.09193861484527588,0.39793115854263306,0.5994388461112976,-0.07077096402645111,0.3980258107185364,0.5549809336662292,0.1025911346077919,0.39560845494270325,0.6141762137413025,-0.06830047070980072,0.4040684103965759,0.5609106421470642,0.04339604824781418,0.4003503918647766,0.6224657297134399,-0.15279605984687805
frame_00088.jpg,0.437722384929657,0.3309057950973511,-0.23979723453521729,0.44085103273391724,0.324228972196579,-0.2291136085987091,0.4426100254058838,0.3242737352848053,-0.22927343845367432,0.44415611028671265,0.3244169056415558,-0.22926530241966248,0.43570056557655334,0.3233014941215515,-0.23441338539123535,0.43387994170188904,0.32274898886680603,-0.2345680296421051,0.43208980560302734,0.3220716416835785,-0.23465463519096375,0.4448159635066986,0.3256283402442932,-0.1530502736568451,0.4288296699523926,0.32220062613487244,-0.17717991769313812,0.43975526094436646,0.3376691937446594,-0.2084762305021286,0.4344187378883362,0.33742934465408325,-0.2164296805858612,0.4540681838989258,0.3669887185096741,-0.07899752259254456,0.410346120595932,0.356814980506897,-0.13334143161773682,0.4547438621520996,0.40776392817497253,-0.07027672231197357,0.40126949548721313,0.40112820267677307,-0.152217835187912,0.4573267996311188,0.44062891602516174,-0.14641104638576508,0.4048071801662445,0.4392085373401642,-0.22505927085876465,0.4562355875968933,0.45261529088020325,-0.16512863337993622,0.40471625328063965,0.4499461054801941,-0.2516191303730011,0.4539708197116852,0.4481791853904724,-0.18133090436458588,0.40839987993240356,0.4465232789516449,-0.2625448405742645,0.4534677565097809,0.4458361268043518,-0.1540781557559967,0.4090880751609802,0.4429034888744354,-0.23119835555553436,0.4341658055782318,0.45162609219551086,0.023798052221536636,0.4108358323574066,0.44925054907798767,-0.02389645390212536,0.4208090901374817,0.5086502432823181,0.02551942691206932,0.4048059582710266,0.5146347880363464,-0.10466621071100235,0.3957570195198059,0.5578544735908508,0.1083674430847168,0.3933848738670349,0.59141606092453,-0.040025606751441956,0.3893457353115082,0.5653239488601685,0.11272784322500229,0.3904009759426117,0.6020799279212952,-0.037931837141513824,0.3985082507133484,0.569817841053009,0.04492291808128357,0.39637166261672974,0.6158427596092224,-0.11943535506725311
frame_00089.jpg,0.4366510510444641,0.3308618366718292,-0.2368600070476532,0.4400562644004822,0.32412537932395935,-0.22645501792430878,0.4419174790382385,0.32413047552108765,-0.22660768032073975,0.44353437423706055,0.3242427408695221,-0.22660252451896667,0.4346873164176941,0.32326140999794006,-0.23123152554035187,0.43281760811805725,0.32268282771110535,-0.23138205707073212,0.4310069680213928,0.3220260441303253,-0.2314620018005371,0.4443327784538269,0.3255661725997925,-0.1503051370382309,0.42768043279647827,0.32189735770225525,-0.17676885426044464,0.43889331817626953,0.33754995465278625,-0.2052973210811615,0.43312859535217285,0.33726221323013306,-0.21269050240516663,0.452892541885376,0.36619675159454346,-0.07563688606023788,0.40949559211730957,0.3552601933479309,-0.12033097445964813,0.45276206731796265,0.40680792927742004,-0.0650671049952507,0.39873313903808594,0.3991062045097351,-0.13404634594917297,0.45307987928390503,0.4374196231365204,-0.1504707932472229,0.40339207649230957,0.43569275736808777,-0.21054884791374207,0.4544928967952728,0.45119571685791016,-0.17202645540237427,0.40512022376060486,0.4455734193325043,-0.2361028492450714,0.4503001272678375,0.4449627995491028,-0.1879550963640213,0.40780505537986755,0.4413137137889862,-0.24726362526416779,0.44898515939712524,0.43982023000717163,-0.158431738615036,0.4081633687019348,0.4376496374607086,-0.21694543957710266,0.4333583414554596,0.4495302140712738,0.01894526742398739,0.409761518239975,0.44923317432403564,-0.019053865224123,0.43269556760787964,0.5085347294807434,-0.05608544871211052,0.40106695890426636,0.5184034109115601,-0.07864215970039368,0.4168863296508789,0.5716764330863953,0.03341054543852806,0.3923124074935913,0.5956604480743408,-0.01677839457988739,0.41061344742774963,0.5834811329841614,0.0379229299724102,0.391377717256546,0.6077150702476501,-0.014936067163944244,0.42299968004226685,0.5918302536010742,-0.03575364127755165,0.39069488644599915,0.6162684559822083,-0.10103611648082733
frame_00090.jpg,0.4336169362068176,0.33039337396621704,-0.2639641761779785,0.43650826811790466,0.32318195700645447,-0.25313347578048706,0.4383399486541748,0.3230476975440979,-0.2532925009727478,0.4400235116481781,0.32306385040283203,-0.2532922923564911,0.4311342239379883,0.3224664032459259,-0.2580413520336151,0.4291662573814392,0.3218124508857727,-0.25819161534309387,0.4272550046443939,0.32113152742385864,-0.2582830786705017,0.44148826599121094,0.3242419362068176,-0.1703685224056244,0.42435216903686523,0.3212173581123352,-0.1922767460346222,0.43582653999328613,0.3370702564716339,-0.22966337203979492,0.43018317222595215,0.33654269576072693,-0.23681798577308655,0.44946637749671936,0.3647405207157135,-0.08817935734987259,0.40505877137184143,0.354247510433197,-0.1329992115497589,0.44905561208724976,0.40676149725914,-0.07768814265727997,0.3939231038093567,0.3992291986942291,-0.14515122771263123,0.4494757652282715,0.43816959857940674,-0.1754157841205597,0.3986041247844696,0.4355226457118988,-0.2178211659193039,0.45023608207702637,0.4507724940776825,-0.19976064562797546,0.4003177583217621,0.446254163980484,-0.2449175864458084,0.4461950659751892,0.4434203803539276,-0.21729469299316406,0.40297532081604004,0.44242924451828003,-0.25665557384490967,0.4466550350189209,0.4396204948425293,-0.18441720306873322,0.40349632501602173,0.4385666251182556,-0.22426462173461914,0.42752113938331604,0.4499585032463074,0.01583067700266838,0.40583667159080505,0.45022493600845337,-0.015933506190776825,0.4315671920776367,0.5131774544715881,-0.03395625948905945,0.39646926522254944,0.5218724012374878,-0.045317381620407104,0.4178885817527771,0.589838981628418,0.04559119790792465,0.38858291506767273,0.6009768843650818,0.03419658914208412,0.41274866461753845,0.6013320088386536,0.04839304834604263,0.38898032903671265,0.6138771176338196,0.03799824416637421,0.4205402731895447,0.6131753921508789,-0.03316238150000572,0.38265135884284973,0.6198429465293884,-0.044104039669036865
frame_00091.jpg,0.4309700131416321,0.33026570081710815,-0.31484976410865784,0.43293696641921997,0.32278385758399963,-0.30398377776145935,0.43423932790756226,0.32254937291145325,-0.3041664659976959,0.4354366362094879,0.3224649131298065,-0.30415284633636475,0.42827287316322327,0.32219141721725464,-0.3129737973213196,0.4262998104095459,0.32151955366134644,-0.31313198804855347,0.42434805631637573,0.3208211362361908,-0.3132384419441223,0.4349733889102936,0.3231649696826935,-0.2180510312318802,0.4208157956600189,0.3208712637424469,-0.258850634098053,0.4317108988761902,0.3369758725166321,-0.27908241748809814,0.42690858244895935,0.33636918663978577,-0.2917196750640869,0.4434572756290436,0.3636355996131897,-0.12006480991840363,0.3983609676361084,0.3544299304485321,-0.2065373659133911,0.44383925199508667,0.40677526593208313,-0.10647916793823242,0.3881743550300598,0.4010607600212097,-0.23000788688659668,0.44344383478164673,0.4387942850589752,-0.2131381779909134,0.3996122479438782,0.43410682678222656,-0.3006851077079773,0.4425755441188812,0.44852539896965027,-0.23772013187408447,0.40559300780296326,0.443674236536026,-0.3330517113208771,0.44020524621009827,0.44289010763168335,-0.25662553310394287,0.40947407484054565,0.43761688470840454,-0.34060829877853394,0.4407665729522705,0.43967634439468384,-0.22292426228523254,0.40748006105422974,0.43326666951179504,-0.3052446246147156,0.4196503758430481,0.44831469655036926,0.02519758604466915,0.4000331461429596,0.44801849126815796,-0.02525923028588295,0.4094115197658539,0.5203882455825806,0.03483464941382408,0.3986087739467621,0.5201791524887085,-0.06110059469938278,0.39317813515663147,0.5888422727584839,0.1240706667304039,0.3830748200416565,0.5937362313270569,0.02257021889090538,0.3885311484336853,0.5986853241920471,0.12699781358242035,0.381102979183197,0.6048353314399719,0.027294134721159935,0.39309293031692505,0.6105490326881409,0.039504699409008026,0.3813776969909668,0.6139487624168396,-0.05979163572192192
frame_00092.jpg,0.4292760491371155,0.3300938308238983,-0.3102146089076996,0.4314654767513275,0.32229599356651306,-0.30059120059013367,0.4330354630947113,0.32199960947036743,-0.3007660508155823,0.43446674942970276,0.32189127802848816,-0.3007565140724182,0.42647308111190796,0.3219374418258667,-0.3054814636707306,0.4245645999908447,0.32131245732307434,-0.3056330382823944,0.42269080877304077,0.3206602931022644,-0.3057362735271454,0.4347982406616211,0.3227146565914154,-0.21935172379016876,0.41949573159217834,0.32080256938934326,-0.24097080528736115,0.43101614713668823,0.33675116300582886,-0.276108056306839,0.42580342292785645,0.3363226652145386,-0.28325748443603516,0.4445027709007263,0.3634285628795624,-0.13049909472465515,0.3991449475288391,0.3540816903114319,-0.1790926605463028,0.4455679953098297,0.4071444272994995,-0.1242813691496849,0.3878135681152344,0.40173372626304626,-0.18816545605659485,0.4439792037010193,0.4382254183292389,-0.2295445203781128,0.4033060669898987,0.4346652328968048,-0.2561247646808624,0.44310301542282104,0.44754061102867126,-0.25637000799179077,0.410108745098114,0.4445735514163971,-0.28577202558517456,0.44085973501205444,0.44136664271354675,-0.27268654108047485,0.41437381505966187,0.43949708342552185,-0.29519110918045044,0.4405859112739563,0.43763604760169983,-0.2380298376083374,0.41222110390663147,0.4350413680076599,-0.2613988518714905,0.4215836524963379,0.44822433590888977,0.018656812608242035,0.4007549285888672,0.4481535851955414,-0.01870935782790184,0.4156598448753357,0.5220119953155518,0.01538297813385725,0.39351534843444824,0.5205501317977905,-0.04987534508109093,0.40420961380004883,0.5899053812026978,0.11450397968292236,0.38778090476989746,0.5937727093696594,0.05392403155565262,0.4020913541316986,0.6000020503997803,0.11914694309234619,0.3865935206413269,0.605013906955719,0.0603986456990242,0.40475454926490784,0.6108101606369019,0.03800247982144356,0.38508763909339905,0.6141063570976257,-0.019740935415029526
frame_00093.jpg,0.429703950881958,0.3298249840736389,-0.3256033957004547,0.43186503648757935,0.32193997502326965,-0.3157441020011902,0.4333523213863373,0.3215909004211426,-0.31592658162117004,0.43466004729270935,0.321441650390625,-0.3159164786338806,0.4266034960746765,0.3217662572860718,-0.32122868299484253,0.4245406687259674,0.32118645310401917,-0.3213745951652527,0.4225444197654724,0.32057058811187744,-0.3214811384677887,0.4342716336250305,0.32232430577278137,-0.23264332115650177,0.4190409183502197,0.32074180245399475,-0.25618886947631836,0.43139782547950745,0.33639925718307495,-0.29064875841140747,0.42581304907798767,0.3362990617752075,-0.29842060804367065,0.4445793032646179,0.363423228263855,-0.14228233695030212,0.3986869752407074,0.35415685176849365,-0.1902734339237213,0.44613513350486755,0.4080420136451721,-0.14420507848262787,0.38862550258636475,0.4038083851337433,-0.19786781072616577,0.4435935616493225,0.4371795356273651,-0.2619207501411438,0.40553274750709534,0.4350449740886688,-0.26417046785354614,0.44259804487228394,0.4453754723072052,-0.29137736558914185,0.4119288921356201,0.44482287764549255,-0.2952764928340912,0.4409743845462799,0.43863025307655334,-0.3080662488937378,0.41560906171798706,0.4388778805732727,-0.3046976625919342,0.440634161233902,0.43510061502456665,-0.27101054787635803,0.4137098789215088,0.4342917799949646,-0.2696165442466736,0.4241084158420563,0.4484671354293823,0.016060976311564445,0.4003870487213135,0.44933393597602844,-0.016100578010082245,0.42832955718040466,0.5227015018463135,0.008936848491430283,0.39311355352401733,0.5218917727470398,-0.04015374556183815,0.43621426820755005,0.5896527767181396,0.11521490663290024,0.38972049951553345,0.5965556502342224,0.07634202390909195,0.43460240960121155,0.6005269885063171,0.12034422159194946,0.3930540382862091,0.608733057975769,0.08367712795734406,0.4417915940284729,0.6090410947799683,0.03569234162569046,0.3874499201774597,0.6148142218589783,0.0008708554087206721
frame_00094.jpg,0.4295749068260193,0.3295624852180481,-0.2957635521888733,0.4313555657863617,0.32182610034942627,-0.285778284072876,0.43269577622413635,0.3214864730834961,-0.285949170589447,0.43389472365379333,0.3213442265987396,-0.28593742847442627,0.4262775778770447,0.3216465413570404,-0.2924257218837738,0.424283891916275,0.3210925757884979,-0.2925798296928406,0.4223936200141907,0.32052135467529297,-0.29268574714660645,0.4333295226097107,0.3223120868206024,-0.2060425728559494,0.4195219874382019,0.3207496702671051,-0.23575922846794128,0.43111562728881836,0.33615443110466003,-0.2624533772468567,0.42565470933914185,0.33626240491867065,-0.27186349034309387,0.44368356466293335,0.3640386164188385,-0.11872335523366928,0.39978641271591187,0.35595738887786865,-0.18401451408863068,0.4464913010597229,0.4107843339443207,-0.12274149805307388,0.389885276556015,0.40531641244888306,-0.19339781999588013,0.44598618149757385,0.4332427382469177,-0.24058301746845245,0.40520772337913513,0.43695157766342163,-0.25301867723464966,0.44543686509132385,0.43880558013916016,-0.26717478036880493,0.4099201560020447,0.445772647857666,-0.28199896216392517,0.4429664611816406,0.4313574731349945,-0.2838806211948395,0.41248124837875366,0.4393634498119354,-0.29174381494522095,0.4428177773952484,0.42886826395988464,-0.2499375343322754,0.4112432897090912,0.43496209383010864,-0.2584231197834015,0.42161083221435547,0.4517723321914673,0.019538329914212227,0.4001650810241699,0.45076784491539,-0.01957162842154503,0.4135178029537201,0.5316771864891052,0.03892529755830765,0.3912505507469177,0.5245131254196167,-0.04868713766336441,0.40782156586647034,0.599065363407135,0.12801194190979004,0.38597050309181213,0.5998908877372742,0.03983216732740402,0.4050605297088623,0.6090611219406128,0.13154172897338867,0.3861381411552429,0.6114612221717834,0.044853344559669495,0.40921562910079956,0.6207436323165894,0.05214976519346237,0.38365137577056885,0.6209226250648499,-0.036833036690950394
frame_00095.jpg,0.4261118471622467,0.3290983736515045,-0.270700603723526,0.42756348848342896,0.3211546540260315,-0.25916844606399536,0.428882360458374,0.3207126557826996,-0.25933724641799927,0.43004727363586426,0.3204399049282074,-0.2593182325363159,0.4226590096950531,0.3212897479534149,-0.26701977849006653,0.4207734167575836,0.32082393765449524,-0.26718419790267944,0.41898971796035767,0.32032454013824463,-0.2673017382621765,0.42939329147338867,0.32149866223335266,-0.17740873992443085,0.4161159098148346,0.32073280215263367,-0.212927907705307,0.4276185929775238,0.33556991815567017,-0.2370639592409134,0.4223390519618988,0.3359566926956177,-0.24816720187664032,0.43845582008361816,0.3643087148666382,-0.08911912143230438,0.3972906172275543,0.3559302091598511,-0.17533060908317566,0.44058340787887573,0.41233518719673157,-0.07968436926603317,0.3855888247489929,0.40510982275009155,-0.17717279493808746,0.44264841079711914,0.4337867796421051,-0.18045371770858765,0.3955686390399933,0.4369942843914032,-0.22770366072654724,0.4425770342350006,0.439688503742218,-0.20267006754875183,0.39769938588142395,0.44606974720954895,-0.2548716962337494,0.4417342245578766,0.43238985538482666,-0.21928250789642334,0.40022802352905273,0.43979910016059875,-0.2639716565608978,0.44099539518356323,0.4298941195011139,-0.18938662111759186,0.3999539911746979,0.43537887930870056,-0.2327488660812378,0.41453808546066284,0.4520303010940552,0.02145024761557579,0.39477774500846863,0.45077353715896606,-0.02149592898786068,0.398370623588562,0.5310402512550354,0.043612197041511536,0.38635939359664917,0.5221318602561951,-0.0466025248169899,0.39359402656555176,0.5955576300621033,0.13419684767723083,0.3753145635128021,0.5918906927108765,0.04883849620819092,0.3899269998073578,0.6049602031707764,0.13829343020915985,0.37418097257614136,0.6014309525489807,0.05495698004961014,0.3937181830406189,0.6179697513580322,0.06176198646426201,0.3715997636318207,0.6156948804855347,-0.02151557430624962
frame_00096.jpg,0.4204886853694916,0.3209562301635742,-0.26093000173568726,0.42252230644226074,0.31277984380722046,-0.2504429221153259,0.42408162355422974,0.3125399947166443,-0.2506104111671448,0.4254287779331207,0.3123704493045807,-0.25059616565704346,0.4174940586090088,0.3130626082420349,-0.25541114807128906,0.41561359167099,0.31291452050209045,-0.2555769681930542,0.4138149619102478,0.31275612115859985,-0.25569599866867065,0.42596635222435,0.3146260678768158,-0.17342419922351837,0.4116744101047516,0.3144046664237976,-0.1955331712961197,0.42309314012527466,0.3277057707309723,-0.22928209602832794,0.4170112609863281,0.3281460702419281,-0.23660627007484436,0.43538469076156616,0.35954970121383667,-0.09181501716375351,0.3934759795665741,0.34876540303230286,-0.14698290824890137,0.4345552921295166,0.4081316590309143,-0.08363190293312073,0.38077884912490845,0.39770808815956116,-0.14534009993076324,0.4337119162082672,0.42970696091651917,-0.17811909317970276,0.3902319371700287,0.43539029359817505,-0.19931557774543762,0.4327746033668518,0.43540745973587036,-0.1999591737985611,0.39191603660583496,0.4456078112125397,-0.22461000084877014,0.4327055513858795,0.42783910036087036,-0.21594932675361633,0.3946114182472229,0.4403645098209381,-0.2352713644504547,0.43207257986068726,0.425132155418396,-0.18634633719921112,0.3946678936481476,0.4358786940574646,-0.2048996239900589,0.40974193811416626,0.4478675127029419,0.017390189692378044,0.3905484080314636,0.4450594186782837,-0.0174411553889513,0.39017337560653687,0.526867151260376,0.03635731711983681,0.38437601923942566,0.5149030685424805,-0.047088462859392166,0.3803836703300476,0.5897518396377563,0.1241634264588356,0.38065165281295776,0.5833337306976318,0.04301608353853226,0.37720078229904175,0.5986129641532898,0.1280921846628189,0.38025712966918945,0.593134880065918,0.048767585307359695,0.37661924958229065,0.6107483506202698,0.05319411680102348,0.3766273856163025,0.6049068570137024,-0.023953139781951904
frame_00097.jpg,0.41840410232543945,0.3117373287677765,-0.2827543318271637,0.42071017622947693,0.30369168519973755,-0.2712722420692444,0.42220401763916016,0.30359891057014465,-0.2714451253414154,0.4235455393791199,0.3035286068916321,-0.27143967151641846,0.4156435430049896,0.3034837543964386,-0.2775239646434784,0.4134410321712494,0.30318835377693176,-0.2776763439178467,0.411153644323349,0.30286476016044617,-0.27778154611587524,0.42394548654556274,0.3050243556499481,-0.1864538937807083,0.4076731204986572,0.3039674460887909,-0.21388716995716095,0.42026108503341675,0.31859055161476135,-0.24788138270378113,0.4141908288002014,0.31824052333831787,-0.25677675008773804,0.43345218896865845,0.3495250344276428,-0.1013927236199379,0.38685038685798645,0.34335631132125854,-0.16328047215938568,0.4345575273036957,0.40480777621269226,-0.10812894254922867,0.379548043012619,0.3975831866264343,-0.17694908380508423,0.4376768469810486,0.42239949107170105,-0.22656233608722687,0.3947274088859558,0.43390241265296936,-0.24301402270793915,0.4380381107330322,0.42810121178627014,-0.25374823808670044,0.3967493176460266,0.444742351770401,-0.2737395167350769,0.4375268816947937,0.4211142659187317,-0.27075421810150146,0.39952024817466736,0.4390213191509247,-0.28267091512680054,0.4366694986820221,0.41867390275001526,-0.23609134554862976,0.39953598380088806,0.43410274386405945,-0.24835872650146484,0.41044116020202637,0.4415028989315033,0.01797538623213768,0.3871450424194336,0.4412885010242462,-0.017996570095419884,0.39623183012008667,0.5266686081886292,0.022978514432907104,0.38734593987464905,0.5149856209754944,-0.06898870319128036,0.38570335507392883,0.5893124341964722,0.13194678723812103,0.3806315064430237,0.5845988988876343,0.045230090618133545,0.3845464885234833,0.597885251045227,0.13890281319618225,0.38064032793045044,0.5949999094009399,0.05358442664146423,0.3796877861022949,0.6108384728431702,0.0645795688033104,0.37716445326805115,0.6069987416267395,-0.020482638850808144
frame_00098.jpg,0.41662436723709106,0.3039630353450775,-0.28272587060928345,0.4185798764228821,0.2956991493701935,-0.2714011073112488,0.41987428069114685,0.2954323887825012,-0.27157503366470337,0.42110198736190796,0.2952764928340912,-0.2715705633163452,0.4137440323829651,0.29563426971435547,-0.2789183259010315,0.41155877709388733,0.2952273190021515,-0.27907484769821167,0.40933626890182495,0.29477494955062866,-0.2791749835014343,0.42065897583961487,0.29604217410087585,-0.1864626109600067,0.4047788083553314,0.29512134194374084,-0.22026750445365906,0.41766053438186646,0.3107258975505829,-0.24751810729503632,0.41175326704978943,0.31075534224510193,-0.25809624791145325,0.42989617586135864,0.33764439821243286,-0.09683512151241302,0.3826763927936554,0.33442607522010803,-0.17096196115016937,0.43106016516685486,0.3891543447971344,-0.06681973487138748,0.376303493976593,0.3895840346813202,-0.1770186424255371,0.4400922656059265,0.4171046018600464,-0.14703774452209473,0.3898596167564392,0.4322248697280884,-0.23536555469036102,0.4400772154331207,0.42737510800361633,-0.16573664546012878,0.3923867642879486,0.4440562427043915,-0.26285895705223083,0.44113317131996155,0.42197853326797485,-0.18658486008644104,0.39540332555770874,0.43906161189079285,-0.2725692689418793,0.440103679895401,0.4186795949935913,-0.1571122705936432,0.3952590525150299,0.4339146316051483,-0.24029402434825897,0.40975600481033325,0.43579018115997314,0.022913914173841476,0.3852674067020416,0.43562453985214233,-0.022950727492570877,0.403385728597641,0.5175955295562744,0.023490052670240402,0.38222581148147583,0.5076773166656494,-0.05747872591018677,0.392912358045578,0.5769774317741394,0.1532973349094391,0.38122013211250305,0.5803426504135132,0.06680770218372345,0.38919180631637573,0.5847653746604919,0.16217182576656342,0.38112887740135193,0.5904983878135681,0.07580261677503586,0.3918288052082062,0.5993961095809937,0.0942414179444313,0.37918204069137573,0.6025159358978271,0.0028366497717797756
frame_00099.jpg,0.41393136978149414,0.30090194940567017,-0.288632333278656,0.4164164960384369,0.29299306869506836,-0.2776668071746826,0.41816219687461853,0.29286617040634155,-0.27784883975982666,0.41977834701538086,0.29283180832862854,-0.277849406003952,0.41111403703689575,0.29289764165878296,-0.2841251492500305,0.40897446870803833,0.29262781143188477,-0.2842956781387329,0.40690574049949646,0.29235130548477173,-0.28440743684768677,0.4206741452217102,0.2946326434612274,-0.19252727925777435,0.4034978747367859,0.29361864924430847,-0.22179830074310303,0.41616374254226685,0.30704250931739807,-0.25335952639579773,0.41020360589027405,0.3074004352092743,-0.26265662908554077,0.4290149211883545,0.3351200819015503,-0.10060306638479233,0.38234466314315796,0.33289721608161926,-0.16862887144088745,0.4311416745185852,0.3853032886981964,-0.07032861560583115,0.3761800229549408,0.3893694579601288,-0.17519594728946686,0.4412248134613037,0.4159286916255951,-0.14105577766895294,0.38339555263519287,0.4326528012752533,-0.23261654376983643,0.4428076148033142,0.42272958159446716,-0.15802529454231262,0.3839063048362732,0.4443005323410034,-0.2582598328590393,0.44572776556015015,0.41995003819465637,-0.17891322076320648,0.386486679315567,0.4397294819355011,-0.27053940296173096,0.4442392885684967,0.41843181848526,-0.15077261626720428,0.3873940706253052,0.4343855082988739,-0.23868529498577118,0.4092923104763031,0.4353782534599304,0.02263936959207058,0.3842703700065613,0.4345606565475464,-0.02268265374004841,0.4065130352973938,0.5166231989860535,0.022701576352119446,0.379891037940979,0.5025501251220703,-0.05766209214925766,0.3961886167526245,0.577819287776947,0.13582859933376312,0.3746616840362549,0.5728607773780823,0.06180644780397415,0.3923245966434479,0.5859397053718567,0.14241954684257507,0.37410393357276917,0.5820749402046204,0.0703997015953064,0.39505138993263245,0.6009598970413208,0.0703330859541893,0.37276691198349,0.5963572263717651,-0.001617778092622757
frame_00100.jpg,0.4113995134830475,0.29663121700286865,-0.2592748999595642,0.4134933352470398,0.2891269624233246,-0.2466803342103958,0.41506925225257874,0.2887667715549469,-0.24685116112232208,0.4165377616882324,0.28848811984062195,-0.2468406856060028,0.4083811640739441,0.28943976759910583,-0.2555137574672699,0.40635424852371216,0.289194792509079,-0.2556942105293274,0.40440526604652405,0.2888827621936798,-0.2558070123195648,0.4163789749145508,0.2893510162830353,-0.15734156966209412,0.4003268778324127,0.2891227602958679,-0.1972942352294922,0.413094699382782,0.3023270070552826,-0.22245971858501434,0.4073624610900879,0.30279791355133057,-0.23497240245342255,0.4250030517578125,0.3264603316783905,-0.062404245138168335,0.3809853494167328,0.32492953538894653,-0.1513984501361847,0.42914003133773804,0.3732045292854309,-0.021384000778198242,0.37503117322921753,0.3804391622543335,-0.16227683424949646,0.4394546449184418,0.41097766160964966,-0.08791844546794891,0.3807162642478943,0.42410075664520264,-0.21723322570323944,0.44226035475730896,0.4192749857902527,-0.10131751000881195,0.3806067407131195,0.4357088506221771,-0.24282939732074738,0.4444872736930847,0.41962674260139465,-0.12369755655527115,0.38294899463653564,0.4336622357368469,-0.254089891910553,0.44274935126304626,0.4162963628768921,-0.09796677529811859,0.3839244246482849,0.42878788709640503,-0.22294680774211884,0.40291914343833923,0.4292750954627991,0.026680907234549522,0.3809092342853546,0.4270487129688263,-0.026757776737213135,0.38805121183395386,0.5099669694900513,0.035163410007953644,0.3777822256088257,0.49957507848739624,-0.08675473928451538,0.3779447674751282,0.5777450203895569,0.1351211667060852,0.3708725571632385,0.5731555819511414,0.008490784093737602,0.373715341091156,0.5862027406692505,0.140427365899086,0.370105504989624,0.5831075310707092,0.014627696946263313,0.37813976407051086,0.6013919711112976,0.06812062859535217,0.36984267830848694,0.5969259142875671,-0.06091085821390152
frame_00101.jpg,0.4106330871582031,0.28703510761260986,-0.24891574680805206,0.41189584136009216,0.27911701798439026,-0.2370309829711914,0.4131951332092285,0.2787165343761444,-0.23720495402812958,0.4143992066383362,0.27843475341796875,-0.23720650374889374,0.4071500897407532,0.27975645661354065,-0.2466898411512375,0.4050849378108978,0.2796711325645447,-0.24686309695243835,0.40309351682662964,0.27950021624565125,-0.2469775378704071,0.41330400109291077,0.2796574831008911,-0.15330752730369568,0.39832818508148193,0.28020179271698,-0.1962083876132965,0.41175466775894165,0.2928646504878998,-0.21409599483013153,0.40650850534439087,0.29411110281944275,-0.22753384709358215,0.42363986372947693,0.32070595026016235,-0.06209234520792961,0.3782927393913269,0.3176959156990051,-0.15384459495544434,0.43015018105506897,0.36951765418052673,-0.01320468820631504,0.3768359124660492,0.37508636713027954,-0.1689455658197403,0.4402434825897217,0.4080069959163666,-0.0711863711476326,0.400890976190567,0.41621389985084534,-0.21977980434894562,0.4428131580352783,0.4159823954105377,-0.084835484623909,0.4061831533908844,0.42929747700691223,-0.24937692284584045,0.4445861279964447,0.4172877073287964,-0.10778842121362686,0.41115817427635193,0.4245116114616394,-0.25777560472488403,0.4413534700870514,0.41485944390296936,-0.08127310127019882,0.4097452759742737,0.4187488853931427,-0.2257140874862671,0.40382131934165955,0.42413991689682007,0.025580760091543198,0.3809370994567871,0.4218875765800476,-0.025652673095464706,0.3871418237686157,0.5097092986106873,0.019255394116044044,0.3738660514354706,0.5018670558929443,-0.07700709253549576,0.370323121547699,0.5796753764152527,0.10982582718133926,0.36947715282440186,0.5767354965209961,0.019064348191022873,0.36643749475479126,0.5894005298614502,0.1140364557504654,0.3702141344547272,0.5910194516181946,0.02441537007689476,0.3674178719520569,0.6068933606147766,0.03911266103386879,0.3630562424659729,0.6020613312721252,-0.052370063960552216
frame_00102.jpg,0.4118650555610657,0.27385467290878296,-0.2080519199371338,0.41269105672836304,0.266204833984375,-0.1947709619998932,0.41362518072128296,0.2659012973308563,-0.1949387490749359,0.41447606682777405,0.2657453417778015,-0.19493505358695984,0.4086199700832367,0.2664760947227478,-0.2055104523897171,0.4067487120628357,0.2662962079048157,-0.20568454265594482,0.4048595428466797,0.2661457359790802,-0.20579120516777039,0.413020521402359,0.26729753613471985,-0.11178342998027802,0.39987263083457947,0.26754090189933777,-0.16003559529781342,0.41247496008872986,0.279432088136673,-0.17425855994224548,0.4078434407711029,0.28062552213668823,-0.18916746973991394,0.42263227701187134,0.3112417757511139,-0.029051432386040688,0.3789997696876526,0.3089209794998169,-0.13073040544986725,0.4299587607383728,0.3603322207927704,0.008179106749594212,0.3773086965084076,0.36658158898353577,-0.14942847192287445,0.44073477387428284,0.40053004026412964,-0.06629173457622528,0.3998872637748718,0.4132349193096161,-0.20128878951072693,0.44367003440856934,0.4100177586078644,-0.08160463720560074,0.4039582312107086,0.4270962178707123,-0.22935763001441956,0.44613775610923767,0.41096311807632446,-0.10483729839324951,0.4080677628517151,0.4238370656967163,-0.23779194056987762,0.44363030791282654,0.40741291642189026,-0.07715141773223877,0.40725046396255493,0.4178844690322876,-0.20607927441596985,0.4045780301094055,0.41795510053634644,0.027008403092622757,0.3810059428215027,0.41507184505462646,-0.02709268592298031,0.38872838020324707,0.5072836875915527,0.027044033631682396,0.3724591135978699,0.4958764612674713,-0.07233542203903198,0.3733752369880676,0.5788190960884094,0.11262714862823486,0.36749520897865295,0.5781593322753906,0.015233596786856651,0.369553804397583,0.5882869362831116,0.11823946237564087,0.36834776401519775,0.5916153788566589,0.019550416618585587,0.3716636896133423,0.6057788729667664,0.04399377852678299,0.3626461923122406,0.6027701497077942,-0.059565793722867966
frame_00103.jpg,0.4089910387992859,0.27179303765296936,-0.2682490944862366,0.41131240129470825,0.26409801840782166,-0.2575731873512268,0.4127264618873596,0.2636842429637909,-0.2577621042728424,0.4140024185180664,0.26340869069099426,-0.2577580511569977,0.4065905511379242,0.26446935534477234,-0.26248690485954285,0.4046812057495117,0.2642531991004944,-0.26267746090888977,0.4027475416660309,0.26397114992141724,-0.2628025412559509,0.4138668477535248,0.26458102464675903,-0.17234721779823303,0.3989757299423218,0.2643682658672333,-0.19143205881118774,0.41049084067344666,0.2771466374397278,-0.23272962868213654,0.40551573038101196,0.27775728702545166,-0.2398441582918167,0.42404550313949585,0.3075565695762634,-0.08445055782794952,0.37991124391555786,0.30317601561546326,-0.1404939591884613,0.43111124634742737,0.35930266976356506,-0.046629954129457474,0.37772810459136963,0.3605126738548279,-0.15620057284832,0.4428383409976959,0.39648839831352234,-0.09847044944763184,0.3896976113319397,0.40619781613349915,-0.2207825481891632,0.4475138187408447,0.4037226140499115,-0.11644263565540314,0.3900814652442932,0.4192586839199066,-0.2500542998313904,0.45008349418640137,0.4044897258281708,-0.15372802317142487,0.3926880955696106,0.4180352985858917,-0.2651524543762207,0.4460141062736511,0.4005584418773651,-0.11528076976537704,0.3936537206172943,0.41263577342033386,-0.22921410202980042,0.40558797121047974,0.414315789937973,0.018574438989162445,0.3812633752822876,0.41034945845603943,-0.01868109591305256,0.39392682909965515,0.5029012560844421,0.009462343528866768,0.3717995882034302,0.48573464155197144,-0.03449637442827225,0.37787488102912903,0.5755881667137146,0.09865201264619827,0.3705577254295349,0.5671170353889465,0.07366009056568146,0.3722304701805115,0.5857223868370056,0.1025397777557373,0.371247261762619,0.5789191126823425,0.0803680419921875,0.37784963846206665,0.5993442535400391,0.0182513240724802,0.36662405729293823,0.5902611613273621,0.0005665807402692735
frame_00104.jpg,0.4091812074184418,0.27015921473503113,-0.25250935554504395,0.4113525450229645,0.26275205612182617,-0.2431398183107376,0.412820041179657,0.26219692826271057,-0.2433227002620697,0.4141899049282074,0.26166602969169617,-0.24330906569957733,0.4068760871887207,0.2629082500934601,-0.2474205046892166,0.4051463007926941,0.26249414682388306,-0.2476067841053009,0.4033757150173187,0.2620376944541931,-0.24772505462169647,0.4146963953971863,0.2621127665042877,-0.1663021594285965,0.399801105260849,0.261714369058609,-0.18516521155834198,0.41096606850624084,0.2753399908542633,-0.22016672790050507,0.406334787607193,0.27547070384025574,-0.2266354262828827,0.4253893494606018,0.30110132694244385,-0.08389194309711456,0.3811439275741577,0.2992797791957855,-0.1329459547996521,0.43188363313674927,0.35173138976097107,-0.04205012694001198,0.37830525636672974,0.3532305359840393,-0.1348668932914734,0.44390353560447693,0.38930708169937134,-0.09423230588436127,0.38553839921951294,0.39899805188179016,-0.19244889914989471,0.44883793592453003,0.39659374952316284,-0.10797061771154404,0.38530468940734863,0.41057780385017395,-0.21566025912761688,0.45131388306617737,0.39605167508125305,-0.13021543622016907,0.3875965476036072,0.40981075167655945,-0.22945275902748108,0.4486488699913025,0.39370810985565186,-0.103895403444767,0.38888439536094666,0.40490439534187317,-0.19942978024482727,0.40604907274246216,0.40415725111961365,0.017169740051031113,0.38223713636398315,0.40219882130622864,-0.01727863773703575,0.4025452136993408,0.4889933168888092,0.000523017137311399,0.3746616840362549,0.4660637080669403,-0.06500940024852753,0.38190215826034546,0.5568183064460754,0.08536948263645172,0.36729228496551514,0.5357058048248291,0.0549602136015892,0.37755149602890015,0.5652042627334595,0.08918972313404083,0.36696192622184753,0.5441125631332397,0.062306903302669525,0.38191378116607666,0.5812444090843201,0.009225785732269287,0.36339184641838074,0.5605629682540894,-0.01038131769746542
frame_00105.jpg,0.41035622358322144,0.26473286747932434,-0.26713651418685913,0.41261833906173706,0.256644606590271,-0.25644373893737793,0.4141607880592346,0.2562467157840729,-0.2566332519054413,0.4155968725681305,0.25587883591651917,-0.25661009550094604,0.40790310502052307,0.25660184025764465,-0.2611101269721985,0.40612468123435974,0.2562982738018036,-0.2612982392311096,0.40430912375450134,0.25602108240127563,-0.2614157199859619,0.41598671674728394,0.2562374472618103,-0.17402777075767517,0.4009525775909424,0.2560645341873169,-0.19395150244235992,0.4123527407646179,0.2705748677253723,-0.23296582698822021,0.4074636995792389,0.27052512764930725,-0.24014651775360107,0.4257985055446625,0.297685831785202,-0.08907929062843323,0.38197189569473267,0.2915773391723633,-0.1393929421901703,0.43225613236427307,0.3477350175380707,-0.04438716918230057,0.37877005338668823,0.3427753746509552,-0.14000046253204346,0.4446469843387604,0.3881869316101074,-0.1028565987944603,0.3842747211456299,0.38462117314338684,-0.1947207897901535,0.44907689094543457,0.3954234719276428,-0.11605070531368256,0.3832668662071228,0.3946705758571625,-0.217352956533432,0.45144519209861755,0.3972378075122833,-0.13777507841587067,0.3844486474990845,0.3943444490432739,-0.23182635009288788,0.4482741951942444,0.39472588896751404,-0.11206310987472534,0.3859770894050598,0.39025649428367615,-0.20182645320892334,0.4061228334903717,0.39485058188438416,0.017711739987134933,0.38297170400619507,0.39211079478263855,-0.017817135900259018,0.3976476490497589,0.4759564995765686,0.013627720065414906,0.3760118782520294,0.4517435133457184,-0.1255844533443451,0.37915125489234924,0.5391131043434143,0.11393789947032928,0.3631141483783722,0.5186312794685364,-0.010448492132127285,0.3744099736213684,0.5473085641860962,0.11916492879390717,0.3618801236152649,0.5268900394439697,-0.001765115768648684,0.3795115351676941,0.5628141760826111,0.04109577462077141,0.3600970506668091,0.5441905856132507,-0.07655929028987885
frame_00106.jpg,0.410494327545166,0.26345792412757874,-0.2679293751716614,0.41283679008483887,0.2556806206703186,-0.25670358538627625,0.4144091010093689,0.25514140725135803,-0.256885290145874,0.4158986210823059,0.25468334555625916,-0.2568662464618683,0.40822213888168335,0.2557438611984253,-0.26308733224868774,0.406529039144516,0.25533923506736755,-0.2632766366004944,0.4047752022743225,0.25496894121170044,-0.2634028494358063,0.41648101806640625,0.2547670602798462,-0.17336276173591614,0.40152111649513245,0.2546902596950531,-0.20251226425170898,0.41253575682640076,0.2692798376083374,-0.2333957701921463,0.4077586233615875,0.2692607045173645,-0.24284467101097107,0.4265154302120209,0.29748231172561646,-0.08301310241222382,0.3825763761997223,0.29168516397476196,-0.15858791768550873,0.4327034056186676,0.34787192940711975,-0.033148594200611115,0.38188087940216064,0.3484593629837036,-0.1731681525707245,0.44674938917160034,0.3878614604473114,-0.08314334601163864,0.40698808431625366,0.3893527090549469,-0.23088833689689636,0.45047277212142944,0.39974743127822876,-0.09461762011051178,0.4111223816871643,0.40107694268226624,-0.25866180658340454,0.4533451497554779,0.3988015353679657,-0.11751581728458405,0.41428327560424805,0.39753639698028564,-0.26654505729675293,0.44865402579307556,0.3962072730064392,-0.09272892773151398,0.4132871627807617,0.3925369381904602,-0.2352636754512787,0.4067203104496002,0.3965698778629303,0.024344300851225853,0.38335615396499634,0.39135274291038513,-0.024427909404039383,0.3965807259082794,0.48092085123062134,0.024295879527926445,0.37673982977867126,0.4598182439804077,-0.1262780725955963,0.3786107897758484,0.5480557680130005,0.12498299777507782,0.36231839656829834,0.5326876640319824,-0.02145988494157791,0.3734816908836365,0.5569756031036377,0.13005611300468445,0.36131882667541504,0.5427164435386658,-0.014125647023320198,0.379860520362854,0.5725261569023132,0.05265728384256363,0.3585436940193176,0.5586960911750793,-0.0925753265619278
frame_00107.jpg,0.41083812713623047,0.26231324672698975,-0.2827037572860718,0.4133817255496979,0.2549465298652649,-0.27268141508102417,0.41495198011398315,0.2543953061103821,-0.2728670537471771,0.41641634702682495,0.25385424494743347,-0.27285438776016235,0.40867647528648376,0.25442802906036377,-0.27699270844459534,0.4069647192955017,0.25364628434181213,-0.2771771550178528,0.40521565079689026,0.25288933515548706,-0.27729904651641846,0.41686391830444336,0.25327274203300476,-0.19008466601371765,0.4019227623939514,0.2517355680465698,-0.20990915596485138,0.4127993583679199,0.2682129144668579,-0.24810850620269775,0.4078821539878845,0.2673090994358063,-0.2547857165336609,0.4273887276649475,0.2935994565486908,-0.10035298019647598,0.3826366066932678,0.28733688592910767,-0.15400519967079163,0.4346471428871155,0.34605392813682556,-0.04861129820346832,0.3812480568885803,0.3409300744533539,-0.14927539229393005,0.44762498140335083,0.3898409605026245,-0.09608975052833557,0.3896749019622803,0.3837679922580719,-0.20438435673713684,0.4511867165565491,0.40062573552131653,-0.10908365249633789,0.38958269357681274,0.3951757550239563,-0.22797319293022156,0.4532071053981781,0.3998570144176483,-0.1312934011220932,0.3917767405509949,0.3942085802555084,-0.24121198058128357,0.44908684492111206,0.39569857716560364,-0.10534079372882843,0.39276033639907837,0.38964805006980896,-0.2109992504119873,0.40714970231056213,0.3943541944026947,0.019269060343503952,0.38384437561035156,0.3881315588951111,-0.019336987286806107,0.3965652883052826,0.4813419580459595,0.020962554961442947,0.37683629989624023,0.46121686697006226,-0.1029755100607872,0.3800686299800873,0.5471866726875305,0.1253431737422943,0.3620220124721527,0.5309756994247437,0.0312192402780056,0.3754063844680786,0.5559110045433044,0.1311757117509842,0.3610146641731262,0.5405822992324829,0.04015325754880905,0.3803231120109558,0.5708408355712891,0.05131915211677551,0.3588658273220062,0.5558623671531677,-0.040042389184236526
frame_00108.jpg,0.41725093126296997,0.2591332495212555,-0.30063846707344055,0.4180394113063812,0.25135549902915955,-0.289115846157074,0.4190002977848053,0.2507930397987366,-0.2893052399158478,0.4198790192604065,0.25033268332481384,-0.289287805557251,0.41398850083351135,0.2515924572944641,-0.30011728405952454,0.41225066781044006,0.25114375352859497,-0.30029207468032837,0.41049885749816895,0.25066077709198,-0.3004159927368164,0.4177855849266052,0.25022047758102417,-0.20256149768829346,0.4055660367012024,0.2502249777317047,-0.2533995807170868,0.41719841957092285,0.2652364671230316,-0.2645691931247711,0.41314539313316345,0.2650235593318939,-0.28007596731185913,0.42863741517066956,0.28944724798202515,-0.09980140626430511,0.3848663568496704,0.285831093788147,-0.21748164296150208,0.4351065754890442,0.3420810401439667,-0.05577324703335762,0.3890684247016907,0.3434237539768219,-0.23918060958385468,0.4465036392211914,0.38064029812812805,-0.12341394275426865,0.4218525290489197,0.38476529717445374,-0.29285183548927307,0.45101332664489746,0.3919357657432556,-0.13736560940742493,0.4273707866668701,0.39679154753685,-0.3252590596675873,0.4518592953681946,0.3894400894641876,-0.16080355644226074,0.43079590797424316,0.39201584458351135,-0.3314654231071472,0.4484438896179199,0.3850920498371124,-0.13376201689243317,0.4289487898349762,0.3869008421897888,-0.2963974177837372,0.4074211120605469,0.38869649171829224,0.03592224419116974,0.3849857747554779,0.38494256138801575,-0.035977624356746674,0.39706212282180786,0.4739501178264618,0.06221257522702217,0.3801528811454773,0.4540106952190399,-0.1214994415640831,0.38039344549179077,0.5403693914413452,0.18052273988723755,0.36385199427604675,0.529715895652771,-0.007788973860442638,0.3753293454647064,0.5501669645309448,0.18746110796928406,0.3633262515068054,0.5395576357841492,0.00038661155849695206,0.3806716501712799,0.5626726150512695,0.11833778768777847,0.36211341619491577,0.5556222796440125,-0.07534368336200714
frame_00109.jpg,0.4211704730987549,0.2566397786140442,-0.28603726625442505,0.42161720991134644,0.24765644967556,-0.2748261094093323,0.4222956597805023,0.24688750505447388,-0.2750086188316345,0.4229413568973541,0.24628472328186035,-0.2749953866004944,0.4174511432647705,0.24865922331809998,-0.28369539976119995,0.4152117669582367,0.24843455851078033,-0.28386667370796204,0.4129863381385803,0.2480812668800354,-0.2839817404747009,0.41863590478897095,0.24582089483737946,-0.1905519664287567,0.40713244676589966,0.24739232659339905,-0.2381056845188141,0.4200349450111389,0.26303330063819885,-0.2510005831718445,0.41579756140708923,0.2635318636894226,-0.26382872462272644,0.42876601219177246,0.2819686830043793,-0.0983084887266159,0.38699987530708313,0.2840861678123474,-0.20139870047569275,0.43510037660598755,0.33378365635871887,-0.05119588226079941,0.3929517865180969,0.3421017825603485,-0.22130842506885529,0.44645437598228455,0.375740110874176,-0.12295453250408173,0.4168260991573334,0.38353487849235535,-0.2719290554523468,0.4508666396141052,0.389030784368515,-0.13599793612957,0.42105960845947266,0.3963701128959656,-0.3015187382698059,0.45172396302223206,0.38665297627449036,-0.16039913892745972,0.4245792031288147,0.3922857940196991,-0.308564692735672,0.44830241799354553,0.38301950693130493,-0.13252387940883636,0.4232885241508484,0.38689908385276794,-0.27578914165496826,0.40760207176208496,0.3881630003452301,0.035578981041908264,0.38578343391418457,0.3854994773864746,-0.03564897179603577,0.39720669388771057,0.47466880083084106,0.050582654774188995,0.38126516342163086,0.4605588912963867,-0.11796103417873383,0.3810506761074066,0.5416585803031921,0.1535433977842331,0.3625556230545044,0.5298683047294617,0.006331364158540964,0.37594038248062134,0.5509145259857178,0.15898388624191284,0.3600011467933655,0.5389859080314636,0.014083236455917358,0.38328906893730164,0.5651854872703552,0.08544377237558365,0.36259889602661133,0.5561781525611877,-0.06226450204849243
frame_00110.jpg,0.41995173692703247,0.25665056705474854,-0.29763680696487427,0.4211598336696625,0.24791797995567322,-0.2861647605895996,0.4222451150417328,0.2473560869693756,-0.2863481640815735,0.42327481508255005,0.24693207442760468,-0.2863375246524811,0.41660332679748535,0.24812588095664978,-0.29218459129333496,0.4145175516605377,0.247708261013031,-0.29236191511154175,0.4124915599822998,0.24733686447143555,-0.29247742891311646,0.4208417534828186,0.24702700972557068,-0.19704893231391907,0.40768685936927795,0.24736382067203522,-0.22755677998065948,0.4198782444000244,0.2629682719707489,-0.2606887221336365,0.4152272343635559,0.26263439655303955,-0.26957249641418457,0.43214815855026245,0.2874778211116791,-0.1020757332444191,0.387543261051178,0.283444881439209,-0.17353399097919464,0.43539753556251526,0.33944252133369446,-0.06692256778478622,0.38506999611854553,0.33924511075019836,-0.16933158040046692,0.446383535861969,0.37612614035606384,-0.14532539248466492,0.3877333104610443,0.38094910979270935,-0.23439177870750427,0.450747013092041,0.38950738310813904,-0.16457201540470123,0.38709965348243713,0.39230403304100037,-0.2616768479347229,0.4515669345855713,0.3868395984172821,-0.18680205941200256,0.38882976770401,0.39088502526283264,-0.27975383400917053,0.4482024610042572,0.38355761766433716,-0.1554957926273346,0.38987666368484497,0.38613685965538025,-0.24295637011528015,0.4082934856414795,0.3906594216823578,0.025679364800453186,0.3879706561565399,0.3873986303806305,-0.025760581716895103,0.3927893340587616,0.47126489877700806,0.0351858027279377,0.38129228353500366,0.4606817364692688,-0.07447212189435959,0.3812042474746704,0.5445539951324463,0.14558164775371552,0.3636743724346161,0.5356283783912659,0.03205234557390213,0.3761560320854187,0.5532808303833008,0.15179574489593506,0.3617132604122162,0.5453850030899048,0.0384288914501667,0.38350024819374084,0.5682964324951172,0.07359934598207474,0.3630041480064392,0.560404360294342,-0.05432817339897156
frame_00111.jpg,0.42062869668006897,0.2558078169822693,-0.29262909293174744,0.422656774520874,0.24759508669376373,-0.2804768979549408,0.4240110516548157,0.24708758294582367,-0.280660480260849,0.4252496361732483,0.2467157244682312,-0.28064829111099243,0.41765254735946655,0.24773886799812317,-0.2886829972267151,0.41564464569091797,0.24727563560009003,-0.288858026266098,0.413740336894989,0.24681337177753448,-0.288974791765213,0.4236110746860504,0.2471366673707962,-0.19161078333854675,0.40919050574302673,0.2466840296983719,-0.2290293276309967,0.42111340165138245,0.2621214985847473,-0.25574514269828796,0.4160858988761902,0.26179617643356323,-0.2675524055957794,0.4337000250816345,0.28819185495376587,-0.09926679730415344,0.38793352246284485,0.28373298048973083,-0.1799534261226654,0.43554872274398804,0.3407283127307892,-0.0642210841178894,0.3823472559452057,0.3402375876903534,-0.19134780764579773,0.4433203339576721,0.3775405287742615,-0.1495518684387207,0.3888588547706604,0.3815213441848755,-0.25206825137138367,0.4454532563686371,0.38750410079956055,-0.16860421001911163,0.38956597447395325,0.3931175172328949,-0.2808951735496521,0.44497257471084595,0.38377848267555237,-0.18892601132392883,0.3919232487678528,0.39057424664497375,-0.2928759455680847,0.4429353177547455,0.38033249974250793,-0.15921702980995178,0.3922223150730133,0.3856564164161682,-0.25817984342575073,0.41012144088745117,0.3919725716114044,0.03035258874297142,0.38858893513679504,0.38784781098365784,-0.030427420511841774,0.39382773637771606,0.47470489144325256,0.05075667425990105,0.3853911757469177,0.458650678396225,-0.114977166056633,0.3784938454627991,0.5371782183647156,0.18466830253601074,0.36679452657699585,0.5352907776832581,-0.00975929107517004,0.37298962473869324,0.5451073050498962,0.1932678073644638,0.36336594820022583,0.5450467467308044,-0.0025754389353096485,0.38170892000198364,0.5605762600898743,0.12216053158044815,0.36723366379737854,0.560752272605896,-0.08533258736133575
frame_00112.jpg,0.4202636778354645,0.2564542889595032,-0.29476839303970337,0.42262405157089233,0.2483038604259491,-0.2825202941894531,0.4241141676902771,0.24781958758831024,-0.28270453214645386,0.4254838824272156,0.24744349718093872,-0.28269222378730774,0.4174470901489258,0.24826566874980927,-0.29063740372657776,0.41550979018211365,0.24773278832435608,-0.2908129096031189,0.41365957260131836,0.24721620976924896,-0.29092952609062195,0.42443475127220154,0.24770452082157135,-0.19236893951892853,0.409609854221344,0.2469143122434616,-0.22945134341716766,0.42115750908851624,0.26252982020378113,-0.2575951814651489,0.415973961353302,0.26225870847702026,-0.2692968249320984,0.4342890679836273,0.28883081674575806,-0.09687329828739166,0.388109028339386,0.2839624285697937,-0.17922672629356384,0.43650564551353455,0.34193065762519836,-0.06999222189188004,0.3812585771083832,0.340647429227829,-0.19242243468761444,0.44248390197753906,0.37769636511802673,-0.16248542070388794,0.3881227970123291,0.3817701041698456,-0.256440132856369,0.44411319494247437,0.38677093386650085,-0.18310342729091644,0.3890378177165985,0.3934836685657501,-0.28587254881858826,0.44328588247299194,0.38262730836868286,-0.20296618342399597,0.3914859890937805,0.39078062772750854,-0.29760611057281494,0.4415178894996643,0.3791608214378357,-0.17213377356529236,0.39164382219314575,0.3857966661453247,-0.2625735104084015,0.41080570220947266,0.39261358976364136,0.030607569962739944,0.38895881175994873,0.3883289694786072,-0.03068382665514946,0.39427024126052856,0.4764871597290039,0.049910418689250946,0.38573628664016724,0.45881304144859314,-0.11110074818134308,0.3779197931289673,0.5364993810653687,0.18562807142734528,0.3669382929801941,0.5357542634010315,-0.0065099215134978294,0.3724321722984314,0.5439980626106262,0.1943802684545517,0.3639267086982727,0.5453870892524719,0.0005489169852808118,0.3807428479194641,0.5602629780769348,0.12149989604949951,0.36765462160110474,0.5614244341850281,-0.0833500325679779
frame_00113.jpg,0.4202132821083069,0.2555731236934662,-0.30423426628112793,0.42318493127822876,0.24743036925792694,-0.2932656407356262,0.42485103011131287,0.24710679054260254,-0.293450266122818,0.42640599608421326,0.24685977399349213,-0.2934409976005554,0.4175213873386383,0.24663983285427094,-0.29758507013320923,0.41552767157554626,0.2458561509847641,-0.2977600693702698,0.4136478006839752,0.2451389580965042,-0.29788070917129517,0.426128625869751,0.24704766273498535,-0.20778563618659973,0.41008639335632324,0.2448427975177765,-0.2282404899597168,0.42152032256126404,0.26227840781211853,-0.26889386773109436,0.41577696800231934,0.2612244188785553,-0.27556926012039185,0.43619680404663086,0.28966304659843445,-0.1210116595029831,0.3883506655693054,0.2828790545463562,-0.17077966034412384,0.43820762634277344,0.3436632752418518,-0.11081705242395401,0.3807247281074524,0.3393677771091461,-0.1723567098379135,0.4378056526184082,0.37205684185028076,-0.19854047894477844,0.3811696767807007,0.38394010066986084,-0.24427588284015656,0.43676191568374634,0.3797483444213867,-0.2213018238544464,0.3781999945640564,0.39560261368751526,-0.2732023596763611,0.43500494956970215,0.3730764091014862,-0.23733632266521454,0.38263311982154846,0.3919872045516968,-0.2968670427799225,0.43445977568626404,0.36999601125717163,-0.20637866854667664,0.38519924879074097,0.38757646083831787,-0.2543793320655823,0.4111921787261963,0.38951313495635986,0.02105027064681053,0.38934433460235596,0.38496631383895874,-0.021123196929693222,0.4000283181667328,0.47472816705703735,0.044072989374399185,0.3852812647819519,0.45385411381721497,-0.08112834393978119,0.38579148054122925,0.5338860154151917,0.17769812047481537,0.3680710196495056,0.5323148369789124,0.026785358786582947,0.38105684518814087,0.5413950681686401,0.18637952208518982,0.36616960167884827,0.54228276014328,0.03391391038894653,0.3873230516910553,0.5585784316062927,0.10975071042776108,0.36750528216362,0.5581371188163757,-0.0524701252579689
frame_00114.jpg,0.42191529273986816,0.24547526240348816,-0.2841806709766388,0.4248258173465729,0.23689904808998108,-0.2708941102027893,0.4264315962791443,0.2366141825914383,-0.27106794714927673,0.42791637778282166,0.2363748401403427,-0.27104276418685913,0.41913995146751404,0.2369057536125183,-0.27607113122940063,0.4170690178871155,0.23659764230251312,-0.2762370705604553,0.415121853351593,0.23627986013889313,-0.27634790539741516,0.42724981904029846,0.23722195625305176,-0.18026605248451233,0.4114510118961334,0.23698043823242188,-0.2055450975894928,0.42329996824264526,0.25276029109954834,-0.24735598266124725,0.4175282418727875,0.2519640326499939,-0.2552351653575897,0.43772029876708984,0.2834698557853699,-0.09766056388616562,0.38898906111717224,0.2775847315788269,-0.14858746528625488,0.43851685523986816,0.3379231095314026,-0.08608714491128922,0.3816787600517273,0.33389025926589966,-0.15807177126407623,0.4388997554779053,0.37074196338653564,-0.17753787338733673,0.385650098323822,0.3750876188278198,-0.22935239970684052,0.4383929669857025,0.37508630752563477,-0.20041199028491974,0.38605767488479614,0.3870585560798645,-0.2586960196495056,0.43740314245224,0.37437954545021057,-0.2182520180940628,0.38886401057243347,0.38339248299598694,-0.27308353781700134,0.4369162619113922,0.3709584176540375,-0.1863231360912323,0.3893943130970001,0.37837496399879456,-0.23655135929584503,0.41326794028282166,0.3816731572151184,0.021423302590847015,0.3906242847442627,0.3755964934825897,-0.021490318700671196,0.4000794291496277,0.46820688247680664,0.022892413660883904,0.38872286677360535,0.43606626987457275,-0.1342116743326187,0.3855050206184387,0.5323900580406189,0.15798644721508026,0.3751679062843323,0.5081664323806763,0.023538697510957718,0.380858451128006,0.5406494140625,0.16775648295879364,0.37368083000183105,0.5158547163009644,0.030297135934233665,0.38458317518234253,0.556719958782196,0.08461082726716995,0.3741295039653778,0.5358682870864868,-0.04672826826572418
frame_00115.jpg,0.4246455729007721,0.23564191162586212,-0.25674429535865784,0.42752689123153687,0.22683514654636383,-0.24520912766456604,0.42915305495262146,0.2266264408826828,-0.24538180232048035,0.4306360185146332,0.22648361325263977,-0.24536582827568054,0.421719491481781,0.2264489233493805,-0.2497582733631134,0.4195503294467926,0.22596444189548492,-0.24992211163043976,0.41750678420066833,0.22551046311855316,-0.25002795457839966,0.43030643463134766,0.22714093327522278,-0.16437499225139618,0.41386932134628296,0.22609180212020874,-0.1856243908405304,0.4258821904659271,0.24274899065494537,-0.2239600121974945,0.41982707381248474,0.2422308325767517,-0.23101985454559326,0.44028735160827637,0.2735925018787384,-0.0919477790594101,0.39141374826431274,0.26922285556793213,-0.13352586328983307,0.43961992859840393,0.32920652627944946,-0.08225925266742706,0.38507017493247986,0.3257681429386139,-0.14243629574775696,0.4389866292476654,0.3669643998146057,-0.17019593715667725,0.3860233426094055,0.36990734934806824,-0.20798368752002716,0.4386517405509949,0.37614575028419495,-0.19141122698783875,0.3865925669670105,0.3834304213523865,-0.23417088389396667,0.43910542130470276,0.37298259139060974,-0.20900948345661163,0.38851433992385864,0.3818560242652893,-0.24873706698417664,0.4381621778011322,0.36893972754478455,-0.17865851521492004,0.38972288370132446,0.3768996000289917,-0.21557100117206573,0.4154697060585022,0.3733769953250885,0.02003941312432289,0.39255422353744507,0.3680129051208496,-0.020110709592700005,0.4017101228237152,0.4528515636920929,0.025318210944533348,0.39127254486083984,0.4312833249568939,-0.12721192836761475,0.3968839943408966,0.5277115702629089,0.14103664457798004,0.37653249502182007,0.5080620646476746,-0.01120835356414318,0.3937317728996277,0.5366373658180237,0.14757606387138367,0.37491708993911743,0.5171105265617371,-0.0030016053933650255,0.39590221643447876,0.5525481700897217,0.06928899884223938,0.3756147027015686,0.5359592437744141,-0.07892780005931854
frame_00116.jpg,0.42856907844543457,0.22337770462036133,-0.21332204341888428,0.4308450222015381,0.2143515944480896,-0.1999409794807434,0.43245577812194824,0.2140417993068695,-0.20010080933570862,0.43392911553382874,0.21386319398880005,-0.20008167624473572,0.4252914488315582,0.2140798717737198,-0.20760104060173035,0.4231148362159729,0.21361283957958221,-0.20778286457061768,0.4210531711578369,0.21324530243873596,-0.20790144801139832,0.43367519974708557,0.21465541422367096,-0.11489987373352051,0.4171806275844574,0.21433444321155548,-0.14975330233573914,0.4296574592590332,0.23129494488239288,-0.17900216579437256,0.4238143861293793,0.23064494132995605,-0.19004595279693604,0.4438323378562927,0.2620754837989807,-0.03567543998360634,0.3934869170188904,0.25746577978134155,-0.1115318164229393,0.4445432722568512,0.31652623414993286,-0.02039000764489174,0.38880017399787903,0.31681540608406067,-0.12500080466270447,0.4525875151157379,0.3500557243824005,-0.11296428740024567,0.39411574602127075,0.3609907925128937,-0.18385647237300873,0.45390161871910095,0.36224547028541565,-0.1316196620464325,0.39450937509536743,0.3740006387233734,-0.2097620964050293,0.4540024399757385,0.35780394077301025,-0.15041792392730713,0.396243155002594,0.3716646730899811,-0.22087815403938293,0.45172733068466187,0.3543955981731415,-0.1222819834947586,0.39706963300704956,0.36638739705085754,-0.1896977573633194,0.4201786518096924,0.364583283662796,0.022708408534526825,0.3973270356655121,0.3603565990924835,-0.022798065096139908,0.4035922586917877,0.44496801495552063,0.024711376056075096,0.3961077332496643,0.4281572699546814,-0.11565984785556793,0.3919367492198944,0.5203497409820557,0.12783467769622803,0.38666898012161255,0.5052188634872437,-0.000765810429584235,0.38733014464378357,0.5288670659065247,0.13344840705394745,0.3857050836086273,0.5145993828773499,0.007370361126959324,0.38690853118896484,0.5450336933135986,0.05807526782155037,0.3860902190208435,0.5317277312278748,-0.07025281339883804
frame_00117.jpg,0.4343203604221344,0.2171809822320938,-0.2088870257139206,0.43605533242225647,0.2079135626554489,-0.19441170990467072,0.4373997151851654,0.20765596628189087,-0.1945653259754181,0.4386841654777527,0.20760057866573334,-0.19454333186149597,0.4309930205345154,0.20774583518505096,-0.20341292023658752,0.42872700095176697,0.20731361210346222,-0.20359274744987488,0.4264053404331207,0.20689354836940765,-0.20370392501354218,0.43758493661880493,0.2085035890340805,-0.10586674511432648,0.42096295952796936,0.20781520009040833,-0.14720328152179718,0.4345146715641022,0.2255290448665619,-0.17346666753292084,0.42916035652160645,0.22526240348815918,-0.18639078736305237,0.4470141530036926,0.25767505168914795,-0.024809392169117928,0.39713409543037415,0.25056400895118713,-0.11114312708377838,0.4487486779689789,0.30980220437049866,-0.005505782552063465,0.39139804244041443,0.3091006278991699,-0.12574975192546844,0.4590350091457367,0.3462081551551819,-0.09329710155725479,0.39406222105026245,0.3520975112915039,-0.18365535140037537,0.46144899725914,0.357698917388916,-0.11009390652179718,0.3941503167152405,0.3679261803627014,-0.20933087170124054,0.46176737546920776,0.35371291637420654,-0.12946708500385284,0.3954121172428131,0.36656245589256287,-0.22141501307487488,0.4592665731906891,0.3504573404788971,-0.1027856320142746,0.3965873122215271,0.3616354167461395,-0.18991263210773468,0.4231671690940857,0.3610239624977112,0.02758294902741909,0.4000474810600281,0.35595035552978516,-0.027666056528687477,0.40951746702194214,0.4423343241214752,0.027813026681542397,0.4007887840270996,0.4239349961280823,-0.14059869945049286,0.395918071269989,0.5181705951690674,0.13197240233421326,0.38869509100914,0.5008574724197388,-0.021323885768651962,0.3911212980747223,0.5273715853691101,0.13752835988998413,0.3870236277580261,0.5099374055862427,-0.011833065189421177,0.3962033689022064,0.5428003668785095,0.06888733804225922,0.38963162899017334,0.5283488631248474,-0.08456043899059296
frame_00118.jpg,0.43337327241897583,0.21708126366138458,-0.23572249710559845,0.43578439950942993,0.20821431279182434,-0.22201485931873322,0.43721896409988403,0.20801977813243866,-0.22217831015586853,0.4385787844657898,0.20794735848903656,-0.22215905785560608,0.4305020868778229,0.20771175622940063,-0.2295461893081665,0.4281795024871826,0.2071901112794876,-0.2297273427248001,0.4258788228034973,0.20667675137519836,-0.2298443615436554,0.437600702047348,0.20898744463920593,-0.13209249079227448,0.42091864347457886,0.20726867020130157,-0.16669557988643646,0.43389248847961426,0.22451990842819214,-0.19952325522899628,0.42818278074264526,0.22392964363098145,-0.21052511036396027,0.44791164994239807,0.2562493681907654,-0.04686066135764122,0.3978496193885803,0.2504423260688782,-0.1223284974694252,0.4505791664123535,0.30819711089134216,-0.0240425206720829,0.3921481966972351,0.30723243951797485,-0.1325046569108963,0.4611020088195801,0.34487855434417725,-0.11085262149572372,0.39397814869880676,0.3522089123725891,-0.19483542442321777,0.46363338828086853,0.3564586341381073,-0.1290985494852066,0.39413443207740784,0.3670315444469452,-0.2218203842639923,0.46396827697753906,0.35278788208961487,-0.14888720214366913,0.39509740471839905,0.365609735250473,-0.23480264842510223,0.461569219827652,0.3494606018066406,-0.12037444114685059,0.39637938141822815,0.36059868335723877,-0.20162145793437958,0.4239468574523926,0.36299827694892883,0.02729317918419838,0.40070852637290955,0.3568768799304962,-0.02737257443368435,0.4099438190460205,0.4479764997959137,0.028264302760362625,0.4016385078430176,0.42796504497528076,-0.1353168785572052,0.3956170976161957,0.5217050909996033,0.15772607922554016,0.38695088028907776,0.496455579996109,0.016378266736865044,0.39121609926223755,0.5305216908454895,0.16660110652446747,0.3844537138938904,0.503132164478302,0.030943747609853745,0.39467570185661316,0.5468328595161438,0.09248750656843185,0.38794952630996704,0.5251278281211853,-0.03705092519521713
frame_00119.jpg,0.43688473105430603,0.21815918385982513,-0.2439054548740387,0.43829208612442017,0.21012939512729645,-0.23125417530536652,0.4394989013671875,0.20990830659866333,-0.23142531514167786,0.4406532347202301,0.2097933292388916,-0.23140926659107208,0.43359869718551636,0.21000175178050995,-0.23840348422527313,0.4314224123954773,0.2096242904663086,-0.2385835349559784,0.4291583001613617,0.20924220979213715,-0.23869505524635315,0.4390702247619629,0.21082183718681335,-0.14441247284412384,0.4237942695617676,0.20982961356639862,-0.1771918535232544,0.43707889318466187,0.2256959080696106,-0.20861487090587616,0.4319893717765808,0.22579719126224518,-0.21904492378234863,0.45038357377052307,0.25854894518852234,-0.05882749706506729,0.4008464813232422,0.2521648406982422,-0.1278706192970276,0.4534827768802643,0.310357004404068,-0.025115931406617165,0.3966582417488098,0.3097168803215027,-0.13150325417518616,0.46645981073379517,0.350283682346344,-0.09196243435144424,0.39829856157302856,0.3551234006881714,-0.18814803659915924,0.4694139361381531,0.3624440133571625,-0.10756857693195343,0.3973913788795471,0.36715418100357056,-0.21329057216644287,0.47032302618026733,0.35995423793792725,-0.13018229603767395,0.3973460793495178,0.36604079604148865,-0.22762933373451233,0.46727246046066284,0.3565804660320282,-0.10215071588754654,0.39887362718582153,0.3612137734889984,-0.19550389051437378,0.4279697835445404,0.36682188510894775,0.02428770437836647,0.40317487716674805,0.36014053225517273,-0.024364590644836426,0.41485196352005005,0.45300039649009705,0.021477101370692253,0.4021797180175781,0.4331902265548706,-0.09179383516311646,0.4119328558444977,0.5236508846282959,0.13840557634830475,0.3848898112773895,0.5050786733627319,0.04919992759823799,0.4089120030403137,0.5340381860733032,0.1453348696231842,0.382781982421875,0.5129218697547913,0.06032644584774971,0.4103512763977051,0.5480095148086548,0.06572103500366211,0.3847259283065796,0.5321453213691711,-0.013603927567601204
frame_00120.jpg,0.44007307291030884,0.2225823700428009,-0.2284599244594574,0.44233059883117676,0.21577811241149902,-0.21529850363731384,0.44384732842445374,0.21555180847644806,-0.21546892821788788,0.44520631432533264,0.2153601199388504,-0.21545560657978058,0.43668967485427856,0.2141682356595993,-0.2237979918718338,0.4343658983707428,0.21263578534126282,-0.22397653758525848,0.4320630431175232,0.21111641824245453,-0.22407571971416473,0.4445663392543793,0.21479244530200958,-0.12792226672172546,0.4275279939174652,0.21122980117797852,-0.16627725958824158,0.4416808485984802,0.23046104609966278,-0.19267146289348602,0.4355711340904236,0.22719219326972961,-0.204789400100708,0.4551071226596832,0.26831692457199097,-0.04256833344697952,0.40877804160118103,0.25243908166885376,-0.1238802894949913,0.45745426416397095,0.31709712743759155,-0.012971052899956703,0.4027816653251648,0.31416240334510803,-0.13499228656291962,0.4687548577785492,0.36477646231651306,-0.09306637942790985,0.41097813844680786,0.35971006751060486,-0.1885530650615692,0.47272080183029175,0.3735339045524597,-0.11027632653713226,0.4114384055137634,0.3701518774032593,-0.21329841017723083,0.4741836488246918,0.3747677206993103,-0.13215728104114532,0.4122850000858307,0.368251770734787,-0.22553494572639465,0.47193604707717896,0.3707393705844879,-0.10347390174865723,0.4130132794380188,0.3635161519050598,-0.19487929344177246,0.43438196182250977,0.3756057024002075,0.026779651641845703,0.4094049036502838,0.3719565272331238,-0.026870891451835632,0.4170219898223877,0.4641599953174591,0.02582206204533577,0.40603891015052795,0.4591188430786133,-0.0731341540813446,0.4036480486392975,0.5432803630828857,0.11582058668136597,0.39083170890808105,0.5464258790016174,0.01643059030175209,0.3997470736503601,0.5531935095787048,0.11903055757284164,0.38878411054611206,0.5589951872825623,0.017895014956593513,0.4034579396247864,0.5704403519630432,0.03809709846973419,0.3914102017879486,0.5731441378593445,-0.06950734555721283
frame_00121.jpg,0.44152599573135376,0.2515365481376648,-0.21216127276420593,0.44380679726600647,0.24416698515415192,-0.19832095503807068,0.4455443024635315,0.24384063482284546,-0.19851574301719666,0.44719186425209045,0.24360904097557068,-0.19850009679794312,0.438051700592041,0.24443894624710083,-0.20362481474876404,0.43583226203918457,0.24426724016666412,-0.20378930866718292,0.4336446225643158,0.24408592283725739,-0.2039065659046173,0.44843944907188416,0.24539147317409515,-0.11221927404403687,0.4305097460746765,0.24639573693275452,-0.13672712445259094,0.44409307837486267,0.2591782510280609,-0.17788243293762207,0.4380987584590912,0.2589961588382721,-0.18594518303871155,0.4610404074192047,0.30028584599494934,-0.037445876747369766,0.41350793838500977,0.2854692041873932,-0.10283768177032471,0.4623417854309082,0.35030683875083923,-0.014957849867641926,0.40477800369262695,0.3203808069229126,-0.18140578269958496,0.47509270906448364,0.39674142003059387,-0.08558852970600128,0.41861915588378906,0.3274801969528198,-0.3204115629196167,0.4774417281150818,0.4046267569065094,-0.10213238000869751,0.4214814305305481,0.3266359269618988,-0.3597278594970703,0.47923487424850464,0.4062027335166931,-0.12283642590045929,0.42342790961265564,0.3219885230064392,-0.36172881722450256,0.4760270118713379,0.4014708697795868,-0.0950675755739212,0.4232245981693268,0.3224569261074066,-0.32564976811408997,0.44121918082237244,0.40342551469802856,0.025805557146668434,0.4134293496608734,0.39785081148147583,-0.025880947709083557,0.42115044593811035,0.48996490240097046,0.03077610395848751,0.4083274304866791,0.48329246044158936,-0.0698959231376648,0.4055543839931488,0.5625708103179932,0.12048312276601791,0.39322012662887573,0.5575857162475586,0.029617825523018837,0.40006524324417114,0.5710825324058533,0.11935646831989288,0.3909527361392975,0.5669984817504883,0.03512490168213844,0.4114591181278229,0.5834915041923523,0.054314740002155304,0.39472490549087524,0.5883848667144775,-0.058151282370090485
frame_00122.jpg,0.44782933592796326,0.2964850664138794,-0.2405388057231903,0.4509935975074768,0.2880072593688965,-0.22813880443572998,0.45289453864097595,0.28753581643104553,-0.22833457589149475,0.4545992910861969,0.28718259930610657,-0.22831423580646515,0.4449797570705414,0.28794899582862854,-0.23064878582954407,0.4427366256713867,0.2875010669231415,-0.23085887730121613,0.44061747193336487,0.2870927155017853,-0.23099656403064728,0.4556966722011566,0.288570374250412,-0.139591783285141,0.4371069371700287,0.28881174325942993,-0.15245316922664642,0.4505709707736969,0.30335378646850586,-0.20407581329345703,0.4442390501499176,0.3031339645385742,-0.20744581520557404,0.46836066246032715,0.3375835120677948,-0.06500383466482162,0.41799911856651306,0.32776424288749695,-0.11175279319286346,0.4679148197174072,0.393081933259964,-0.03490114584565163,0.41039782762527466,0.3791100084781647,-0.12662704288959503,0.47671160101890564,0.4358677566051483,-0.08659429103136063,0.4152887463569641,0.4280606210231781,-0.20095619559288025,0.48151007294654846,0.4494056701660156,-0.10760816186666489,0.41548213362693787,0.4400833249092102,-0.22572211921215057,0.4818253517150879,0.4480866491794586,-0.13081558048725128,0.41684189438819885,0.43951812386512756,-0.24148766696453094,0.47846561670303345,0.44385674595832825,-0.09565415233373642,0.41785702109336853,0.4344736337661743,-0.20911824703216553,0.4468753933906555,0.44329869747161865,0.014645686373114586,0.41926780343055725,0.43552514910697937,-0.014760653488337994,0.42386573553085327,0.5280325412750244,-0.006853262893855572,0.4114503264427185,0.5233779549598694,-0.07831528037786484,0.40324124693870544,0.6086680889129639,0.06741837412118912,0.4043162763118744,0.6011083126068115,0.032395027577877045,0.3975779414176941,0.6194883584976196,0.06920509040355682,0.4053116738796234,0.6116943955421448,0.039772775024175644,0.406136691570282,0.6357816457748413,-0.025614097714424133,0.3993184566497803,0.6307474970817566,-0.048697881400585175
frame_00123.jpg,0.459587037563324,0.32620730996131897,-0.2790462374687195,0.4614830017089844,0.31704795360565186,-0.26474568247795105,0.46268177032470703,0.31666621565818787,-0.2649482488632202,0.4637271761894226,0.31638532876968384,-0.26491811871528625,0.45685023069381714,0.31757834553718567,-0.27558913826942444,0.45480433106422424,0.3175755739212036,-0.27577030658721924,0.4526945948600769,0.31756359338760376,-0.27590376138687134,0.4626287817955017,0.31804952025413513,-0.16796612739562988,0.44723305106163025,0.3195062577724457,-0.21780848503112793,0.46085888147354126,0.3331962823867798,-0.23932448029518127,0.4557514190673828,0.3338918387889862,-0.2546022832393646,0.4729987680912018,0.3671186864376068,-0.07127581536769867,0.42468684911727905,0.3590198755264282,-0.1759738326072693,0.4721163809299469,0.424539178609848,-0.05405542254447937,0.42210903763771057,0.4171663820743561,-0.1992928385734558,0.47725239396095276,0.4640573263168335,-0.1654103547334671,0.4391196370124817,0.460807740688324,-0.26709726452827454,0.47836336493492126,0.4747680127620697,-0.18942824006080627,0.44273895025253296,0.47334039211273193,-0.3004958927631378,0.47805577516555786,0.4689386785030365,-0.2101435363292694,0.44450926780700684,0.46808815002441406,-0.30919143557548523,0.47631239891052246,0.4646463990211487,-0.17594437301158905,0.4434679448604584,0.4625791013240814,-0.2722192108631134,0.44987398386001587,0.4763973653316498,0.03049270249903202,0.42493757605552673,0.4714929163455963,-0.03056519292294979,0.4267646372318268,0.562912106513977,0.05687820911407471,0.41665345430374146,0.5569121837615967,-0.08117933571338654,0.41165605187416077,0.6347923278808594,0.17555703222751617,0.40418967604637146,0.6323412656784058,0.04974012076854706,0.4074995517730713,0.6404001712799072,0.1819763332605362,0.4032571315765381,0.6415852308273315,0.05930696800351143,0.4170527458190918,0.6517282128334045,0.08978941291570663,0.4042573571205139,0.6637923121452332,-0.033044926822185516
frame_00124.jpg,0.4587734639644623,0.3282938599586487,-0.26580697298049927,0.4607786536216736,0.3194335997104645,-0.2526487708091736,0.46203523874282837,0.31913137435913086,-0.25283926725387573,0.46318182349205017,0.3189271092414856,-0.2528170943260193,0.4557734429836273,0.3197084963321686,-0.2609994411468506,0.45362648367881775,0.31951287388801575,-0.2611806094646454,0.4515492916107178,0.31927090883255005,-0.26129746437072754,0.46169987320899963,0.32027894258499146,-0.16182658076286316,0.44677677750587463,0.32085973024368286,-0.200026273727417,0.4595092236995697,0.3360215127468109,-0.22846761345863342,0.4539777636528015,0.33628079295158386,-0.24055752158164978,0.47185009717941284,0.3687365651130676,-0.07186991721391678,0.42527586221694946,0.3595696985721588,-0.15429601073265076,0.47251376509666443,0.424437016248703,-0.05123330280184746,0.42328158020973206,0.4155533015727997,-0.19715085625648499,0.4786546230316162,0.4693937301635742,-0.14624930918216705,0.436412513256073,0.4668658375740051,-0.23526310920715332,0.48098620772361755,0.4796147346496582,-0.16785547137260437,0.4385131001472473,0.48054221272468567,-0.2652328610420227,0.48034796118736267,0.4753102958202362,-0.18866321444511414,0.4408698081970215,0.47832190990448,-0.2782646119594574,0.4780634045600891,0.471353143453598,-0.15638110041618347,0.4406978189945221,0.4724893271923065,-0.24165257811546326,0.4471915364265442,0.47863611578941345,0.029601529240608215,0.4258396029472351,0.47453242540359497,-0.029696490615606308,0.426525354385376,0.5639427900314331,0.048971645534038544,0.4175536036491394,0.558914303779602,-0.060863979160785675,0.4085848927497864,0.6469973921775818,0.12612558901309967,0.4066240191459656,0.6404878497123718,0.042716797441244125,0.403628408908844,0.6569259166717529,0.12859763205051422,0.4053768217563629,0.6515408754348755,0.04944948852062225,0.41053780913352966,0.6715294122695923,0.03328210860490799,0.4074949324131012,0.668287456035614,-0.040237970650196075
frame_00125.jpg,0.4658203721046448,0.3479384481906891,-0.27338725328445435,0.4689572751522064,0.34001731872558594,-0.26038676500320435,0.47051921486854553,0.33982375264167786,-0.26058417558670044,0.4719521999359131,0.33970826864242554,-0.2605625092983246,0.4633261561393738,0.33924898505210876,-0.2685113549232483,0.4610251486301422,0.33864253759384155,-0.2687070071697235,0.45880991220474243,0.33812251687049866,-0.2688339352607727,0.47202858328819275,0.3398171365261078,-0.16643399000167847,0.4540664553642273,0.33897653222084045,-0.2035643756389618,0.4673248827457428,0.3548678159713745,-0.2343992441892624,0.46179622411727905,0.35437822341918945,-0.24624204635620117,0.48066025972366333,0.38389718532562256,-0.07046601921319962,0.43438130617141724,0.3767504394054413,-0.15284112095832825,0.4799342751502991,0.43494337797164917,-0.04512683302164078,0.4305439889431,0.43225523829460144,-0.19044557213783264,0.4884938597679138,0.47232258319854736,-0.13818511366844177,0.4470697343349457,0.4695313572883606,-0.21694305539131165,0.4937126040458679,0.48227882385253906,-0.15853948891162872,0.45085805654525757,0.4802994728088379,-0.24559268355369568,0.4934728145599365,0.47693538665771484,-0.17984341084957123,0.4526221752166748,0.4761957824230194,-0.2571879029273987,0.48905476927757263,0.47495022416114807,-0.14822185039520264,0.4516879916191101,0.4711672067642212,-0.222767636179924,0.4578549265861511,0.4952307343482971,0.02953653410077095,0.43532854318618774,0.49210721254348755,-0.029627393931150436,0.43661317229270935,0.5763025283813477,0.049394965171813965,0.4272569715976715,0.5745551586151123,-0.06684716045856476,0.4193400740623474,0.6583132147789001,0.15611682832241058,0.4168124794960022,0.6561399102210999,0.016323450952768326,0.4139881730079651,0.6683774590492249,0.16129305958747864,0.4155195355415344,0.6679588556289673,0.021416958421468735,0.4202960133552551,0.6827805638313293,0.07138006389141083,0.4174636900424957,0.6816619634628296,-0.07441964745521545
frame_00126.jpg,0.4832697808742523,0.3527289927005768,-0.2922118008136749,0.48492464423179626,0.34447506070137024,-0.27846360206604004,0.48568588495254517,0.34428173303604126,-0.27866774797439575,0.48634466528892517,0.3441634774208069,-0.2786279320716858,0.48070377111434937,0.34413039684295654,-0.291251003742218,0.478536456823349,0.3437485098838806,-0.2914355397224426,0.4762965142726898,0.34333422780036926,-0.2915470600128174,0.48315009474754333,0.34503018856048584,-0.18076321482658386,0.46966710686683655,0.3438955247402191,-0.2399471253156662,0.4824572205543518,0.36045295000076294,-0.2517600357532501,0.4778361916542053,0.3604813814163208,-0.26989227533340454,0.4881278872489929,0.3855430781841278,-0.07411820441484451,0.4476715624332428,0.3844771981239319,-0.2009282410144806,0.48917752504348755,0.4372965395450592,-0.04782956466078758,0.4414064288139343,0.44328078627586365,-0.22539398074150085,0.5005103349685669,0.48204800486564636,-0.14932772517204285,0.45166006684303284,0.4871922731399536,-0.279194176197052,0.5033811330795288,0.4931897819042206,-0.16891460120677948,0.45312100648880005,0.49928098917007446,-0.3105026185512543,0.5033172369003296,0.4893922507762909,-0.1915404200553894,0.45497947931289673,0.4955601096153259,-0.31999045610427856,0.5008019208908081,0.4856624901294708,-0.16044622659683228,0.45471277832984924,0.49054548144340515,-0.28430911898612976,0.46606165170669556,0.4977952837944031,0.043420128524303436,0.4468100070953369,0.49702802300453186,-0.043505847454071045,0.44906896352767944,0.5792466998100281,0.09115417301654816,0.4417073726654053,0.5735905170440674,-0.0751873329281807,0.4335988461971283,0.6557084321975708,0.21123528480529785,0.42483267188072205,0.6460942029953003,0.0352843701839447,0.42778366804122925,0.6657527089118958,0.21802394092082977,0.42070692777633667,0.6549232006072998,0.044309694319963455,0.4380694031715393,0.6800550222396851,0.13909989595413208,0.4322032034397125,0.6748945713043213,-0.04021438956260681
frame_00127.jpg,0.4910433888435364,0.3591826558113098,-0.3465843200683594,0.49386096000671387,0.34896644949913025,-0.33392101526260376,0.4948667883872986,0.3484870195388794,-0.3341318964958191,0.4957661032676697,0.3481980264186859,-0.3341032862663269,0.4888251721858978,0.34939756989479065,-0.3452965021133423,0.4863209128379822,0.3492336869239807,-0.3454914391040802,0.483722448348999,0.3490351140499115,-0.34562668204307556,0.49325934052467346,0.34846609830856323,-0.23415593802928925,0.47698211669921875,0.3496011197566986,-0.2860648036003113,0.49096423387527466,0.3668881058692932,-0.3047206997871399,0.48537498712539673,0.36768248677253723,-0.32080256938934326,0.5005254149436951,0.39260825514793396,-0.11711515486240387,0.45269471406936646,0.3915003836154938,-0.22844108939170837,0.5008208751678467,0.4470331072807312,-0.07129549980163574,0.4456601142883301,0.4543013274669647,-0.2348053753376007,0.5085132718086243,0.4860858619213104,-0.15934938192367554,0.45410141348838806,0.49969571828842163,-0.2933974862098694,0.513102650642395,0.4985896646976471,-0.1787581741809845,0.4547603130340576,0.5119550824165344,-0.3251931667327881,0.5122179985046387,0.4925423562526703,-0.20345576107501984,0.4561442732810974,0.5084683299064636,-0.3383875787258148,0.5087110996246338,0.4900568425655365,-0.17087434232234955,0.45670589804649353,0.5031387805938721,-0.2999967336654663,0.476717084646225,0.5010821223258972,0.03949526697397232,0.4535074234008789,0.4995356500148773,-0.03956769034266472,0.45634597539901733,0.5866355299949646,0.06531403213739395,0.4492418169975281,0.5767394304275513,-0.07891436666250229,0.45400017499923706,0.6697094440460205,0.18843397498130798,0.4340553879737854,0.6537753343582153,0.05698397755622864,0.4496334493160248,0.6805171966552734,0.19513250887393951,0.43078798055648804,0.6625468730926514,0.06702584028244019,0.4585317075252533,0.6937418580055237,0.10406406968832016,0.4404010772705078,0.6819169521331787,-0.02732333168387413
frame_00128.jpg,0.4961507320404053,0.33534902334213257,-0.2103062868118286,0.4967743456363678,0.3270740211009979,-0.19931620359420776,0.4972614645957947,0.32694700360298157,-0.19950221478939056,0.49778956174850464,0.3268810510635376,-0.19948987662792206,0.493875116109848,0.3273935317993164,-0.2094816416501999,0.49277591705322266,0.3271394968032837,-0.20967575907707214,0.49169301986694336,0.32690858840942383,-0.20979996025562286,0.4955871105194092,0.3286481499671936,-0.12582573294639587,0.4870056211948395,0.3285540044307709,-0.17190399765968323,0.495208203792572,0.34379851818084717,-0.17948701977729797,0.49251246452331543,0.34387391805648804,-0.19384683668613434,0.5071327090263367,0.37557268142700195,-0.044898081570863724,0.4598020911216736,0.3711547255516052,-0.1449206918478012,0.5029686689376831,0.4410421550273895,-0.021451391279697418,0.4585656225681305,0.4368208050727844,-0.15116074681282043,0.5077292323112488,0.4705791473388672,-0.1130000576376915,0.46665969491004944,0.48029080033302307,-0.20128187537193298,0.509337306022644,0.47948628664016724,-0.13228999078273773,0.46797090768814087,0.4924362301826477,-0.22865498065948486,0.510066568851471,0.47320878505706787,-0.15337851643562317,0.46908751130104065,0.48891788721084595,-0.2402307540178299,0.5080965757369995,0.47002115845680237,-0.1234404593706131,0.4694403111934662,0.4836001396179199,-0.20735380053520203,0.47998395562171936,0.48920586705207825,0.03697744384407997,0.4565759599208832,0.4846973717212677,-0.03705192357301712,0.4629681706428528,0.5806798338890076,0.0581447072327137,0.4558989405632019,0.5710063576698303,-0.06529730558395386,0.4512456953525543,0.6596482992172241,0.13151073455810547,0.43997421860694885,0.6516087651252747,0.0476241372525692,0.447115957736969,0.6711254119873047,0.13360926508903503,0.43750572204589844,0.6633184552192688,0.0497564934194088,0.45398950576782227,0.6816625595092773,0.051073767244815826,0.44318899512290955,0.6759617924690247,-0.031279079616069794
frame_00129.jpg,0.496074914932251,0.32626110315322876,-0.2772998809814453,0.49901992082595825,0.31780147552490234,-0.2665640115737915,0.5002433061599731,0.31759563088417053,-0.26677075028419495,0.5013668537139893,0.31747132539749146,-0.2667542099952698,0.494199275970459,0.31801703572273254,-0.26963168382644653,0.4925096929073334,0.317751407623291,-0.2698284089565277,0.49050837755203247,0.31748852133750916,-0.2699599862098694,0.5003925561904907,0.3188987374305725,-0.18140390515327454,0.4870992600917816,0.3188965618610382,-0.19003188610076904,0.4969775676727295,0.3342890441417694,-0.2419438660144806,0.4924946427345276,0.3343920409679413,-0.24695546925067902,0.514229416847229,0.3658807873725891,-0.09801090508699417,0.4598991870880127,0.36050117015838623,-0.14121252298355103,0.5135020017623901,0.4273485541343689,-0.08096618950366974,0.45113715529441833,0.42194873094558716,-0.14624841511249542,0.5196933746337891,0.45978689193725586,-0.17981772124767303,0.4685111939907074,0.46158015727996826,-0.2151092290878296,0.5223130583763123,0.46952247619628906,-0.20471732318401337,0.4715197682380676,0.46643897891044617,-0.23342768847942352,0.5231523513793945,0.46434295177459717,-0.225015327334404,0.4726932942867279,0.4569081962108612,-0.24989008903503418,0.5208491683006287,0.4611155092716217,-0.18973195552825928,0.47247132658958435,0.4528915584087372,-0.2161732017993927,0.4860285818576813,0.47676604986190796,0.016899850219488144,0.4622329771518707,0.47220245003700256,-0.016956904903054237,0.47377926111221313,0.5683998465538025,0.007992626167833805,0.45587363839149475,0.557107150554657,-0.07192355394363403,0.4638778269290924,0.6473252773284912,0.12328766286373138,0.4384811520576477,0.6355004906654358,0.06655917316675186,0.4610159993171692,0.6580449342727661,0.12920725345611572,0.43688565492630005,0.6436846256256104,0.07789346575737,0.46066951751708984,0.6720272898674011,0.03596803545951843,0.43686261773109436,0.6570448279380798,-0.005324919708073139
frame_00130.jpg,0.49823951721191406,0.32262691855430603,-0.2867860794067383,0.5006719827651978,0.3140869736671448,-0.2723034918308258,0.5018675923347473,0.31385311484336853,-0.2724904417991638,0.5029904246330261,0.31371060013771057,-0.27245157957077026,0.49591222405433655,0.31425154209136963,-0.281169593334198,0.4939034581184387,0.31396588683128357,-0.2813679575920105,0.4921199679374695,0.31368574500083923,-0.28150540590286255,0.5022884011268616,0.31501784920692444,-0.17695914208889008,0.4882148802280426,0.314982533454895,-0.21451382339000702,0.49864545464515686,0.3304770588874817,-0.24744181334972382,0.4942256808280945,0.33061179518699646,-0.2602551579475403,0.5124202370643616,0.3624023497104645,-0.09188865125179291,0.4629162847995758,0.35636621713638306,-0.16522084176540375,0.5124139785766602,0.42244893312454224,-0.06695636361837387,0.4502726197242737,0.416599303483963,-0.1651764214038849,0.5189124345779419,0.4556199014186859,-0.17994992434978485,0.4668298661708832,0.45622169971466064,-0.22318558394908905,0.5206964612007141,0.46693041920661926,-0.2041514366865158,0.4693579077720642,0.4644218385219574,-0.25232502818107605,0.5213384032249451,0.46190717816352844,-0.22419211268424988,0.4715917110443115,0.4569076597690582,-0.2641090452671051,0.5196088552474976,0.4586825370788574,-0.1902375966310501,0.47104978561401367,0.4525039494037628,-0.22393155097961426,0.48494642972946167,0.47364094853401184,0.02116316184401512,0.4614887833595276,0.46864429116249084,-0.02116130292415619,0.47467899322509766,0.567183792591095,0.021525930613279343,0.4631800055503845,0.5454787015914917,-0.16388855874538422,0.46384406089782715,0.6405936479568481,0.17704391479492188,0.4381605088710785,0.5789421200752258,0.05807553976774216,0.4609096050262451,0.6509963274002075,0.18734979629516602,0.43466463685035706,0.5801457762718201,0.07836183160543442,0.4617748260498047,0.6651625037193298,0.10789930820465088,0.43507838249206543,0.6086888909339905,0.02256454899907112
frame_00131.jpg,0.4954702854156494,0.3183044493198395,-0.2695419192314148,0.49904435873031616,0.3087419271469116,-0.25671541690826416,0.500892162322998,0.3086729645729065,-0.25690242648124695,0.5025292634963989,0.3088086247444153,-0.25688880681991577,0.492882639169693,0.3084944188594818,-0.2610563039779663,0.4906269907951355,0.30815568566322327,-0.2612707316875458,0.48851022124290466,0.3078506588935852,-0.2614173889160156,0.5030093789100647,0.3114190399646759,-0.16492344439029694,0.4847463071346283,0.30927154421806335,-0.18550267815589905,0.49723657965660095,0.32597815990448,-0.2317890226840973,0.49120059609413147,0.3273126780986786,-0.2384541928768158,0.5135133266448975,0.36044517159461975,-0.0856534093618393,0.45964106917381287,0.35534268617630005,-0.12304124981164932,0.5140978693962097,0.419531911611557,-0.06188919395208359,0.44678956270217896,0.4141073226928711,-0.11567290127277374,0.519875168800354,0.4551217257976532,-0.1718449592590332,0.4627703130245209,0.45418640971183777,-0.1836296021938324,0.5222949385643005,0.46400776505470276,-0.1976652294397354,0.46541571617126465,0.4631723165512085,-0.21166948974132538,0.5233110785484314,0.4575568437576294,-0.21858260035514832,0.4677395820617676,0.4567791819572449,-0.22619231045246124,0.5208209156990051,0.4535478949546814,-0.18244583904743195,0.4677043855190277,0.45208218693733215,-0.1906495839357376,0.48677635192871094,0.4710162878036499,0.013590380549430847,0.4591842591762543,0.4670936167240143,-0.013662973418831825,0.46690574288368225,0.5632235407829285,0.0034080352634191513,0.4612216055393219,0.5463048219680786,-0.08032552897930145,0.4502803385257721,0.6486849188804626,0.111643947660923,0.45348039269447327,0.6161394119262695,0.07399673759937286,0.4463985562324524,0.6587487459182739,0.11702720075845718,0.45467376708984375,0.625034511089325,0.08635495603084564,0.4598071575164795,0.6769553422927856,0.022556740790605545,0.44730013608932495,0.6474084854125977,0.009729131124913692
frame_00132.jpg,0.4918031096458435,0.3094801902770996,-0.2695789039134979,0.495659202337265,0.30084651708602905,-0.2575860321521759,0.4978785514831543,0.30097323656082153,-0.25777310132980347,0.5000005960464478,0.3013369143009186,-0.25776490569114685,0.4894743859767914,0.30010196566581726,-0.26160699129104614,0.4872867166996002,0.2996487319469452,-0.261821448802948,0.48513197898864746,0.29923149943351746,-0.2619675397872925,0.5021547675132751,0.30343198776245117,-0.1694449484348297,0.4817211627960205,0.30046412348747253,-0.1864187866449356,0.4941316545009613,0.3183535933494568,-0.23238947987556458,0.4880264401435852,0.3187943398952484,-0.23882608115673065,0.5119112730026245,0.3567107617855072,-0.08434493839740753,0.45899948477745056,0.3485405743122101,-0.12280682474374771,0.5126657485961914,0.4188099801540375,-0.06380781531333923,0.4451688230037689,0.41061440110206604,-0.11995057761669159,0.5168506503105164,0.45424774289131165,-0.16237963736057281,0.4579116702079773,0.4458106458187103,-0.19493520259857178,0.5186537504196167,0.4612845778465271,-0.18582545220851898,0.45994728803634644,0.45606085658073425,-0.22239533066749573,0.5200130343437195,0.45303308963775635,-0.20683333277702332,0.46211138367652893,0.4506031572818756,-0.23723237216472626,0.5176202058792114,0.44883349537849426,-0.17275625467300415,0.46239909529685974,0.4458790719509125,-0.20252320170402527,0.4842450022697449,0.46970900893211365,0.010149822570383549,0.4580481946468353,0.46622639894485474,-0.010251408442854881,0.46207284927368164,0.5608065128326416,-0.019295543432235718,0.46275773644447327,0.5470126271247864,-0.04879521206021309,0.440871000289917,0.6542556881904602,0.034452252089977264,0.4637672007083893,0.6309674978256226,0.07050426304340363,0.4340461790561676,0.6656051874160767,0.033884208649396896,0.4656054377555847,0.6417744159698486,0.07931503653526306,0.43359190225601196,0.6861811876296997,-0.06992475688457489,0.46118253469467163,0.6642287373542786,-0.0028642211109399796
frame_00133.jpg,0.4929944574832916,0.3024502396583557,-0.27554529905319214,0.49581870436668396,0.2934800684452057,-0.2626935839653015,0.4975391924381256,0.29330283403396606,-0.2628858685493469,0.4991398751735687,0.2933329939842224,-0.26286420226097107,0.48953860998153687,0.2927078902721405,-0.27236199378967285,0.48695364594459534,0.29202142357826233,-0.2725908160209656,0.4843147397041321,0.29137924313545227,-0.2727418839931488,0.4992070198059082,0.2941036820411682,-0.16934087872505188,0.48001909255981445,0.2920546531677246,-0.2118440568447113,0.49463796615600586,0.31015655398368835,-0.2359147071838379,0.4883245527744293,0.3110274374485016,-0.24941638112068176,0.5093094110488892,0.34391868114471436,-0.06801680475473404,0.45658978819847107,0.33895641565322876,-0.16291603446006775,0.5092724561691284,0.3980957865715027,-0.04793386533856392,0.44469085335731506,0.4033743739128113,-0.17843633890151978,0.514090359210968,0.4333115220069885,-0.1589149385690689,0.45891889929771423,0.44218817353248596,-0.24917066097259521,0.5162451863288879,0.4484170079231262,-0.18165549635887146,0.4614761769771576,0.4540749490261078,-0.2802571654319763,0.5177625417709351,0.4409826099872589,-0.20343706011772156,0.4641701579093933,0.4477323293685913,-0.29115211963653564,0.5154649615287781,0.4368894398212433,-0.16968265175819397,0.46413564682006836,0.4424358904361725,-0.2547895312309265,0.48190760612487793,0.45913657546043396,0.02587965689599514,0.45613735914230347,0.45581722259521484,-0.02597264014184475,0.4604724049568176,0.5470392107963562,0.003353650914505124,0.457976758480072,0.5334001183509827,-0.09507628530263901,0.4390692710876465,0.6480416059494019,0.08089752495288849,0.46228909492492676,0.625870943069458,0.022322192788124084,0.4311380386352539,0.6589849591255188,0.0820983499288559,0.4628427028656006,0.6356160640716553,0.030677080154418945,0.43356114625930786,0.6788300275802612,-0.013297023251652718,0.4630401134490967,0.6564611792564392,-0.0522361695766449
frame_00134.jpg,0.49243706464767456,0.29294413328170776,-0.27568021416664124,0.4940544068813324,0.283659964799881,-0.26310643553733826,0.4953823983669281,0.28328368067741394,-0.2633070647716522,0.49665483832359314,0.28307417035102844,-0.26328855752944946,0.4884715974330902,0.28301021456718445,-0.2742995619773865,0.48586463928222656,0.28234994411468506,-0.27452021837234497,0.483206570148468,0.2818065881729126,-0.2746613323688507,0.4958104193210602,0.2835312485694885,-0.1715814471244812,0.47793787717819214,0.28271934390068054,-0.223859041929245,0.49293050169944763,0.30001401901245117,-0.23712556064128876,0.4871796667575836,0.30095040798187256,-0.25303640961647034,0.5060296058654785,0.32755157351493835,-0.06909102201461792,0.4543924927711487,0.32900211215019226,-0.18164923787117004,0.5062788724899292,0.3864407241344452,-0.04497269541025162,0.4433961808681488,0.39766034483909607,-0.1884213089942932,0.5131517052650452,0.42829909920692444,-0.13785162568092346,0.44840508699417114,0.4468098282814026,-0.24092218279838562,0.5149410963058472,0.44501104950904846,-0.15539318323135376,0.44618815183639526,0.461216002702713,-0.2698688805103302,0.5161798596382141,0.4383454918861389,-0.18041904270648956,0.4482041001319885,0.45948526263237,-0.2828328013420105,0.5152098536491394,0.435533344745636,-0.14987453818321228,0.45081979036331177,0.45361337065696716,-0.24743187427520752,0.48036909103393555,0.44456297159194946,0.03188232332468033,0.4552958905696869,0.4430280029773712,-0.03196454048156738,0.45935314893722534,0.5278932452201843,0.05070571228861809,0.4552130699157715,0.5211561918258667,-0.08289339393377304,0.4395378530025482,0.6171396374702454,0.13237927854061127,0.45831871032714844,0.619871199131012,0.013451606035232544,0.4320911467075348,0.6291067004203796,0.13434717059135437,0.4590107500553131,0.6338193416595459,0.0183387603610754,0.4409499168395996,0.6396089792251587,0.05021262913942337,0.4584793448448181,0.6437086462974548,-0.06867723166942596
frame_00135.jpg,0.48805418610572815,0.28256756067276,-0.2770143747329712,0.48992276191711426,0.2733996510505676,-0.2637541592121124,0.4914585053920746,0.2730005979537964,-0.26395779848098755,0.4929240643978119,0.27276018261909485,-0.2639390826225281,0.4838027060031891,0.2734913229942322,-0.27420076727867126,0.4809234142303467,0.2731076180934906,-0.2744155526161194,0.4779662489891052,0.2726813852787018,-0.27455195784568787,0.49179014563560486,0.27408310770988464,-0.1706678420305252,0.4721035063266754,0.27354344725608826,-0.2168693244457245,0.48897185921669006,0.29050272703170776,-0.2375834882259369,0.4820849299430847,0.29117313027381897,-0.25244438648223877,0.5053215026855469,0.32475796341896057,-0.06269145011901855,0.4469911456108093,0.3200521767139435,-0.17123939096927643,0.5054208040237427,0.38331493735313416,-0.02575962245464325,0.4432598650455475,0.38605183362960815,-0.1768590211868286,0.512306272983551,0.4285580515861511,-0.12018804252147675,0.46472054719924927,0.42922070622444153,-0.23659344017505646,0.5147765874862671,0.44031718373298645,-0.1393594890832901,0.46953266859054565,0.4423343241214752,-0.2691858112812042,0.5182517766952515,0.4371286928653717,-0.1649613231420517,0.47190481424331665,0.4353990852832794,-0.27676770091056824,0.5153857469558716,0.43431776762008667,-0.13238784670829773,0.47090473771095276,0.4293886721134186,-0.24081175029277802,0.47940880060195923,0.437187135219574,0.03552724048495293,0.45142465829849243,0.4331698417663574,-0.035584114491939545,0.4586086869239807,0.5312349796295166,0.05299805477261543,0.45479464530944824,0.5234893560409546,-0.08350847661495209,0.43636447191238403,0.6100609302520752,0.16312891244888306,0.4567834734916687,0.6113553643226624,0.02496735192835331,0.42459869384765625,0.6200982332229614,0.16880843043327332,0.45394426584243774,0.6248048543930054,0.03232074901461601,0.43755578994750977,0.6358069777488708,0.08216778188943863,0.4519449770450592,0.6366187930107117,-0.05530766397714615
frame_00136.jpg,0.48653706908226013,0.2781499922275543,-0.2832046151161194,0.4876162111759186,0.2691839337348938,-0.2692730128765106,0.48909154534339905,0.268949419260025,-0.26948487758636475,0.49050846695899963,0.2688017785549164,-0.2694770395755768,0.48163771629333496,0.26937130093574524,-0.2803252041339874,0.4786851406097412,0.2692224383354187,-0.2805274426937103,0.47564616799354553,0.26900461316108704,-0.28065747022628784,0.48906001448631287,0.27116864919662476,-0.17460039258003235,0.46955791115760803,0.2710690498352051,-0.22442671656608582,0.4875364899635315,0.2868644595146179,-0.24422314763069153,0.48035746812820435,0.2876242995262146,-0.25978413224220276,0.5042542219161987,0.32373562455177307,-0.06462395936250687,0.4444381296634674,0.32058778405189514,-0.18703071773052216,0.5042366981506348,0.3840581774711609,-0.024041619151830673,0.4425641596317291,0.383274108171463,-0.2056574821472168,0.5131665468215942,0.42923593521118164,-0.10617724806070328,0.4752148687839508,0.42756471037864685,-0.2708980441093445,0.515993595123291,0.44302111864089966,-0.12337253987789154,0.48100343346595764,0.4410673975944519,-0.304702490568161,0.5180675387382507,0.43832269310951233,-0.15011616051197052,0.4844582676887512,0.4340532720088959,-0.31316280364990234,0.5159627199172974,0.43565067648887634,-0.11842018365859985,0.48293066024780273,0.427846759557724,-0.27575498819351196,0.4784114360809326,0.4342721104621887,0.03784331679344177,0.45060235261917114,0.43086493015289307,-0.03790833801031113,0.458060085773468,0.5310735702514648,0.052780598402023315,0.45418351888656616,0.5244544148445129,-0.0871754065155983,0.4342068135738373,0.6106506586074829,0.1552908718585968,0.4439479410648346,0.6096032857894897,0.027110550552606583,0.4255121350288391,0.6210953593254089,0.15998397767543793,0.43972283601760864,0.6225312948226929,0.035010457038879395,0.43507128953933716,0.6386187076568604,0.07225050777196884,0.4469427466392517,0.6369125843048096,-0.05330454558134079
frame_00137.jpg,0.4800803065299988,0.27266165614128113,-0.24739325046539307,0.4824943542480469,0.26342135667800903,-0.23248843848705292,0.48442918062210083,0.26341667771339417,-0.23268361389636993,0.48623400926589966,0.2634398639202118,-0.23269252479076385,0.4759546220302582,0.2631293833255768,-0.23875126242637634,0.4731118679046631,0.26298609375953674,-0.23896439373493195,0.47019582986831665,0.2628430724143982,-0.23910453915596008,0.48667269945144653,0.26615792512893677,-0.1372324526309967,0.4656211733818054,0.26608455181121826,-0.1650693118572235,0.48265916109085083,0.28189876675605774,-0.2091350555419922,0.4750939905643463,0.2824893295764923,-0.21830861270427704,0.50420081615448,0.3231317698955536,-0.04618890583515167,0.4412497580051422,0.3180454671382904,-0.11631955951452255,0.5040302276611328,0.3834398090839386,-0.010215509682893753,0.4416974186897278,0.3801543116569519,-0.11771188676357269,0.5155586004257202,0.4300532042980194,-0.09281466156244278,0.44597965478897095,0.42840275168418884,-0.18315383791923523,0.520654022693634,0.4405425488948822,-0.11132948100566864,0.4450228214263916,0.4405527710914612,-0.21032671630382538,0.5224029421806335,0.4389067590236664,-0.13662466406822205,0.44505420327186584,0.43650001287460327,-0.2268572300672531,0.5200003385543823,0.43546226620674133,-0.10469051450490952,0.44697707891464233,0.431075781583786,-0.19170959293842316,0.4775928556919098,0.44075295329093933,0.028163189068436623,0.44924283027648926,0.4370613694190979,-0.02823575958609581,0.4580705761909485,0.5389456152915955,0.02553676627576351,0.4541170597076416,0.5340415239334106,-0.08680751174688339,0.43446674942970276,0.619409441947937,0.12543407082557678,0.43891677260398865,0.6259518265724182,0.027438059449195862,0.4276248514652252,0.6306458115577698,0.12994788587093353,0.43626561760902405,0.639519453048706,0.03513125330209732,0.43446874618530273,0.651710569858551,0.035606883466243744,0.43881955742836,0.6555259823799133,-0.05528995394706726
frame_00138.jpg,0.4780881404876709,0.271098792552948,-0.27123239636421204,0.48071303963661194,0.26193636655807495,-0.2545475363731384,0.48272544145584106,0.26193487644195557,-0.2547547519207001,0.4845339357852936,0.2619298994541168,-0.2547565698623657,0.4741900861263275,0.2614499032497406,-0.2662946283817291,0.4713316857814789,0.26112738251686096,-0.2665410041809082,0.46841973066329956,0.2607916593551636,-0.2667134702205658,0.4851725697517395,0.26424404978752136,-0.1451425403356552,0.46393847465515137,0.263232558965683,-0.20065096020698547,0.48065370321273804,0.27981194853782654,-0.22707578539848328,0.4731825888156891,0.2804010212421417,-0.24384856224060059,0.5022123456001282,0.32031679153442383,-0.047028910368680954,0.43951416015625,0.3142305314540863,-0.16528306901454926,0.504440426826477,0.3804815709590912,0.01627536676824093,0.4440581798553467,0.38010069727897644,-0.183718740940094,0.519443154335022,0.4309694170951843,-0.04103536158800125,0.4700222909450531,0.43112361431121826,-0.2370733916759491,0.5243879556655884,0.44169142842292786,-0.052830737084150314,0.47377973794937134,0.44220441579818726,-0.26865002512931824,0.5276795625686646,0.43978938460350037,-0.0821637287735939,0.4766558110713959,0.43738019466400146,-0.27674534916877747,0.5242153406143188,0.4357486367225647,-0.05368364602327347,0.47620707750320435,0.43302255868911743,-0.24136826395988464,0.47702232003211975,0.44375357031822205,0.03518133610486984,0.4467566907405853,0.4397958219051361,-0.03526999428868294,0.44619736075401306,0.5450590252876282,0.02177453227341175,0.45124244689941406,0.5353136658668518,-0.10674361884593964,0.41050630807876587,0.6409053206443787,0.11321896314620972,0.4390126168727875,0.6280755400657654,0.03101043403148651,0.4114798903465271,0.6589502692222595,0.11645088344812393,0.43674564361572266,0.6413286328315735,0.04266563802957535,0.41615185141563416,0.6787059307098389,0.015523390844464302,0.43917012214660645,0.6591604948043823,-0.05461115390062332
frame_00139.jpg,0.473287433385849,0.2769516110420227,-0.2792516350746155,0.476346880197525,0.2671177089214325,-0.26329028606414795,0.47833919525146484,0.266847163438797,-0.26349908113479614,0.48018568754196167,0.26667851209640503,-0.26349347829818726,0.4697597920894623,0.2670044004917145,-0.27597397565841675,0.4669385552406311,0.2665504217147827,-0.27623069286346436,0.46405091881752014,0.26604294776916504,-0.27640074491500854,0.480421245098114,0.2678878903388977,-0.15246693789958954,0.4594433903694153,0.2666977643966675,-0.21116487681865692,0.4754182696342468,0.28534284234046936,-0.23278144001960754,0.46805959939956665,0.28592976927757263,-0.25116774439811707,0.49603575468063354,0.3203207850456238,-0.03577851504087448,0.4340899884700775,0.3149453401565552,-0.16759631037712097,0.500781238079071,0.38189932703971863,0.0466223880648613,0.44347232580184937,0.383290559053421,-0.17764297127723694,0.5175820589065552,0.4317021369934082,0.00666117062792182,0.47237229347229004,0.43237489461898804,-0.2125694304704666,0.5231285691261292,0.4422056972980499,-0.00032021492370404303,0.477522611618042,0.4440370500087738,-0.2401217520236969,0.5256294012069702,0.44024398922920227,-0.03142647072672844,0.4804394245147705,0.43883034586906433,-0.24658069014549255,0.5222774744033813,0.4360671639442444,-0.006097653415054083,0.47934389114379883,0.4339669346809387,-0.21532657742500305,0.4701291620731354,0.4447454512119293,0.036393798887729645,0.4393180012702942,0.44126224517822266,-0.03649769723415375,0.43824371695518494,0.5492773652076721,-0.01189773716032505,0.43433722853660583,0.537243127822876,-0.10309441387653351,0.3978809714317322,0.6508133411407471,0.04817785695195198,0.4390673041343689,0.6488119959831238,0.017913226038217545,0.3928910195827484,0.6696444749832153,0.048441410064697266,0.4399629235267639,0.656659722328186,0.02456284873187542,0.3950318694114685,0.6897187829017639,-0.05685233324766159,0.43983063101768494,0.678838849067688,-0.07356618344783783
frame_00140.jpg,0.4569355547428131,0.2781253755092621,-0.29599907994270325,0.46054425835609436,0.2675200402736664,-0.2813452482223511,0.4625221788883209,0.2671653926372528,-0.28155845403671265,0.4643734395503998,0.26693567633628845,-0.28154614567756653,0.4547152519226074,0.26714181900024414,-0.28919723629951477,0.45249319076538086,0.2663964033126831,-0.2894286513328552,0.4502217173576355,0.2656257450580597,-0.2895696759223938,0.4651417136192322,0.2675945460796356,-0.1723266839981079,0.44681844115257263,0.2652144432067871,-0.21114008128643036,0.4591573178768158,0.2862493693828583,-0.25120779871940613,0.45262640714645386,0.28675276041030884,-0.26292163133621216,0.4821379780769348,0.319825679063797,-0.05974125862121582,0.42367497086524963,0.31127360463142395,-0.1527157872915268,0.48945870995521545,0.3813014328479767,-0.014180856756865978,0.4218629002571106,0.38124269247055054,-0.16365602612495422,0.5021503567695618,0.4308392405509949,-0.1071622222661972,0.42148202657699585,0.4303326904773712,-0.22711125016212463,0.5054477453231812,0.44156426191329956,-0.12777553498744965,0.4191072881221771,0.44202813506126404,-0.25717419385910034,0.5085924863815308,0.44055068492889404,-0.15557093918323517,0.4198346734046936,0.4397057592868805,-0.27461838722229004,0.5050033926963806,0.43611422181129456,-0.11990870535373688,0.42236822843551636,0.43477171659469604,-0.2359357625246048,0.4592572748661041,0.44593745470046997,0.030473019927740097,0.4276726245880127,0.44093355536460876,-0.030609074980020523,0.43101125955581665,0.5484519600868225,0.00923482608050108,0.4209650158882141,0.5339774489402771,-0.11605236679315567,0.39501744508743286,0.6456253528594971,0.12454867362976074,0.4113547205924988,0.6390401124954224,0.00023952554329298437,0.3881058692932129,0.6645671725273132,0.12898488342761993,0.40885287523269653,0.6521167755126953,0.007402240298688412,0.38820016384124756,0.6802304983139038,0.014377583749592304,0.40550193190574646,0.6736244559288025,-0.09793341904878616
frame_00141.jpg,0.44497808814048767,0.2749905288219452,-0.3202851116657257,0.4477938115596771,0.26311802864074707,-0.30590689182281494,0.44905465841293335,0.2627580463886261,-0.3061485290527344,0.4502181112766266,0.26254671812057495,-0.3061424791812897,0.442574679851532,0.2624334394931793,-0.3151172995567322,0.4401114881038666,0.2615632712841034,-0.3153194487094879,0.43750691413879395,0.26072293519973755,-0.31543558835983276,0.44746261835098267,0.2633896768093109,-0.19977553188800812,0.4311869740486145,0.26085907220840454,-0.2420671433210373,0.4450658857822418,0.2826607823371887,-0.276510089635849,0.4396633505821228,0.28222090005874634,-0.28982728719711304,0.4611503481864929,0.31426316499710083,-0.09378224611282349,0.40461668372154236,0.30354419350624084,-0.177742600440979,0.46353593468666077,0.37795501947402954,-0.057575296610593796,0.40129604935646057,0.3786395490169525,-0.21780407428741455,0.4791852533817291,0.42879995703697205,-0.153596431016922,0.3977770209312439,0.3945274353027344,-0.32834264636039734,0.4850882589817047,0.4384976029396057,-0.17515192925930023,0.39519593119621277,0.3971444368362427,-0.3654412627220154,0.48735031485557556,0.4371739625930786,-0.20343144237995148,0.3953627943992615,0.39123213291168213,-0.37994205951690674,0.48231688141822815,0.4337675869464874,-0.16702398657798767,0.3978032171726227,0.3896425664424896,-0.3376404643058777,0.43351373076438904,0.44022905826568604,0.02871352806687355,0.4061329960823059,0.433244913816452,-0.028827598318457603,0.4093405604362488,0.5396667122840881,0.018809877336025238,0.39339131116867065,0.5308912396430969,-0.07238135486841202,0.38696229457855225,0.6417253613471985,0.12049461901187897,0.3763350546360016,0.6365223526954651,0.03718612343072891,0.3803604543209076,0.6575323343276978,0.12183922529220581,0.3744764029979706,0.6484367251396179,0.04254655912518501,0.3834797441959381,0.6746154427528381,0.0063415528275072575,0.37280261516571045,0.671934962272644,-0.09742732346057892
frame_00142.jpg,0.4426090717315674,0.2710479497909546,-0.2856625020503998,0.44551563262939453,0.26002100110054016,-0.2729124426841736,0.44685864448547363,0.2597537636756897,-0.273155152797699,0.44806814193725586,0.2596408426761627,-0.2731657028198242,0.43973320722579956,0.2595965564250946,-0.28086960315704346,0.43701648712158203,0.2589675188064575,-0.28107720613479614,0.4342458248138428,0.2583470940589905,-0.2812008261680603,0.445291131734848,0.2611556351184845,-0.1803503930568695,0.4288400709629059,0.2590988874435425,-0.21584129333496094,0.44276294112205505,0.2794746160507202,-0.24697653949260712,0.4360470175743103,0.278980553150177,-0.258640855550766,0.4596463143825531,0.3117799162864685,-0.08146563917398453,0.4005677103996277,0.3014032542705536,-0.15451806783676147,0.46280568838119507,0.37544551491737366,-0.051572442054748535,0.39571434259414673,0.3727177083492279,-0.17864620685577393,0.4767428934574127,0.4247712194919586,-0.09899752587080002,0.40040579438209534,0.4091202914714813,-0.260934442281723,0.48052945733070374,0.43687647581100464,-0.11517157405614853,0.40007489919662476,0.4177547097206116,-0.287017822265625,0.4824022650718689,0.435771107673645,-0.14115649461746216,0.4018567204475403,0.41311267018318176,-0.30368828773498535,0.48041677474975586,0.43220263719558716,-0.11042226850986481,0.40341249108314514,0.4094444215297699,-0.27114570140838623,0.43317803740501404,0.4382486641407013,0.024269843474030495,0.40579327940940857,0.4307934045791626,-0.02439367212355137,0.40891098976135254,0.5362995266914368,0.020147915929555893,0.3900257349014282,0.5279204845428467,-0.06270851194858551,0.39427322149276733,0.6364774703979492,0.10698135942220688,0.3698213994503021,0.6350951790809631,0.04032634198665619,0.3888902962207794,0.6501798629760742,0.10803810507059097,0.3688831925392151,0.648322343826294,0.045822035521268845,0.3915055990219116,0.6676139235496521,0.0031510330736637115,0.36302000284194946,0.671169638633728,-0.06795888394117355
frame_00143.jpg,0.42567262053489685,0.2679482400417328,-0.321540504693985,0.4283565580844879,0.25638559460639954,-0.3056795001029968,0.4292232394218445,0.25571343302726746,-0.30588412284851074,0.430020809173584,0.25516676902770996,-0.3058573305606842,0.42357784509658813,0.25570350885391235,-0.31992384791374207,0.4211527407169342,0.25438791513442993,-0.3201456665992737,0.41872650384902954,0.2530581057071686,-0.3202616572380066,0.4250739514827728,0.25438594818115234,-0.1964375227689743,0.41127532720565796,0.2513188421726227,-0.2605206370353699,0.4245942533016205,0.2750072479248047,-0.2763255834579468,0.4189201891422272,0.2747282087802887,-0.2961064577102661,0.4384233355522156,0.3034953474998474,-0.0796797052025795,0.37751346826553345,0.30075186491012573,-0.20945236086845398,0.443108469247818,0.37008845806121826,-0.04119626060128212,0.3740367591381073,0.37586528062820435,-0.20647287368774414,0.45581287145614624,0.4181428849697113,-0.13790211081504822,0.37177738547325134,0.43279653787612915,-0.2601618468761444,0.4612296521663666,0.42808419466018677,-0.15804120898246765,0.36598214507102966,0.4522790312767029,-0.29028719663619995,0.46498554944992065,0.4275723099708557,-0.18770268559455872,0.3715803027153015,0.4542046785354614,-0.3081950843334198,0.461202472448349,0.4242480397224426,-0.15223252773284912,0.37573814392089844,0.44612234830856323,-0.2687171995639801,0.4184653162956238,0.4300101697444916,0.036225661635398865,0.387972891330719,0.42935070395469666,-0.036365825682878494,0.4203575551509857,0.5287948846817017,0.032363809645175934,0.37293168902397156,0.5222237706184387,-0.07189860194921494,0.40048789978027344,0.6117836236953735,0.15002736449241638,0.34988507628440857,0.6325746774673462,0.044402699917554855,0.39503172039985657,0.6233537197113037,0.15553107857704163,0.34791120886802673,0.6459799408912659,0.05188664048910141,0.39434579014778137,0.6398777365684509,0.05553319305181503,0.3456980586051941,0.6704813838005066,-0.060870349407196045
frame_00144.jpg,0.4068186283111572,0.2593502402305603,-0.39657992124557495,0.4088212549686432,0.24876205623149872,-0.3818954825401306,0.4097760319709778,0.24826501309871674,-0.38210585713386536,0.41071105003356934,0.2478291243314743,-0.38207104802131653,0.4035603404045105,0.24772559106349945,-0.3968709111213684,0.4011918604373932,0.24660924077033997,-0.3970518708229065,0.3988829255104065,0.24555553495883942,-0.3971438705921173,0.4056265354156494,0.24743351340293884,-0.27061837911605835,0.39188826084136963,0.24517874419689178,-0.3388185203075409,0.40543365478515625,0.26717323064804077,-0.350233256816864,0.40035390853881836,0.26569560170173645,-0.3711720108985901,0.4157198369503021,0.29471972584724426,-0.1403276026248932,0.35848286747932434,0.2916189730167389,-0.27933162450790405,0.41906920075416565,0.3652831017971039,-0.09958972036838531,0.3625675141811371,0.37585777044296265,-0.28868401050567627,0.43341678380966187,0.4165876805782318,-0.2059909850358963,0.36615511775016785,0.43276774883270264,-0.3466174900531769,0.4376251697540283,0.4279343783855438,-0.22902746498584747,0.364623099565506,0.44960319995880127,-0.3826870322227478,0.43758493661880493,0.4243926405906677,-0.2580730617046356,0.36598098278045654,0.4488854706287384,-0.39839351177215576,0.4347533583641052,0.4204977750778198,-0.21995088458061218,0.36745136976242065,0.4421728253364563,-0.3546066880226135,0.39903542399406433,0.41392678022384644,0.04355733469128609,0.3649767339229584,0.41955456137657166,-0.04366093873977661,0.4488755762577057,0.4823438227176666,0.025742972269654274,0.35376954078674316,0.5097323656082153,-0.07440619170665741,0.4695705473423004,0.5725289583206177,0.1558160036802292,0.33304673433303833,0.6129684448242188,0.06722467392683029,0.46683579683303833,0.5888167023658752,0.16282647848129272,0.32970502972602844,0.626049816608429,0.07729782164096832,0.484184592962265,0.5966187715530396,0.06399105489253998,0.3337023854255676,0.6485531330108643,-0.027189571410417557
frame_00145.jpg,0.3859812617301941,0.255157470703125,-0.35872897505760193,0.3871224820613861,0.24569055438041687,-0.3446873724460602,0.3877965807914734,0.24507395923137665,-0.344906210899353,0.3883633017539978,0.24449151754379272,-0.34487080574035645,0.3838840126991272,0.24564360082149506,-0.3579096794128418,0.38224756717681885,0.24501413106918335,-0.35812637209892273,0.38070765137672424,0.24437133967876434,-0.3582497835159302,0.3841094374656677,0.24398057162761688,-0.2364875078201294,0.3746638000011444,0.24405249953269958,-0.2969744801521301,0.3844645619392395,0.26236411929130554,-0.313300758600235,0.3808912932872772,0.26179465651512146,-0.3319477140903473,0.3945766091346741,0.2911456823348999,-0.11582653224468231,0.34065932035446167,0.28813448548316956,-0.23364023864269257,0.3964812755584717,0.3619327247142792,-0.08218870311975479,0.3366454243659973,0.36556559801101685,-0.23612351715564728,0.40172919631004333,0.41162222623825073,-0.19851595163345337,0.3441668152809143,0.4169156849384308,-0.30006104707717896,0.4038180708885193,0.42318233847618103,-0.22423513233661652,0.3445897698402405,0.4307574927806854,-0.3342529237270355,0.403922975063324,0.4170195460319519,-0.2505042254924774,0.3464340269565582,0.4273228049278259,-0.349404513835907,0.40168657898902893,0.4124297499656677,-0.2116246223449707,0.34728801250457764,0.421515554189682,-0.307634174823761,0.37702804803848267,0.4155453145503998,0.04030510038137436,0.34509050846099854,0.41443923115730286,-0.040401212871074677,0.3800349831581116,0.5059775710105896,0.06803872436285019,0.33662694692611694,0.510844349861145,-0.07512161135673523,0.35773545503616333,0.59468013048172,0.19309499859809875,0.31795787811279297,0.60163414478302,0.07156895101070404,0.35054320096969604,0.6075766086578369,0.19881971180438995,0.31654149293899536,0.6139622926712036,0.08170527219772339,0.3582119345664978,0.6224429607391357,0.0911845937371254,0.31781333684921265,0.6342930197715759,-0.02668456733226776
frame_00146.jpg,0.37050312757492065,0.2542310953140259,-0.24046845734119415,0.36927467584609985,0.24464382231235504,-0.22828102111816406,0.36906737089157104,0.24424901604652405,-0.22847989201545715,0.3689033091068268,0.24408386647701263,-0.22843365371227264,0.3674253523349762,0.24473294615745544,-0.24582771956920624,0.36615559458732605,0.24438916146755219,-0.24602147936820984,0.36493661999702454,0.24413396418094635,-0.2461327761411667,0.36236780881881714,0.2448262721300125,-0.14680299162864685,0.35733383893966675,0.24522121250629425,-0.22835764288902283,0.3670969009399414,0.26271629333496094,-0.20571060478687286,0.36563238501548767,0.2625678777694702,-0.23008432984352112,0.37015968561172485,0.29355600476264954,-0.04540654271841049,0.3242705166339874,0.2938374876976013,-0.21356101334095,0.3730607330799103,0.3605647385120392,-0.023504938930273056,0.3327421247959137,0.3696398437023163,-0.22043439745903015,0.37559184432029724,0.4014364182949066,-0.1383708417415619,0.3469544053077698,0.4112303853034973,-0.24329634010791779,0.3774748742580414,0.4111655056476593,-0.15775738656520844,0.3500232994556427,0.4214014410972595,-0.2722611129283905,0.3785403072834015,0.4039480984210968,-0.1795271635055542,0.35138845443725586,0.41468265652656555,-0.2791142463684082,0.3769344687461853,0.40001365542411804,-0.1501225233078003,0.3505231738090515,0.4101220667362213,-0.24652734398841858,0.36132967472076416,0.4208236634731293,0.050040584057569504,0.3349202275276184,0.4200551211833954,-0.05014505237340927,0.37861883640289307,0.5094700455665588,0.09058035910129547,0.33098334074020386,0.5148736238479614,-0.05687820166349411,0.37526580691337585,0.5977944135665894,0.18150630593299866,0.3144548535346985,0.6071231365203857,0.06122777611017227,0.37054067850112915,0.6134472489356995,0.1846742331981659,0.3126153349876404,0.6195181608200073,0.0696214884519577,0.38343545794487,0.6170505881309509,0.09578770399093628,0.3183877170085907,0.6365368366241455,-0.022717271000146866
frame_00147.jpg,0.33624833822250366,0.25856244564056396,-0.25680774450302124,0.336978018283844,0.24869748950004578,-0.24622604250907898,0.33711954951286316,0.2483592927455902,-0.24642720818519592,0.3372722566127777,0.2482174187898636,-0.24640682339668274,0.3345293402671814,0.2485358566045761,-0.2618733048439026,0.3336459994316101,0.24813294410705566,-0.26206666231155396,0.3327288031578064,0.24780721962451935,-0.26215898990631104,0.332523912191391,0.24913114309310913,-0.166441410779953,0.32746925950050354,0.24892383813858032,-0.23537662625312805,0.33420199155807495,0.2670179307460785,-0.22263893485069275,0.33180439472198486,0.2667904496192932,-0.24441182613372803,0.33344361186027527,0.298257976770401,-0.062409352511167526,0.2994873821735382,0.2956072688102722,-0.21739575266838074,0.34619536995887756,0.3644108176231384,-0.03112475946545601,0.3199332058429718,0.37171366810798645,-0.23248758912086487,0.3593696057796478,0.4036315381526947,-0.13735255599021912,0.3456690311431885,0.40453654527664185,-0.24929532408714294,0.3629179298877716,0.4129367768764496,-0.15469741821289062,0.35205012559890747,0.41346070170402527,-0.2817896902561188,0.36342814564704895,0.40683513879776,-0.17769820988178253,0.35318976640701294,0.40498867630958557,-0.2922405004501343,0.36138564348220825,0.40340518951416016,-0.14889350533485413,0.3505103290081024,0.40071770548820496,-0.25734326243400574,0.3237397074699402,0.4238821268081665,0.04664986580610275,0.303107351064682,0.42125949263572693,-0.046763598918914795,0.32321035861968994,0.5139997005462646,0.0656113475561142,0.2979494631290436,0.5229294300079346,-0.07249914109706879,0.3024795949459076,0.6015501618385315,0.15046513080596924,0.2710137665271759,0.617661714553833,0.009161139838397503,0.29658105969429016,0.6167373657226562,0.15032890439033508,0.26840752363204956,0.6338622570037842,0.013614257797598839,0.3015982508659363,0.6261062622070312,0.07763022929430008,0.26691314578056335,0.6390905380249023,-0.07311596721410751
frame_00148.jpg,0.3350725769996643,0.2606858015060425,-0.14068610966205597,0.33380812406539917,0.2506912648677826,-0.136481374502182,0.3334536850452423,0.2503264248371124,-0.1366346776485443,0.3330075740814209,0.2501426339149475,-0.13660043478012085,0.3337724506855011,0.25059273838996887,-0.15469840168952942,0.3335578441619873,0.2501714527606964,-0.15487727522850037,0.3333194851875305,0.24979129433631897,-0.15495046973228455,0.32779794931411743,0.2511175274848938,-0.09771791100502014,0.32886752486228943,0.2507016360759735,-0.1805138885974884,0.33208924531936646,0.26909127831459045,-0.12058141082525253,0.3321574032306671,0.26889660954475403,-0.145595520734787,0.2934918999671936,0.29870110750198364,-0.006502531468868256,0.3276948928833008,0.2993239164352417,-0.20746085047721863,0.314973384141922,0.3658589720726013,0.03194620832800865,0.33653610944747925,0.37958112359046936,-0.22902274131774902,0.3408357501029968,0.40491411089897156,-0.025368088856339455,0.3580569624900818,0.40843772888183594,-0.19599512219429016,0.34572964906692505,0.41222259402275085,-0.02911895141005516,0.3646148443222046,0.41547319293022156,-0.21789011359214783,0.34969714283943176,0.40868502855300903,-0.05090158060193062,0.3647482693195343,0.40711089968681335,-0.2151397466659546,0.3484073877334595,0.40657007694244385,-0.03519252687692642,0.36088046431541443,0.40409404039382935,-0.19458863139152527,0.29848575592041016,0.4268636107444763,0.06043883413076401,0.3109126389026642,0.431245893239975,-0.060593873262405396,0.3010972738265991,0.5284568071365356,0.11759994179010391,0.3001432716846466,0.5262743830680847,-0.03542357683181763,0.2779514491558075,0.6045668721199036,0.19208015501499176,0.26625287532806396,0.6154666543006897,0.06020469218492508,0.2723572850227356,0.6188061237335205,0.19559933245182037,0.25991910696029663,0.6302427649497986,0.06778831779956818,0.27840450406074524,0.6285573840141296,0.1570633351802826,0.26871591806411743,0.6349700689315796,0.030076002702116966
frame_00149.jpg,0.31111541390419006,0.26822176575660706,-0.22652634978294373,0.312940388917923,0.25934287905693054,-0.21723420917987823,0.31346625089645386,0.25928929448127747,-0.21742752194404602,0.3140428364276886,0.2594187259674072,-0.21739372611045837,0.310188353061676,0.2586482763290405,-0.23475249111652374,0.3092969059944153,0.2582962214946747,-0.23493950068950653,0.30764323472976685,0.25791090726852417,-0.23503367602825165,0.3112506866455078,0.2609848380088806,-0.14362630248069763,0.30244943499565125,0.2598501741886139,-0.2052581012248993,0.31147781014442444,0.27580544352531433,-0.19366776943206787,0.30878832936286926,0.27555543184280396,-0.21756795048713684,0.32452696561813354,0.3078162968158722,-0.021250933408737183,0.2700962424278259,0.3069043457508087,-0.1730683594942093,0.330288290977478,0.3745979368686676,-0.0268243495374918,0.2716236710548401,0.384340763092041,-0.16935135424137115,0.3389628231525421,0.4131546914577484,-0.12254409492015839,0.2785135805606842,0.44053611159324646,-0.20049412548542023,0.34160351753234863,0.4189457297325134,-0.14179013669490814,0.27894285321235657,0.45546606183052063,-0.22560977935791016,0.3431691527366638,0.4089350700378418,-0.1620340347290039,0.28083494305610657,0.4534286558628082,-0.23791758716106415,0.34064528346061707,0.40764302015304565,-0.13265947997570038,0.2817888855934143,0.44733208417892456,-0.20630033314228058,0.3034810423851013,0.4365856349468231,0.03947799280285835,0.2788501977920532,0.43535134196281433,-0.039635270833969116,0.2915871739387512,0.5443741679191589,0.11466436088085175,0.2712610065937042,0.5377039313316345,-0.05310968682169914,0.28180131316185,0.6371445059776306,0.1322980672121048,0.23916499316692352,0.6221364140510559,0.03292690962553024,0.2781602740287781,0.652104377746582,0.13244275748729706,0.2349252700805664,0.6344286203384399,0.03812998905777931,0.281671404838562,0.6630743741989136,0.042967312037944794,0.23545560240745544,0.65048748254776,-0.04046449065208435
frame_00150.jpg,0.2911519408226013,0.2778758704662323,-0.31663230061531067,0.2956833243370056,0.26679542660713196,-0.3020879626274109,0.2977544665336609,0.2664635479450226,-0.3022926449775696,0.2995113134384155,0.266234427690506,-0.30227944254875183,0.28786134719848633,0.26665687561035156,-0.3099825382232666,0.2848864197731018,0.26637086272239685,-0.3102185130119324,0.28217896819114685,0.2661316990852356,-0.3103686571121216,0.29836636781692505,0.26728183031082153,-0.19598987698554993,0.27759844064712524,0.26737529039382935,-0.22496500611305237,0.29354989528656006,0.28577086329460144,-0.2725367844104767,0.2856234610080719,0.2856472134590149,-0.28378549218177795,0.3145761787891388,0.3158831298351288,-0.08730483800172806,0.25100192427635193,0.3146783709526062,-0.16914325952529907,0.32170945405960083,0.3806458115577698,-0.07125048339366913,0.24249453842639923,0.3900628983974457,-0.1536049097776413,0.3406699597835541,0.4141711890697479,-0.18058304488658905,0.24068832397460938,0.45367780327796936,-0.20893824100494385,0.34618324041366577,0.42010605335235596,-0.204746812582016,0.2349032163619995,0.471952348947525,-0.2367778718471527,0.3470580577850342,0.41161245107650757,-0.2302420437335968,0.24140159785747528,0.4729578197002411,-0.25554952025413513,0.3430714011192322,0.40919163823127747,-0.19323045015335083,0.24398811161518097,0.464804083108902,-0.2180461883544922,0.2889592945575714,0.4428435266017914,0.02228706143796444,0.2569868862628937,0.4405388832092285,-0.02242211252450943,0.26800957322120667,0.5496698021888733,0.03436962142586708,0.24769863486289978,0.5402881503105164,-0.05922628566622734,0.258978933095932,0.6468337178230286,0.1157488077878952,0.22941413521766663,0.6223400235176086,0.05781162902712822,0.2556423246860504,0.6595222353935242,0.11816384643316269,0.22859899699687958,0.6342955231666565,0.06622552871704102,0.25143688917160034,0.6755243539810181,0.012927758507430553,0.22463616728782654,0.6509189009666443,-0.02799760363996029
frame_00151.jpg,0.2861180007457733,0.2719278335571289,-0.31273800134658813,0.286945641040802,0.2611851096153259,-0.29838111996650696,0.2880587875843048,0.26080694794654846,-0.29860180616378784,0.2890807092189789,0.2605845034122467,-0.2985958755016327,0.2815268635749817,0.26175662875175476,-0.308982253074646,0.2788541615009308,0.2618316113948822,-0.3092048764228821,0.2761334180831909,0.26174741983413696,-0.30934351682662964,0.2862394154071808,0.263268381357193,-0.1987011581659317,0.27009204030036926,0.2639222741127014,-0.24401256442070007,0.2863270044326782,0.2811088263988495,-0.27181029319763184,0.2805543839931488,0.2816232144832611,-0.28685635328292847,0.3018883168697357,0.3158632814884186,-0.09810703247785568,0.23943650722503662,0.3157031238079071,-0.17862901091575623,0.30678021907806396,0.38443422317504883,-0.08053252100944519,0.23335270583629608,0.38961151242256165,-0.19559533894062042,0.32288938760757446,0.42221811413764954,-0.19166937470436096,0.24815118312835693,0.4446715712547302,-0.27723222970962524,0.3282678723335266,0.42910298705101013,-0.2155831754207611,0.2500705420970917,0.45965132117271423,-0.31161579489707947,0.33028075098991394,0.4220584034919739,-0.24188444018363953,0.2527468502521515,0.45706549286842346,-0.32629457116127014,0.3264603018760681,0.4192753732204437,-0.20463380217552185,0.25329476594924927,0.45057588815689087,-0.2853609323501587,0.27518898248672485,0.44350895285606384,0.02684990130364895,0.24238994717597961,0.4399234652519226,-0.02695617452263832,0.259033739566803,0.5450177788734436,0.038858018815517426,0.24679556488990784,0.5376684069633484,-0.12430739402770996,0.25484132766723633,0.6418803930282593,0.15645472705364227,0.22768092155456543,0.637407660484314,-0.02493414655327797,0.2512379288673401,0.654405951499939,0.16120029985904694,0.2267962247133255,0.6522743701934814,-0.019533328711986542,0.25278058648109436,0.6728450059890747,0.057873886078596115,0.22315995395183563,0.67203688621521,-0.12462405860424042
frame_00152.jpg,0.2811667025089264,0.26166024804115295,-0.3352215886116028,0.28077080845832825,0.25124603509902954,-0.31685131788253784,0.2817979156970978,0.25076723098754883,-0.3170652687549591,0.2827877104282379,0.2504473328590393,-0.31703492999076843,0.2753298878669739,0.25211888551712036,-0.33219093084335327,0.2724878191947937,0.25225672125816345,-0.3324284553527832,0.2696075737476349,0.25241217017173767,-0.3325886130332947,0.28004518151283264,0.25355157256126404,-0.20089979469776154,0.2630540430545807,0.2554205358028412,-0.26945847272872925,0.281533807516098,0.27034440636634827,-0.28800326585769653,0.2753770649433136,0.272798627614975,-0.30930569767951965,0.29231297969818115,0.3122542202472687,-0.09685435146093369,0.23345443606376648,0.3147932291030884,-0.2201022356748581,0.2945742905139923,0.3796038329601288,-0.07852911204099655,0.2260493040084839,0.3888053297996521,-0.24689257144927979,0.31096845865249634,0.42199280858039856,-0.17476917803287506,0.2445690929889679,0.4404260516166687,-0.32310307025909424,0.31599587202072144,0.4296318292617798,-0.19901619851589203,0.24735896289348602,0.45441195368766785,-0.36238816380500793,0.3178946077823639,0.4240502715110779,-0.22787976264953613,0.25058606266975403,0.45089951157569885,-0.37378352880477905,0.3144974708557129,0.4208841025829315,-0.18915662169456482,0.2503821551799774,0.44486257433891296,-0.329284131526947,0.26769253611564636,0.4425976574420929,0.03916529566049576,0.2360043227672577,0.4391546845436096,-0.03923533111810684,0.24689173698425293,0.5510513782501221,0.02986135520040989,0.25437742471694946,0.5188314914703369,-0.19790351390838623,0.2194901406764984,0.6517553925514221,0.14638635516166687,0.2289392650127411,0.6091052889823914,-0.012454072944819927,0.21303360164165497,0.6644805669784546,0.15171638131141663,0.2254343032836914,0.6194965839385986,0.002001984277740121,0.21628835797309875,0.6861035823822021,0.03790825232863426,0.2263229638338089,0.647903323173523,-0.09005098044872284
frame_00153.jpg,0.2763165831565857,0.25239068269729614,-0.3293529152870178,0.27602535486221313,0.24087420105934143,-0.3104526698589325,0.2767559289932251,0.24017333984375,-0.31065765023231506,0.2774735987186432,0.23954899609088898,-0.31062430143356323,0.27123168110847473,0.24171344935894012,-0.3257109224796295,0.2686123251914978,0.2416846752166748,-0.3259485065937042,0.2659972310066223,0.24167200922966003,-0.3261090815067291,0.2738690972328186,0.24112598598003387,-0.19421997666358948,0.2591138184070587,0.24402932822704315,-0.26199591159820557,0.275940477848053,0.26121246814727783,-0.28155627846717834,0.27106326818466187,0.2622356712818146,-0.30295664072036743,0.29015037417411804,0.29984262585639954,-0.08041422814130783,0.2295927256345749,0.301167756319046,-0.21386249363422394,0.29592984914779663,0.36842507123947144,-0.059374623000621796,0.22314563393592834,0.3789903223514557,-0.23362727463245392,0.31682729721069336,0.4156140685081482,-0.16439326107501984,0.22384266555309296,0.4390409290790558,-0.30406463146209717,0.32275477051734924,0.4259048104286194,-0.1865343451499939,0.22139587998390198,0.4581238329410553,-0.3404667377471924,0.32404792308807373,0.42146074771881104,-0.2151366025209427,0.22403278946876526,0.45715123414993286,-0.3564643859863281,0.3200002908706665,0.41881003975868225,-0.17843401432037354,0.22597961127758026,0.45081648230552673,-0.3120306134223938,0.2683528959751129,0.44147661328315735,0.043083276599645615,0.23496386408805847,0.432773619890213,-0.04315552860498428,0.24741855263710022,0.5479101538658142,0.0359300822019577,0.24807009100914001,0.487489253282547,-0.26825523376464844,0.22745244204998016,0.6519054174423218,0.17121675610542297,0.21638068556785583,0.5637394785881042,-0.07729841768741608,0.22121095657348633,0.6660049557685852,0.17794495820999146,0.2121887505054474,0.5705981850624084,-0.06036531925201416,0.2289923131465912,0.6843932271003723,0.06923742592334747,0.2157910168170929,0.5994625687599182,-0.1476023644208908
frame_00154.jpg,0.27565690875053406,0.2517084777355194,-0.33125969767570496,0.2765699625015259,0.23985645174980164,-0.3112862706184387,0.27777475118637085,0.23906560242176056,-0.3115042448043823,0.27884015440940857,0.23836849629878998,-0.31147393584251404,0.2706758975982666,0.24052730202674866,-0.32767385244369507,0.2680247724056244,0.24031156301498413,-0.32791414856910706,0.26552438735961914,0.24016618728637695,-0.3280882239341736,0.27460619807243347,0.23927778005599976,-0.19136923551559448,0.2587962746620178,0.24171651899814606,-0.2635417878627777,0.27592024207115173,0.26042479276657104,-0.28195351362228394,0.2701684236526489,0.26070651412010193,-0.304837167263031,0.2902132570743561,0.29626697301864624,-0.065859854221344,0.23088118433952332,0.2976454496383667,-0.22116215527057648,0.2973340153694153,0.3654201328754425,-0.0415070466697216,0.2266957014799118,0.3764779269695282,-0.2633998692035675,0.32012543082237244,0.4105343818664551,-0.1618133783340454,0.2597460150718689,0.42712828516960144,-0.35019418597221375,0.32549017667770386,0.41915979981422424,-0.1843494474887848,0.2644294202327728,0.4425255358219147,-0.3926967978477478,0.3268865942955017,0.41432422399520874,-0.2126494199037552,0.2684420943260193,0.43541938066482544,-0.4002929627895355,0.3241608440876007,0.41269826889038086,-0.17569483816623688,0.2672377824783325,0.42905351519584656,-0.3550855219364166,0.26766008138656616,0.4410282373428345,0.047768641263246536,0.23417428135871887,0.43129244446754456,-0.0478333979845047,0.24744009971618652,0.5465943813323975,0.03827916085720062,0.24840477108955383,0.4808886647224426,-0.2831116020679474,0.2318955361843109,0.6534767746925354,0.1698702722787857,0.21685488522052765,0.5617384314537048,-0.093449667096138,0.21471421420574188,0.663285493850708,0.17579102516174316,0.21253809332847595,0.5695713758468628,-0.076531782746315,0.23468828201293945,0.6860228180885315,0.06849917024374008,0.21586421132087708,0.5971973538398743,-0.16276070475578308
frame_00155.jpg,0.2793353199958801,0.24163977801799774,-0.34618765115737915,0.2809269428253174,0.22897188365459442,-0.3253243863582611,0.2826295793056488,0.22812242805957794,-0.32553645968437195,0.28417152166366577,0.22736740112304688,-0.32548803091049194,0.27482080459594727,0.23036979138851166,-0.3434694707393646,0.27214953303337097,0.23057112097740173,-0.3437221348285675,0.2694040536880493,0.23090510070323944,-0.34389692544937134,0.28216320276260376,0.22816377878189087,-0.19627204537391663,0.2631342113018036,0.23307986557483673,-0.27921774983406067,0.28116971254348755,0.2503734827041626,-0.29430651664733887,0.27471157908439636,0.251377671957016,-0.3195217251777649,0.2929184138774872,0.2858796715736389,-0.055951304733753204,0.24025340378284454,0.28683793544769287,-0.24400608241558075,0.30175676941871643,0.35836103558540344,-0.0010650844778865576,0.23954971134662628,0.363204687833786,-0.28107374906539917,0.32456737756729126,0.4051225483417511,-0.1007191389799118,0.25456273555755615,0.4202168583869934,-0.34740200638771057,0.33061882853507996,0.41584867238998413,-0.11512957513332367,0.2554694414138794,0.43423378467559814,-0.38604870438575745,0.33242201805114746,0.4112597107887268,-0.1461508721113205,0.2577497661113739,0.4297572374343872,-0.39625614881515503,0.3286222815513611,0.40881869196891785,-0.11487358808517456,0.25777333974838257,0.4240029752254486,-0.3530191481113434,0.27039796113967896,0.4279698133468628,0.05975958704948425,0.24382463097572327,0.4197043776512146,-0.059830743819475174,0.26298779249191284,0.5457040071487427,0.06656740605831146,0.25678056478500366,0.48905494809150696,-0.2656925916671753,0.25259214639663696,0.6485406160354614,0.1944393664598465,0.22072696685791016,0.5687393546104431,-0.06332717835903168,0.24547886848449707,0.6606121063232422,0.20061084628105164,0.20924296975135803,0.576144814491272,-0.04513058811426163,0.25924375653266907,0.6799115538597107,0.10024597495794296,0.2206096202135086,0.6112397909164429,-0.12540224194526672
frame_00156.jpg,0.2867059111595154,0.22012850642204285,-0.3298411965370178,0.2888949513435364,0.20754241943359375,-0.311643123626709,0.2906349301338196,0.20679646730422974,-0.31184691190719604,0.2921546995639801,0.20617768168449402,-0.3118115961551666,0.28264233469963074,0.20853747427463531,-0.32686951756477356,0.2797684669494629,0.2085217386484146,-0.32709965109825134,0.27673667669296265,0.20855587720870972,-0.32725101709365845,0.2897152602672577,0.20685552060604095,-0.19454297423362732,0.2696869969367981,0.210031658411026,-0.2676398754119873,0.28736504912376404,0.22995014488697052,-0.2834540009498596,0.2805710434913635,0.23089100420475006,-0.3044014573097229,0.3010346591472626,0.26395565271377563,-0.055815644562244415,0.24712130427360535,0.26463398337364197,-0.23760750889778137,0.31235000491142273,0.3332327902317047,-0.0002649279485922307,0.2537430226802826,0.3399403989315033,-0.27945804595947266,0.33428066968917847,0.38611072301864624,-0.08381655067205429,0.29209843277931213,0.38565173745155334,-0.3444499671459198,0.34082573652267456,0.3960517942905426,-0.09638510644435883,0.30161744356155396,0.3998066782951355,-0.3833405077457428,0.3428521156311035,0.39546915888786316,-0.12784923613071442,0.30684298276901245,0.39200541377067566,-0.3878665864467621,0.3387731909751892,0.3902159631252289,-0.0978371649980545,0.3033583164215088,0.38583871722221375,-0.3475681245326996,0.27825066447257996,0.409491628408432,0.055588699877262115,0.25476521253585815,0.40521639585494995,-0.0556863471865654,0.2664307951927185,0.5291438102722168,0.06092742085456848,0.26093170046806335,0.4958483576774597,-0.21173731982707977,0.24953193962574005,0.6343623399734497,0.1429581344127655,0.22588089108467102,0.5904970765113831,-0.047098513692617416,0.24421043694019318,0.6492677927017212,0.14472855627536774,0.2193611115217209,0.6020935773849487,-0.03672226518392563,0.25128012895584106,0.6680470705032349,0.04077226668596268,0.22780084609985352,0.6351808309555054,-0.1307317167520523
frame_00157.jpg,0.29479867219924927,0.2037389576435089,-0.32493481040000916,0.29584401845932007,0.19268876314163208,-0.3067101836204529,0.29695358872413635,0.19206887483596802,-0.3068992495536804,0.2979995608329773,0.19157004356384277,-0.306865930557251,0.29084306955337524,0.19278953969478607,-0.32099226117134094,0.28836220502853394,0.19229713082313538,-0.321222186088562,0.2857031226158142,0.19185905158519745,-0.3213711082935333,0.29323336482048035,0.19206784665584564,-0.19317825138568878,0.277797132730484,0.19296474754810333,-0.26746866106987,0.2938748598098755,0.21295979619026184,-0.2784491181373596,0.2882968485355377,0.21305200457572937,-0.29855114221572876,0.3070738911628723,0.25010374188423157,-0.06040249392390251,0.25372740626335144,0.24523547291755676,-0.24026736617088318,0.3181576132774353,0.3193662762641907,-0.003329667029902339,0.26269206404685974,0.3211243748664856,-0.28347867727279663,0.33886948227882385,0.37510013580322266,-0.07368682324886322,0.3049088418483734,0.3729797899723053,-0.3465174436569214,0.34435489773750305,0.3923444449901581,-0.0857764482498169,0.31244346499443054,0.3897189199924469,-0.3848494589328766,0.34682226181030273,0.3909248113632202,-0.11709650605916977,0.31746798753738403,0.3849274218082428,-0.3905012011528015,0.3430210053920746,0.3859652876853943,-0.08727193623781204,0.31489747762680054,0.37796005606651306,-0.350094735622406,0.2864360511302948,0.3924570679664612,0.05280093103647232,0.2611390948295593,0.3878781497478485,-0.05289848521351814,0.2742157578468323,0.5124723315238953,0.058907587081193924,0.2653166651725769,0.4804876744747162,-0.18174724280834198,0.2515934407711029,0.6176167130470276,0.14697018265724182,0.2342335432767868,0.58599454164505,-0.02080029435455799,0.24542906880378723,0.6322174668312073,0.14995872974395752,0.22915740311145782,0.5969073176383972,-0.009344530291855335,0.2506793737411499,0.6534740924835205,0.04606989771127701,0.23409835994243622,0.6328514218330383,-0.1090858206152916
frame_00158.jpg,0.29842740297317505,0.19172917306423187,-0.37091225385665894,0.2988322973251343,0.18081113696098328,-0.35326680541038513,0.30000415444374084,0.18033841252326965,-0.35349446535110474,0.301147997379303,0.1799604892730713,-0.3534508943557739,0.2934921979904175,0.18055620789527893,-0.3683285117149353,0.29074424505233765,0.18021029233932495,-0.36853981018066406,0.2878187298774719,0.180073082447052,-0.3686862587928772,0.29700133204460144,0.18124093115329742,-0.2365458905696869,0.2802193760871887,0.18250006437301636,-0.305957555770874,0.29763904213905334,0.20219679176807404,-0.3233192563056946,0.2916266620159149,0.2020157277584076,-0.34440767765045166,0.31092900037765503,0.23977385461330414,-0.10622837394475937,0.25533246994018555,0.23958231508731842,-0.26693037152290344,0.32086890935897827,0.3115782141685486,-0.04612547904253006,0.2726321220397949,0.3178391754627228,-0.30588388442993164,0.34041956067085266,0.3661941587924957,-0.1255255937576294,0.3122054934501648,0.3676948547363281,-0.3757781982421875,0.34599438309669495,0.38737085461616516,-0.1434379518032074,0.3190616965293884,0.38491305708885193,-0.4182327687740326,0.3464341461658478,0.3857608139514923,-0.1756816804409027,0.32413336634635925,0.37932005524635315,-0.4248802661895752,0.34274840354919434,0.37997350096702576,-0.13938991725444794,0.3218212127685547,0.37195077538490295,-0.3800664246082306,0.2867491543292999,0.3748321533203125,0.052379243075847626,0.26421645283699036,0.37440094351768494,-0.05252006649971008,0.3059335947036743,0.4906872510910034,0.03999755159020424,0.2685554623603821,0.47025352716445923,-0.18384528160095215,0.2913232147693634,0.5927757620811462,0.19626788794994354,0.23851856589317322,0.564086377620697,0.04508870095014572,0.28651052713394165,0.6079588532447815,0.20643088221549988,0.23315565288066864,0.5728143453598022,0.06592343002557755,0.29152044653892517,0.6260915994644165,0.10491053014993668,0.23800459504127502,0.6081507802009583,-0.01734049618244171
frame_00159.jpg,0.29456764459609985,0.1841726303100586,-0.34903520345687866,0.29574915766716003,0.17333579063415527,-0.33368468284606934,0.2975229322910309,0.17313489317893982,-0.33391115069389343,0.2992463707923889,0.1728861778974533,-0.3338852524757385,0.2891175150871277,0.17259153723716736,-0.34654802083969116,0.2862028479576111,0.1721482276916504,-0.34677499532699585,0.283225953578949,0.17193199694156647,-0.3469228446483612,0.29758062958717346,0.17494286596775055,-0.2246977835893631,0.27770882844924927,0.17521817982196808,-0.2846764922142029,0.29587385058403015,0.19404178857803345,-0.3038829565048218,0.2887443006038666,0.19505439698696136,-0.3222725987434387,0.31222012639045715,0.23290064930915833,-0.1006837859749794,0.2518039643764496,0.23390015959739685,-0.24714717268943787,0.3220027685165405,0.30955934524536133,-0.057223983108997345,0.2601480782032013,0.3077828586101532,-0.278397798538208,0.3411422073841095,0.3585435748100281,-0.15245923399925232,0.3070529103279114,0.3527299165725708,-0.3491671681404114,0.34665554761886597,0.3769046664237976,-0.1727808713912964,0.31561362743377686,0.3662378191947937,-0.38878506422042847,0.3470988869667053,0.3738833963871002,-0.20117798447608948,0.31986063718795776,0.3568260371685028,-0.3958591818809509,0.34319156408309937,0.3689574897289276,-0.1652943342924118,0.31688231229782104,0.35087263584136963,-0.35356074571609497,0.2893998324871063,0.3710358738899231,0.05002159997820854,0.26445290446281433,0.3687952756881714,-0.05013667792081833,0.28489208221435547,0.48702624440193176,0.0405668243765831,0.2677602171897888,0.4697106182575226,-0.18742887675762177,0.2630876898765564,0.5863870978355408,0.19985251128673553,0.2502531111240387,0.5727410912513733,-0.04057421162724495,0.25777608156204224,0.6003446578979492,0.20930930972099304,0.24719326198101044,0.5777546763420105,-0.02973160147666931,0.26502951979637146,0.6188071370124817,0.11885879933834076,0.25904351472854614,0.6141197085380554,-0.1286756992340088
frame_00160.jpg,0.2947778105735779,0.18278983235359192,-0.38599053025245667,0.29603251814842224,0.17207983136177063,-0.36972707509994507,0.29782718420028687,0.17187143862247467,-0.3699614107608795,0.29951798915863037,0.1716431826353073,-0.3699323832988739,0.2892703711986542,0.17150039970874786,-0.3828608989715576,0.28632616996765137,0.17115965485572815,-0.38308268785476685,0.2833198308944702,0.17098382115364075,-0.3832288682460785,0.29786035418510437,0.17458972334861755,-0.254263699054718,0.2777934670448303,0.17469172179698944,-0.31485724449157715,0.2960382103919983,0.19284628331661224,-0.33828696608543396,0.28903135657310486,0.19335003197193146,-0.3570270538330078,0.31313401460647583,0.23340508341789246,-0.1225167065858841,0.25139227509498596,0.23239827156066895,-0.26894471049308777,0.3227887749671936,0.3109128177165985,-0.07133994251489639,0.25994759798049927,0.3047986328601837,-0.3129085302352905,0.341788113117218,0.36521387100219727,-0.15844714641571045,0.30924591422080994,0.35875675082206726,-0.39772507548332214,0.3473159670829773,0.3828956186771393,-0.17745360732078552,0.31857895851135254,0.37377187609672546,-0.4422280788421631,0.3492460548877716,0.37869590520858765,-0.2076505720615387,0.323781281709671,0.36529961228370667,-0.4476378858089447,0.3433230519294739,0.3751539885997772,-0.17171019315719604,0.3204321265220642,0.3587222993373871,-0.40193334221839905,0.292227178812027,0.37307271361351013,0.049484748393297195,0.2655116617679596,0.37055960297584534,-0.049589090049266815,0.2962472140789032,0.48534882068634033,0.03568173199892044,0.26688703894615173,0.4710240662097931,-0.21602575480937958,0.28410613536834717,0.5882063508033752,0.2018233835697174,0.25196248292922974,0.5741091370582581,-0.04789895564317703,0.2795743942260742,0.6040573716163635,0.21191878616809845,0.2493758201599121,0.5863363146781921,-0.0350249782204628,0.28808802366256714,0.6179908514022827,0.11008286476135254,0.25918829441070557,0.615391194820404,-0.14282181859016418
frame_00161.jpg,0.2967700958251953,0.18188276886940002,-0.380372554063797,0.2977040410041809,0.17119024693965912,-0.3647921085357666,0.29916852712631226,0.1706596165895462,-0.3650386333465576,0.3005141019821167,0.17011161148548126,-0.3650100529193878,0.2915251851081848,0.1712501347064972,-0.3799434006214142,0.288627564907074,0.1708398312330246,-0.3801746964454651,0.28561604022979736,0.17051009833812714,-0.38032954931259155,0.2971808612346649,0.1721339225769043,-0.24961335957050323,0.27875107526779175,0.17307206988334656,-0.3193086087703705,0.297379732131958,0.1916816085577011,-0.3322828412055969,0.29076293110847473,0.19222117960453033,-0.35366660356521606,0.3141179084777832,0.22791090607643127,-0.1174146980047226,0.25102224946022034,0.23123615980148315,-0.2668759524822235,0.3231421113014221,0.3047499656677246,-0.06659720838069916,0.256704717874527,0.3049009144306183,-0.3061337172985077,0.3422393202781677,0.35730069875717163,-0.16292421519756317,0.2966252267360687,0.34861814975738525,-0.3938151001930237,0.3477133512496948,0.3736470937728882,-0.18222369253635406,0.30441880226135254,0.3594699501991272,-0.43658241629600525,0.34963780641555786,0.3696852922439575,-0.21280625462532043,0.3058564066886902,0.34927695989608765,-0.4445579946041107,0.3443477153778076,0.36569342017173767,-0.17684757709503174,0.3033812344074249,0.3441009521484375,-0.399125874042511,0.2932680547237396,0.371019572019577,0.049241479486227036,0.2654673159122467,0.3657718896865845,-0.04932919889688492,0.2723756432533264,0.47877180576324463,0.057555317878723145,0.2669752240180969,0.4675188362598419,-0.20052464306354523,0.2632620930671692,0.585527777671814,0.22519607841968536,0.2555033266544342,0.5758233666419983,-0.03760986775159836,0.25916561484336853,0.5992342233657837,0.23529508709907532,0.25013190507888794,0.5907400846481323,-0.025051305070519447,0.2626642882823944,0.6168538928031921,0.1374921202659607,0.260043203830719,0.6163149476051331,-0.12923277914524078
frame_00162.jpg,0.297128289937973,0.18134568631649017,-0.3769190013408661,0.29870525002479553,0.17047497630119324,-0.35956281423568726,0.3001565933227539,0.1700291931629181,-0.35981398820877075,0.30145972967147827,0.16957099735736847,-0.359783798456192,0.29256564378738403,0.17049598693847656,-0.378402441740036,0.2898150384426117,0.1701396256685257,-0.3786333203315735,0.28694596886634827,0.16989563405513763,-0.37879127264022827,0.2976202666759491,0.17111946642398834,-0.2407534122467041,0.27969396114349365,0.1725645512342453,-0.32729706168174744,0.2982848286628723,0.1911100298166275,-0.32778429985046387,0.2917831838130951,0.19186511635780334,-0.3540227711200714,0.3113251328468323,0.2273210883140564,-0.10620854794979095,0.2513349652290344,0.23165875673294067,-0.28929784893989563,0.3203144967556,0.30096906423568726,-0.05770215392112732,0.25569844245910645,0.3084120452404022,-0.3416427671909332,0.3368019759654999,0.3493548035621643,-0.15682050585746765,0.29680562019348145,0.3393944501876831,-0.4280374050140381,0.3421472907066345,0.3669145405292511,-0.17554965615272522,0.30814486742019653,0.35554975271224976,-0.4734898507595062,0.3438248038291931,0.36246535181999207,-0.20536892116069794,0.3105486035346985,0.3438563346862793,-0.47748327255249023,0.3408275246620178,0.3549760580062866,-0.17058661580085754,0.30686891078948975,0.33871522545814514,-0.43150535225868225,0.2941473126411438,0.3659101724624634,0.05895610526204109,0.26540103554725647,0.3636377453804016,-0.05899776145815849,0.27132004499435425,0.4711669087409973,0.0870894342660904,0.26719143986701965,0.4652925729751587,-0.1972772479057312,0.2643876373767853,0.5805532336235046,0.2388186752796173,0.25493672490119934,0.5779104828834534,-0.05245589092373848,0.2598804831504822,0.5955549478530884,0.24749243259429932,0.24953648447990417,0.589257538318634,-0.04206439107656479,0.2628824710845947,0.608972430229187,0.15512748062610626,0.26501351594924927,0.6160966157913208,-0.14629605412483215
frame_00163.jpg,0.2958679795265198,0.18358415365219116,-0.3662790358066559,0.2966460585594177,0.1724918633699417,-0.34957364201545715,0.2976585328578949,0.171804279088974,-0.3498225212097168,0.29856330156326294,0.17114311456680298,-0.34979817271232605,0.29115232825279236,0.17293795943260193,-0.3669902980327606,0.28823328018188477,0.1725793182849884,-0.367225706577301,0.28517088294029236,0.17223545908927917,-0.36738818883895874,0.2935899496078491,0.17221766710281372,-0.23365958034992218,0.27721136808395386,0.17377175390720367,-0.31367000937461853,0.29537245631217957,0.19210192561149597,-0.3183692395687103,0.2895910143852234,0.19276903569698334,-0.34262579679489136,0.3070754408836365,0.2267032116651535,-0.1019228920340538,0.2469833642244339,0.2324327528476715,-0.2720455527305603,0.3131455183029175,0.3005298972129822,-0.0553068146109581,0.24766679108142853,0.30823004245758057,-0.3172101378440857,0.3324265778064728,0.3460845649242401,-0.1524859368801117,0.29412418603897095,0.34654223918914795,-0.4048023223876953,0.33636942505836487,0.3638899028301239,-0.170879527926445,0.30614978075027466,0.3600170910358429,-0.44872695207595825,0.3374748229980469,0.35776203870773315,-0.20066170394420624,0.30938810110092163,0.3476533591747284,-0.4531375467777252,0.3355711102485657,0.34973210096359253,-0.16623064875602722,0.30510929226875305,0.3418318033218384,-0.4083472192287445,0.2903050482273102,0.36660036444664,0.056311316788196564,0.2576787769794464,0.3643314242362976,-0.05636603385210037,0.2688784599304199,0.47031059861183167,0.07220009714365005,0.2636529207229614,0.4617495536804199,-0.17857031524181366,0.26099252700805664,0.5755512714385986,0.21405157446861267,0.24714580178260803,0.5712541341781616,-0.03076886013150215,0.2584877014160156,0.5945414304733276,0.22178523242473602,0.2428709715604782,0.5833461880683899,-0.02011474035680294,0.26471853256225586,0.6118007898330688,0.12577126920223236,0.2554059624671936,0.6096157431602478,-0.1215377226471901
frame_00164.jpg,0.2954445481300354,0.18790490925312042,-0.3838433623313904,0.29504722356796265,0.1772345006465912,-0.3676930367946625,0.29574471712112427,0.17655959725379944,-0.3679555654525757,0.29636940360069275,0.17595814168453217,-0.3679449260234833,0.29009777307510376,0.17800645530223846,-0.38708627223968506,0.28719788789749146,0.17785902321338654,-0.3873175382614136,0.28415724635124207,0.1777200549840927,-0.3874782919883728,0.2903362214565277,0.17753253877162933,-0.2532138228416443,0.27556902170181274,0.17948739230632782,-0.34146714210510254,0.29418593645095825,0.19738279283046722,-0.33622074127197266,0.2886809706687927,0.19822897017002106,-0.36290937662124634,0.3050326108932495,0.23038634657859802,-0.11726854741573334,0.24535655975341797,0.23794150352478027,-0.2995843291282654,0.3123251795768738,0.3050263822078705,-0.06227070093154907,0.24531760811805725,0.31384292244911194,-0.3363000750541687,0.33404189348220825,0.35054609179496765,-0.16078312695026398,0.29406020045280457,0.354906290769577,-0.4125099182128906,0.3390589952468872,0.368306964635849,-0.179325133562088,0.30606621503829956,0.36593982577323914,-0.45592841506004333,0.34048718214035034,0.3629894554615021,-0.21046335995197296,0.3096173107624054,0.35829153656959534,-0.46166712045669556,0.33801302313804626,0.35513055324554443,-0.17502053081989288,0.3052866756916046,0.352978378534317,-0.4162219166755676,0.2869233191013336,0.3690791726112366,0.05652717873454094,0.25418803095817566,0.3695964217185974,-0.056578297168016434,0.26873093843460083,0.47270968556404114,0.07930879294872284,0.262311726808548,0.4658642113208771,-0.16427123546600342,0.2621447443962097,0.5785449147224426,0.21296560764312744,0.24671490490436554,0.5729792714118958,-0.03160206973552704,0.2592736780643463,0.5976760983467102,0.2197706252336502,0.2430696040391922,0.585949182510376,-0.022544795647263527,0.2724761664867401,0.6109378337860107,0.12463053315877914,0.2552846074104309,0.6102280020713806,-0.12664207816123962
frame_00165.jpg,0.29124993085861206,0.1933566927909851,-0.3775821328163147,0.28964847326278687,0.1832769364118576,-0.35848647356033325,0.29027077555656433,0.18250420689582825,-0.3587337136268616,0.29079142212867737,0.18176966905593872,-0.35870668292045593,0.2851000130176544,0.18426789343357086,-0.3793250620365143,0.2825620472431183,0.18412722647190094,-0.3795638382434845,0.28007960319519043,0.18380247056484222,-0.37973225116729736,0.2849525213241577,0.18322977423667908,-0.24913859367370605,0.2716227173805237,0.185464546084404,-0.33014604449272156,0.2898023724555969,0.20271579921245575,-0.32741472125053406,0.2851179540157318,0.20359016954898834,-0.35607558488845825,0.29785189032554626,0.23669572174549103,-0.0897781029343605,0.24209383130073547,0.24236607551574707,-0.2961187958717346,0.3065556287765503,0.31219032406806946,-0.04776782542467117,0.2382923662662506,0.31894639134407043,-0.33531028032302856,0.33364707231521606,0.3556866943836212,-0.172951340675354,0.2805914580821991,0.3741251230239868,-0.40270423889160156,0.339663028717041,0.3694063127040863,-0.1958920657634735,0.2892758250236511,0.388365238904953,-0.4459690451622009,0.3417956233024597,0.36485007405281067,-0.2272980958223343,0.29485684633255005,0.37995612621307373,-0.45195215940475464,0.3379207253456116,0.36038655042648315,-0.18850472569465637,0.2911224961280823,0.3733002245426178,-0.4063432812690735,0.27871474623680115,0.3759665787220001,0.060966797173023224,0.24769839644432068,0.37378400564193726,-0.061022091656923294,0.2649936378002167,0.4751094877719879,0.07820287346839905,0.2634952664375305,0.46844643354415894,-0.2011268585920334,0.2596948742866516,0.5992032885551453,0.2077842503786087,0.2284114807844162,0.543230414390564,0.00789314042776823,0.25494304299354553,0.616540789604187,0.21489885449409485,0.22082607448101044,0.5471130609512329,0.027962198480963707,0.2715093493461609,0.618744969367981,0.12370002269744873,0.22905568778514862,0.5887569785118103,-0.046583689749240875
frame_00166.jpg,0.290990948677063,0.19399599730968475,-0.3721655011177063,0.2888926863670349,0.1833687573671341,-0.3536606431007385,0.2893528342247009,0.1826421618461609,-0.3539050221443176,0.28973814845085144,0.18194985389709473,-0.353881299495697,0.28473180532455444,0.18459820747375488,-0.3738175332546234,0.28227701783180237,0.18455937504768372,-0.37405580282211304,0.279854416847229,0.184256449341774,-0.37422651052474976,0.28367316722869873,0.1833617389202118,-0.2285759449005127,0.27143269777297974,0.1861140877008438,-0.3266376852989197,0.289375364780426,0.2031213343143463,-0.32279932498931885,0.2851123809814453,0.2040715515613556,-0.3511100709438324,0.2963624596595764,0.23870739340782166,-0.07327921688556671,0.24221675097942352,0.2461264729499817,-0.2994626760482788,0.3058776259422302,0.3143286406993866,-0.02789672277867794,0.23932847380638123,0.3219850957393646,-0.34268718957901,0.33303704857826233,0.3581848442554474,-0.16380925476551056,0.2830388844013214,0.3761844336986542,-0.4097173810005188,0.3396264612674713,0.36814674735069275,-0.18507695198059082,0.29112040996551514,0.39713719487190247,-0.4551926255226135,0.3423629701137543,0.3661753237247467,-0.21647563576698303,0.2970433831214905,0.38773638010025024,-0.4598352015018463,0.3389289975166321,0.3628329038619995,-0.1787269115447998,0.29340940713882446,0.38081666827201843,-0.4126643240451813,0.27752846479415894,0.3831920325756073,0.06553240865468979,0.24723494052886963,0.3799208402633667,-0.06559102237224579,0.26321882009506226,0.48539966344833374,0.08255184441804886,0.2635047137737274,0.4680030047893524,-0.22234371304512024,0.2517836391925812,0.6085517406463623,0.21284964680671692,0.22621092200279236,0.5381104946136475,0.010790737345814705,0.24553664028644562,0.6253297328948975,0.21963080763816833,0.21872487664222717,0.5419682264328003,0.03294283151626587,0.25930818915367126,0.6369526982307434,0.1233043447136879,0.224880650639534,0.5832148790359497,-0.03601536899805069
frame_00167.jpg,0.2915922701358795,0.2078971564769745,-0.4081558585166931,0.29073792695999146,0.19835606217384338,-0.3886575996875763,0.29114213585853577,0.19774536788463593,-0.3889079988002777,0.2913472354412079,0.1971517950296402,-0.38888952136039734,0.2856476902961731,0.19936010241508484,-0.41332563757896423,0.28285765647888184,0.19946102797985077,-0.41354718804359436,0.28026142716407776,0.1994466334581375,-0.41371577978134155,0.2837103605270386,0.1997506469488144,-0.2636029124259949,0.27284809947013855,0.20241564512252808,-0.3764980137348175,0.29085469245910645,0.21862676739692688,-0.3570813834667206,0.286022812128067,0.21966439485549927,-0.39074671268463135,0.2981993556022644,0.25309842824935913,-0.11327216774225235,0.24068494141101837,0.266550213098526,-0.34562358260154724,0.30702558159828186,0.3274005651473999,-0.06847486644983292,0.24037492275238037,0.3447212874889374,-0.39005449414253235,0.3322942554950714,0.3684691786766052,-0.20492950081825256,0.28491824865341187,0.3811766505241394,-0.4575241208076477,0.339142769575119,0.38760969042778015,-0.2292180359363556,0.30128592252731323,0.39631226658821106,-0.5064893960952759,0.34155577421188354,0.3833460211753845,-0.2614209055900574,0.3059908151626587,0.38599202036857605,-0.5089274048805237,0.33809128403663635,0.38020360469818115,-0.2209606170654297,0.3009786009788513,0.379574716091156,-0.4596583843231201,0.28086307644844055,0.3960014283657074,0.06832185387611389,0.25023025274276733,0.39971405267715454,-0.06834521889686584,0.2658062279224396,0.4980107247829437,0.10041645914316177,0.2637088894844055,0.48563066124916077,-0.22605189681053162,0.24747617542743683,0.6064106225967407,0.31674161553382874,0.23434440791606903,0.5740944147109985,0.01411467231810093,0.24062559008598328,0.6173410415649414,0.3329123854637146,0.2267370969057083,0.5793675184249878,0.03629457205533981,0.2502860426902771,0.6357089281082153,0.24695174396038055,0.23511271178722382,0.6231582164764404,-0.04846476763486862
frame_00168.jpg,0.2926097512245178,0.23334218561649323,-0.4301206171512604,0.29172468185424805,0.22242514789104462,-0.41207677125930786,0.29219692945480347,0.22167626023292542,-0.4123218059539795,0.2925163209438324,0.22116099298000336,-0.41230306029319763,0.28678494691848755,0.2231138050556183,-0.4312900900840759,0.2840323746204376,0.2228439897298813,-0.4315243661403656,0.2814083695411682,0.22262676060199738,-0.43167009949684143,0.2854345440864563,0.22138285636901855,-0.28455114364624023,0.27355802059173584,0.22311268746852875,-0.37343257665634155,0.2914677560329437,0.24306660890579224,-0.3774699866771698,0.2864823043346405,0.24337689578533173,-0.40426698327064514,0.3002101182937622,0.274943470954895,-0.14397715032100677,0.2402166873216629,0.2833755314350128,-0.3172028660774231,0.30639684200286865,0.34580034017562866,-0.1398225724697113,0.23830969631671906,0.3581875264644623,-0.36002904176712036,0.32477325201034546,0.3778735101222992,-0.3144478499889374,0.2849949598312378,0.3954456150531769,-0.4514544606208801,0.33167704939842224,0.396882027387619,-0.35079240798950195,0.29869115352630615,0.4079713225364685,-0.49976715445518494,0.33298060297966003,0.3896443545818329,-0.3789981007575989,0.3027264475822449,0.39445656538009644,-0.5062078833580017,0.329990953207016,0.38609999418258667,-0.32971054315567017,0.2978859841823578,0.3881766200065613,-0.4556635320186615,0.282561331987381,0.40770819783210754,0.057658933103084564,0.2505313754081726,0.40922605991363525,-0.057647813111543655,0.266850084066391,0.5120441913604736,0.0645531490445137,0.26378530263900757,0.49386146664619446,-0.2912154197692871,0.24315886199474335,0.6051203608512878,0.26880478858947754,0.2582842707633972,0.6050273180007935,-0.10124947130680084,0.2360333949327469,0.6160487532615662,0.2826249897480011,0.25639429688453674,0.6157217621803284,-0.08597950637340546,0.24315348267555237,0.6350780725479126,0.17936821281909943,0.2576737403869629,0.6448700428009033,-0.1993640661239624
frame_00169.jpg,0.2930867671966553,0.24301862716674805,-0.40599721670150757,0.2921951711177826,0.23223772644996643,-0.38795235753059387,0.2927677631378174,0.2315012663602829,-0.38818591833114624,0.293183296918869,0.23094560205936432,-0.38816022872924805,0.2869041860103607,0.23275086283683777,-0.4064076542854309,0.2841026782989502,0.23243170976638794,-0.4066402018070221,0.2815195620059967,0.23218700289726257,-0.4067966043949127,0.2864873707294464,0.23049378395080566,-0.2646903991699219,0.2740500867366791,0.23236039280891418,-0.351274311542511,0.2919436991214752,0.25200918316841125,-0.3552326560020447,0.28696513175964355,0.2526015043258667,-0.3808407187461853,0.3003821074962616,0.2833636999130249,-0.13387607038021088,0.23985736072063446,0.29400524497032166,-0.2858884930610657,0.30669909715652466,0.36262333393096924,-0.13677175343036652,0.23565363883972168,0.3727244734764099,-0.3326011300086975,0.3230578303337097,0.397857129573822,-0.3134429454803467,0.28587260842323303,0.39454731345176697,-0.4281575083732605,0.3266754448413849,0.40882962942123413,-0.35003283619880676,0.3026658296585083,0.4065278172492981,-0.4742882251739502,0.32756537199020386,0.4005752205848694,-0.3757306635379791,0.3055553138256073,0.39298996329307556,-0.4797087609767914,0.3254098892211914,0.3965296447277069,-0.32757681608200073,0.29991453886032104,0.3877028822898865,-0.4320116639137268,0.28311342000961304,0.4196591079235077,0.04036659747362137,0.2509744465351105,0.41789042949676514,-0.04039435833692551,0.265922486782074,0.5261666178703308,0.00430774362757802,0.2662517726421356,0.49408552050590515,-0.28438588976860046,0.24272961914539337,0.6379671692848206,0.18366596102714539,0.2715495526790619,0.610503077507019,-0.06728830933570862,0.2372508943080902,0.6513538360595703,0.1945951282978058,0.2715508043766022,0.6238906383514404,-0.04929250851273537,0.23922879993915558,0.6719731092453003,0.07898180186748505,0.26306062936782837,0.6435506343841553,-0.15044757723808289
frame_00170.jpg,0.30206963419914246,0.24480515718460083,-0.3594822287559509,0.3007648289203644,0.23400308191776276,-0.3414853513240814,0.3008211553096771,0.23322269320487976,-0.3417147994041443,0.3008538484573364,0.23248228430747986,-0.34168344736099243,0.2971528172492981,0.23448064923286438,-0.36023610830307007,0.29477858543395996,0.23405103385448456,-0.36045902967453003,0.2925266623497009,0.23352362215518951,-0.3606187701225281,0.29237300157546997,0.23183806240558624,-0.2265055924654007,0.2821180820465088,0.2330060601234436,-0.31307607889175415,0.2992285490036011,0.2542181611061096,-0.31257301568984985,0.295203298330307,0.25474825501441956,-0.33867183327674866,0.3062792718410492,0.2845270037651062,-0.11027292162179947,0.24648627638816833,0.2893036901950836,-0.2695050835609436,0.3146119713783264,0.3584013283252716,-0.10263099521398544,0.24052171409130096,0.3687177300453186,-0.32354027032852173,0.32380008697509766,0.40837398171424866,-0.2516756057739258,0.29876232147216797,0.39510008692741394,-0.42537203431129456,0.3300975561141968,0.4138683080673218,-0.28117841482162476,0.31706905364990234,0.4078822731971741,-0.4671947956085205,0.33129653334617615,0.411460280418396,-0.30775701999664307,0.31837356090545654,0.3941318690776825,-0.47886496782302856,0.32867223024368286,0.41000688076019287,-0.2653595209121704,0.314330518245697,0.38860365748405457,-0.4295334815979004,0.2863317131996155,0.42038121819496155,0.04451967030763626,0.2542516887187958,0.4186868369579315,-0.044554438441991806,0.2691149413585663,0.5270194411277771,0.03059406578540802,0.2753155827522278,0.48984295129776,-0.28445810079574585,0.24508588016033173,0.6369903683662415,0.19613632559776306,0.2726435363292694,0.6071754097938538,-0.06401892006397247,0.23973636329174042,0.6500740647315979,0.2053126096725464,0.271915465593338,0.6120737791061401,-0.04434261471033096,0.24607905745506287,0.6732274889945984,0.09210480749607086,0.2710316479206085,0.6367555856704712,-0.13202352821826935
frame_00171.jpg,0.3085907995700836,0.23806177079677582,-0.35672029852867126,0.30784788727760315,0.2271939367055893,-0.34060215950012207,0.3080688714981079,0.22631578147411346,-0.3408410847187042,0.308245450258255,0.22556433081626892,-0.34080976247787476,0.3039725124835968,0.22788970172405243,-0.3608412444591522,0.3016293942928314,0.2274717539548874,-0.36106857657432556,0.2993936538696289,0.2269512116909027,-0.36124035716056824,0.30171018838882446,0.2252957671880722,-0.23033377528190613,0.2902089059352875,0.22712670266628265,-0.31809502840042114,0.3063306212425232,0.2471671849489212,-0.31131649017333984,0.3021986782550812,0.24823357164859772,-0.33919158577919006,0.3149465024471283,0.2786570191383362,-0.1065189391374588,0.25679218769073486,0.2835017740726471,-0.28611308336257935,0.3181148171424866,0.35090336203575134,-0.07152342051267624,0.24765124917030334,0.3619386851787567,-0.3420867323875427,0.3305167555809021,0.398732990026474,-0.1915031224489212,0.30463021993637085,0.3920229375362396,-0.42803817987442017,0.3319005072116852,0.40657126903533936,-0.2136642187833786,0.3191756010055542,0.40558966994285583,-0.4745447635650635,0.33402255177497864,0.40352365374565125,-0.24327993392944336,0.3250233829021454,0.39266425371170044,-0.4772058427333832,0.33282381296157837,0.4014442265033722,-0.2057267427444458,0.3200342059135437,0.38688772916793823,-0.4301232695579529,0.29729628562927246,0.4139595329761505,0.04844428971409798,0.2661852538585663,0.4123407006263733,-0.04847786948084831,0.2786060571670532,0.5202771425247192,0.05258842185139656,0.2820488512516022,0.488625705242157,-0.21025021374225616,0.2514472007751465,0.627801775932312,0.20617571473121643,0.2849140763282776,0.6042263507843018,0.005018550902605057,0.2453029900789261,0.6412369012832642,0.21563568711280823,0.2842278778553009,0.6088608503341675,0.023956213146448135,0.2472943514585495,0.663007378578186,0.11607283353805542,0.28595566749572754,0.6332984566688538,-0.05080065131187439
frame_00172.jpg,0.31063875555992126,0.23515205085277557,-0.3636546730995178,0.31014159321784973,0.22439569234848022,-0.34708988666534424,0.31051933765411377,0.22349654138088226,-0.3473307192325592,0.3108651041984558,0.22272424399852753,-0.3473033010959625,0.3060239255428314,0.2252185046672821,-0.3668177127838135,0.3036133348941803,0.22483810782432556,-0.3670457601547241,0.3013016879558563,0.22435201704502106,-0.36721569299697876,0.3044530749320984,0.22279134392738342,-0.23324799537658691,0.29199713468551636,0.22489051520824432,-0.3229386508464813,0.3087133467197418,0.24383991956710815,-0.3170355558395386,0.30444639921188354,0.24496670067310333,-0.3442801833152771,0.3165464401245117,0.27516454458236694,-0.10956485569477081,0.25952041149139404,0.28166258335113525,-0.29141727089881897,0.32062867283821106,0.35038164258003235,-0.06545098125934601,0.2512963116168976,0.360515296459198,-0.3406613767147064,0.3316263258457184,0.39241769909858704,-0.17244823276996613,0.30772748589515686,0.39081907272338867,-0.4233004152774811,0.33258095383644104,0.4033789038658142,-0.1927984058856964,0.32243287563323975,0.40427812933921814,-0.4701312482357025,0.33488816022872925,0.39958661794662476,-0.22079643607139587,0.32719486951828003,0.3909539580345154,-0.4743890166282654,0.33387669920921326,0.3973589539527893,-0.18555544316768646,0.3230215907096863,0.38622263073921204,-0.42718878388404846,0.3010700047016144,0.4110319912433624,0.05012907832860947,0.27061930298805237,0.4097902476787567,-0.050163157284259796,0.28526780009269714,0.5153549909591675,0.07489036023616791,0.283100426197052,0.4918646216392517,-0.1823214441537857,0.26285895705223083,0.6191818118095398,0.2475881576538086,0.2833620607852936,0.5979684591293335,0.012649049051105976,0.25698548555374146,0.6311692595481873,0.2591983675956726,0.2821372151374817,0.6063328981399536,0.02939927950501442,0.26294445991516113,0.6552030444145203,0.17579896748065948,0.28616946935653687,0.6342622637748718,-0.05388421565294266
frame_00173.jpg,0.31446748971939087,0.23306219279766083,-0.3126007318496704,0.3141396939754486,0.22228766977787018,-0.2949523329734802,0.3144546151161194,0.22140918672084808,-0.2951797842979431,0.31477391719818115,0.22063878178596497,-0.2951453924179077,0.31021493673324585,0.22339065372943878,-0.3169627785682678,0.30792057514190674,0.22340218722820282,-0.3172076344490051,0.3057817816734314,0.22349324822425842,-0.31737926602363586,0.3076472878456116,0.22174407541751862,-0.18208716809749603,0.29632121324539185,0.22298012673854828,-0.28322261571884155,0.31228312849998474,0.24297894537448883,-0.2661227285861969,0.3082863688468933,0.2446298599243164,-0.29650741815567017,0.3198387920856476,0.2684549391269684,-0.04833337664604187,0.264372855424881,0.27550938725471497,-0.2688952684402466,0.32313236594200134,0.3456411063671112,0.0009988824604079127,0.25985831022262573,0.3558714687824249,-0.32957664132118225,0.3408426344394684,0.38755500316619873,-0.11028993129730225,0.31225186586380005,0.3834104835987091,-0.4047362208366394,0.34322988986968994,0.3980703353881836,-0.12801167368888855,0.32976874709129333,0.39984652400016785,-0.45061951875686646,0.34758859872817993,0.3990877568721771,-0.1576002836227417,0.33357903361320496,0.3855355978012085,-0.44919291138648987,0.3443634808063507,0.3925142288208008,-0.12437506020069122,0.3279258906841278,0.37921279668807983,-0.4054965376853943,0.30262622237205505,0.4094336926937103,0.06218015030026436,0.2731578052043915,0.40878376364707947,-0.06225510686635971,0.2921491265296936,0.5142104625701904,0.07958464324474335,0.28544744849205017,0.49263623356819153,-0.19112958014011383,0.28638091683387756,0.6242908239364624,0.21973690390586853,0.2760145664215088,0.596865713596344,-0.004773869179189205,0.2813047766685486,0.6394957304000854,0.2263425588607788,0.2735104560852051,0.6061497330665588,0.011735674925148487,0.2952512204647064,0.6573964357376099,0.14437498152256012,0.28117501735687256,0.6370465159416199,-0.07245743274688721
frame_00174.jpg,0.32140323519706726,0.2306259572505951,-0.2976190447807312,0.3225867748260498,0.21954722702503204,-0.28013044595718384,0.3231942057609558,0.2187889963388443,-0.2803553640842438,0.3237609267234802,0.21815966069698334,-0.28031212091445923,0.3181041181087494,0.21994993090629578,-0.2998221814632416,0.31546831130981445,0.2194562405347824,-0.3000619113445282,0.3128702640533447,0.2187850922346115,-0.3002236783504486,0.31648683547973633,0.21761125326156616,-0.1672944724559784,0.3032698929309845,0.21682603657245636,-0.2577458918094635,0.3196032643318176,0.23947353661060333,-0.2511419951915741,0.3140109181404114,0.24035075306892395,-0.27851027250289917,0.3260740637779236,0.26151785254478455,-0.04465477541089058,0.27219492197036743,0.2657627463340759,-0.2279384583234787,0.3308789134025574,0.3355478048324585,0.004509568214416504,0.2676633596420288,0.3442041277885437,-0.2644197344779968,0.35082292556762695,0.3809095025062561,-0.0993509292602539,0.3092896342277527,0.39167407155036926,-0.32190048694610596,0.3567046821117401,0.39093437790870667,-0.11710022389888763,0.31549859046936035,0.4083336293697357,-0.35893505811691284,0.3596147894859314,0.38859373331069946,-0.14499209821224213,0.31974583864212036,0.4004580080509186,-0.3652471601963043,0.3563099503517151,0.3850865960121155,-0.11255519092082977,0.3178013563156128,0.39352506399154663,-0.32549890875816345,0.31434938311576843,0.40817680954933167,0.058440666645765305,0.28433293104171753,0.40556028485298157,-0.058555345982313156,0.3027777075767517,0.513505756855011,0.06491151452064514,0.2913207709789276,0.4924736022949219,-0.1793365329504013,0.31009310483932495,0.6241415143013,0.19010455906391144,0.2718830704689026,0.5800068974494934,0.04665135592222214,0.3072463274002075,0.639975368976593,0.19709911942481995,0.2653580904006958,0.5844106078147888,0.06784190237522125,0.3164719045162201,0.6557295322418213,0.10713987052440643,0.27736085653305054,0.6209204196929932,0.0017442356329411268
frame_00175.jpg,0.32896631956100464,0.22999949753284454,-0.24824997782707214,0.3314301371574402,0.21931952238082886,-0.2304966002702713,0.33253517746925354,0.21867600083351135,-0.23070654273033142,0.3334817886352539,0.21799974143505096,-0.23066532611846924,0.32603853940963745,0.21942095458507538,-0.24931327998638153,0.32336336374282837,0.2185918390750885,-0.24955084919929504,0.3207044005393982,0.21754203736782074,-0.24969582259655,0.3272746205329895,0.21651718020439148,-0.12052549421787262,0.3122982382774353,0.2141735702753067,-0.2069406807422638,0.3283323645591736,0.23743180930614471,-0.20317800343036652,0.3220202922821045,0.23754964768886566,-0.22943827509880066,0.33418798446655273,0.25796952843666077,-0.007200951222330332,0.28527122735977173,0.2616543769836426,-0.18215468525886536,0.33885133266448975,0.32893702387809753,0.04725021496415138,0.2812713384628296,0.33951759338378906,-0.2167145311832428,0.3591654896736145,0.3769163489341736,-0.04060152545571327,0.30010277032852173,0.3938811719417572,-0.2676923871040344,0.3646881580352783,0.3877961039543152,-0.05418931320309639,0.29784464836120605,0.4099610149860382,-0.299797385931015,0.36638277769088745,0.3841192424297333,-0.08166307955980301,0.3001862168312073,0.4066256284713745,-0.30945587158203125,0.3621528446674347,0.3813314139842987,-0.0532401017844677,0.3006581664085388,0.40037307143211365,-0.27281028032302856,0.318631112575531,0.40929901599884033,0.05689408257603645,0.294734925031662,0.40516266226768494,-0.05705386400222778,0.30952125787734985,0.5190207362174988,0.05774790048599243,0.2974105775356293,0.5089638233184814,-0.1548977941274643,0.3232276737689972,0.6295978426933289,0.14903998374938965,0.27034682035446167,0.5805262327194214,0.029223928228020668,0.3212447166442871,0.646999716758728,0.15259745717048645,0.26435762643814087,0.58732670545578,0.04609958827495575,0.332303911447525,0.6576152443885803,0.06484551727771759,0.274458110332489,0.6217899918556213,-0.01964757777750492
frame_00176.jpg,0.3373878598213196,0.22933946549892426,-0.21777944266796112,0.33937275409698486,0.21881155669689178,-0.20345774292945862,0.34044814109802246,0.21814267337322235,-0.20368604362010956,0.34133630990982056,0.21752366423606873,-0.20367172360420227,0.3339264988899231,0.2189582735300064,-0.22183427214622498,0.3311716914176941,0.21818900108337402,-0.22204503417015076,0.32849258184432983,0.21723750233650208,-0.2221692055463791,0.3354334831237793,0.21606484055519104,-0.10630804300308228,0.319869726896286,0.2142365425825119,-0.19049426913261414,0.3366849422454834,0.23708310723304749,-0.17629674077033997,0.33052536845207214,0.23719705641269684,-0.20198726654052734,0.3416902422904968,0.25853782892227173,-0.008740434423089027,0.2936219274997711,0.2629556357860565,-0.16536088287830353,0.3474132716655731,0.32850536704063416,0.03163581341505051,0.301598459482193,0.3350293040275574,-0.21715708076953888,0.3667917847633362,0.37724632024765015,-0.06054552271962166,0.3299083411693573,0.3668137192726135,-0.2818199396133423,0.3739359676837921,0.3922549784183502,-0.07754365354776382,0.3355814814567566,0.3768588900566101,-0.3169744610786438,0.37390971183776855,0.3870062232017517,-0.10398583114147186,0.3368925452232361,0.36905625462532043,-0.3199769854545593,0.37115925550460815,0.38473013043403625,-0.07339419424533844,0.3348428010940552,0.36453333497047424,-0.28479844331741333,0.3281558156013489,0.4131971001625061,0.05021519213914871,0.3043056130409241,0.41239306330680847,-0.0503169409930706,0.3112989366054535,0.5226835012435913,0.05834490805864334,0.312985897064209,0.5257376432418823,-0.09246430546045303,0.2995632290840149,0.6277118921279907,0.17919933795928955,0.3158535063266754,0.6284347176551819,0.016971006989479065,0.29595109820365906,0.6439722776412964,0.18608596920967102,0.3173866868019104,0.6457987427711487,0.03010823205113411,0.30674177408218384,0.6565067768096924,0.07562126964330673,0.3196745812892914,0.6555652022361755,-0.020848901942372322
frame_00177.jpg,0.34957098960876465,0.2301008105278015,-0.17614921927452087,0.35034799575805664,0.2193014919757843,-0.16021659970283508,0.350828617811203,0.2186572104692459,-0.1604340374469757,0.3512842357158661,0.21811158955097198,-0.16039705276489258,0.34620022773742676,0.21939685940742493,-0.18174871802330017,0.3436552584171295,0.2187301069498062,-0.18193969130516052,0.3410303592681885,0.2180001586675644,-0.18204374611377716,0.34419792890548706,0.2166610062122345,-0.06599480658769608,0.33163511753082275,0.21587210893630981,-0.16411666572093964,0.34733515977859497,0.2385120987892151,-0.13652779161930084,0.34288930892944336,0.23814287781715393,-0.16626811027526855,0.34607404470443726,0.26194190979003906,0.027811119332909584,0.30584484338760376,0.26335275173187256,-0.16651633381843567,0.3554782271385193,0.33311012387275696,0.03696746379137039,0.32077524065971375,0.33378633856773376,-0.23822486400604248,0.36949318647384644,0.37935954332351685,-0.08738893270492554,0.35811954736709595,0.34441906213760376,-0.29517990350723267,0.37390491366386414,0.3934640884399414,-0.10676106065511703,0.367294043302536,0.34860119223594666,-0.3322233557701111,0.37388911843299866,0.38768765330314636,-0.13025006651878357,0.3669354021549225,0.3399723470211029,-0.3283703029155731,0.3713882267475128,0.3848240077495575,-0.09992960095405579,0.36326196789741516,0.338411808013916,-0.2952238619327545,0.3351273238658905,0.418072372674942,0.054419975727796555,0.31320780515670776,0.41744863986968994,-0.054507602006196976,0.32170549035072327,0.5341860055923462,0.08398312330245972,0.31478846073150635,0.5233433246612549,-0.11382714658975601,0.3020147979259491,0.6176592111587524,0.2171880304813385,0.3084653913974762,0.625515341758728,-0.009999161586165428,0.296894907951355,0.6297576427459717,0.22607028484344482,0.3068496584892273,0.6432744860649109,-0.0044585904106497765,0.30597901344299316,0.6394528150558472,0.1644284427165985,0.3127997815608978,0.6503413915634155,-0.07549405843019485
frame_00178.jpg,0.3510676324367523,0.23304060101509094,-0.20750398933887482,0.35194677114486694,0.22139906883239746,-0.18950167298316956,0.3524976968765259,0.22063976526260376,-0.18973849713802338,0.35299748182296753,0.22003388404846191,-0.1897183358669281,0.3477986454963684,0.22141119837760925,-0.21079733967781067,0.3453757166862488,0.2205522060394287,-0.21099865436553955,0.34288012981414795,0.2196856588125229,-0.21112790703773499,0.34631961584091187,0.2179693579673767,-0.08341256529092789,0.33278924226760864,0.21775051951408386,-0.18155424296855927,0.34868428111076355,0.24163103103637695,-0.16379332542419434,0.3444715142250061,0.2414623200893402,-0.19339898228645325,0.35020825266838074,0.26403942704200745,0.01866978406906128,0.30492934584617615,0.2660331428050995,-0.1782117784023285,0.3599241077899933,0.33352145552635193,0.04770683869719505,0.3199605941772461,0.3308415412902832,-0.2835535407066345,0.374090313911438,0.3790600895881653,-0.05784771591424942,0.35506385564804077,0.3062652349472046,-0.4013139605522156,0.3825284242630005,0.39329057931900024,-0.07273811101913452,0.36466437578201294,0.29919418692588806,-0.44819149374961853,0.38035744428634644,0.386162668466568,-0.09793119132518768,0.36211615800857544,0.28972479701042175,-0.4389630854129791,0.3763236403465271,0.3832024931907654,-0.07030583173036575,0.35910069942474365,0.29275593161582947,-0.4011823534965515,0.3402184844017029,0.41647428274154663,0.0586719736456871,0.3168736398220062,0.4167170822620392,-0.05873063951730728,0.3221554160118103,0.5316603779792786,0.10780350118875504,0.32256630063056946,0.5214157700538635,-0.14294300973415375,0.2956337332725525,0.5978546738624573,0.2911851108074188,0.3166888356208801,0.6213317513465881,-0.012103968299925327,0.29044201970100403,0.6070675253868103,0.305145800113678,0.31464293599128723,0.632436990737915,-0.0028236364014446735,0.30137529969215393,0.6181331872940063,0.24388523399829865,0.3226926028728485,0.6497069597244263,-0.082321897149086
frame_00179.jpg,0.3609277606010437,0.23362627625465393,-0.22472114861011505,0.3612607419490814,0.2218567579984665,-0.20669960975646973,0.36159756779670715,0.22115175426006317,-0.20694808661937714,0.3619126081466675,0.22058932483196259,-0.2069074809551239,0.35771340131759644,0.22186855971813202,-0.22988753020763397,0.3555414080619812,0.22110554575920105,-0.23009324073791504,0.3533492088317871,0.22039829194545746,-0.23021776974201202,0.3544479310512543,0.21887359023094177,-0.10037888586521149,0.34422871470451355,0.21922238171100616,-0.20679298043251038,0.3584405183792114,0.24259287118911743,-0.18116961419582367,0.3547525405883789,0.24214927852153778,-0.21327824890613556,0.355180561542511,0.26731014251708984,0.011656049638986588,0.31777238845825195,0.2686067819595337,-0.194487527012825,0.36778464913368225,0.33592844009399414,0.042624130845069885,0.3267973065376282,0.3306061327457428,-0.32350337505340576,0.38048022985458374,0.37906208634376526,-0.06937764585018158,0.36218759417533875,0.3128742575645447,-0.4305756688117981,0.3895206153392792,0.3934990167617798,-0.08525030314922333,0.37143951654434204,0.3090501129627228,-0.4781704545021057,0.3899824619293213,0.3870534896850586,-0.11128568649291992,0.370100200176239,0.2995600402355194,-0.4706322252750397,0.38695865869522095,0.3838406801223755,-0.08242131769657135,0.36652883887290955,0.3013882040977478,-0.4307743012905121,0.3404015600681305,0.41583964228630066,0.06952445209026337,0.3224267065525055,0.41662025451660156,-0.0695938915014267,0.3271186649799347,0.5264613628387451,0.12052009254693985,0.3239286243915558,0.517105221748352,-0.13547708094120026,0.313943088054657,0.6018784046173096,0.25425171852111816,0.3102900981903076,0.6157432198524475,-0.009247556328773499,0.3088523745536804,0.6162285208702087,0.2629786431789398,0.3042319118976593,0.6268571019172668,-0.0009503285400569439,0.3267129361629486,0.6265462636947632,0.1859332025051117,0.32889145612716675,0.6485738754272461,-0.08157029747962952
